25.027198909102935	24.04978650689759
27.05742022906343	37.91525263035068
15.669616441300509	10.934922742727498
4.04505916072285	25.467927634734416
12.541758483899534	37.6350161423783
11.693207201990216	23.773847665763597
19.60899470307845	22.803211654239316
33.224893562683505	31.482963634721926
22.192739781175245	33.84143911806119
24.738761012467826	9.232915204735509
12.992909086223548	40.5865190951749
0.6445592533427735	18.54496730661424
25.75622266016895	20.562627617769373
18.34287444142467	21.68555734906398
24.616716897586322	23.584592853001634
18.47675341639929	19.09574857822877
21.233945708339444	31.715376794695402
27.788512940471236	14.570770205448136
19.934374834597225	25.996509568977398
28.0206588893998	29.01265050852447
27.346149261736944	32.8537921360529
27.833696381059227	27.45227851820988
20.46665305311335	26.23449251433446
46.672604942308226	25.52337356392189
11.299366153926655	25.497225898192198
19.929520365019343	12.91205009433448
19.336729665122448	2.6324325062827576
19.96466618020711	26.357857383647477
15.218141602326735	20.792043994305168
24.543131754861452	43.83193400102263
29.50451920997868	28.583572528058568
27.12457778812997	30.82685640391545
36.5288280115528	26.326100705206283
15.11270978615361	48.312451439350454
31.014318361286442	34.48411401841831
28.124461481877866	34.41355134101613
26.07953742648044	28.805241264820708
9.712850037556457	25.54367788855558
37.458580721263615	40.37066874241754
16.288667715841175	51.4129919004051
22.1035895462064	13.344346614860898
8.734051630660097	41.46214525364105
28.673706862150027	24.744314813103696
36.81724182539276	27.744884535224347
13.63361643870623	23.232724204330804
7.859740967503692	16.080650658974548
17.645989766792113	38.070331284394136
9.45615837105198	18.231669362846404
27.541935378350118	21.600052827566934
12.416765851486339	25.644962110498348
19.329786879453394	45.7104159739089
8.767220806241788	25.267347694953198
18.380887913184228	16.740971881444715
46.28342212742039	11.612401674218289
6.758321021235579	39.16572148888712
15.198796009810806	13.894808672431783
35.99048177793343	17.95463292140716
19.95025174854115	27.040561825936546
4.183278995538313	22.432747236167547
23.780344214629512	30.437227952076785
24.903144541668045	20.70284108277077
22.12090136655225	23.243460875431918
26.518336982964705	11.228209416287864
-0.1796634074826251	26.610406256274107
39.559723371631534	13.099933787447698
32.76996129604691	32.746721155828716
24.398536066400247	27.626177131853186
26.560450586923015	28.140059149239633
15.757989718379946	28.579273687568964
20.66158566888861	14.984371777884265
18.335691285169737	36.676169496774754
25.8049186389747	36.757959708674434
31.648037222060864	22.4448943726375
21.297091053459862	27.843309059535603
7.934000547863278	31.5034161770805
21.714199710622175	19.60467333415602
14.39486127422662	27.907184119726697
18.13909287780455	49.207859654506095
26.555036679283106	15.268351830364702
13.486740147944374	26.03148534360232
20.998826500897035	33.91662428146806
18.05128062257754	26.25565621216462
42.61018334765459	25.04493610227898
29.900510239160216	14.559834367240317
25.303465495746806	26.591151185777818
21.731019253332665	12.960505809105186
23.52790972568599	-9.073569349139547
17.295539921189196	34.75041969497453
32.19916920665313	25.483540621531237
32.14669451069963	7.27666505178961
24.481086621040845	30.25011401770984
3.0170585042298157	31.930147828722983
5.590189300815702	26.194774722939155
42.6693441422598	28.141028272376136
29.38898553124652	9.83210112015066
9.386793376240536	23.048330583322016
18.812162704448276	21.926301763789
28.937073389444333	38.05967115960277
39.54965719913325	27.82571926758658
19.309869993617983	8.566683677469342
33.04647176296753	13.807763289920707
16.227890151514934	24.55949547044
34.368523457252685	53.368038446995754
9.504946813219401	34.124614847928555
24.184654921982748	18.58619855345028
14.051249312746368	25.851344367244135
18.14586780877523	32.91175821665331
19.900269634369554	36.512125700615165
19.28104638420009	21.5217571064979
14.736503627311913	12.595312455657009
10.033450091231066	9.301772362812379
21.038138209421746	18.83049343250755
30.863723715128494	17.487379395138447
24.40435014686372	20.224796239347306
-0.12156754134813141	31.869240177485075
22.111384664495578	36.09398807419938
21.27464922921223	25.34041503332022
25.36923414343779	21.7578585325249
6.131661416365802	21.377063844594026
4.798144948059246	32.440468418979286
16.77203369750011	27.013876170301128
19.070715580316737	34.773201444775346
2.9886955526227084	33.28130544017138
11.607542293232736	33.72501238383349
-10.01313938707385	15.579922736596437
25.170948676636005	14.897465456147891
19.19783558661886	25.80410672683595
13.739144144316565	5.677340450615063
31.793291952157695	32.87762421210767
18.29025023163591	19.604226436194097
26.860430106383365	23.047199282725796
23.405440882145836	40.86269432226736
29.20670158442798	19.11461756616278
25.147236475189928	23.563045821547586
16.252036954475045	19.437825077052402
16.009956535976904	32.100783499612476
17.89536248660606	34.18127274976965
9.491608077145935	22.16757599874019
22.19956653979154	41.757684528644475
32.33456089996929	37.62631796565411
9.502531600912587	28.719957140543308
18.002003597548924	14.226961133782336
20.573976890293356	37.88276938791422
40.80697040609789	30.830755421079452
9.56292298978939	28.67742601789473
22.24413162661689	18.586148720600594
26.337695265778606	42.04617366507166
25.394670184300246	32.00009875491568
25.70034259507921	0.9886947286002297
30.67926149426384	19.07732937085068
10.361559224218764	24.973544798197533
13.105281863006942	18.33464008155461
20.877878953809837	34.027975813854596
6.521736592340865	28.620335494074865
18.058626787314225	12.783292280697395
6.817521053578025	19.334190352441937
18.258948444363696	18.927325704675702
33.337971234261715	16.500639916145396
15.87394199084498	38.9118288304469
22.359714071779262	21.508429972493786
24.099762324605173	17.73530104051541
10.881032130967286	34.68384521904646
0.3398582484995032	19.812375500491402
22.187191073462508	29.299171717712845
21.40389039774421	13.706142851250888
2.889252352495717	33.596893708393814
26.2572120698756	27.222661515523725
25.67764730846146	33.97543476056149
13.213658952650487	32.37859687652793
43.713699314425185	23.140540842136076
33.9352610106426	27.842515176955253
26.072242742332268	25.629642808420037
15.92777343342936	32.960569488918274
19.774336980368076	26.07218521890557
13.208415726737327	28.306612831205022
26.547264594699236	20.52737328232966
5.690465095289145	27.649552151612696
24.18786255543604	35.10874953140221
19.689264427788405	40.059153459151915
5.902053381324501	9.757058586551828
7.095088930810913	32.90331090640392
41.903264104200446	13.265528793554296
4.218252911330282	18.07967847702254
39.844979718684556	34.76818685142757
27.81004898142595	30.89171760423304
19.974458207275113	26.61848562954974
20.70553253613624	34.388677967295735
31.11164109723253	23.041817036143957
23.38891617418912	31.897953131983684
29.092032253666407	12.733158392212825
21.32446745177308	11.967015241053607
19.262151978549987	19.443553354505607
0.9291255366220348	19.667444727659966
48.97560633510871	31.83095272507487
24.954507661738866	36.226516683023455
39.132572833677415	11.746910914084358
33.41510984881959	29.39729710757725
20.980155994246175	22.965223211998566
9.310019838392286	33.870394056265646
31.16923899816252	15.720729731677206
26.247477697367707	16.653343310192383
20.560226576558843	34.12490102003109
11.86788079466207	28.78997746708508
40.3289292445805	30.424169318007404
18.469070805719824	35.860240923114134
26.889597450147043	9.740498218124447
20.245170348022828	30.42796984578534
20.62493755812993	23.82060281308563
26.326635334149316	19.387998341915075
45.43971413071576	28.26069961798865
30.259026137136885	34.803228173004136
22.922397923205768	27.979800979350895
16.502014050088928	20.49482101157693
24.203505765104627	34.900191835203024
38.32839789722384	30.153172944882733
13.619706659042365	8.049810757407826
28.564065692083812	25.840743394732524
18.626776829238956	38.58908824051237
18.82842270873516	27.102077659370842
26.105695772450325	35.97664694444931
27.291656784846495	24.474644345204165
25.76916566636715	25.771874219279553
25.376918203886706	17.454762873880654
15.330709774149145	37.77619756769108
31.089036458459454	31.281016842338047
21.377546351570807	8.764483478091869
27.849949231748482	44.42118573202567
1.618022915094464	17.159094798232413
7.832098194032605	24.264586303950384
30.363269607831114	37.87356894124253
17.37134154674225	53.01139378033747
17.19886073808019	29.577898772027364
26.45143706941821	20.630876614934007
45.57618245819043	11.1174357266412
13.937801464976271	28.350148957221215
11.671521162674193	32.595280335355554
29.819707675765276	18.153743658869878
19.69808701410172	21.68385529985448
19.600619461490666	38.842508896797966
14.900697973768303	15.81726979020661
32.70654203762475	34.56244923859067
31.18104628790071	8.62506316852934
14.553317919572219	19.906176658380286
31.734372035297604	24.007610375139755
18.302482872459215	22.119155452374205
26.85872570605016	22.25598084650248
27.612993381824527	12.243727858898923
29.96422510878279	15.542144276805278
27.31564944707656	24.172853880908765
24.633016761877677	35.197451548248395
100.21271248906025	42.60979851891268
81.73642311316299	30.971546612353148
108.91779838054413	50.16977705706153
104.20835568862414	43.20970295244069
101.40308238720318	50.94148353857375
83.80357329205155	41.46838555916805
92.85978223333105	49.09681071329469
89.84906654517668	50.850928460918674
82.98709790615882	61.53846896546444
81.27672063763472	45.57846553004565
90.26686548738735	30.731886540866444
90.88081795331931	39.05352292196972
92.04519319000705	45.150664446386855
110.38409419943696	42.76851943821244
94.99481633363303	41.53371621791041
118.52817419550269	51.379500931229515
75.52677885125027	42.77505789557927
80.98762183631538	34.825908449404274
86.53711211004529	34.47452080955977
81.11997077534518	52.76088252933798
94.88781571418114	42.24053985289472
98.55008651588325	58.707755246273294
107.27975758030709	55.52501293201358
89.11108994561458	45.71109535350426
103.15730081106359	72.25614605100728
89.41773334145873	45.023081451597136
90.10954740231396	35.3771407350423
84.72824984269752	48.51665318005909
101.54986623016863	16.154385527307493
87.02570249446164	41.39751380759534
89.64157070478396	43.23763819210964
93.79146485875779	55.88271160948215
87.12734365195057	28.1248453351572
97.47732875952606	58.182634971557306
91.7545244947882	30.840328449131377
90.51628234107594	29.943940508507033
83.01511918131108	41.1910563522838
95.85443555025164	52.83246890654185
87.99210429989529	23.655821772846195
99.48358332622881	29.201366520443923
101.18294003741455	59.13135559704189
95.25716049341399	28.969903354625558
84.67030060952479	72.10281994808156
105.55962594837324	35.378873980267905
78.1122531095256	34.57358909231293
94.8241458131001	37.183641431331274
85.99159904314169	35.13622685938086
105.76186605960328	36.39965054339927
90.28860810351472	56.57231285669148
104.85426889139322	49.65234426187636
85.54151838520279	66.4907477115323
81.94012410359734	41.62407161462872
80.2896747714333	59.737743999747
87.97338273697812	24.97148173077208
76.83639289252092	23.822778750732237
85.73273984386392	38.75317533868848
98.88071348267667	49.68094257870976
84.44788180946617	52.99781380722955
88.974203943227	35.70849408034031
99.64534459956721	37.260932513645926
91.92993918297866	31.88827503746348
93.43121344950552	51.14825413298311
79.7345455366488	34.45656266047911
94.58864648092771	47.66461490282327
87.34191644474743	46.87036894817043
88.80938243589537	38.529286681703184
98.65045306781495	27.88190250270909
88.39975990709041	35.57997620101275
73.58862532585893	46.44522429886961
105.854747942592	36.21711348469958
77.60424198166389	48.87450116538247
92.09370749023358	50.735635879292744
98.43013447975227	47.443497900045344
75.2513854687949	43.2559969616685
95.04519463508079	37.99154385322649
111.97173044681443	46.33122710456755
93.78016013777312	41.275257246744694
84.18824018205565	52.55680459638437
91.02403516558473	45.32153320126209
96.4816587943676	36.091079481512374
91.4083409171261	43.14947048190974
78.96187933440186	45.57476689601775
93.655136059687	46.80732407048369
91.16362547730081	52.88630901539279
96.98132428615791	50.5757682860403
91.56909282433426	37.475021356481015
76.63816463899994	27.54201037742251
89.05390854573459	28.857454590195687
105.29752907933944	46.23417059941081
89.73325755732168	45.01913499017355
82.51234403621767	47.9399965825703
75.1119645810136	44.67916167104306
97.2856722383668	44.13005070204498
106.24454267207922	39.43709325487648
91.27878201598513	41.114929379676376
85.71866053373232	44.67833850028947
103.67751268277978	40.672853480703424
95.66602230904124	45.607914029462705
105.68861694668583	49.08719558056884
90.68209383662413	32.861365938307614
78.87380168820306	51.90013675012022
91.76474332856587	42.70064843546892
84.70969164342812	41.41410469601637
107.38734079522885	36.83568221636892
98.65416549930204	41.815069704583685
102.81839733447015	47.145479404585295
91.75908076630536	37.8643856854018
64.94588797838833	44.75748976383035
96.35879824655868	42.856878812067045
91.90910685183475	52.66002598615859
86.24381744831132	33.50889727884413
116.72389949985842	31.028118893422196
105.1449183858531	38.19251999034096
93.52764159088802	38.21179386883164
98.52459261200593	50.61019204286818
84.12655473041897	62.400522887323945
101.60084521576483	18.658403327492536
97.3835836736791	50.858241579267926
98.70770732751501	31.668314098623988
85.96558287272082	40.373664411987605
86.86896839962728	35.89634719822825
74.83442739181358	51.14493460005687
89.90093173533887	49.473318186133916
93.99673097553067	25.728668330047867
95.00951341948081	36.83102461934971
114.87749071624289	36.918475697835824
87.75638209658067	38.530451386874525
90.32102250921142	48.46906491474951
100.39702851896143	37.24919318541948
88.49645256485509	36.34426176569369
94.04567141819064	64.42356896929036
87.14284558507383	47.83247443110498
98.60968917323207	55.12036835827292
103.52520714920095	59.70819602639979
109.86094552287994	31.34760580698727
98.80047834021731	40.85356734411035
104.60281688887802	40.41782921314177
114.3227537294689	47.28484150688092
90.13042263589216	61.082192383713874
79.10787648939059	36.73134708335326
100.63463485622708	33.75137660171035
94.74954557561495	42.99716148290367
90.67732403496098	59.50524914963768
62.73533411290529	58.377841345762576
108.55910791602189	30.89964143402155
94.31788303007797	38.26963251252393
85.02769169023851	62.84969522940963
92.4980748106706	41.38495774347785
89.1492276113499	56.288101740809346
91.03457865165473	45.58245656127476
88.32793832599046	38.80972757568951
79.31094441697502	41.06428231727003
83.90666680529623	47.510111795770676
94.75762062194745	30.932862774529553
84.87586371062719	58.279603952537514
92.72705308532342	50.72211961045354
79.42337874848454	21.86683267683029
98.42111481943743	46.58967633366692
97.2254947825845	51.11916819205928
101.17301876024658	51.493276945613516
98.13844599783296	57.97413266282982
106.75200299737897	48.531280123056895
84.62117427194949	39.410914178018615
103.25780312846695	29.783858781403524
85.83821330563882	43.731195824945765
102.31787173107634	58.22329460970106
79.84614244106169	53.212309964052864
91.63294353982232	57.524862001465486
104.8113364896632	61.52287582557688
64.90696797659268	39.291196629858085
85.93619002759925	33.32617853370489
90.56063640297637	43.27688217425174
84.15564639172598	46.097736563766084
91.22537514682247	33.84385082246665
97.78264894539615	54.52688809847668
77.46023832758631	47.19601426272242
97.06175835366527	37.256234867433754
83.91571908241345	22.29551854833695
87.98222635117249	42.981431242319424
98.21443550317919	30.65210623537863
79.73270374551392	40.20080656126483
86.42071894760335	43.755215421818235
104.15971809072316	36.08272788229602
87.86374935276493	50.73229982169609
105.65392452280578	42.029958006815114
118.28526144671375	34.90985653075738
109.37921201558305	27.343430563723885
96.27043368306605	51.74684819278265
105.04295342993629	38.43121050028307
93.16331146123814	19.802800568608763
91.6752972762714	52.686753478172434
97.34119216799597	55.961997622726436
92.66947129275997	46.16068347264614
106.22607704760856	28.941132858651166
75.2531527910671	43.70761632521141
75.92703696317578	50.16041243809649
99.98915149380713	39.279158692930935
76.66738017353228	55.81146071329785
90.02436690733906	32.719866749514004
90.18630542635276	32.29296579809
104.81288111266213	39.54621873066835
87.71182289806451	32.14575702139223
88.99203382441809	43.10349198851546
73.64639207302784	38.43147462164898
81.74505174068914	55.76137239246687
81.92033824795888	50.64531383028395
84.24221543795531	52.27169838296553
87.71787274958022	53.080111333580476
101.0948281981517	54.56188429490683
97.47285650619334	45.7341267698382
98.51618351798403	25.671569138967484
82.90704249100494	47.29438561594634
91.59561731976662	30.7171071448614
100.49846065409477	41.08044393948086
86.5977714724301	25.71692262060312
87.93108243589933	44.26311447393501
94.32293133406694	37.994684353109925
71.89325244463262	42.29344998714638
90.12040370242941	34.221940381762764
95.41917429647057	48.89372639386014
94.41254853635584	46.29064030571489
95.8354270693909	38.880683171107776
96.14376540211065	46.90430647408073
75.01892017261088	38.286641251370966
97.25344764610452	28.58095681565067
97.29386457522062	38.07777788048222
82.49583131117065	40.88107525278894
87.95100493146995	39.18258713121227
110.00532000646969	45.14477887082231
96.10608058728138	28.44723724348481
76.1971226634428	47.73346136067219
103.1528211432189	47.04547197899759
103.25830516384438	35.713861492590546
87.95463205587737	45.491299355980644
102.07367525669935	36.66946155048605
102.867399900784	53.04032303867427
93.99521244198417	31.850224148251254
83.15176682031887	67.08435971887076
112.90384526990539	50.57665462318529
86.74889813263289	27.357832454302795
79.13043641561451	50.47167427643498
88.81226107803224	41.30763974351496
102.76600920993924	36.73316493980514
103.31163846418997	38.122699214408556
98.92058098134639	30.402496303949718
86.93607863386329	47.44854113746845
79.41595742964061	30.350602475066708
111.87684528427803	36.303836360212834
101.0541050935784	33.76012930231943
105.12428181060375	48.13675116125195
58.48993144365737	82.96552415386377
43.75350453034149	80.30877390525704
82.64647048671534	74.30287708457054
57.009895815834064	91.65584114529472
59.18551261829352	108.20233986872768
59.5419702827705	110.38702254229881
46.414095603042	88.1671292066701
56.83560959184688	94.98474462977107
48.06722112988879	90.70386586351509
48.084159553261074	100.55643914398738
47.0218288143585	109.12729105973622
57.90059315943424	98.26887112168885
53.184502853118644	92.1776930289519
63.4256784239834	100.51801347591939
49.35129108275212	100.03725305305706
61.82748060474829	104.51464989164923
73.55278973531247	80.23516666700351
61.25475575439495	100.73819885289022
74.82376735736594	89.57528995951932
82.41771738625269	95.18865850766997
64.33152936578178	82.91524759005308
49.24046084895088	87.9973861276743
65.39374348573568	86.71571561253545
59.1106584766487	95.37049268083683
63.40808525062483	94.19572538512354
66.72869482634779	96.20973350133711
70.89488843941479	92.83056409297393
55.428966656489656	98.92518488234214
70.78037701799231	97.49303731792052
62.83471142941311	91.49846690963194
58.108999734783986	83.01923978559502
66.29671802848057	89.4665296002192
56.20036693361839	90.9202422512451
59.418940775116795	83.62408128570205
54.352310735562895	92.67556721893571
70.77073072337214	105.78532835386123
66.7438541744878	75.93044796345481
71.03833097158694	95.62189623780894
64.69833949795321	73.86906757106337
55.27190260816137	61.77873764517809
76.39638784593961	79.15453422646624
64.14625841056652	79.31953953826654
62.139266820892786	86.17010726882393
79.79842313494238	84.69981753604877
55.18111118849431	96.07910543654613
80.44491740186305	91.21817368261306
42.93781583471832	112.31865150401157
66.88759402433716	88.93411068922069
64.83774263737067	91.63814219349615
63.0450720562078	95.16727726467339
72.61132619347377	100.44159249544934
59.847507583316606	69.78356749050417
57.29707677753008	97.97584260565824
59.11318148738215	76.6244302345159
54.82731309987603	108.8231232889732
61.684897716787304	87.78450064820004
60.1682511283247	105.47043656879106
56.09253839285478	80.77782006892423
64.24243340670726	106.60082997199112
77.65530513031344	101.63947954983726
82.95083270301141	95.11193407260893
68.71909921179531	115.3752142727589
63.93601471467644	76.48626714246709
71.34262522930022	89.84076760529582
64.15557652163494	81.30037470298333
68.20319688624791	98.95189097350287
56.44527292367931	96.39625061783033
49.606639746480724	94.3020794153136
70.64685205965056	86.36165980137275
70.97147954930124	100.58039709034094
60.23562246786403	112.45335231244103
69.43856065538444	113.53618755054707
66.19965756768784	89.6132297130934
72.69828918871549	88.51247004636683
68.24298950141328	92.49974724836353
62.005413859849284	78.53422573544533
73.76472879871596	77.53889350825219
69.92196626082502	106.5688918813741
63.53127195056627	108.76392691256501
70.52882958572002	99.96470822135417
73.1919004033274	87.33290252444505
51.67008121593285	71.67196596670993
71.79515217003156	84.44894294117024
62.72130357475236	94.43738508599702
59.82502758274729	78.59968999352483
59.39801491291762	93.04029179189003
54.34100841100543	94.88097606973375
67.80370579935595	110.45334221723581
75.581964071188	78.60111910944002
63.989363365443275	105.71587340157907
55.83173708465706	105.71795529461055
64.18293985352936	89.04340979044686
68.07765866636441	98.38297073042455
68.38704780177959	101.23845731712518
45.46040878604434	104.6837982405978
62.16067398307332	104.13684232482106
53.77641328851057	89.22317861102492
59.45054259491472	98.03526289177206
45.50380134693978	82.71144186488787
87.25501253587515	88.40903724701495
53.777030512649304	94.2557719102219
64.14011148289268	76.34858726414329
66.11457578496295	80.13792517542197
66.54525759923067	78.97360140212336
73.01100041435423	87.30857780916661
58.34940601503818	89.15040188643216
55.42304190874571	109.28591838983978
72.33864887442176	103.8972387579093
51.758936697830386	96.58542544727636
75.96638685614408	109.44855809623715
71.47196975865386	102.20996040159245
72.05535395481928	88.96758247223839
53.57505387407664	96.45299239422691
63.74197377274074	100.37607121784978
52.48981109562554	98.95340634705076
64.51102645801429	109.87801234734798
63.1405710368911	80.6547439070817
55.47416135416492	105.32496629181833
66.63625643169384	84.97290404790525
73.63585846866805	87.12311313039969
85.032059420131	85.19395538548164
53.2644501456019	87.14788243213836
50.61968621399343	88.73846805873842
37.619459918979274	89.3041726874666
52.5142854329366	79.81508619820679
75.42683013170034	92.56917643343411
47.54572767024831	93.5170242791611
73.16735434755276	106.50525497362283
56.1382213135245	85.33842165374091
73.93655421041768	86.20720972282831
71.8340592395115	112.5478591757084
56.894231407976726	85.14879860362065
51.60494114885242	96.67761183719539
59.1433256002942	97.20739323771352
62.011066244599284	105.93022857617828
67.8377922371671	102.69698812960623
74.6827401608895	90.99248515052865
78.06690765626578	96.35524499779537
55.79733758161783	109.38652914412685
62.39914077417247	90.0782847507661
84.66515230922914	100.32132363937701
64.40309921065757	97.13496304810818
61.22888243818744	90.50370267179395
58.852758415601926	101.61455047203152
81.62347409850896	101.24113917312755
63.30497069427158	77.55200234974967
53.16565585261963	86.10068131771634
77.88497632824547	88.77713055167641
76.66634960466416	92.7648812720463
63.215030384133925	97.84792636705556
57.166117110407185	84.84159572701999
61.200514282580095	94.50191361627454
70.20155174011417	94.90489278151952
77.95973006740034	83.62376379805181
59.41950918898001	97.89256358552257
75.63860420876908	89.90852876993225
60.748213026291744	98.18575625774398
76.41977203522768	92.21644196588102
67.69759333859538	81.72901668583619
64.7323708574325	92.37125193155838
41.90378656055569	96.51552948615901
35.5660149554807	84.05185572553265
71.63077080382368	97.25348947670585
48.51015041051023	86.53836561123568
52.06358711754465	108.43800888906182
66.63711214851321	91.13638032629589
67.09006930150647	87.20712100362175
64.0355093605095	96.1732377496948
36.07318219007211	76.67224460080563
61.65048330641051	91.08820115308843
63.40862797039716	89.33622644733344
66.05890117184576	99.90367575292147
77.26462596824234	87.79012103967385
72.0345327647992	109.63405044053872
64.31016094129475	93.67944280661882
72.406903996654	91.68433498137622
49.71631580475732	92.77642646976555
64.54205911805198	94.79985736873377
61.847641983294565	79.30123079088604
62.75627649710937	86.91756635095726
69.64396146703137	78.80689359652001
60.9599197848276	102.19520745010561
66.55176404313505	101.65485376757918
55.71859585540122	82.39332073962589
51.18755307474629	97.24581895880452
81.36953340266214	93.71798045826097
69.04374972751326	99.36289903219104
76.69163907507925	96.55927321653407
51.470739958213784	83.89086745036566
47.90964757013889	89.02280656966079
69.18256977457683	89.61471576153737
60.24156639493159	100.68856634402418
71.88675973583314	112.49648098303237
58.77698248225798	100.72061604796642
62.70793037104846	93.87849342900908
50.404680845755834	105.2206835760221
70.60423131730188	88.57703681894195
57.24326120486925	89.11357155248267
71.37820230404124	82.3749994893703
45.712226616960606	81.29837540380903
50.77549565343028	95.36753917856718
57.9203237261847	100.75170685052848
70.02035624574975	74.41210614605068
63.05216219473767	84.48557002991427
70.73415144411494	88.03658314692781
65.58344917228193	83.6373285400128
57.710180696256934	86.17179806988527
67.58395171461262	93.67892698704006
71.09138675160904	95.05397060138623
59.95067740434482	76.41625054320713
77.55680439815838	87.33143602628246
51.513652048883074	80.21385844810716
60.823234655371856	97.05418072219669
59.079573229158356	102.53479199217239
58.934553379530826	104.6778648709064
71.58590366520737	104.81170980560053
61.87832448030933	93.40569731171519
76.6991987253368	87.24802623436689
61.310817252103035	92.94757072054576
77.19259317328401	83.55620632262732
69.99155449102085	87.6345443731034
75.18227900379789	101.57836323946533
62.13989261010121	96.8499898481969
48.03854786835221	98.79544038070088
67.70515460379876	100.2775989923227
64.31382146217715	96.34083582469083
74.4017701273469	81.93871486206625
60.030565562005954	91.44846405237271
59.3444543938291	89.00984708107163
62.01983184521348	95.33123589770247
52.446427713058796	91.19670213603912
59.645616561020155	78.73750416368615
74.83622258132225	82.518347078636
63.74506606320587	85.17959802439393
44.81249663598972	93.98594372020531
58.573109337849694	103.99688843868124
56.99064466473929	95.47957480115524
69.64630215790328	80.54071178939733
60.23561432746241	73.02798653786252
64.72079498822646	104.65953992324486
64.65906977417796	85.08442387733228
61.0479085373584	97.88661103267926
61.97264539053949	88.34273287424078
59.30330076515347	86.12102572673082
68.68226227474538	84.73789669072984
49.74421654135897	87.7974861047906
60.604006230852974	106.90200600529357
71.17013857919366	119.50255280058016
51.11646456983638	82.50088774282355
55.565435641070025	84.95217824722509
56.408468055315296	60.97575880957163
73.08193174537179	29.153227426487273
71.75038575733099	44.42405846622524
79.00833968023596	63.76795902498189
62.81123707385585	45.609095432338414
73.65674629000762	39.82893358957992
83.2834919504397	60.6463501949407
51.86640486661392	43.60504437829765
67.62776934473635	61.42957000428348
77.07353111878608	43.867535262351545
57.24418222968728	53.81775497542552
71.69071778775569	45.9457707266944
83.67947245202794	34.63028344239292
90.34525440425594	48.69438098500781
67.46245087182379	50.10545995543041
69.95717466829899	39.83484304434127
82.4475252834014	58.01537145575291
62.4146526028693	67.60578348326084
68.45342039596183	47.17845328626112
71.58027761191495	31.847722677311822
54.58579774638338	31.131412848942162
73.91357969247389	44.063617055103414
63.621314342252475	42.827739004724606
76.99659905805088	60.642416005514086
79.92773162863132	45.445608791633326
67.01293556572752	48.25170965743077
86.8131859882778	68.25392162997197
85.4970180774382	61.18996121728439
81.99466995124037	41.12579790845712
77.32054463542435	55.49492038634678
75.22959002400427	51.923762915431006
59.40304081720836	35.13757221508449
69.03982189255169	49.50399990955536
80.57660269235387	48.766572893589085
56.32821337523261	64.70172465047696
65.22841381586392	55.29983614188477
76.62596575632891	71.13009435933472
51.94243781299103	64.5838927551722
88.33560849027661	54.19319851832275
74.50891264424699	51.6324786471128
65.48593142358638	62.41824189338178
81.52459208056636	47.25962244354749
62.31252123447439	49.298500425920395
75.1896219932058	46.457445278170056
72.83047728978731	62.14187824091507
55.49191383410356	59.054390904662725
89.21635435350419	44.70561958191586
68.93973550670408	63.95056488787903
55.0103824095079	49.13323104259438
68.62338865969774	60.63644850368919
60.315898314930465	49.54261221209642
80.8101307914131	63.513624809961875
75.308469898851	69.33455735342403
92.76190158937874	37.28275019987091
79.43287678592351	47.65618660970067
67.70914124546742	33.05848323335913
76.82070834827644	68.50800493897253
66.16427823311687	64.48005344773718
93.3083177823772	44.441732301570255
56.01101660970956	54.763781400910894
62.39341821604758	25.436594506606603
61.41584871006788	46.44048602920437
60.40934791606402	47.81696553083669
52.191955736243045	38.58393433996021
83.3764026152529	44.39743204335087
87.88640514660908	44.97998898763818
73.08848775876518	50.03295911987462
77.18243152873553	52.35887707973368
62.260273218318176	48.256592291159784
70.19151390912255	56.78348828309467
74.21697714054113	50.5151824778253
68.18279584884513	76.36143482789147
74.45661236428765	56.08548254425148
71.9997155946702	54.61039089179505
68.89412195217024	66.7409120997214
75.27759388677366	45.71698753118841
79.75359191061617	58.93110920888668
65.94404641249662	55.11150989479425
72.74341940065835	55.187340927806865
57.45944501370778	36.23511310358179
77.37527363842912	48.80425731428554
64.37094131715443	76.96945811785147
75.06247509944102	47.34472671169173
71.16271823510412	52.13032290397075
67.11799305515505	59.8257778234678
68.6968640763906	64.40954344566335
70.71980067721603	44.0226293955111
78.46510954281676	46.52074068834889
86.58558089739655	61.68847166004315
59.49686048621617	59.812062003308846
83.71838243813667	46.59115692565823
80.88944950862322	41.33963718713275
56.97224790069029	50.704874405663894
65.09485356164814	46.30809610359346
65.8183490799723	62.20643150260368
68.80319758544813	62.57504891315935
67.51290664314556	50.600122467675384
78.44434640935023	47.86233010891566
68.33863742598884	49.209100561442135
65.64157222937317	39.006990733201675
68.14453389481264	51.028411384137975
78.76183578227395	46.9974193474557
81.51569940932575	50.09528778236759
81.10608448590155	30.213731027989137
76.23080289858162	56.420658825844235
60.26320078353276	50.09770925547743
70.8280184000009	36.9447601165696
58.66714464793492	42.609335579286025
82.05489034051868	30.463970143426963
60.19753220412104	50.16952036739844
78.81449106260632	59.639322084823405
81.05952731823884	51.609404165064305
76.71822390276078	33.132319246313756
75.12980730273016	55.77154184905369
85.35802623476351	51.895542182484476
39.783859017154825	51.740838254880444
82.06942610138003	28.804886497971857
91.8812202977995	63.28021094953218
66.98578078965423	57.37216395089494
86.42501854378861	57.032831256574674
69.099963536695	49.82406994170681
65.56774288788827	52.14938318009146
88.56417024571735	50.832260200073996
72.32503457917412	33.156264362696305
77.52663086486237	47.91908562900731
79.7116942602689	56.30213058702413
71.74588796931786	39.339181561741796
74.69782115306143	71.6294872172768
66.1511661766042	49.4201058733682
83.10928304095991	63.244180810917136
59.893613813013935	52.53454124828819
79.64548206014823	57.67427292121959
65.77400372674268	50.150702063533046
80.28549399190416	31.264737133336133
83.65683025455456	57.02076564173729
80.42325947305405	49.451936940204966
77.49097836245983	42.016451749533374
61.082323554113415	24.78967771224074
60.925532100606674	64.60984964743245
77.97420336856172	54.21041337983503
68.55233752620583	31.55821725432434
82.94502287508955	64.8481445006368
69.44893892274436	54.79755421346823
78.05665040521184	67.17100889969575
79.30318230244865	50.16133350558441
61.64598112616643	41.28356554902758
74.96436328466282	33.27775950472778
64.05526300839709	52.32185839029574
68.84680990269707	49.81421391067556
70.71420981595763	60.09792412652769
65.89550527605782	44.783329772427685
70.74052919960069	72.99021122145363
79.44106090464629	41.938561981368565
90.81060192449021	50.997959228576775
89.16311939867124	57.113188310453154
68.76791084853362	32.21937378503761
79.15619335569113	49.284237642637535
74.13579030851037	40.1454255853061
89.50384336080845	51.225738230204094
71.03209252089134	44.370908365298725
81.8847011516582	46.61364409288632
84.89292282489603	37.327003967116354
83.17813894801354	27.698435461472222
82.43014151933919	58.055058968823026
73.40715527674055	51.06490871043371
72.29744023874028	51.02215482230966
78.42268375813377	57.74593077037546
56.88727201522498	55.698374054649236
72.2847482135015	20.911160669779576
68.66648772840661	46.66166689641515
78.09072689029556	56.92641962679722
68.6769756019042	43.36585559063392
82.9555783086807	66.88123722991234
73.57749006393395	59.991986561669215
75.4786139967506	52.014967490371895
73.0833605198544	51.166529392947616
86.04286511628644	51.146272570365696
45.17819072996642	44.85138785831909
72.65559108614184	30.5223269078746
76.65286458628923	47.63020224948027
70.89605726278981	58.60223636932863
77.05114516089498	52.45961610760648
70.93612640172856	53.507904210560774
75.74566292340823	28.048417973852445
54.868296309632285	64.1562028398291
67.4487605228793	55.811074943099385
82.8151465487353	53.27939172623302
84.75885049011721	55.878864711700295
60.79114469299205	49.62481171305591
69.83973870163933	67.79489230618911
85.83785293874915	42.05923433027799
69.14712754448865	39.82163691387017
70.3370451427927	34.38715151172215
53.39077169481202	66.87572688974439
72.28446767111836	37.58401100735017
93.84677236798173	49.82376061776971
71.71759953626163	63.5678864798081
71.30662067284884	36.58491038417835
76.29663281200057	61.65922352164911
70.39264117487303	37.79644339243383
66.3067852870869	57.079266947335185
70.17918201750732	50.47999023509488
75.38542330122118	54.343443072187306
71.47213969171285	56.256750099599955
70.95140836806947	40.91679478964841
68.22710845848769	46.5659614335351
62.0163101390398	42.79460363376902
79.48791841455842	41.62190234759663
61.9924779316496	44.418472226452835
59.98459714531137	42.63728632334895
67.31064340355512	56.54431132438038
75.83747947571186	52.486435277964944
85.87057206086307	23.697071451116624
84.13524112791842	53.83230727683059
73.09298833221274	38.39588774254652
51.90438925780862	47.2821609192488
67.49638208265574	57.13781964792622
81.68275538431286	40.48955502234417
76.54388227718476	63.46429156674084
63.90192712939877	52.83292193164214
43.04445496666261	48.26321914339239
71.30424265145297	51.292817200284475
75.29284888454947	39.95004503831728
81.73104709708521	56.346618928513685
77.73995583288784	49.86320410503287
61.79699835704596	62.20924577831719
68.58635050641624	48.026802560226685
67.12685942602573	51.31652517446103
85.35183978389148	64.97759259761554
77.50737277224653	54.50731513825709
69.04772760736466	62.118778909467615
61.09747709188811	51.89538493537604
62.59426694953845	80.65996124030654
50.9025865676424	49.922172810636084
67.22376475488083	66.70597825063088
58.871703034267014	53.585638510867156
73.59240799506246	41.908956696225026
42.77033466729883	29.946104036234605
68.64315879135064	66.98205710233748
63.656813705637646	68.09328599004374
79.52422502998546	64.87090093334962
75.1766454287721	50.91877496413823
71.16663819339281	53.30559302848519
83.77573517295953	57.145837472970605
77.98547288417078	44.268561598662174
72.88915383893482	30.593721431758528
55.514770675318346	34.94470980756811
69.88222747983554	64.01672933860343
51.065757532848494	42.996257128744816
75.4723995384472	51.54468255152697