68.981750704712	33.38133074543655
92.17301568565935	96.8802992070294
94.54091886863371	70.31327267633046
87.90724340325517	52.41490592191682
90.11551186816027	30.97599421894829
83.9962105131378	29.553703711554924
84.20905532868186	22.716217766319353
86.52374841418141	96.85856235312556
17.056026685928643	39.15744166584032
19.104661907979438	22.84664331538724
12.40890627446284	23.442542864729607
6.245261942198903	6.944728288590532
36.03472800673164	56.48164572481542
36.3539959676552	46.22541754456955
29.8710836744677	39.983831148676344
32.265592643786945	62.06212053443979
32.93960294742724	73.41008195372964
25.951183664117	33.90752412456531
28.62061761711833	30.65405978612222
21.871650410911982	32.9593319281847
23.991234396549128	80.3693706125098
7.992719275442848	29.105836387733156
1.2969621667112947	29.70173741229048
4.001870501505797	58.308690853628995
95.96024112072077	20.515505617184765
98.70949095754177	64.19798312726898
92.19110575777607	26.095977476379222
92.39508345308678	36.04338819260946
94.50579884327563	1.2383220631854215
25.57905848693877	8.658593539382826
27.68090528167932	89.63842407142461
21.153651486465318	68.32131360678571
23.645713530500807	4.765752993359778
16.914482039976082	72.50123328770559
17.25148719179623	28.675216210172948
10.316280956390703	86.4632857882885
12.976846313943753	0.9947181113112245
44.841553386872164	82.8661501631155
37.85313410356192	43.36359380916613
40.58464822470131	21.615860216537108
33.60509753683937	64.32840867633686
36.75343416883352	45.690601329917484
30.2971276619909	88.0943293752717
32.59408355659389	96.80646580979459
62.09088597133298	7.244924392297811
64.40557905683254	81.38726897910402
57.585663087039855	19.971702611173374
59.89148610187616	11.898942384230438
53.08043725231682	32.698479354833964
55.35965595602321	74.98040616185858
48.35350095703135	69.04763870519595
50.59724380372961	79.46914478200904
33.85377109061167	52.136810627949394
36.11525112820652	28.988526332260758
29.321939469543757	16.218272930362573
31.955900515966878	80.1043893369229
25.03842999624298	5.322670017751703
25.295617789028494	13.560709616476798
18.83931128218587	55.964439137045986
21.828014671325736	42.4547436679271
22.005385105076623	3.756841418124884
51.38689872941783	33.39893889710423
53.75480043717723	6.831910891190326
47.3871813600325	79.38668707403596
49.382605009393544	64.78525984108803
43.0149859322488	38.340036023933685
45.36515192432657	45.34280134095141
38.589577456560384	98.00275756655151
40.68255565585265	96.76748328484415
70.4099430274623	65.79866702482504
70.80015827675724	20.26327587935734
64.62764534904501	20.55035796468409
66.77383512102702	17.60571109025662
60.28205570760619	28.149021355829237
60.51263771404683	86.74174503809195
62.84506651522803	28.314300727611393
56.15817800194477	12.12530509070291
58.2334204855554	44.459819706282296
88.19138838839072	72.08372712852591
90.36418394671762	18.78439617056082
83.7393756015724	83.10113422989632
77.52251969661872	68.3126907712624
80.09440057490379	51.6930749567937
73.61148975693125	45.45148856090051
76.19223775544967	12.046976084965996
76.61792886175274	97.37200566970982
59.85671748252325	4.6094618881518965
62.62370598545581	14.7221490257344
56.13192657203498	25.26545781609206
56.167399478613184	57.12587854630359
49.799780401468446	30.68065472914922
52.1233420824163	88.0381026544896
47.62698484314155	83.97998568711431
76.90207532210326	18.040826876318913
79.15468823946478	11.677437766881143
72.41458815349176	96.1978132474778
75.05741632014822	44.29903446778728
68.06899703683798	4.79647663862294
70.71182667870941	51.897697858932425
70.92467149425346	45.06021338891181
64.4062848192728	6.958207738022052
67.20874770399851	48.931314130601116
96.74989457119402	73.44529973227996
97.22879725018684	58.060956724303665
90.524171546007	75.44174998468193
93.26455426259469	36.909124156231975
86.51558558117337	39.21439482307949
87.02996264195936	55.69047254531473
89.4156030158303	94.55365416689911
82.95929650898768	37.95738368746829
85.50457012571293	71.69245195653721
14.094636320788869	26.88338738469473
16.435933717418347	50.6710449375334
9.474120220452985	59.81380302483145
12.14355417345432	56.560338686388356
5.199477867385541	32.13330345075476
7.868911820386885	28.87983911231167
0.9070997986364815	38.022595724394755
3.5765337516378146	34.76913138595167
85.8685339450981	39.297216486888594
86.13459180854686	30.750359424147867
88.65326111414218	15.840113251969369
82.10826865281663	28.092793159832183
84.29879992682514	40.223671829365365
75.85593836606978	80.4439333966316
78.42781924435486	63.82431610694796
71.94490842638233	57.58272971105477
74.45470913652935	59.45737872512712
74.71189692931488	67.69541684863727
5.164357842027458	62.05835431282469
7.842660390477095	42.01999478813074
1.3331437861596775	86.13309395099012
3.674441182789157	10.920752979043744
93.90344306566193	78.18213643759177
96.5374026368701	43.068252844152106
89.98354305531122	72.10582941348073
92.68845139010573	1.7127828548192396
22.99014765541231	83.41893848527127
25.33144505204179	8.206597513324898
25.71279170588844	78.45610302932302
18.733242493241452	22.16864853869287
21.455888018932548	17.205813082744612
14.46746873562231	76.70325525358028
16.81763620291504	83.70601909538306
10.414539793547213	25.400377498447085
12.782442976521569	97.83334949253319
40.50553810332188	98.25085565171285
42.99760162257234	34.69529651350189
36.115604009426654	90.77399497411228
38.589930337780515	60.788226208403046
31.84983172702246	46.3086016889997
34.57247577749859	41.34576623305146
27.58405649418835	1.843208403887117
27.965406098464925	72.09271391988524
30.040647106860597	5.427230010679597
13.696258238485878	14.774611000116352
16.03755563511537	38.562268552955025
9.465958862659907	2.1696354947853767
11.594411443745331	32.79478046807458
5.155843603014252	41.628718140927084
5.785509454198125	37.90115549147124
33.11838785648854	83.85405279611861
26.35168198417065	20.729115310682808
29.0033787462754	51.045439869526476
22.32535882844044	18.071549046367128
24.44494281407757	65.48158920590718
24.75534217955284	72.01025621191216
17.811267348699023	47.58322245149354
20.365409560872557	64.53339553431161
49.968636596206125	70.55311335701948
52.89525834199297	75.53768566687157
44.11539310463242	60.58396578688539
46.23497561505459	8.994005946425457
39.8052763697718	1.0430484330271081
42.13770517095299	41.61560264733159
35.202495985117544	0.4036737006621084
37.83645703154068	64.28979010722244
67.2002334649853	28.501679433918465
69.86966741798663	25.248213620260408
63.12956733201362	10.768589100857067
65.21367841107255	26.318210005400562
58.49131551599613	77.26879511349551
58.77510761991156	35.15214915346804
61.28490833005859	37.02679669232543
54.784258845974506	64.35500214414891
57.32953393791472	98.09007041321783
38.52855740729768	4.853429795862123
41.1004368103678	87.23381250617847
34.502234251567465	2.1958650067613994
37.09185084553417	51.006457344576035
37.44659318825091	72.61064841932672
30.866127820347153	53.00291054740792
33.57990475058995	64.82497027771053
26.68017142176263	55.47346058603762
29.10128617742674	27.197062937833515
56.78890544721893	94.75414984201662
58.92622809896761	9.594398153840004
52.514263094151495	67.07365026793994
54.704797318589925	79.20452746225817
48.11546188002292	76.38168477659023
50.909054694085384	36.13968635542016
51.20171834387903	76.23814520914182
44.65672735776845	88.49082659221959
46.94481318170818	14.987855262563416
76.29085094904126	12.769534961761149
78.99575928383577	41.37648840309966
72.01621007118878	84.08903686289942
74.35750746781827	8.876695890953059
67.86572805439744	19.42000468131072
69.98531056481961	66.83004484085077
63.28955493130301	67.42594439019315
63.51126834229536	43.80356325870672
93.26526002503493	61.480061439935035
95.88148388056148	59.93596969421205
89.44291456461544	68.7699058918496
91.56249855025257	17.179947526604618
87.01293121350304	14.831200201519517
87.55391258541894	79.95259236500218
80.59209908845358	89.09534750187031
83.04868822591087	92.67936910866277
41.13202507309472	33.45407522559321
43.26934624962843	47.29432353741659
36.88398850637215	54.4188915679789
39.056784064699045	1.1195591347988567
30.61392250394367	41.33981922685014
33.25675067060013	88.44104044715962
26.51665205984207	73.96141592775628
26.78270844807588	65.41455886501556
29.336850660249414	82.36473342304858
59.16179258179029	64.76207011427003
61.67159181672236	66.63671912834239
53.09570279945756	61.63040848937152
55.42813160063875	3.202962703676003
49.06051252349401	75.75773888652165
51.42841570646838	49.190710880607746
44.36017906412351	61.752211202916094
46.701476460752986	85.53987023096973
76.60623426611352	15.873150245933452
78.9209273516131	90.0154933575247
71.95911237943278	0.1582499696077878
72.29611900646788	55.3322314168602
74.69062650057215	77.41051932740868
68.07468675087523	25.942362200493324
70.72638498819494	56.25868823455194
64.19912971776597	34.94157776991304
66.31871370340312	82.3516179294531
93.78461956220296	74.53108596512263
96.4540535152043	71.27762162667953
89.50997720913551	46.850586391045944
92.25035992572319	8.31796056259598
85.27967783330953	34.245612360929925
88.01119195444892	12.497881718730817
88.23290536544127	87.87550058724439
81.6701771884341	34.697972342823874
83.88731572400245	95.47416397838953
67.54292685562774	5.821543492611337
70.01725318398161	74.83577472690209
63.135255570835916	31.91447466272745
63.56094667713898	18.239504247471267
57.06029866826986	45.56770822407979
59.49028201938227	0.5064153896248377
52.590548690554954	90.15490569795192
55.32206133647937	68.4071750557528
55.5171704363418	95.139478007804
84.97849994450269	72.71751881052562
87.62132811115916	20.818740030835087
80.74820204389167	60.11254478040959
83.17818391978912	15.051251945954633
76.88151213101575	52.326866638793405
79.01883330754947	66.16711495061679
70.30991535856029	15.934232105408787
72.46497225077563	95.20469151994541
3.46728608128235	38.90412301093473
5.595737187152816	69.52926650900898
97.93545446021443	2.9855867885628706
1.7201816292585215	78.52848355364365
1.9951051377256637	53.19673130465207
94.06876602255348	94.19990864694668
96.7559371664514	57.37665246078691
89.90941541031384	46.315771651608834
92.17089544790869	23.16748735592019
22.738648101449073	96.3267859236315
24.813890585059713	29.661300539210902
18.011710330948656	33.675943798778526
20.290929034655047	75.95786913058818
13.50648597144057	46.402720542439134
16.15818420876029	76.71904805171272
9.347135359200935	97.51858502231624
11.697301351278707	5.521348864119016
95.7896190446675	67.71570082962693
88.94309581331498	56.654820020448845
91.40855354622056	43.45394644099046
84.9433799191446	3.642569672595541
85.14735613924036	13.589978913610834
78.76199839598408	20.714545468958182
80.8904509770695	51.33968896703243
11.467072226058196	8.714092348492873
14.198586347197574	85.96636170629377
7.174694157309125	14.603384622132866
9.870733896655334	59.9952347249372
10.127920214225894	68.23327284844733
3.192713978820366	27.02134537699281
5.729119000097327	77.54130883231258
98.0067561050209	29.49189394040753
1.7027973195820647	74.8837425679969
31.394710309398555	12.054508528196187
33.62958308543357	39.26090979126012
24.716688916348627	78.08061770503684
27.42159725114313	7.687571146375351
20.459783754177767	16.830327758458434
23.182429279868856	11.867492302510186
16.220615782903494	21.01025038980824
18.978735690387758	47.9078327136416
19.26253074473311	5.791183803184194
48.68838587110082	50.50880682612421
51.28687106051582	82.53450397768798
44.316190443317126	9.46215577602192
46.6663564353949	16.464919617824698
40.19231126244074	92.43843803568065
42.57795311152664	32.30162113247999
35.598402423664695	75.01416811706478
14.970504081989208	73.46594619389067
17.05461368583317	89.01556562321922
10.757940421844852	27.291180316057986
12.859788691800368	9.271010848099756
6.279321848681656	88.66327297618098
9.001967374372743	83.70043604501775
9.23255085602834	43.293161202495426
38.85351508225848	15.743087177486636
41.18594240822472	56.31564139179112
34.83606052197656	95.30062720213503
36.94677591216541	60.49556254792596
30.570286764357412	50.83523391702245
32.74308232268431	96.53590148384241
23.821319558151064	53.140504583869976
26.65038675400671	44.758925417696474
56.32456255292661	15.499480275182512
58.71020292679754	54.36266484719681
51.75725802528048	46.72052627302904
54.37348040559207	45.17643157687613
47.393931192945075	87.8889800366759
47.801883633136605	8.783799993921447
50.01015357325666	86.34488534052299
43.633664425448664	76.68455818483446
45.7532484110858	25.094598344374507
75.48950290292879	76.34088689810456
77.77758872686852	2.837915568448372
71.06409590245534	37.00360696550742
73.65371249642205	85.81419930332206
66.86926943320756	56.25905071517301
69.21943690050031	63.26181455697578
62.15120025815544	75.82331487928413
64.44815615275841	84.5354483633771
47.68694477352892	90.77290605703413
48.05055571169395	95.59220047031901
41.10648088084014	71.16516670990039
43.37682951388328	31.23198722796089
36.67220380970343	48.61278343876908
39.29729478546331	30.28379503158027
32.30887697736802	89.78123572720098
34.641305778549224	31.353791416720423
64.43964043853025	64.10581366669444
65.06930776492908	60.37825249245357
67.23323325259271	23.863815245524375
60.82127119820651	81.3430673596243
63.198042976629175	37.9911456426745
56.253966670560395	13.56411188225587
58.914532028113435	27.09554273006363
52.12122184466563	14.325289328165448
54.27627873688097	93.59574874270207
84.16330082655989	57.49881765495255
86.33609638488677	4.199486696987465
77.85776044233823	12.559329009257137
80.41190265451176	29.509502092075213
73.55651230292591	35.233514993933035
76.05744294240971	53.89305919425625
76.3323679260918	28.561308420479634
69.99135463529194	50.76139756935773
72.07546276392094	66.31101994911619
2.900404685461809	48.708356640337634
5.631918806601199	26.960624522923563
95.73676035319787	32.21054206419857
97.93616169786965	27.556525547480888
91.49759238192361	36.390461745118444
93.67925653569878	65.3062356009025
87.24068721975274	74.140173273755
89.42235137352793	4.055947129539045
72.89172347595404	68.88612703024384
73.35288896405028	87.07157439476927
68.75897865005928	69.64730447615342
70.86082544479983	51.62713500819519
64.16506833606827	52.22303455753757
66.63052606897385	39.02215950286422
60.22743261003594	79.71651790592824
62.311540738664945	95.26613733525679
91.66644857666128	76.26292184820366
94.35361972055921	39.43966566204389
87.3208574600075	83.8615852393488
89.61781335461048	92.57372019865673
82.87771326863746	78.09409715446834
85.48506852871573	93.33489764456631
78.68288827460466	97.34954090413393
81.00644848033755	55.70699030468929
11.334750531989016	87.05845890117378
13.658310737721921	45.4159097769441
4.958261384181023	77.39813174548523
7.051241058688248	76.16285598856292
0.27566659092206447	29.82281368937797
2.838677398543891	29.988090110730223
95.69277025717653	78.92048663730439
97.87443588616668	8.83625901787348
98.30899411270309	77.37639341636644
28.646164759802836	91.94296830181504
31.333334428485795	55.11971211565527
24.3626538112871	81.04736538920417
26.74829418515804	20.91054701078855
21.55132380632805	55.85915270766101
21.994750628312744	8.614391919903115
15.032937131347381	17.757148531986196
17.79105556361668	44.654730855819565
1.0919273029551597	32.39792077050563
3.858914330672749	42.51060790808813
94.05244183175236	77.91157211163959
96.51789956465792	64.71069853218118
89.60929764038232	72.14408402675912
92.1811785186674	55.52446673707547
85.60958027099699	19.131833678905824
85.89337385012738	76.01518624366338
88.81999707112918	80.99976002873044
19.192640624807144	28.426752693960626
21.498465114858423	20.353992467017697
14.767233624333702	88.0894727613635
17.45440476823162	51.26621805041868
10.412773912231627	13.473032813974454
12.780677095205984	85.90600628327552
4.142707909803142	0.39396194806064877
6.253423299991982	64.58889581863662
36.21139267804228	92.21280324088022
38.5083470974303	1.9249396754031034
32.02543627945776	94.68335327950992
32.486600292339034	13.868802119250299
35.04074397972753	30.818975202068362
28.51349018451354	9.50186473742945
31.041026610342197	76.8067233790001
22.252292777533345	78.63789721004983
24.859646562396634	93.8787006505777
54.10813125501346	78.29422739853489
56.44056005619466	19.86678161283938
50.06407090838667	10.206452981935874
52.192523489472094	40.83159648001012
45.40808042625761	11.27644936707603
48.04204147268074	75.16256577363637
41.115702357508546	17.165740165501063
41.51478620225178	53.84545530899746
43.86495219432956	60.84821915080024
27.36093008310054	75.32371349275245
29.799782029661248	13.477525472046644
22.962128868971977	84.63174947661771
25.463060983670715	4.29129367694093
16.780747345811456	2.703725272980351
18.882594140552	83.68355432980718
12.532712254303846	23.66854161536605
43.95399250524757	53.784735930143185
46.61455638758565	67.31616530273598
39.714823058758334	57.964655611063066
42.35765122541479	6.065878306587497
35.4313121102426	47.06905269845219
38.12735332480378	92.46090280125652
38.42888409483076	16.774464993512368
31.777468488125706	32.44588861160044
34.08329297817697	24.373128384657516
63.6067026544759	82.45690288362312
65.91252714452717	74.38414265668018
59.092609699519535	12.968576288749533
61.158983587681874	62.08798609057978
54.40114631081227	81.17815341889312
56.72470651654517	39.53560281944848
50.24179422335767	33.29401642355528
52.50327573616749	10.14573212786664
82.01781681701813	85.0144018130831
84.3147727116211	93.72653824760599
77.5480668393032	30.601599286955217
79.6233078476989	62.93611537774958
73.29116167713237	68.35130934037682
73.37984615640032	98.50235747786823
66.97675269746242	40.19671588093226
69.35352447588507	95.8447926887675
26.79832687643675	57.131956641404635
29.520970926912888	52.16911971024143
22.559158905162484	61.31187779753948
25.175381285474064	59.76778310138658
18.337728124784793	31.922007105957643
18.52396715398397	75.43920671947465
21.228875488778474	5.046160160813161
14.267063467028072	14.188918248111202
16.590623672760977	71.5463661734516
46.034215990025274	82.69419882388989
48.37551338665475	7.48185785194352
41.990157118613425	14.606424407290879
44.109739629035616	62.01646456683093
37.52040566568357	59.193621881163
37.96383248766826	11.948859618190145
31.010887586151192	4.306721044022375
33.28123769440929	63.37354156208288
62.86672753884626	3.9630497572924734
65.154813362786	29.460079902851263
58.7428513083998	86.93933201695118
60.84469662792539	68.91916254899297
54.10459801716733	54.43953802958963
56.73855758837549	19.325654436149968
50.24677817495467	29.868964701722586
52.40183506717002	10.139422641044254
52.978292296094054	8.121232584308519
82.83870712421313	22.378988530526527
85.03810699366993	17.7249705385939
78.48424888732602	46.762547107922536
79.09617754761331	76.60477630618337
72.59552953874419	4.932980282791884
74.80379947886424	82.49406857982335
68.2588070175387	94.74674996290112
68.87960574848923	8.804082499696142
71.43374943587774	25.754255582514205
54.59272217282857	84.05576995242897
57.23555033948503	32.1569896975235
50.27373684251967	41.29974630960658
50.67282216247786	77.97946145310299
43.96819645829801	95.36025766391117
46.08778044393515	43.77029634823627
39.47184069423823	91.3021392213209
41.84861247266088	47.95021602915615
71.5050510806842	52.26056273435888
74.02371891106456	37.350318037395326
67.08851267565905	95.13838761551088
67.74478578840275	41.056142357732384
70.29892800057628	58.00631396533549
65.79370216585325	70.73309218421105
58.82302154865456	96.660743982545
61.749643294441405	2.645317767612031
89.35744520519896	23.26646282326783
91.47703066605105	70.67650150759293
85.0650671364499	29.155753621692863
87.1580438605272	27.920479339985498
80.44455103611402	62.08617073704454
83.07851208253715	26.972287143604877
76.06348701288202	37.82441487319311
78.44025879130467	93.47249315624332
9.353883716898556	7.020876509741221
11.500074964095523	4.07623111052871
11.783867068010958	60.95958220007131
5.23887755711533	73.21226358314908
8.156629232238929	94.98173255446699
1.2302901170667355	36.984908421546635
1.664849818818107	6.525041344824642
93.69416772640446	32.45269461837354
96.3015229864827	47.6934951084715
79.77089361369384	13.52367648439125
82.44032904191015	10.270210670733203
75.72683474228201	44.43590206779224
77.79320715522938	93.55531334483746
78.2721098342222	78.17097033686117
71.2570847645671	89.0230980664494
73.55404065917007	97.73523450097228
67.2130244179403	20.935323649850396
69.3326098787924	68.34536380939045
0.27284059073113687	30.539063079350736
2.738298323636718	17.338188024677397
92.91408863381973	86.30894260073056
95.13122569417312	48.08513571151118
88.54189173082108	45.26229302584324
90.97187508193349	0.20099871617333187
84.00119446473478	26.128650514507278
86.76818149245237	36.24133765208977
17.4689616025022	55.6272084260382
19.650627231492336	84.54298080660729
20.076318337795406	70.86801039135112
13.504720090124984	34.475377333181456
15.668647053003578	96.96094156146724
9.247814927954124	72.22508886181802
11.438346201962647	84.3559645809213
5.052989933921321	91.48053261148361
7.110493751420408	58.38483907477968
36.72259085741722	47.61966023602173
38.99293801524541	7.686480754082233
32.1996278317976	93.91622882739901
34.416766367365945	55.69242046296466
25.690111227480184	39.02932946547335
28.08461872158446	61.10761590080687
21.25583415634348	16.476944719127072
23.52618426460158	75.54376523718757
6.490047901689997	8.112973704621238
8.760398009948096	67.17979422268174
2.0380351148716667	19.130380805991646
4.290646557018235	12.766991696553863
96.8077357390457	6.525406775875618
0.7698333418406705	43.370398340724265
92.79914977421205	69.29805013905822
93.27805245320488	53.913708606296886
95.35329346160056	86.24822322187629
26.293525648754265	48.441922491836564
28.38650237283156	47.2066482101292
22.045489082031697	69.40673735900731
24.147335876772246	51.38656789104909
17.744242417834336	92.08092481889815
18.001428735404904	1.318964417623259
11.279065840328473	52.269548050503246
13.336571133042519	19.17385451379931
43.11716860212696	85.49566713627506
45.47620318965303	75.71353579182697
41.12174495276592	1.0970943692229773
34.59449115755192	78.77998537979903
34.96696921595028	66.814386082048
37.46790133064901	85.47393028237121
31.1180179691859	25.458916092715135
33.21099616847817	24.223641811007777
62.761011631121974	31.952730751220805
65.03136026416512	91.01955126928131
58.56618663708915	51.208174500886386
60.9606956064084	73.28646241143487
53.981144918546455	16.999009396019673
54.362491572393104	87.2485149120178
47.453891123332454	94.68189893138077
49.95482323803119	14.341444606918952
33.459668247035516	12.032043762620308
36.17344517727831	23.854102017707955
29.21163168031295	32.99686010500601
29.575242618477972	37.81615451829087
32.26241376237589	0.9928998073460701
25.211915786142566	78.98460828193774
27.544344587323764	20.557163971457193
20.680084165074657	43.066072059565876
22.941565677884466	19.917787763877232
52.42950244760518	46.14114448306124
54.761929773571424	86.71369869736571
47.9863567810202	40.37365492296582
50.283311200408214	49.085789882273744
43.82700616878055	91.48951792762797
46.150566374513446	49.84696880339828
39.5080223136866	48.73349576002054
41.78723954217805	91.01542256704515
71.36386079116673	48.38982447329064
73.63420942420987	8.456644991351139
59.506606210183385	16.79474897450202
89.24286070202638	68.04103752823207
91.77926719851828	19.561000983551843
82.98166329504619	38.1770714760674
85.21653902151111	65.3834742143463
78.43209595829664	35.82832562619724
80.64923449386498	96.60451726176291
74.11311062798774	92.07230345858981
76.80028324710062	55.24904727243004
60.198706585940386	56.35839013835667
62.39810793061216	51.704373621639
62.82379903691523	38.02940173116786
55.78216670570028	0.2362150195086724
58.575760994977706	58.994216598338596
51.96868984072907	89.74116576038733
54.079405230917914	54.9360996309633
47.7206532740065	11.705980627558079
49.8934488323334	57.40664819437803
77.45690924106445	62.95226918128811
79.74499506500418	88.44930080206186
73.2354769854718	33.562399964921234
75.56790726186796	74.13495270401077
70.98286554332525	39.92578759914406
63.852550208057295	70.98155422520841
66.45990399292059	86.2223576657363
95.94783928742635	13.445711434490365
98.27140096837421	70.80316083504572
91.46035211881485	91.60269928086421
93.70409496551312	3.0242053576772836
86.98173354565165	53.97479046577223
88.98602579046099	22.588468046573457
82.18384701156488	26.603111306141084
84.56948738543583	65.46629292772546
15.35008632973523	32.78810555020121
17.921965732805347	16.16848973573251
18.143679143797694	91.54610860424609
11.784928662101246	48.31598960084087
14.365676660619668	14.911477124906355
7.829554269957375	10.379261846518318
9.895925207689796	59.498674598778486
1.0805855885360676	12.684533988580789
3.7588881369856932	91.64617298867188
86.04202121021262	13.959154751074626
88.61390061328275	96.33953746139098
81.6432185208691	23.26718778450996
83.93130582002378	48.76421940528371
77.09365118411955	20.918441934639816
79.74534942143927	51.23476796869843
72.58842682461147	33.645221628730326
74.8765126485512	59.142250299074156
5.39992380006509	18.22602479803976
8.025014775824973	98.89703639085096
1.0277268970664422	76.17937374793748
3.3246827916694186	84.89151018246037
3.759241018205821	54.43164310573837
96.01027233678451	56.736913772585886
98.08551334518019	89.07142986338025
91.29220316173237	76.30117646148206
93.96163711473372	73.04771212303896
24.34314926385997	3.689811077233265
27.065796264766018	97.72697414607005
20.58288397157853	91.48538922539181
20.848940359812335	82.93853216265109
14.303949373701752	95.1912120705139
16.893565967668454	45.00180440832854
10.348574981557867	57.25448579140631
10.596894178895091	82.2774191011673
13.195380843525045	15.30311625273108
42.88729235812658	51.473880737715405
44.998007748315416	16.668816083506325
38.51509693034288	10.427229687613131
38.85210060694806	65.6012126100805
32.35145259807894	92.92941658668902
34.81691033098452	79.72854153201567
28.369472419590192	6.347375866333988
28.662134594168876	46.445831769625734
31.1808038997642	31.5355870726622
14.62357021584543	47.720454007334524
15.315317710382317	25.498625054122666
8.468795954244753	14.437744244944595
11.102754050237959	78.32386065150493
4.637580423162003	38.512483883110015
7.200592705998789	38.677761779677226
7.244934208025291	53.753285848422934
0.8063663672942117	62.58722352127544
3.3339042683378386	30.892083638061038
33.167713310112035	95.50452514303163
33.797380636510866	91.77696396879074
27.29673262764174	20.105166470184304
29.753320289884073	23.689188076976777
30.356383305152985	70.31631246148847
23.829128034724025	48.99920347206452
26.02852790418083	44.345185480131896
19.607695779131376	19.609332780482685
19.909228024373313	42.922894972738526
51.75619790640515	59.36411887225948
44.679094143826944	88.71051290560374
47.36626528772486	51.88725819465892
40.47539907913088	25.75085331673513
42.98520126449288	27.6255023308075
36.5909749257883	51.534965547620665
38.81698058158998	95.52626199693546
39.02095680168574	6.473671237950756
68.97005758428774	50.88247532166017
71.13398454716635	14.368038074730991
64.57125489494422	60.190508355095524
67.17861015502247	75.43131179562339
58.327794678860606	95.75675193042913
61.03270301365511	25.3637068469826
54.585266577475736	50.982539706085966
56.66050611065646	83.31705579688033
31.32235905360836	54.77181091716503
31.677101396325092	76.37600199191571
34.17803351102384	95.03554619223894
27.21622001405848	5.178302804322028
29.96547132609444	48.86078178962121
22.985920638232496	91.57332877420602
25.53119425495774	26.308397043274926
16.698115969692466	13.064046805578952
19.225653870736096	80.36890692236456
48.802275119724776	37.74331030382501
51.72002974527829	59.51277927514291
44.775953439209516	35.085744039509315
45.24598752275404	36.48629769299885
47.60502063506516	26.70416634855077
40.89152633543702	60.869856270394855
43.45453861827381	61.03513416696207
36.87407325037005	41.427396295043266
37.54808355401034	52.775359189548084
67.4351041684743	16.678428101798566
69.47487079507681	17.152526412811312
62.965352715544434	61.26562557567069
65.28891439649229	19.62307350101109
65.51949787814789	78.21579865848877
59.05432130064201	38.40442189009384
61.98981164187716	26.604100488910024
53.16560342727513	95.57485506496319
55.77295868735339	11.815658505491065
85.11899645468647	9.597338204688798
88.04561967568827	14.581910514540887
81.12814768074942	38.80019119536968
81.58931316884566	56.985640035110066
83.93947916092344	63.98840240169788
77.51864851108894	39.252549702048675
80.02844774602102	41.12720019133599
71.20423805620403	11.09795624260411
73.85593481830878	41.414280801447774
57.13019929608743	79.51215627488642
59.294124783751066	42.99771902795724
53.13048192670209	26.49990445181816
55.2411987921059	90.69483979760908
55.71123140043547	92.0953934510986
49.201713320903096	37.208494089172945
51.684909719920206	89.43782866199788
45.139917258594664	2.690510045075653
47.31271281692155	48.39117761189559
74.95598910947227	1.8727419225479522
77.06670449966113	66.06767726833887
70.31773729345478	68.37294793518639
72.81866793293855	87.03249213550961
66.44217878513057	77.3721635046061
68.97858528162247	28.892126959925896
62.11432633458834	51.40103652324954
62.4779357975384	56.22033241174937
64.5797840674939	38.20016294379115
94.15640384126763	94.57456485003664
96.80810060337238	25.89089088409526
89.67778526810443	56.94665751015962
87.07043148324114	41.70585406963175
87.47838392343266	61.600674026877286
80.5165704264673	70.74343063896038
83.0352412072776	55.833185941996845
13.957734728319755	51.596674109243885
16.112793095750057	31.86713204856555
9.700829566148895	89.34638563788043
12.10420713091643	94.6397768869631
3.1735757709348933	68.02927664845649
5.3108969474686205	81.86952496027988
98.00535656324696	36.9300348393695
1.1249390736691405	84.34007352369461
83.79828887140597	60.11766414062965
85.88239847524994	75.66728504517314
79.4438291593039	84.50122271802564
81.82060241294151	41.14929952586089
82.01571003758897	67.881605428342
75.10710811331337	75.31499092291993
77.60804022801213	93.9745365984581
71.22268248475584	2.0991016785905083
73.36887078152289	98.15445627937798
4.362314541366345	58.638782956618165
6.473029931555196	23.833718302409086
96.85279793704893	3.7518835946924987
0.36259864719597057	5.626532608764865
92.47173243860199	78.49012920605604
95.15003498705161	58.451766730932164
88.51635952167307	40.553401451733485
90.67141641388841	20.82385939105515
90.91973708644059	45.84679270081615
21.91317789585414	6.331120853271277
24.02389476125794	70.52605472384724
17.611931231656776	29.005308313162132
20.006441676190967	51.08359474849565
13.115575467596985	24.947189870571872
15.465741459674769	31.949953712374644
8.503929437924365	41.092710324457734
11.066938770331234	41.25798822102494
38.5683204861392	65.29787551169103
41.06925260083794	83.95742118722922
34.76371074140134	39.01792959110388
36.883296202253426	86.42796975064394
30.47133119743731	44.90722333995883
32.608652373971026	58.74747165178221
32.84810297585996	1.5553001477940742
26.52482540074172	89.18560039938541
28.786306913551538	66.03731610369678
11.838857980337826	28.757572708621847
14.49942186267592	42.28900208121465
7.581952818166976	66.50728276204345
10.260255366616601	46.468923237349486
3.3339162514444087	87.47209910442913
3.5999726396782172	78.92524204168842
96.20574630097364	3.834703783286634
98.37854185930053	49.53537135010659
29.27443106921278	95.65354802653611
31.77536170869656	15.31309222685934
24.90223416621412	54.606896976433845
25.194896340792805	94.70535287972558
27.740171432733007	29.44042114879451
21.106494492139497	11.542055869595828
23.838008613278888	88.79432375218175
16.947143879899862	62.65791887425798
17.195463077237086	87.68085218401899
46.665661180846264	48.473999275704685
49.20206767733817	98.99396273102448
42.49744197315834	17.374755991402747
45.18461311705625	79.55150128045793
38.24053681098747	55.12446899525426
40.69712594844475	58.70848912683177
41.176028627437574	43.32414611885548
34.19647793957563	86.03669457865524
36.76835734264576	69.4170772889716
68.63306589078913	52.288509340775875
61.99938747498066	34.39014258636224
64.72203300067176	29.42730713041399
57.848905458189314	68.72111187998848
58.43422980734668	49.91802663700189
51.942448918710895	60.46133690257451
54.132983143149325	72.59221262167779
37.61122236580877	21.63749733613172
38.045780592345174	90.17763320983964
40.14762886230068	72.15746226666647
33.57603208984522	35.764829208496806
36.25433463829484	15.726469683802854
29.407811406942322	4.665587399409814
32.11271974173683	33.272542315963285
23.208694168100184	55.30735356827418
25.33714674918561	85.93250001677835
55.25964174544273	81.69598670881042
59.31257068751783	33.998867414373535
50.54157257039059	2.2602508729215574
52.99816023263292	5.844271004499069
46.133901285598775	28.35318056782271
48.82107242949669	90.5299258568779
42.22286987069635	5.491978357460815
44.36019104723008	19.332228144499155
44.812487939878025	54.30257069527545
74.25608025714232	65.45040187049878
77.14722909635096	38.57455787578422
70.28296867410185	61.0834659638929
72.98787700889636	89.69042088044637
64.07498283981141	29.510128794223082
66.24777692292335	75.21079636104302
59.88015784577861	48.765572543888666
62.06182052433883	77.68134492445776
91.81581368229335	95.35784458090103
94.52959061253615	8.179902835988681
87.58551283125243	82.75286907557006
87.78062193111485	10.485173502836204
90.52100464770253	70.95254767438624
83.92280208890219	84.91460017496917
86.53015587376548	1.1554021402820789
79.6481582606198	57.23410207610744
80.02063926944807	45.268501303141456
63.44566839463271	95.02315713510055
65.57412097571813	26.648303583604694
58.87836386698658	27.24420313294706
61.5744036063328	72.63605176053643
54.62145870481573	64.99391318636867
57.12239081951447	83.65345738669188
57.37957861229999	91.89149551020202
50.90553491456078	68.86501540327292
53.459678601949285	85.81518848609099
83.35556781186153	32.933363687305565
83.61275560464705	41.17140181081571
76.6420735122334	67.09905360914965
79.39132482426935	11.781532594448832
72.47385430454545	35.999813275277624
75.17876263933996	64.60676671661614
68.19921195147802	8.319315176415898
70.9129888817208	20.141373431503546
1.196947956130809	36.4173194344573
1.6403762533304613	88.17255717148444
3.9728050545116598	29.745111385788938
96.41894547295279	58.78268795511757
98.61834681762454	54.12866996318494
91.97579980636779	53.015198395022146
94.6807081411623	81.62215331157562
87.88739795771448	68.85189990967743
90.00698046813666	17.261940069217488
20.62794616958176	88.71186604420869
20.778710816987772	1.3686478779440914
14.428827455524656	40.35363368828801
16.610491609299846	69.26940606885711
10.22513386604356	76.39397409941941
12.326980660784109	58.37380315624624
7.183220379428902	91.61303773561355
89.48408916833746	79.35622765029962
91.92294111489817	17.510038154378833
85.22718548138157	18.105937703721203
87.68377461883884	21.68995931051367
81.28067968468598	62.3843177135777
83.47121243390946	74.51519490789595
76.70450656159156	11.390255947245178
76.88187699534245	71.69235074701305
79.57791820990361	18.08420084981737
10.065852029194417	44.30755609378642
12.557917023659835	79.75199695557544
6.128216303162088	71.8010394421771
8.256668884247514	3.426182940251339
98.60982962818142	33.699033791287334
1.933391309129274	91.05648319184267
94.16668543681138	27.931545706406876
96.25966363610365	26.696271424699507
27.253107395947104	86.1805981019397
29.798381012672348	20.915666371008616
22.836568990921943	30.058422983091695
25.50600294392329	26.804958644648607
17.675070043455207	96.86744793496072
19.89221005423851	58.643639570526375
13.143241372817204	60.948910237373894
15.484538769446683	84.73656926542753
45.04342135232383	75.68076301938969
47.145269622279336	57.660593551431475
40.77764906991964	31.215369734277107
43.00365620093628	75.20666765880686
36.78680029598259	60.41822420017294
37.18588561594078	97.0979378684544
39.54492020346685	87.3158065240063
33.372407275754625	87.60288860933305
33.72714961847135	10.207079684083745
17.07236285983633	13.025792192300559
19.67084952446629	45.05148934386434
20.344858352891624	56.3994507631542
13.675707030504949	6.640666228958945
16.593460180843504	28.410133725061886
7.8668065161727	11.74704272757057
10.234708223932097	84.18001619687162
3.796140383201018	93.01395386972413
4.461280616178071	22.14681195047982