99.16222813829003	26.43590628504763
103.05814285093189	28.86117208569886
87.20421588523452	30.296008928993665
98.00020457056165	41.11871023406174
88.53179173007389	53.748543968585295
79.58159274558423	55.96103629978751
74.5598346848895	34.488913809970995
88.34692744964806	29.983742437410655
91.78532374276423	49.11804090667997
74.62139410861649	46.08457826894054
76.74187996544586	35.372618482816954
95.28292025586859	40.44958436806946
103.6163814725363	35.33775303741481
66.90368608674429	39.30546662764881
73.58608649700633	34.884423266967374
94.03118145678854	39.0002272884117
64.80200017275166	48.089488317072046
99.54571690256878	36.02037107838069
96.2597094950938	52.24505315508689
114.59684084553868	38.16926862104075
94.58952408038388	34.318268376488824
86.02865264273152	20.689553843179013
79.30743945784775	45.52542519682315
73.63921687988704	34.12073700139359
80.84699969465933	33.373895182158336
79.49611290755477	22.293138205666622
83.28359702026816	31.070196640851123
96.1416717328022	40.5521320961326
77.08875055386645	33.25853518594782
86.76480439475408	49.36956001023987
94.60219953345722	40.46810142882979
81.66414382693713	39.20102376275045
55.883236898524714	47.71764581644454
93.41581504960814	44.33667581188184
86.62663372416948	49.385056917643894
108.14676214527015	45.58091145926747
96.01719030033438	46.04544204656918
90.37590765789275	48.98464286057636
88.3086775186099	28.73100734669482
87.09560196995403	42.55968573002644
80.11238358970996	40.07194934784649
73.35890520846444	38.08000398210609
87.78905948872918	41.14910682784522
71.17303844353022	37.81417965988349
82.80361143748	24.222193966161022
97.45456535490769	37.69777708606623
90.14262375288396	39.08856311950581
97.06414881170821	28.676005910989346
87.56446489897762	34.04806855649192
91.8636542014078	41.25965239898841
80.32922416425552	23.751920784625142
105.95115332789177	52.39946351247792
76.29625515386259	45.95823548212445
85.97432848250945	45.999431848607884
71.60951490893302	36.3458090087864
88.98534430216695	58.3670387678158
79.2272718654632	39.398842263267476
95.19981237541994	33.221170284066154
92.44583568624493	36.488797141174516
100.07713742261093	34.00680061322887
84.4510683983514	30.37198875935619
89.84230491246578	31.8951618537194
80.24858139584147	25.70489729683377
87.71824242316039	16.49513097992801
91.54870761288642	54.84194750682253
96.71035753304669	47.02875950822303
97.95979049344487	41.768800772455386
83.07158478504273	32.669597511519655
98.48450254744976	37.419257745493574
96.53615797143824	25.367210591666684
76.7112850270468	47.85523969164585
102.28660691277162	34.82184844542184
90.83964551181536	41.86683037247301
102.57567491093108	37.04887112922425
97.43846135474365	34.24211815743695
86.86757706694557	48.3016982052967
86.02278407408835	34.1845215076382
79.8145960530182	16.59461222251097
76.42865182925591	17.23593368013716
83.75403742146752	41.210818378443605
77.70060091885681	29.200642556870733
82.8527303268182	43.358269552227846
98.01844449333909	47.3212619312151
83.28984800711373	21.816357643701203
96.30926141053331	45.729184712395266
93.4984234247463	33.283687989005024
97.67569215974527	22.267247799479335
83.32513861127921	33.242628650704106
77.8102222753595	16.67643975718228
87.15202055463517	35.81467730833904
91.96091042207661	39.73926020504705
88.30274012213857	47.76285064326236
77.03901306441756	42.81920670846112
72.58287014605335	32.357601273309314
74.73776436611752	35.57136098689717
77.99995755786271	34.536527571244505
87.93006416309618	44.655378719447654
84.96034057644981	37.98152171582581
74.23779862630822	37.830541766279715
86.54937936603983	54.057490749629025
79.56700496604198	9.896527174291823
105.61913035867302	21.829159854620578
92.7941463017036	41.535438171814455
92.46597463975822	35.36223534378567
95.99534200929523	32.12348688111326
56.39609914416873	43.566535077880445
87.10868350603003	41.46854469164134
103.18096448390457	41.386338862071
85.64802832062063	35.48705012832175
91.07901291791995	40.938642304841764
91.80110425943838	18.161295652599872
89.90079659982358	27.279542816351825
93.62585905553692	32.804368677659454
90.52233245570424	27.863844694537377
80.34996310199097	38.29962913538848
73.5980702813473	31.698384771907943
94.30604989428629	41.848667711499644
110.69632650812217	27.77902401027512
90.3711619386618	39.606883756401444
84.09239391819095	55.45359834541306
88.74551918849247	37.91035368501137
86.6799300325348	35.9252199544799
86.79844102234956	33.20397889246229
83.89822807354412	36.27298468104744
74.37447801347045	43.17591001565564
86.6034123239433	38.75613882982321
90.27028590101709	41.56435003849805
82.06865472808593	21.226377371008496
89.31069306636118	60.45246809532972
66.4937935526488	38.19759200342556
107.44405049992486	13.47018836466728
76.79743257482262	50.83949433293101
92.82407238527357	49.277309724442674
87.53045441730481	44.659817549853855
91.33392079416765	39.56255616983964
85.77495765199967	28.5864277773994
104.74502621123582	30.160327565879108
98.13375320319015	46.753675751751445
91.51203489471408	39.190440649796216
96.874552054102	52.536539193511224
74.02451029413783	28.72805917272892
88.27079132105656	24.371540048039407
93.90684893580593	32.20755357922429
77.58256904825325	43.01719781036894
82.42453898731327	49.57091527883161
85.38153980295607	32.061803246161794
77.2673007061227	15.832033910707398
96.08310296493927	47.84829707055191
100.0622991642269	22.435418064079094
67.42257341211237	45.64759120403554
75.18535332330566	20.249253880022763
94.60287441078094	34.96252675073303
101.57074694898014	44.59962426588068
70.60531409422478	38.53094633325149
79.51841788041644	38.13935318782013
91.66082995446887	50.78365173320092
84.59753404213559	31.26378695223544
89.87390894305464	39.5616714930406
84.75314360005545	35.78159307133793
92.63924970382196	57.17930332243829
87.6039786228263	25.04503602027376
76.195618433327	40.28719831468753
93.91542650212143	44.38869960646946
107.32857558414365	35.31895633183622
66.97330660902355	32.64992434494373
92.40301077239006	34.185454041067054
94.99085748700509	52.685728580396855
81.1738133980269	51.1307424047739
86.83665816858228	32.86776947375272
67.26950618482722	26.776423133946366
77.09335892119658	25.39146905103329
98.29993628128008	48.28504388922555
94.1392230678184	28.948552232056578
68.79749265691139	41.329821632261115
92.84004954705505	26.783407117154972
79.94684545825649	36.29901422731964
111.30267253267549	30.4963408827033
82.13701159405421	47.46329774966037
92.50999202012153	14.471648882383835
93.95225935546716	40.862736750146446
76.34922607610858	32.29772341166056
85.12902107259018	41.8464130677475
85.6351147302901	38.30224575808685
91.55942572336428	34.29073295859486
79.86060651820365	27.4759792004839
89.52681037450762	40.830102560738645
90.77304678894447	29.156013688217534
83.3479556547849	35.02911327059405
77.49364451628101	28.285898429182076
86.13544415110798	36.68831229354974
101.75793455962868	42.166148273200676
90.40206957791601	46.96754704725085
80.96581805902862	19.607045028987393
97.28676921940209	38.62862424656371
75.59482231267305	44.75708784943414
100.27728292358184	27.48271473275487
79.24125543642559	16.932924844436076
104.1968092215685	33.5539068694912
89.55129239292557	51.67260601902595
91.06121199049763	50.69177830587387
92.01079829492805	36.9892702400783
76.08804711255247	27.68209402541572
94.5504390462661	58.83907466823396
83.49872714189272	33.51663188043881
87.99279998856525	39.44879258339004
111.80335777144208	32.6770452677484
64.87479689678531	28.22623740420532
75.36219955440073	32.758969973309156
95.04641259470782	23.350528584390197
76.17753793287393	31.67888898976153
73.60046832687897	41.5520645338606
95.96928297988134	23.815999076397425
87.18018185311583	44.61297287661528
72.16203586806462	28.49538984708594
98.16149372931446	26.305003092152862
87.71995844111194	31.356662026776938
89.22093511528976	39.37207994483435
86.38466041000622	39.6599591366895
83.1493131980251	38.04210459379043
97.12111962225553	59.78263711664276
94.00809963341644	42.15506118518531
98.14692760035673	35.00408136290546
90.67535571581183	30.863966165995265
73.98175914326197	18.64479845740598
88.84837844394359	41.79409001060581
98.80791024025613	37.314295157218375
70.9712771733036	40.86845588726267
85.48538838930524	37.79212480257961
89.59137182236721	20.982487908889567
72.43163714235293	38.20030108300504
95.94900665292158	24.32844042153784
84.55075078429962	50.62802888009172
97.76142162458811	33.11255405497788
87.59646516247359	41.68089636710919
76.0355514901234	39.62389526681342
87.07698605411481	23.892278054255364
88.77015052556641	36.368558374976764
99.6821087494093	51.53286755314577
82.38160333883931	35.84690814719467
82.15294706571288	33.106499474343124
95.45062313561846	66.55782392596433
98.91592025210983	43.12451864275951
83.45047289158524	33.25582155514695
100.67491140964307	59.658411660133204
97.20026008503909	31.30887509056985
89.1060486634992	31.826504924278368
89.60506172270418	32.10433810325337
78.07761475283056	36.04124712902171
98.18689488352409	43.82887809657345
86.59894458244584	41.82720542685436
79.3681939565075	35.04394431271836
87.19994350884771	23.539224186018526
94.55605972849378	54.43128806698918
88.08386869099006	46.86414250957425
100.98053065360094	36.7015638136864
101.61047982455824	26.7002930808155
97.33644515990146	26.470519284017676
97.67842290977343	36.76134652944645
103.33465655807197	42.88721062976689
96.72544343962392	39.44486215698543
84.77514217594049	55.96987698373428
90.76197627666632	34.02757815803602
85.83803122686129	33.26476153674034
90.80759141511744	49.837605011526996
77.7548290423001	38.698008864641395
80.94788968780287	19.355639356750277
114.55335666380981	59.420914746230125
95.24238113013622	42.31916273094362
86.40484020241178	36.894161404687445
82.15081252141795	43.8247381860537
82.07732334277395	52.07059398694447
85.48170342735152	51.61632421785929
93.83186583428184	16.73464122879642
80.94566120805887	31.281240381721545
92.69209962681528	46.81839830656821
97.16991740399568	36.00261509960326
102.24303785973031	46.043101808268915
93.80249889763884	15.413102573136062
96.216013380872	48.04567659374374
80.68678919534875	40.635208100267434
91.0716767867704	53.502496814937686
89.2511588290681	30.769619360521506
89.81300431837585	46.10851233247636
89.3743649575778	27.480994565694722
90.74011219833558	38.361092725553206
89.33295177039801	37.03858315469022
84.60708332006163	40.486740302244876
88.77249984590165	33.604613808998955
99.65377512307609	22.625030413681003
93.141060892602	20.51764948820438
80.57973259955484	22.096057249931057
67.18989468382036	32.32280390674536
100.88728518312409	35.27731316735781
98.32727256938487	49.39738359205967
92.60827293834352	21.01186275845982
88.76276526539488	44.247419737242495
93.16417560832605	16.9926315595596
103.13559327057955	42.07519890150159
88.56424841647801	40.54912088604277
95.37924582708207	38.84310598936181
121.95577519362689	49.0013943630368
94.61463972332137	43.986546262749584
84.4381904828376	34.065173275782946
65.20314863613996	31.55940147043949
77.61109495337438	34.936008367964675
82.56592731740379	62.25944204129332
66.56699455122363	30.274285635764393
82.94214570386882	32.935343462377105
87.38217741919738	35.7473260720356
107.01534337271929	31.804669568388494
103.86582654488006	43.50301896657522
90.49688142616237	39.32070369864336
97.34058063556918	25.90807540894174
94.91642710836362	33.780193104222974
86.61826815585096	33.514961590126845
80.48356060292346	42.05151639673592
74.72241097247867	34.67273393672099
78.27558930532783	32.866330492580374
75.70577159407918	49.706391018730926
104.59247270385558	25.77366656699376
80.10151955483742	42.4602799576312
85.84270577304746	42.50910606266835
68.75520683837777	46.11894986578689
58.71940269042361	40.82634111260943
85.58911358293733	29.11562295878803
72.9180060913337	31.37028059722691
87.61092073862613	31.524949538595628
83.32375195153178	34.10681581912234
84.81764632929945	46.73672584602465
71.1566004924305	42.686141395960846
105.23301200240935	48.45288686581265
76.5544933193876	43.49222240414547
91.62942598215814	50.156578814442256
82.1037523874878	40.50152832047291
97.12637582353666	25.118401738748748
91.77687971125941	49.3122829366775
84.55742863675795	48.95963948341219
79.63826498945969	32.35790427195429
99.18630850924387	32.58034718106129
87.50304176852045	38.95672700988048
96.64534507601645	33.93112197544647
83.99016427276756	34.957030122691926
95.68407802650344	34.084244506660106
71.88812764296567	17.470599127900787
87.59848546090613	21.1887013084264
42.97059928198742	70.74229262706766
49.28351332707064	67.97987888502912
70.88728857678295	74.4703428478835
63.678696860774934	83.4286768157164
65.56632633514123	68.43305147059208
61.81652054434081	83.21658317797483
76.3453594979635	80.82689114341719
70.66316699866594	72.36545679255478
62.196213663541876	63.948794714750186
68.91001587357803	61.97372812275083
78.9060025045258	75.77412364212225
67.1645714785787	69.88088761107763
78.67319317417528	77.17287178637622
91.46324594541039	53.6601813540475
66.21305860408529	72.03647778702651
61.57911475075251	72.95692420493627
55.99612660388099	82.96388339508965
64.08992927607915	62.00390608939504
70.95005809298866	53.665843735227014
75.66368609870521	65.30572851270792
78.1856700234905	79.72200058087446
54.065007361377084	71.3698047558013
65.65559054213459	78.27969538815157
79.46190738133403	61.99468858849821
71.19565931202592	74.85067982984054
78.01138854569801	65.2677021436799
74.19310918567052	63.014370550627575
73.718068289031	56.14768421791946
72.88468788761898	67.22914400100427
71.46838869253098	82.40345711266693
63.07848851929915	81.14659023882007
70.69733173561049	63.93265304613233
89.90261985765545	84.83788713371905
56.30168422949181	72.52913473453764
76.51926936009185	60.36974560390553
62.46057576801774	65.00602774463277
49.83923277374698	73.60301280154005
68.70882564185693	66.71774772588411
64.73929283875965	74.23203416319751
71.379176025811	70.48180419440314
53.065412439551295	76.37680607870283
77.35286689227746	77.02307985232964
75.38255780096158	77.3205783568655
46.278227502336705	55.2937358365771
90.57194523466136	58.616664215744066
77.21684062226716	68.14951443446259
88.04667405170645	61.23631571493685
49.5004422620371	64.05262922898187
66.32213731814451	59.858084248243316
61.48912881551669	74.26917622851305
78.26482824504691	65.68514572859749
57.82638954109216	68.2511432861318
91.83020676682072	61.45010439299399
71.17495461050856	93.09516902183358
66.90426010106252	76.54568975224993
66.45377671555387	70.26413530791302
53.40096830019977	78.65307267162851
69.75631619757945	66.2799861494497
55.74626875241671	81.81823447670668
88.89403617572538	69.12330690034237
65.60620652259853	77.51712633358335
66.26186417538955	69.34691964842965
83.3896301754744	83.14590103349066
74.66920728669191	66.6124579395602
86.9576635175936	65.58134998934476
62.77827183321506	74.32648789210543
66.51898832034557	55.76438877583651
70.72110009369764	61.659376562723445
55.39669290714333	51.24065564653782
69.05948237859697	58.79547448287181
83.80770999757723	69.9628127523998
72.28480764244217	78.49287489623293
66.9601933218706	91.25319927581747
73.79546612738791	70.6999691256675
66.61837459166972	75.00836899246072
62.47281201791098	74.50140400090673
79.93412782473813	74.16968603612723
70.50221989894342	84.99413487278075
56.78742805424745	80.03583038449753
62.78341174644718	61.77206043237216
75.3254907491226	67.2636187869781
78.42655191103931	58.65267351796521
65.45603942135128	56.721268617361204
61.35071538246635	49.28505698357829
86.81039915400596	53.10130995927794
72.01918807618704	90.06853927856451
82.81636326728353	52.12136803152207
55.26559856996412	72.21408248735011
64.03035295589622	66.90737561738051
74.70146193338194	70.09525917019471
66.33495161529595	72.88132980257033
75.68489465379918	60.469179817564665
54.69282505435649	81.22643444851349
63.43572979690549	64.075595269262
63.60586219716148	60.92118483428274
78.4273569413928	72.06528716480496
77.52792485745667	70.18597825650525
68.33308605608967	68.77577656673769
80.14050456309926	59.780118128245775
76.63488852296958	51.72880607221268
48.22551490074186	75.74567536955287
92.49399211360073	61.204048542175954
71.38681621886232	38.440247691872834
66.63011751819079	64.56366331394145
63.44380677720317	63.434151561063835
71.36506266218971	80.95109924014452
88.30259060567724	70.03809052713487
70.40073297822126	72.61577598546593
45.31213224288361	86.7524736524548
56.88409526742728	65.05462033688316
64.57866876661124	69.80827303104273
85.72684793612207	63.10907234755383
80.13720787553302	56.428206177027796
59.044621636461876	89.49465209268818
94.75537681420481	75.2132031160873
91.42044526126125	57.53777056166778
72.63031648260244	63.11003551410358
93.69576564430201	57.48788046559288
101.422288204408	68.77911422602193
66.40929230658641	58.982520432689505
79.12568705416687	59.95750106304703
71.89788367446275	64.7040259190294
71.76316558946553	77.31394674113008
54.22592593688321	66.62375710604513
71.16963654979537	71.49003410095793
55.516518506259196	70.13022946260911
68.69608486125225	80.72552573999619
59.37995652902177	63.87004600240141
78.05328125181674	66.02936415170983
88.46411389066827	81.85538403743837
77.75385417952238	75.76584530623443
76.15595428500268	65.74638977098931
52.6238334100653	63.63090643312778
59.49441991290959	89.6534143949115
74.63480422412923	63.77590104637547
73.29277145659276	60.34929309529502
71.10628514008188	75.24188885945685
76.2428445152748	62.68167335880329
53.74294954926265	66.35245610824803
71.19456084772177	64.37638506227478
86.6478045101603	88.22890549360197
66.53702471245316	81.92480943758977
63.433679666426166	74.1658996744968
69.80015331548451	55.54930891335575
76.72028731187729	68.06730058801118
59.54119386860603	55.205087979385745
72.89527785358295	67.0575854418671
65.99922021294661	73.28231313727242
69.49220264242732	84.8554662043856
77.19368357488203	68.82561800426117
75.11621724631038	75.74508795307995
74.98721180762315	72.31264930224721
65.97021286890431	69.40169575929363
54.34905493220213	69.24657322468872
75.1716317599126	59.24653498708418
63.45684957448087	71.25411600982748
68.84539633544578	77.9004265298765
61.32877063410654	51.824100579437115
79.46361504606176	79.33625875527954
57.65067288384116	56.152301961900804
66.7545011972423	73.1730454727824
68.51292842762886	97.14262262385492
86.56889910471567	62.46680791537872
53.39405639216635	70.84845486647559
76.30832411790638	64.43260382900483
72.00776996118208	73.74722319142447
65.950154932577	72.4692224488917
63.834269498133	70.8176376635249
74.46013443987829	62.83934769437071
64.06581115475298	49.98210451516295
63.58451713402215	64.07177709190834
67.93127715628546	52.782252064370425
71.28190801104094	60.77493993744874
79.49884083935387	60.443353973610556
73.67791002926738	75.48767411441867
69.14758572718479	69.75678278885239
84.3535438128249	77.37979539916672
64.32710473715457	77.39220083700057
69.56312168344418	65.61770843672913
79.0203474689636	85.33338900163861
74.33585712584379	65.5948206536168
84.46305832227748	78.83895954296544
63.44698046693485	66.23980910586616
74.49535408568813	71.83551130574327
74.0992543426694	59.60357813582178
66.63932671224394	78.04102913983006
47.695767198160596	77.72564665789021
92.25033050585135	57.755894061116955
67.67760393244795	76.13647335713586
72.79304986252284	59.81764066324018
66.22990199939522	67.142184438756
68.08981390183644	63.35367145209203
78.03239913184873	74.13381480022343
47.8427270655924	77.44960945885059
81.90147214571542	55.55414669914401
65.1168404411738	92.08745819545413
77.80547111025345	63.419247680997465
83.86645477999616	66.40559316002967
79.3100943309927	58.3992175528908
56.780952993354184	69.93227523506474
57.49043958705799	76.15406703279122
83.91823711713558	76.4075026514344
74.6216954743965	59.27224113495606
63.06970879712754	57.680481111069014
67.20671714330696	55.927624544164445
66.70592868099521	68.02406562442648
77.21275508231162	74.28146784373008
57.670068725284715	69.41740739601153
83.24626057197953	85.60255971180322
76.25605403526966	86.34088165824389
64.28806671663456	65.58100563431468
68.55876894560834	58.58868407030489
71.43019216984048	60.92060754002304
60.846252751536284	76.25887298366395
69.08959314044863	69.61299923490103
81.72666624115433	54.314345773012136
60.06954370196573	66.4881652206283
71.74546992173298	63.49554001730325
55.04268290229858	73.52635777335838
71.91967645307231	62.869740154884376
76.2804896174077	69.73057014740577
59.4367096280111	69.49310653982907
77.4976927007027	67.93085403191614
66.59252430527822	63.78709200558778
79.00043333056865	79.8315380671191
64.78269194267348	87.80255519104337
74.90339130966055	58.717192052773306
66.82665386415277	68.43981421763763
62.47837827362449	76.67322006900548
82.47192281560478	60.10077148347908
83.44243965719647	79.02012128208811
52.87355549543517	63.66029552068163
76.91465778731255	94.52264367806795
56.12194289780552	47.15333637234715
72.2320331781562	81.91057625894899
91.34623908380357	57.220017472266846
60.19575999657816	52.409761630619
66.14554905786584	79.82523653163956
72.58197369042504	51.181283527471194
69.96704914522029	50.6823665707242
55.33514938685782	61.957293478311605
76.84511477410581	67.11400140634427
67.89870335438273	83.39576305615319
67.24466785436097	60.518025754732406
69.07824784585603	76.03784987926949
85.72916731428441	52.15710305003288
64.26450772554438	74.96457312335372
62.49819409500219	95.89579281074363
64.77881160952782	68.49263794458331
74.34376914404169	57.07199572730874
55.770541440129406	80.89652523939282
71.76013344722678	71.9373706608366
63.41601983085461	67.74298424364775
60.95089556376014	79.70691541299303
84.4587909751708	78.64594161425478
67.78216448956819	68.37215745670183
56.53798924845188	67.21297992573264
67.98310283670824	76.64710006452188
76.05850611103429	76.63510075408908
90.54017229580444	73.63558427800774
77.11654533114425	52.33762823744475
74.6753437501328	77.54423806640153
59.02411232370517	72.32155959714507
88.2898849266541	57.92651874499364
42.18924331597971	76.53407852868499
70.25327976483504	62.53078289450961
54.72854170743862	75.86069467892771
81.50263586520124	70.57142859629477
80.89251147483111	66.71885685803444
64.51759268913337	42.778696392680814
75.67002611409018	51.264454066068026
86.63001870889741	78.97402441404161
72.8034719797625	57.8400285104381
86.89029993917218	74.22559788519492
72.73725935517535	57.78474243547444
69.21483412514222	76.15302425411718
48.868025305094676	73.81873438438221
59.995095593459936	67.90805279526747
82.22464250007923	63.055969565708764
68.05776309165073	63.581048885869635
76.87606037043412	48.05169944500194
74.31547864196925	62.39567148096866
79.47984020656104	70.16363858521038
68.25344511220996	60.30788651594234
62.24418386303226	51.502838873750825
79.85160919526531	75.10625759816789
64.62809494816773	70.2200940552061
68.77515436762349	76.66808765113387
50.86431271700383	82.85537661216529
73.65474752411274	60.73376311031153
69.50152190948701	68.40458073521522
61.529646848088184	69.61909950369603
83.88968743929081	92.72878141280626
87.75960199798183	84.30469945106154
75.59788053313811	77.42300311236025
53.514118243372906	60.21487627132883
54.95806319340383	74.31814625785125
67.37323804824041	58.869470283147564
83.82025707225807	57.69608294164493
75.75514445129983	78.9091080703515
81.27393550936686	60.00225783127705
74.06873387898135	74.7291119310625
57.2583736169917	81.73982428195501
74.42915248292809	55.53949514516197
65.16182466384015	66.58108836936836
73.17144483296039	69.80748128096847
65.11941112779681	81.95301786015494
62.69621898069748	76.78836126214694
53.69910396521205	62.8705109972459
63.761816476914824	64.42470416105184
68.73257516060693	66.60127950520452
67.32239393955048	81.71271781689404
94.71115399370476	70.68429415530905
76.71118962566234	59.35049917574692
53.875755329680075	81.94397691522231
74.67305917735487	61.69038178503618
75.98806150404889	73.00804202222466
78.54296042691249	70.54749222429778
71.23892419373406	65.49486997908612
67.88191281623058	63.276365048477345
62.688222564549726	62.62906280265792
53.62736301916712	64.21371327682871
81.35542237479297	68.99220053100544
84.30773721681321	72.05285385974193
59.056838252003324	63.42214098464355
80.44954055321675	49.85506800183555
85.8517742961192	72.6654564767325
67.46837690210437	87.54047934006338
68.56778577627335	71.34029403846436
55.31645805543505	69.47001964361134
63.39060961322769	74.00448533787343
66.72347309850694	76.34695130159119
78.71001469689989	84.99533056054986
63.92515315867788	58.50058145155562
82.42847453427626	75.53230803929794
75.28487157363256	70.35854596426054
66.46735517191236	88.34423605431412
63.934289628862985	64.79338234464403
63.56730966388521	71.88802931634243
61.87718254447174	62.55922199394689
76.30654688300356	56.60768382314776
82.71769626837434	69.24381919721331
66.11039687821687	85.96304160886139
75.69087244430342	55.889181212785836
75.15403005518881	80.6185485424812
18.813646506329448	4.373675245668728
17.204167843552632	10.005132262524633
5.952262089943723	-2.6992055335240988
20.41734777852841	1.6588010470844783
13.697971591777122	16.604234488209066
9.169931936654537	15.490766230038222
3.1081505422040125	-6.735045950034829
1.2221466413792648	5.423798563296949
15.516542459154703	-7.791685797196793
16.035315749690504	-2.598994003838588
11.412098688340837	4.288129202420274
-0.009972727886534472	0.3725473827242538
18.317861010502593	-0.6284666809109725
2.0735481936603604	-5.6437404485932205
0.1864045522166009	3.115711405687657
5.041269129361552	4.457977356092455
8.88858382922907	15.446502362667973
-1.4760769648245429	-18.868318753850588
9.859885404371033	2.380805234378291
11.719146844486746	5.026607910278242
4.1854941193263	6.599873131602915
-10.689370231531258	-6.899779245342124
2.1492749449908937	-3.434084098585341
16.707642529675592	14.335317490625657
-1.7281428941083572	7.4445699140154336
10.802474534429859	-18.865340809418736
7.248252973256849	1.412579510868545
17.687804121620907	7.034111435936354
12.455458124333008	5.811119311454601
-12.671913705704165	-4.02517368658428
2.727049730800508	2.8058843378444434
3.671333205390342	-0.2650390007038914
19.275668640591693	-7.871711212196356
6.034895217552828	-7.966762237540813
19.412099088264732	5.669845247246562
11.115085090195002	5.511142322656234
3.036633252347867	-20.558482748887588
1.4246520453462743	2.9033745768267933
4.637449863047594	14.889790368238524
15.779800107110306	-7.242692650050998
1.5685312738179178	-15.10308438621901
-1.6334430305952115	9.511104890878945
3.677584339372249	23.029374165702137
9.796152247630253	6.340992907910346
13.128481536680008	-2.372685530681398
24.985584645750023	-3.5826737828885022
24.796579096806333	9.048753224872389
6.731005288825733	-4.692800064723129
-5.00440857761285	-9.950416883391307
1.7224046983901866	-6.66774949693699
-19.686839599711035	-5.3754485218861205
7.649282580385622	-3.7204248244200198
23.78422354487623	-11.92970563868431
15.457814190190486	4.870351753490258
18.79075725574245	10.151663757745943
16.989990106734766	24.0956799710012
28.085288899256277	-10.528685710964687
17.736978651955194	-1.9369575020669294
25.863796989920864	11.363972241114892
8.30659359984265	21.843654971180243
-5.949692225249128	7.560127605644966
7.920032234958207	-3.2107492484144924
3.487824460706201	7.984480678477416
17.715804375064042	9.46140890397386
15.640277532366817	-2.7119555623989013
9.211536194927099	13.959056340818819
-3.3633386284389406	5.724438216990991
2.2723531041896354	-15.088453856779022
3.6799510833073716	11.363260387353794
5.1086971962782055	3.1490635461750607
12.03009374504926	-1.1530730426696985
-3.982795291772103	-1.523542435717233
4.854341531793779	-15.006382551521689
2.8926222496320024	10.51836359222984
21.97192424662801	-11.460204183477455
4.377226375074849	-2.1600410998273074
13.247734862175895	8.73048913703482
7.144536147782458	2.127528925683602
6.5900239441900625	-2.618513891644013
9.467244413325865	17.521628281713756
10.33499091491242	12.221981305984393
8.642445382531376	5.2909528994003185
15.362296027701401	1.5621609243896477
16.69464367232804	-6.731565465732379
7.999050244154188	3.782400505875896
20.39839007280922	16.92650934926767
7.789263709424439	5.3796958318896175
0.7948166393440612	-3.1248468568601524
-0.563303430925659	-2.1636561273191113
11.239449108934565	3.6297655411102303
5.78101826878367	1.7584195150057886
19.952493296723684	-5.278710032453084
1.5986946112370868	2.7598606521900586
4.458348388926294	-15.209279991622761
16.35297979452432	-6.329560888359502
7.544438215717646	0.20234010176754813
6.6638119265317215	15.430247950009948
29.816627928620285	7.244325674406023
-7.423436090984088	3.864080271031975
6.219303177068456	1.1075459947242317
20.31978956607133	-5.287839183471829
3.602570776343348	-7.691719942205392
23.073464214223065	21.121446680981688
4.201046425607071	27.54526745320062
16.483480425920597	2.1618900311873666
4.440582232030267	-7.961342713560851
5.38575117179724	-3.1255215125153066
7.010167460508209	-13.067594731430933
-12.70465979025302	-3.9395407723371187
7.864113903270103	1.0645769289144142
8.168100162397431	-6.559972217637037
11.237048891252641	0.28200204079866453
31.248372570800072	-1.194369066709526
1.2367346766483127	5.621978984302316
1.3180080813399089	22.608044350105157
22.851743660184752	1.5097752797768997
6.046566129793342	5.044943254170749
18.370794294717484	2.602612942497297
0.8851534039361084	6.108515096273648
14.767627102097531	-3.469360517520675
0.6278826903878141	9.319905826633805
36.54433160671722	-11.273302343987584
11.769148490148153	8.951250221669472
6.591116898772899	-1.2716459533372957
10.727636338536998	-0.023057315907564213
3.761243502016737	-0.9830359621126177
19.224166644216986	11.064889936780732
1.4680276556051393	-4.92434587398225
24.383258789105625	-3.6390217401785785
9.676386753336752	1.722457861313882
27.071106449200336	9.369400849759966
12.546606154613615	12.646705065063404
-7.912173512370385	-14.861663058286911
10.696262942252934	19.169746580600286
2.36046813345461	-11.254107223296906
-2.9742358261261668	-2.438967300119149
5.709359398213792	-34.14125198310714
15.597539353998865	6.3619126725896304
26.788691128391726	-4.079153656633576
5.097598046920279	-0.7080653834239654
3.98648598543717	-5.506263462081102
0.8028066211682674	-4.799528372628662
-3.1829689295320165	13.249761835012535
1.0604569670049449	-0.6421240371922985
3.626157324797841	-4.477179427355674
9.609189596817451	14.770213757454199
9.473682137125644	-2.5889965653517266
5.865974785803205	0.9247032188485242
-12.140098186141737	-5.424503707206671
12.274051008515789	6.04032777625019
17.716457896747237	4.27809848427924
0.38417876636774473	-16.484482166250956
-2.9166482343827926	21.31457937673896
18.694913419750677	14.424509737087414
1.654505718314665	6.329455210843512
7.479525338152032	-9.019876956285813
1.842153454958929	-5.200441599195241
26.32760762638179	-9.711219373620084
22.61479132818407	-15.564771949200342
21.086869746005526	8.81905665586023
7.102404719048028	-9.871028694328222
12.712544177002846	-2.558264832402468
-1.8821933026453106	-2.5316754100987073
13.816036163389914	-7.666619280805538
15.675307519343011	2.632418747242534
11.478884507685608	6.773179746948553
12.244827497741106	11.47748659389661
12.886596052569105	-18.661688630755584
20.42424308179894	14.111367368607722
9.297610323931838	10.984167751799546
30.211210452306823	-13.67287256013032
24.061936845861247	6.018461900581006
5.583857727563554	-5.693394926100307
8.133509124788777	-13.901153658292394
14.663934088240428	-2.5183371883001024
20.120133667298386	7.98839612717502
22.843777390831136	-0.7401477669060732
34.307547249670414	-7.712822922217278
24.197645501151996	20.8547308254756
12.138876396548444	2.645264977921372
5.472896625341733	0.29081149045842625
0.01709544877199498	-9.883712439858332
-4.442229673301682	-4.522925031203598
13.346349791170493	-3.845948390124029
2.0089299313409725	14.654829475410088
2.9092204501874495	5.513514555735532
7.8667973152501185	-5.645305076485957
-0.12859911104061084	-9.08532847558695
5.559440226889873	5.3747262159169615
-3.137178821897363	12.535706726969401
11.829774683067402	0.1836392277534915
3.0477291501842743	-9.906199449211002
14.99276847079332	-11.399380111372972
14.069355847257516	-1.2128547468419333
13.695002786716596	-11.841682139232358
14.436047073044897	19.646232621037996
10.086502970908715	-2.09069620027362
13.72484692868214	-20.58075952903107
5.79102278466479	3.1599956891833836
25.250637760582435	0.9796159760615533
16.944574122866754	-5.322319273916243
12.350656195390036	2.4950652834739113
0.7488028681414036	-4.451119914408611
15.322025225636125	7.289742918248863
7.432909197625856	-0.32401051990190743
8.01571370497142	-12.689825106310645
27.9207010630048	9.50307332728217
-0.20354809988131883	-5.735164363892687
4.201090006415204	22.83749371502365
19.119694030123775	2.3271442738550774
14.732060995011704	-2.9964907394809863
-0.5836788663184489	1.4372450960696277
4.175305276410443	11.03935615288741
1.95517970339416	2.177726569039248
0.7225591084541954	3.3545851232480963
-8.442789642980175	-7.273427010021701
10.042784057218036	0.6753045197284064
8.962295477040128	-0.378129197840245
6.075122034565594	-6.272943504138864
24.212072319747364	-3.120779323008464
15.08823885978759	9.287383314490206
15.623974427468813	16.51986535810215
-8.192240119327893	2.895210425846897
-7.942873758003527	-2.3533414313634196
33.78529251876186	2.2369868112604134
-0.2787426791716836	-14.796562744791906
10.643746613565872	11.704931998104732
11.385753441615833	-4.990965759662947
27.953047231349963	20.186476868583718
-17.471604830121613	21.365999167339545
13.215758146013329	0.7848353332061705
12.309019361867152	11.551196819092798
6.103213554056911	-16.000222900133593
12.704425743052791	5.888614101627274
36.59614402889357	12.508191570401069
27.401443167643144	9.943437445090293
7.516095169599592	8.806831754735374
4.605007476650444	-1.1333518803241254
8.175179661452864	-1.599297090566044
15.148573007540435	5.470654216081504
0.7360682454214658	6.377149974234262
2.267135844081798	-1.2038738362512227
-4.852777343229484	-12.678157509083249
7.062424206103975	3.5431197010155167
6.151350972423234	6.30694851266147
8.257899225271498	-14.610273125024069
9.66830109639853	9.637724632984847
14.2543954292311	18.703734817386696
20.402955711957866	-9.352355260670294
14.139870029025568	-2.9737842279477507
24.50659724516568	13.645172619762585
18.07265731880597	-7.210430468441563
16.595544170453806	-6.148760086227968
25.625363463842454	20.348182815279777
-1.5964852297902947	-13.154922323514572
12.318813331174944	8.791024296034188
8.498612740990785	0.20869216280484837
0.10913088833166995	12.434875335946632
-0.1981620128589867	17.70573951636568
12.197486293372434	11.404837380407033
3.375584719857126	-4.715843385242193
18.359685874752547	4.258978436762234
18.904247586790433	9.45272016353231
10.659200462205016	9.011260636157713
-3.976572129527515	12.456137264120448
-1.8660508358943222	3.445091381262911
22.490473592646374	9.916521505175718
-17.526225524094905	4.8790698064222235
15.284718195443045	-7.302758196297919
0.9805955680535732	6.471334837336496
-5.855590118947099	-6.724380793568917
17.760244931338697	3.1401534677931227
1.1159196640088407	9.909326236276934
16.742022246909052	-7.968473037440637
9.320709137536493	15.288820781925548
12.82915717021485	1.2883603688091418
-9.43125725442456	13.41376017679516
11.41951482443815	17.52722834162496
3.268896357485021	-7.1014385436444005
4.530697402080143	7.52825614849151
8.74781170090741	10.265521585876145
-0.4585488662255255	-3.6772502925308173
-5.2152588002602105	6.709764686169199
16.12546383628984	-5.76387702974886
20.192125128017288	-19.085361243256287
-4.0359520852146815	-23.52295483864265
4.457096092601937	-5.165008355983964
9.997618838300856	14.277453862136149
-10.465304865135531	6.807519430970032
15.768280865660547	23.48943569783458
8.070512978562657	13.444652367475946
5.84135931321549	18.442632505633043
-2.6885397231104893	14.674545485054628
25.127176996018754	-9.919104817591116
16.353242958704918	3.0253506636398972
-2.5315624534272345	-6.543544839388013
-6.045088015060896	-5.3952381547910475
12.570537894329128	1.5717814313312355
19.06504730620642	-1.1310206018811955
15.046165445818858	15.470739191372482
-3.7701525766920714	5.434023263877391
6.252919435872569	6.59499218004921
-6.277797588725081	-4.035659193225025
-6.514524616998937	-16.84531599124399
12.597897889608486	3.3700784400555257
-2.6798160198023773	7.273107420322654
5.179017469350217	-5.83571158869724
6.38727059854127	23.56260545589424
4.463550024820741	-8.000142424523885
-7.947137737122871	-2.238112652401077
34.95695333465377	-8.528256085875363
-1.378776630347602	21.458477357577166
2.99160019351919	7.653247376186604
-2.3434952380119007	-0.28117707095693256
-10.347238611006373	-4.875974240844129
-6.2681670392104625	-3.243172319701338
23.04844923188493	-5.201077174977745
22.697733949824546	12.266013616040945
9.530421759513828	11.481775522036205
11.94890908655517	24.8586180983637
13.37318158463853	12.04292608124733
-8.333308286961111	-0.7754146926110095
5.572826579989369	11.263594253126978
32.976904837818694	16.483589093514524
7.08822702805212	10.070363900090637
12.364391265345041	7.666418020611467
7.68953131156625	-2.681398558678149
19.319817106718638	-6.1768297163618575
4.80010677783148	16.17543973104639
2.6697802597616658	-1.712925266122658
3.6312348278982576	16.244773725939055
-1.609588661710637	2.2724879304206924
12.315312398130565	-1.1013011107842283
1.243496018375592	-3.297141392991123
7.1465642995516685	-8.874919150276755
9.031857350800811	18.025930833730047
5.620942261835712	8.681391539345928
8.248032948352371	-0.9673157463289832
0.21759152561716455	-0.5978630584940765
16.000152317898518	-0.9996046435761761
30.524217293720064	-6.836981004048091
3.6174037020166727	-5.0809949457114625
6.3187941491985145	10.958175609697985
-1.252622889072251	5.102821478617364
-5.464465004602632	6.68320175528308
90.33751492322496	26.18484768340188
69.60119406973267	33.558382683464785
73.51987092315484	25.097423174564774
91.3256068755723	-6.015199413058038
76.0057516491906	8.405088661228302
74.19138240008294	14.703963391564749
76.80999557805282	27.76878662074659
81.8318990406995	17.491092792469296
76.126310105077	12.85339288567783
80.65086181437457	4.8197888657946795
74.38216863021427	2.0356935138132517
87.77290727196953	15.325465589600924
80.57050452665867	11.880890331001783
82.24557056643398	35.12550614802975
88.54290267095384	9.94469466416877
80.71640986439479	18.93163378413341
84.47841820569508	14.347494332430932
82.46774821447832	15.90911824983684
99.20110300158835	13.28401322505403
73.8742116756633	26.600996139246078
86.23823607474097	20.232468837222473
72.98263369868354	12.261361491975167
83.18114374207217	22.17063609671485
82.08129807642537	19.45038728839451
93.05978941505735	14.067600235330502
85.60443836772647	26.956961127020218
102.71215171159142	20.80773484768372
99.27230208811736	31.82929938357145
74.32370992786979	21.000249447997096
71.89035214250755	20.268386155129836
92.49805762004475	22.2148751900735
90.42542481920741	-4.936903579065266
71.17807325465552	25.42328014554028
73.67852970187644	13.619691510824795
71.82020883471228	26.856548827657377
95.14393163019528	-4.182388987562554
89.36453057179122	11.082073020977925
86.55160706797928	-1.9029060603004702
86.39298784398018	-6.721486507775019
83.91734148278435	13.80793975186284
84.04101355547425	16.88934063441061
74.5004113285761	30.275243004722217
94.08342974759583	23.711240762753206
96.67371022794474	23.641630548300977
88.70408998309	17.648501388918035
89.83155787838152	7.513114677620289
81.2079672974284	-5.1417425744112535
91.6708371634218	16.78507264266218
105.948050825464	32.79377495862
86.34735991230757	16.933337779673504
92.50073666953215	0.592064624874773
100.16727788118814	7.41447643710577
95.72458411117302	15.50454456310748
74.96046525480722	33.28288512338343
85.45397279814868	17.22019580144796
68.62565138039761	8.565689181777582
74.18223535223835	33.99351661453977
91.2913321748606	13.346813395917906
89.21664097327843	2.093396494523418
79.10222234056806	24.58598403067775
94.27338341477946	3.3954013472380513
98.9992559777911	18.559949221258254
77.17443029844203	22.718214828199084
93.70393309082176	25.630933055266212
80.20382951103878	-7.372212727921074
91.46350689735168	16.079046613548464
76.96053018976403	24.806522823416202
76.29120004728709	17.55018872346715
85.58343351530581	17.95945449085405
70.14972347252157	-4.146482485227171
82.89066883271464	-2.4557230206950713
89.99026551576381	8.623441175214495
77.06999148666809	20.882179483183215
70.9229640435394	13.088719839917907
80.99758141378713	2.5216362847957576
94.30731671576771	10.176365938583213
77.98737869020466	21.324624866445692
66.7499418738806	-6.919599991309941
83.09169045444148	13.362778433121619
89.20930536396403	12.623153344616004
79.57824207748173	10.365316383005938
79.00358934552558	13.855174670612572
80.52791480844353	11.792913441990205
71.27888978253009	11.34481402230082
95.18528164518143	12.20413296788206
63.64095671168286	4.115183080344108
76.78124361896876	19.43357126803572
83.14106149154901	5.743251386345397
78.79702004987256	11.383547926665585
81.2864915506414	11.128619971642262
89.59202748049276	17.727873076567043
76.14781362695967	30.72030505850548
93.49346194540523	5.824663231366321
108.39480935424167	38.589773613044606
82.0531902052949	13.160659843174495
63.637652036802216	20.415111827877777
73.52623540521526	17.066083942174913
92.77258573980636	7.120848300384549
88.62408254947762	4.139164356136758
91.77518237248375	8.599370508387835
99.60466589155924	32.409637046303246
89.30045378480905	23.01591228034821
74.05184122246818	32.931829191811886
82.26295747101608	10.93507147423464
83.57960627486773	21.38828417222488
86.46037315018535	13.127249986968181
97.4383298674347	20.101394137317676
93.04843666024887	18.192907338532574
85.2231850789792	24.455729551203795
87.32285252272575	-5.842690100834261
76.94168925801058	36.72097255115159
92.63762678026616	18.780868703864567
88.0307076714757	-4.887373082118938
87.80350572176964	12.634286705520154
88.33067740370112	8.232608380215442
72.66959824827313	23.487089584319563
81.3256035829306	19.30637480861119
74.79980058873227	5.716966401512284
87.12874064855193	10.964439797006401
87.0623120537112	13.965095560058352
95.0153034813618	12.221478515295397
95.4007195958638	17.96439627842468
80.56843980604367	14.419562513127286
81.25100476529647	15.212528010104588
83.94675597834981	20.815601188785855
81.65997276205356	9.701566715483121
87.25622505214497	14.70951125838463
106.08838473837564	11.013945724857363
92.12454193089042	-11.511727961213449
81.3197424933663	-5.366120498485536
94.1946853702385	22.935350674886806
62.83323188673769	15.488720353090063
93.67672233251758	22.40737223901028
65.67898313687184	10.287761253540811
78.33068481829795	16.11827369459457
81.90594523936852	-3.13052779279052
74.76086605479904	18.21521376403555
83.42151647332106	4.29440413160142
67.5396526503817	11.890019366360148
85.93361490307474	28.55228533669881
82.69231288939564	10.826230058556403
85.84758267909325	33.09646728955452
80.49546317676904	21.350113763512383
67.24812591648728	18.523887387094423
83.03498709117545	0.38751107686846
80.27029334724516	24.73624496829495
83.20790899821884	17.395320858420053
81.48740435111509	9.656756476270584
89.39711177944586	10.554046382053235
106.0601012432232	-8.0654501744553
85.79791860098534	4.216056398035507
68.94754624070947	27.427208743506924
94.01129214288943	10.907353615708798
69.15857855454692	18.63768117885811
67.90357072744204	19.780280486600986
84.90769749147742	10.242865896054216
63.878812325682716	17.081470283918506
85.30674935513069	26.730709702927413
91.6025200222335	8.090192338846508
100.8302804913538	-6.302542981134721
87.23678210203906	1.53556313711481
78.92379830747436	32.466582118070896
85.18197273144305	6.3873319132672055
94.78864065196294	13.66646157244397
69.35698547033424	11.53974395004309
66.20515506133319	5.797857467017238
60.29318220022283	8.4420275996875
75.40251250194488	3.9262195074887725
72.18249643233678	28.61948513401206
67.31740559023356	12.14419374887745
90.73596214384338	19.230065775799286
83.3567696042158	19.397908127896034
90.88757682240225	0.8973592628176608
72.9590463940035	17.180675643640747
93.89056107557371	13.021394905375507
91.64472127131381	35.671953180095926
78.88017337793833	22.8348690277825
91.861368625304	18.25508367581726
80.62360584439557	20.005472816758708
76.73619229436778	3.4518118617182783
59.38747179599015	26.65821188019722
72.94968887237997	17.97081960377819
79.71415387350791	-4.9307704352182675
80.60511501039866	20.120548422347714
64.70537734579476	4.030067886300529
89.91427634559082	6.908333154290428
61.960155055856276	0.006105083528133548
93.93722180901713	15.983974924092845
83.8171155803333	9.111680264688776
64.81932911173254	12.861643982721391
93.99035940881093	10.548791058791306
74.31646740988235	17.034112304248225
97.38679589333987	11.262276744290112
88.05653781501766	25.691925226596133
89.97352861952446	10.959060983612623
80.13024147948578	7.968150694985415
84.06679853849309	41.41951010956559
69.96807182789098	22.231189189114446
103.64309996445694	7.509150630056454
83.13805455856865	14.729051925240924
66.20370124943167	14.020411810858072
96.36706306865116	22.10683359835204
87.17744112013266	7.740165295606729
84.16195505684504	29.082223505275643
86.70668650844097	11.732030957684197
91.63296906089906	18.659611914341106
90.63550534873985	15.976110863341138
91.30510635153377	9.018009142406635
87.37795892608528	9.306162226007821
76.54802087612688	15.720760213005866
94.7396998527154	11.738220285395334
82.46307103636074	17.517423422075225
92.99683715463368	18.941456557323885
101.08031452427704	30.58499990427061
97.3957884957815	-6.58781721222168
88.12236104220567	10.57902985266913
84.55073768171862	24.741983361144186
81.95230374627499	21.604848106954996
89.02694744960186	-1.7363616182494148
70.80771023090837	8.274925887089653
89.37657891259465	22.453090323988974
89.83242327867369	9.122497637043905
77.4242703576657	11.251380001178411
86.04097201519556	19.942167366458662
80.86316262455279	9.584029090424167
69.62289674351287	14.47518551630966
77.33613713093897	8.062957220479312
81.65248798871716	14.736710648719482
85.04440462031076	22.394940723195354
89.24853113098895	14.08802093914186
78.1563175290768	13.9911822431148
91.73608963085371	19.02983278057564
62.58330561917958	18.696483748116382
85.48635580506692	10.906834029716205
93.12635609872113	10.05816488292729
68.60140950604433	19.408240130660403
98.18792498832241	16.86656874974985
82.34191907842022	46.89227039162144
74.02171494508066	23.682089240679943
86.84596084729385	25.639705609154063
84.42210109465559	26.10838318052818
91.37833885153876	16.43363104765775
97.1403203849614	15.665656556102494
75.14655140790671	-0.6465151618538378
100.08947211963137	7.01943640536127
76.508126882864	14.341973283046984
97.86307526685896	4.225709953731787
71.80776973628228	19.748292415520815
74.22798183605491	18.08915318704482
86.819789974646	18.967690904566506
73.23428474074984	12.655571958496111
75.62333278765692	7.674382434181205
96.39340095147207	19.95253450113059
85.26439308001287	6.939281617080448
81.0299278902245	9.36798743381243
77.60883965648851	-1.0953452439915292
93.20245399374045	21.268576183153492
74.23872763092888	20.57216356576403
95.3329063753344	2.8673869549833633
92.78548799574023	-2.5033332499880068
77.78263335240214	27.303277213726595
97.73214768339926	6.283677691392375
66.82842741040461	20.64789920532627
98.77875579712028	-1.373737131574
80.49003824199221	20.285963287951844
84.115852185656	-9.063378703734426
69.84649972315901	19.12329236581337
90.10666949786223	16.91271816864516
72.74183266516052	12.203938898409529
77.07421081084198	22.71576088263516
79.72579297496894	9.802783389169987
74.2167583490204	16.99194019352549
81.0233302875947	2.801646159227497
63.69714837098752	18.530149492331
92.40039765652163	19.193188095932634
71.79848053711798	23.03684713488166
93.18668448556188	7.46341440514406
88.69774073838656	20.008131652457596
98.46775788544352	19.279904585888406
83.2125487155366	-1.7903963523848745
81.35450396511915	1.567634925161041
88.25160911130543	14.996309003466472
77.86067794764922	14.50564779484235
79.23839911595913	8.954209457246053
62.87590990861294	20.567207385995392
85.50579219913028	-9.844670257860358
78.77068985159241	22.06319877495143
82.11414904525162	31.549477453847892
83.96992419219524	16.106521280544445
87.05287379000767	5.220713466029588
103.82679735142484	23.472246007765847
76.08466355402736	13.834033693687259
82.61919516519866	8.432127717353184
65.62601603928627	21.001204559978728
88.57732085313741	13.692084190347344
96.38015770629681	14.987809992957905
90.96175746488036	10.77534359307077
97.37324176823567	24.503248030061773
74.65820297599335	19.822207106047735
58.895536172780496	10.161531352371597
93.43536876213338	8.103795439975261
85.52635117354619	13.344959898792386
94.2067870314193	2.6601562203594202
81.05588234942925	30.099733779300454
92.65878376115433	-5.097254747138589
92.87144774368757	25.524058404214195
90.10438705670907	10.816232887673369
89.09028907881337	19.100080947187934
76.17743137454697	23.786314125101597
93.52623135443113	15.73733961025419
79.18733533960287	13.44895064674136
95.22427089328465	23.656937222108557
81.8961451740132	22.440061614835777
67.67690264295277	-7.128793457208072
76.25171131691401	10.492687441135935
76.21708501570266	13.25554798371921
84.11986365355307	27.513715125398907
94.01645379057078	23.05166632370821
88.45078113324107	-5.352486666644147
91.7957390552988	15.451966806589311
83.17383882316523	14.415946053107989
91.07876135752693	13.44904881005095
78.87945978649658	14.587716540138485
85.68318775716612	16.31137781087388
83.027793218683	10.225235462525312
87.01559419114236	17.223547130558465
78.44732220582169	10.998981906246819
79.80141433350283	64.63431397285646
94.99693661018598	17.978344800241942
70.83511235419918	26.756961555508163
95.1294672249315	18.235752521154247
88.01098096083719	2.3016047469707903
86.2604849985881	23.188448535392528
75.74716322891085	16.842450721432346
98.10257405723794	18.304288734414083
82.59880238250403	15.09051812170675
72.89886279138237	21.44803328650962
89.27780851796996	2.64651910469696
87.67978024560996	24.092107815938895
84.7338385527078	23.68498982415384
68.3538523403973	16.758090522701075
73.40173540423734	-5.214852870949294
76.67492771284967	9.724849228543459
71.68182631100741	29.409193792630568
90.65018230369503	25.46785327492676
68.81104868000216	24.392926243628413
82.82262798406022	26.855442578681966