35.86648975885658	98.0830357409456
35.86648975885658	98.0830357409456
28.89580914165788	25.010686064064593
28.89580914165788	25.010686064064593
33.06402834934582	56.109926397936626
33.06402834934582	56.109926397936626
25.52575909867138	67.2708745419704
25.52575909867138	67.2708745419704
27.70742325244656	96.18664839775445
27.70742325244656	96.18664839775445
22.483845612056722	82.48993965337948
66.37431057948604	75.0434371899911
66.37431057948604	75.0434371899911
61.10638996185474	46.27120585208538
61.10638996185474	46.27120585208538
63.00426053649952	18.303627143111868
63.00426053649952	18.303627143111868
63.00426053649952	18.303627143111868
56.03357844408587	44.23127746623086
56.03357844408587	44.23127746623086
59.89139828629854	68.80185226931286
29.587909517414886	64.57432722791924
29.587909517414886	64.57432722791924
31.210853633162614	61.938499292722334
31.210853633162614	61.938499292722334
62.8361101042021	3.0021043237297174
62.8361101042021	3.0021043237297174
55.368789617114	77.88388950254168
55.368789617114	77.88388950254168
57.47950500730284	43.078823373117636
57.47950500730284	43.078823373117636
52.28253315325788	78.02743054520504
52.28253315325788	78.02743054520504
54.39324854344673	43.222364415781
54.39324854344673	43.222364415781
47.20972163548902	75.98750363456547
77.3361928518419	81.69840104282781
69.86887383996876	57.580184746424806
69.86887383996876	57.580184746424806
65.16854038059824	43.574658538034214
65.16854038059824	43.574658538034214
82.79035397388733	54.98783494468045
86.60382936364357	64.48288420380179
86.60382936364357	64.48288420380179
69.44353561488582	34.04062527874747
69.44353561488582	34.04062527874747
71.59859398231612	14.311084693284092
71.59859398231612	14.311084693284092
71.59859398231612	14.311084693284092
66.33067336468483	84.53885188016342
66.33067336468483	84.53885188016342
59.4309400358575	75.1873421884905
59.4309400358575	75.1873421884905
60.97406826778556	25.61557092955133
60.97406826778556	25.61557092955133
56.344683572001394	75.33088323115386
56.344683572001394	75.33088323115386
56.344683572001394	75.33088323115386
57.88781180392945	25.759111972214708
57.88781180392945	25.759111972214708
87.03874194661506	95.80848724414628
87.03874194661506	95.80848724414628
82.33840996245951	81.80295956054074
82.33840996245951	81.80295956054074
83.95248695797392	95.9520268115947
83.95248695797392	95.9520268115947
76.98180486556025	22.87967860992865
76.98180486556025	22.87967860992865
76.98180486556025	22.87967860992865
80.86623049411779	96.09556785425808
80.86623049411779	96.09556785425808
73.89554840170413	23.02321965259203
73.89554840170413	23.02321965259203
6.0241664780691755	13.040956588862445
6.0241664780691755	13.040956588862445
8.134881868258015	77.23589193465338
8.134881868258015	77.23589193465338
8.134881868258015	77.23589193465338
0.9247491739554293	61.355715236975456
0.9247491739554293	61.355715236975456
4.809174802512974	35.57160448130489
93.7522362462432	61.64279584708724
93.7522362462432	61.64279584708724
23.61050421435013	91.59371374051213
23.61050421435013	91.59371374051213
23.61050421435013	91.59371374051213
25.73008967520223	40.00375242483724
25.73008967520223	40.00375242483724
20.816911400287662	32.8357121616822
20.816911400287662	32.8357121616822
22.360039632215717	82.26394090274304
22.360039632215717	82.26394090274304
15.460304828173442	72.91243121107011
15.460304828173442	72.91243121107011
15.460304828173442	72.91243121107011
10.192385685757102	44.14019839794944
10.192385685757102	44.14019839794944
12.37404983953229	73.05597225373349
12.37404983953229	73.05597225373349
96.12936238110093	80.07634277198898
96.12936238110093	80.07634277198898
98.28441927331629	60.3468021865256
98.28441927331629	60.3468021865256
91.10089236535858	93.11193993009512
91.10089236535858	93.11193993009512
91.10089236535858	93.11193993009512
85.83297322294224	64.33970711697444
85.83297322294224	64.33970711697444
88.01463737671742	93.25547949754353
88.01463737671742	93.25547949754353
80.47636665082801	5.416426166362356
80.47636665082801	5.416426166362356
84.92838091286131	93.3990205402069
84.92838091286131	93.3990205402069
84.92838091286131	93.3990205402069
14.715700117381898	59.62909992363866
14.715700117381898	59.62909992363866
16.906232866605368	71.75997711795688
16.906232866605368	71.75997711795688
11.63831224897407	42.98774430483622
11.63831224897407	42.98774430483622
4.454785341016361	75.75288204840572
4.454785341016361	75.75288204840572
6.565500731205212	40.94781739419664
6.565500731205212	40.94781739419664
6.565500731205212	40.94781739419664
1.3685303523752097	75.8964230910691
1.3685303523752097	75.8964230910691
3.47924574256405	41.09135843686002
3.47924574256405	41.09135843686002
34.60786381892909	31.109095373130444
34.60786381892909	31.109095373130444
27.681524703756896	72.11227124021009
27.681524703756896	72.11227124021009
27.681524703756896	72.11227124021009
29.22465293568495	22.54049998127093
29.22465293568495	22.54049998127093
24.311473185555425	15.372459718115907
24.311473185555425	15.372459718115907
26.422190050959223	79.56739358869187
26.422190050959223	79.56739358869187
18.954868088656163	55.44917876750381
18.954868088656163	55.44917876750381
18.954868088656163	55.44917876750381
50.58012455969565	95.51278232329624
50.58012455969565	95.51278232329624
52.19420155521004	10.661851049565158
45.23238805824468	19.80460766164825
45.23238805824468	19.80460766164825
45.23238805824468	19.80460766164825
49.116813686802224	93.02049690597768
49.116813686802224	93.02049690597768
42.14613306960353	19.948148704311617
42.14613306960353	19.948148704311617
44.044002169033355	90.98056852012314
44.044002169033355	90.98056852012314
38.77608155140206	62.20833570700248
38.77608155140206	62.20833570700248
21.89958138177469	88.64943082192067
21.89958138177469	88.64943082192067
21.89958138177469	88.64943082192067
20.40079612708809	54.29672467439059
15.700462667717588	40.29119699078504
15.700462667717588	40.29119699078504
8.516935759759878	73.05633473435455
8.516935759759878	73.05633473435455
8.516935759759878	73.05633473435455
10.060063991687933	23.484564950630347
10.060063991687933	23.484564950630347
41.75626775109879	28.26900849163086
41.75626775109879	28.26900849163086
43.29939745824181	77.69723723269169
43.29939745824181	77.69723723269169
36.3996641294145	68.34572754101876
36.3996641294145	68.34572754101876
36.3996641294145	68.34572754101876
31.14061210723149	22.788599541647233
31.14061210723149	22.788599541647233
33.322276261006664	51.70437339743128
33.322276261006664	51.70437339743128
28.054357118590328	22.932140584310602
28.054357118590328	22.932140584310602
29.952226218020165	93.96456040012214
29.952226218020165	93.96456040012214
59.3071340560165	74.96134491306901
59.3071340560165	74.96134491306901
59.3071340560165	74.96134491306901
54.11016220197154	10.909950609941461
54.11016220197154	10.909950609941461
56.26522056940185	90.18040854926313
56.26522056940185	90.18040854926313
48.7269513187274	2.3413552180819566
48.7269513187274	2.3413552180819566
53.17896410554573	90.32394811671155
53.17896410554573	90.32394811671155
53.17896410554573	90.32394811671155
45.64069485487129	2.484896260745324
45.64069485487129	2.484896260745324
47.538565429516076	73.51731607655685
47.538565429516076	73.51731607655685
79.16382190055556	14.580921107564228
79.16382190055556	14.580921107564228
71.69650141346746	89.46270628637619
71.69650141346746	89.46270628637619
71.69650141346746	89.46270628637619
73.8072168036563	54.657641632167106
73.8072168036563	54.657641632167106
68.61911206984468	72.82135066757374
68.61911206984468	72.82135066757374
70.72982746003352	38.01628601336466
70.72982746003352	38.01628601336466
65.53285708120352	72.96489171023711
65.53285708120352	72.96489171023711
48.58540667277485	35.68514831516219
48.58540667277485	35.68514831516219
48.58540667277485	35.68514831516219
50.483277247419636	7.717568130973717
50.483277247419636	7.717568130973717
45.21535662978835	77.94533531785304
45.21535662978835	77.94533531785304
47.37041647243361	58.21579473238966
47.37041647243361	58.21579473238966
39.90309451013055	34.097579911201606
39.90309451013055	34.097579911201606
39.90309451013055	34.097579911201606
35.20276105076004	20.092052227596056
35.20276105076004	20.092052227596056
36.81683804627444	34.241120953864986
36.81683804627444	34.241120953864986
66.17174588427078	15.237903991596898
66.17174588427078	15.237903991596898
70.3399650919587	46.33714580068389
70.3399650919587	46.33714580068389
70.3399650919587	46.33714580068389
62.80169731649922	57.498092469502716
62.80169731649922	57.498092469502716
64.98335999505944	86.4138648500718
64.98335999505944	86.4138648500718
59.724307972876446	40.856736850700266
59.724307972876446	40.856736850700266
52.82457464404913	31.50522715902735
52.82457464404913	31.50522715902735
56.63805298423528	41.000277893363645
56.63805298423528	41.000277893363645
86.06390811060301	85.71789944108869
86.06390811060301	85.71789944108869
86.06390811060301	85.71789944108869
87.60703634253106	36.14612965736448
87.60703634253106	36.14612965736448
82.69385806761649	28.978087918994504
82.69385806761649	28.978087918994504
75.7675189524443	69.98126378607415
75.7675189524443	69.98126378607415
77.31064718437236	20.409494002349945
77.31064718437236	20.409494002349945
77.31064718437236	20.409494002349945
72.68126248858819	70.12480335352257
72.68126248858819	70.12480335352257
74.22439072051624	20.553033569798355
74.22439072051624	20.553033569798355
4.650247322098918	65.27065659273836
4.650247322098918	65.27065659273836
98.38232670446762	36.498423779617696
98.38232670446762	36.498423779617696
1.2801987543273734	8.530843595429216
1.2801987543273734	8.530843595429216
1.2801987543273734	8.530843595429216
93.30951518669876	34.45849539376316
93.30951518669876	34.45849539376316
97.20280941070459	90.88948797662677
97.20280941070459	90.88948797662677
90.2321287935059	17.817141250175677
90.2321287935059	17.817141250175677
75.05838862344592	88.55835175363926
75.05838862344592	88.55835175363926
75.05838862344592	88.55835175363926
77.16910401363477	53.753285624215216
77.16910401363477	53.753285624215216
69.70178352654666	29.635070803027176
69.70178352654666	29.635070803027176
74.08284902499362	53.89682519166364
74.08284902499362	53.89682519166364
66.87271485547608	38.01664996920068
66.87271485547608	38.01664996920068
68.48679185099046	52.16571722025465
68.48679185099046	52.16571722025465
68.48679185099046	52.16571722025465
63.78645839161995	38.1601895366491
63.78645839161995	38.1601895366491
92.64472783494183	68.11110743007399
92.64472783494183	68.11110743007399
94.75544322513069	33.306042775864896
94.75544322513069	33.306042775864896
89.55847137108573	68.25464699752239
89.55847137108573	68.25464699752239
89.55847137108573	68.25464699752239
91.66918676127457	33.44958234331331
91.66918676127457	33.44958234331331
84.4856583781019	66.21472008688282
84.4856583781019	66.21472008688282
79.22660783113385	20.657592087511293
79.22660783113385	20.657592087511293
81.40827198490904	49.573364468080385
81.40827198490904	49.573364468080385
81.40827198490904	49.573364468080385
13.465941297687731	74.8702658447876
13.465941297687731	74.8702658447876
15.64760397624796	4.786038225356685
15.64760397624796	4.786038225356685
8.10933620078847	15.946984894175502
8.10933620078847	15.946984894175502
3.4799515050043053	65.6622957205631
3.4799515050043053	65.6622957205631
5.02307973693236	16.09052446162392
5.02307973693236	16.09052446162392
5.02307973693236	16.09052446162392
96.81294704262977	0.21034923916096238
96.81294704262977	0.21034923916096238
2.2649598294481046	88.19294213779057
2.2649598294481046	88.19294213779057
31.052280509183653	54.42302004600735
21.066290716500216	45.2150513969978
21.066290716500216	45.2150513969978
24.888637652134673	37.92520546986829
24.888637652134673	37.92520546986829
17.705109268962005	70.6903432134378
17.705109268962005	70.6903432134378
19.815824659150845	35.885278559228716
19.815824659150845	35.885278559228716
78.06094308441611	54.83871085165179
78.06094308441611	54.83871085165179
78.06094308441611	54.83871085165179
71.0902595167875	80.76636117477078
71.0902595167875	80.76636117477078
72.7043365123019	94.91542990103969
72.7043365123019	94.91542990103969
68.00400452814634	80.90990221743414
68.00400452814634	80.90990221743414
69.61808152366073	95.05896946848812
69.61808152366073	95.05896946848812
69.61808152366073	95.05896946848812
62.40794735414319	79.17879424602515
62.40794735414319	79.17879424602515
94.03320382518268	20.24239927703254
94.03320382518268	20.24239927703254
95.64728082069706	34.39146505287154
95.64728082069706	34.39146505287154
88.67659872828341	60.319118326420444
88.67659872828341	60.319118326420444
92.5610258320559	34.535007570749876
92.5610258320559	34.535007570749876
92.5610258320559	34.535007570749876
85.59034226442729	60.46265936908382
85.59034226442729	60.46265936908382
80.4022404810456	78.62636840449046
80.4022404810456	78.62636840449046
82.51295587123444	43.82130375028138
82.51295587123444	43.82130375028138
12.655017418471756	31.655572733248864
12.655017418471756	31.655572733248864
12.655017418471756	31.655572733248864
16.468495758657923	41.150623467585156
16.468495758657923	41.150623467585156
9.568760954615646	31.799113775912232
9.568760954615646	31.799113775912232
11.111889186543701	81.22734399218803
11.111889186543701	81.22734399218803
6.482505965974484	31.94265481857561
6.482505965974484	31.94265481857561
6.482505965974484	31.94265481857561
97.94423671530005	43.10360148739443
97.94423671530005	43.10360148739443
1.0992936075153878	23.374060901931053
1.0992936075153878	23.374060901931053
32.51170526301082	70.27515040295904
32.51170526301082	70.27515040295904
34.054833494938876	20.70338061923484
34.054833494938876	20.70338061923484
27.15510016611156	11.351869452346953
27.15510016611156	11.351869452346953
27.15510016611156	11.351869452346953
21.887181023695216	81.57963663922628
21.887181023695216	81.57963663922628
24.06884370225545	11.495410495010333
24.06884370225545	11.495410495010333
18.8097931552874	64.93828249563879
18.8097931552874	64.93828249563879
20.99145730906258	93.85405487620788
20.99145730906258	93.85405487620788
20.99145730906258	93.85405487620788
3.476419742373133	41.807607826832786
3.476419742373133	41.807607826832786
97.56324146745857	34.63956461324785
97.56324146745857	34.63956461324785
0.6739568576474056	98.83449995903877
0.6739568576474056	98.83449995903877
92.20663637055931	74.71628513785072
92.20663637055931	74.71628513785072
96.58770186900625	98.97804100170214
96.58770186900625	98.97804100170214
96.58770186900625	98.97804100170214
89.12037990670319	74.85982470529913
89.12037990670319	74.85982470529913
91.27543679891853	55.13028411983576
91.27543679891853	55.13028411983576
23.333107586912185	80.42718254611306
23.333107586912185	80.42718254611306
16.149580678954475	14.19232028968257
16.149580678954475	14.19232028968257
16.149580678954475	14.19232028968257
18.260296069143326	78.3872556354735
18.260296069143326	78.3872556354735
13.063324215098367	14.335862807560895
13.063324215098367	14.335862807560895
15.174039605287208	78.53079667813685
15.174039605287208	78.53079667813685
9.98593634669055	96.69450718875845
9.98593634669055	96.69450718875845
39.34084418468689	77.69129022649038
39.34084418468689	77.69129022649038
39.34084418468689	77.69129022649038
40.95491970498632	91.84035895275929
40.95491970498632	91.84035895275929
36.25458919604572	77.83483126915374
36.25458919604572	77.83483126915374
38.15245829547556	49.86725256018023
38.15245829547556	49.86725256018023
30.61418756958616	61.02819775378409
30.61418756958616	61.02819775378409
30.61418756958616	61.02819775378409
25.984804349016944	11.743510055386626
25.984804349016944	11.743510055386626
27.527932580945	61.17173879644747
27.527932580945	61.17173879644747
56.9271833961828	57.244047378140046
56.9271833961828	57.244047378140046
60.811607549525384	31.45993514725452
60.811607549525384	31.45993514725452
60.811607549525384	31.45993514725452
53.84092693232669	57.38758694558847
53.84092693232669	57.38758694558847
55.73879750697147	29.420008236614944
55.73879750697147	29.420008236614944
50.470876889340175	0.6477754234942747
50.470876889340175	0.6477754234942747
43.5711420852979	90.29626425660639
43.5711420852979	90.29626425660639
47.39348902093236	83.00642127990679
47.39348902093236	83.00642127990679
47.39348902093236	83.00642127990679
30.51698737609002	10.447514919610027
30.51698737609002	10.447514919610027
32.06011560801809	59.87574513588583
32.06011560801809	59.87574513588583
27.43073238744887	10.591055962273405
27.43073238744887	10.591055962273405
19.89246313677443	21.75200263109222
19.89246313677443	21.75200263109222
19.89246313677443	21.75200263109222
21.790333711419215	92.78442244690375
21.790333711419215	92.78442244690375
17.090000252048704	78.77889623851316
17.090000252048704	78.77889623851316
18.70407724756311	92.92796348956712
18.70407724756311	92.92796348956712
48.10332658758595	89.00027059604474
48.10332658758595	89.00027059604474
42.83540744516961	60.22803778292407
42.83540744516961	60.22803778292407
42.83540744516961	60.22803778292407
45.01707012372982	89.14381016349316
45.01707012372982	89.14381016349316
39.74914950609854	60.37158030080241
39.74914950609854	60.37158030080241
41.64702155595828	32.404000116613936
41.64702155595828	32.404000116613936
34.67633798832967	58.331650439732925
34.67633798832967	58.331650439732925
34.67633798832967	58.331650439732925
65.80495753990965	48.34938885121831
65.80495753990965	48.34938885121831
67.92454005033184	95.75942901075837
67.92454005033184	95.75942901075837
60.4572210384587	71.64121271435535
60.4572210384587	71.64121271435535
64.83828358647573	95.90297005342173
64.83828358647573	95.90297005342173
64.83828358647573	95.90297005342173
57.370963099387616	71.78475375701873
57.370963099387616	71.78475375701873
59.48167848957646	36.97968910280965
59.48167848957646	36.97968910280965
54.56850168987686	29.81164736443967
54.56850168987686	29.81164736443967
83.35582089439745	95.04172674787142
83.35582089439745	95.04172674787142
83.35582089439745	95.04172674787142
85.51087926182775	75.31218468719308
85.51087926182775	75.31218468719308
80.31390740778279	11.260790384065537
80.31390740778279	11.260790384065537
82.42462279797164	75.4557242546415
82.42462279797164	75.4557242546415
77.22765094392668	11.404331426728916
77.22765094392668	11.404331426728916
70.25697032672798	37.331981749847905
70.25697032672798	37.331981749847905
70.25697032672798	37.331981749847905
72.1548394261578	9.36440304087438
72.1548394261578	9.36440304087438
56.91015196772646	16.38477503434483
56.91015196772646	16.38477503434483
59.100684716949935	28.51565222866307
59.100684716949935	28.51565222866307
51.56241399106054	39.67659889748189
51.56241399106054	39.67659889748189
46.93303077049132	89.39191119908442
46.93303077049132	89.39191119908442
46.93303077049132	89.39191119908442
48.47615900241939	39.82013994014527
48.47615900241939	39.82013994014527
41.57642567359207	30.468630248472337
41.57642567359207	30.468630248472337
45.38990253856327	39.963679507593675
45.38990253856327	39.963679507593675
74.53196408580058	27.797949965776112
74.53196408580058	27.797949965776112
74.53196408580058	27.797949965776112
76.68702392844585	8.06840938031274
76.68702392844585	8.06840938031274
71.41910331081456	78.29617656719208
71.41910331081456	78.29617656719208
64.51936998198724	68.94466540030419
64.51936998198724	68.94466540030419
68.33284684695845	78.43971760985544
68.33284684695845	78.43971760985544
68.33284684695845	78.43971760985544
61.43311351813114	69.08820791818252
61.43311351813114	69.08820791818252
62.97624175005919	19.516436659243354
62.97624175005919	19.516436659243354
94.3886534055546	66.41752616027134
94.3886534055546	66.41752616027134
87.42683843337429	75.56028424756938
87.42683843337429	75.56028424756938
89.0409154288887	89.70935002340839
89.0409154288887	89.70935002340839
89.0409154288887	89.70935002340839
84.34058344473314	75.7038238150178
84.34058344473314	75.7038238150178
85.95466044024754	89.85289254128672
85.95466044024754	89.85289254128672
78.98397834783388	16.780544339620665
78.98397834783388	16.780544339620665
11.112596424198914	6.798281275891092
11.112596424198914	6.798281275891092
11.112596424198914	6.798281275891092
12.983859737283865	29.18538812567016
12.983859737283865	29.18538812567016
6.013179120085169	55.11303844878915
6.013179120085169	55.11303844878915
9.897604748642703	29.32892769311857
9.897604748642703	29.32892769311857
2.926921181014091	55.25657949145253
2.926921181014091	55.25657949145253
96.7299508021841	90.20518518832498
96.7299508021841	90.20518518832498
96.7299508021841	90.20518518832498
98.84066619237294	55.40012053411589
98.84066619237294	55.40012053411589
81.39657738926982	67.07450904430401
81.39657738926982	67.07450904430401
85.77764141250181	91.33626490815543
85.77764141250181	91.33626490815543
78.60298457520736	8.316507465474086
78.60298457520736	8.316507465474086
78.60298457520736	8.316507465474086
80.14611133192045	57.74473620653492
80.14611133192045	57.74473620653492
75.51672811135124	8.460048508137465
75.51672811135124	8.460048508137465
67.97845738546184	19.62099517695628
67.97845738546184	19.62099517695628
70.16012153923702	48.53676755752537
70.16012153923702	48.53676755752537
2.217792327230674	73.83366745901762
2.217792327230674	73.83366745901762
2.217792327230674	73.83366745901762
4.372849219446017	54.10412539833929
4.372849219446017	54.10412539833929
96.18932231148831	86.86926461712376
96.18932231148831	86.86926461712376
90.92140169385702	58.09703180400309
90.92140169385702	58.09703180400309
93.1030658476322	87.01280418457218
93.1030658476322	87.01280418457218
93.1030658476322	87.01280418457218
87.83514670521586	58.24057137145151
87.83514670521586	58.24057137145151
90.01681085899104	87.15634522723556
90.01681085899104	87.15634522723556
19.80413006351164	53.38642313545235
19.80413006351164	53.38642313545235
15.17474684294242	4.101733961839927
15.17474684294242	4.101733961839927
16.72674367031877	36.745068991864855
16.72674367031877	36.745068991864855
16.72674367031877	36.745068991864855
9.5432152871461	69.51020526021941
9.5432152871461	69.51020526021941
13.924280785593051	93.77196112407083
13.924280785593051	93.77196112407083
6.456958823289991	69.65374777809775
6.456958823289991	69.65374777809775
8.567674213478831	34.84868164867371
8.567674213478831	34.84868164867371
8.567674213478831	34.84868164867371
39.69629376505882	24.866418584944135
39.69629376505882	24.866418584944135
32.72561019743021	50.79407038327808
32.72561019743021	50.79407038327808
36.58343003964287	75.36464518636008
36.58343003964287	75.36464518636008
29.399903131685164	9.129782929929595
29.399903131685164	9.129782929929595
31.510618521874004	73.32471827572051
31.510618521874004	73.32471827572051
31.510618521874004	73.32471827572051
26.313648143044013	9.273322497378006
26.313648143044013	9.273322497378006
9.366197734615342	70.99358057751805
9.366197734615342	70.99358057751805
10.980273254914776	85.142647828572
10.980273254914776	85.142647828572
6.27994274597418	71.13712014496645
6.27994274597418	71.13712014496645
6.27994274597418	71.13712014496645
7.9028868617219175	68.50129368498452
7.9028868617219175	68.50129368498452
0.9322047693082632	94.42894548331846
0.9322047693082632	94.42894548331846
18.678177223658476	68.85358633202277
18.678177223658476	68.85358633202277
18.678177223658476	68.85358633202277
20.788892613847327	34.04852167781369
20.788892613847327	34.04852167781369
13.605365705889618	66.8136594213832
13.605365705889618	66.8136594213832
17.418842570860814	76.30870868050454
17.418842570860814	76.30870868050454
46.844699172443484	22.026331703444548
46.844699172443484	22.026331703444548
46.844699172443484	22.026331703444548
48.38782740437154	71.45456191972033
48.38782740437154	71.45456191972033
43.758442708587374	22.16987127089296
43.758442708587374	22.16987127089296
36.229042053361226	16.54592275346092
36.229042053361226	16.54592275346092
38.41070473192145	45.46169660924497
38.41070473192145	45.46169660924497
38.41070473192145	45.46169660924497
33.14278558950511	16.689465271339248
33.14278558950511	16.689465271339248
35.04065616414991	87.72188508715078
35.04065616414991	87.72188508715078
64.39556400214624	68.71866960009766
64.39556400214624	68.71866960009766
59.19859214810128	4.667273821755151
59.19859214810128	4.667273821755151
61.30930753829012	68.86220916754607
61.30930753829012	68.86220916754607
61.30930753829012	68.86220916754607
56.08572989790029	55.16550042317111
56.08572989790029	55.16550042317111
58.26739405167547	84.08127280374019
58.26739405167547	84.08127280374019
50.72912480100103	95.24221947255901
50.72912480100103	95.24221947255901
35.83917821007146	24.866782540780154
35.83917821007146	24.866782540780154
35.83917821007146	24.866782540780154
37.949893600260296	89.06171788657107
37.949893600260296	89.06171788657107
30.482574588387152	64.94350306538303
30.482574588387152	64.94350306538303
34.86363713640418	89.20525745401949
34.86363713640418	89.20525745401949
27.40518524476437	48.30214892179554
27.40518524476437	48.30214892179554
29.51590063495322	13.497082792371504
29.51590063495322	13.497082792371504
29.51590063495322	13.497082792371504
24.318930256123217	48.445688489243956
24.318930256123217	48.445688489243956
53.673836618904595	29.442471526975876
53.673836618904595	29.442471526975876
55.57170719354938	1.4748928180023535
55.57170719354938	1.4748928180023535
50.30378805113305	71.70266000488168
50.30378805113305	71.70266000488168
52.48545072969327	1.618432385450774
52.48545072969327	1.618432385450774
52.48545072969327	1.618432385450774
47.261874564518386	86.9217236410758
47.261874564518386	86.9217236410758
40.291190996889775	13.849376914624704
40.291190996889775	13.849376914624704
41.90526799240417	27.998444165678677
41.90526799240417	27.998444165678677
73.53052446344365	68.06204919668605
73.53052446344365	68.06204919668605
73.53052446344365	68.06204919668605
75.42839503808844	40.09447048771254
75.42839503808844	40.09447048771254
67.89012578741401	51.25541715653136
67.89012578741401	51.25541715653136
63.26074256684478	1.9707265077039855
63.26074256684478	1.9707265077039855
64.81273791900618	34.614061537728915
64.81273791900618	34.614061537728915
64.81273791900618	34.614061537728915
57.913004590178865	25.26255037084104
57.913004590178865	25.26255037084104
61.726481455150065	34.757602580392295
61.726481455150065	34.757602580392295
91.15233805673273	79.47522412811735
91.15233805673273	79.47522412811735
85.88441743910145	50.702991314996666
85.88441743910145	50.702991314996666
87.78228801374624	22.735411130808192
87.78228801374624	22.735411130808192
87.78228801374624	22.735411130808192
80.81160592133259	48.663064404357094
80.81160592133259	48.663064404357094
84.66942576354525	73.23363773222414
84.66942576354525	73.23363773222414
77.76969243471792	63.882128040551216
77.76969243471792	63.882128040551216
79.31282066664599	14.310356781612045
79.31282066664599	14.310356781612045
79.31282066664599	14.310356781612045
64.70666913006175	0.8182724145907543
64.70666913006175	0.8182724145907543
57.168399879387316	11.979219083409571
57.168399879387316	11.979219083409571
59.06626897881715	83.01164037443606
59.06626897881715	83.01164037443606
54.365936994661595	69.0061126908305
54.365936994661595	69.0061126908305
54.365936994661595	69.0061126908305
55.98888258562428	66.37028623084858
55.98888258562428	66.37028623084858
49.01820049321063	92.29793655396756
49.01820049321063	92.29793655396756
80.14681856957567	82.31567496545294
80.14681856957567	82.31567496545294
82.2575339597645	47.510610311243866
82.2575339597645	47.510610311243866
77.06056210571954	82.45921453290137
77.06056210571954	82.45921453290137
77.06056210571954	82.45921453290137
79.1712774959084	47.65414987869229
79.1712774959084	47.65414987869229
71.98774911273573	80.41928762226179
71.98774911273573	80.41928762226179
66.76417294756085	66.72257887788683
66.76417294756085	66.72257887788683
68.8748883377497	31.917514223677745
68.8748883377497	31.917514223677745
68.8748883377497	31.917514223677745
97.73315630585662	61.86843211710263
97.73315630585662	61.86843211710263
3.1142218043035688	86.13018650573909
3.1142218043035688	86.13018650573909
94.64690131721547	62.011971684551035
94.64690131721547	62.011971684551035
96.75761670740431	27.206907030341956
96.75761670740431	27.206907030341956
96.75761670740431	27.206907030341956
91.84443843248974	20.038865291971977
91.84443843248974	20.038865291971977
84.31503630204864	14.41491677453994
84.31503630204864	14.41491677453994
86.49670193103879	43.33068915510903
86.49670193103879	43.33068915510903
18.55437124381747	68.62758905660128
18.55437124381747	68.62758905660128
20.736035397592648	97.54336143717038
20.736035397592648	97.54336143717038
20.736035397592648	97.54336143717038
15.468114779961361	68.7711286240497
15.468114779961361	68.7711286240497
8.568381451134044	59.41961893237677
8.568381451134044	59.41961893237677
10.1115096830621	9.84784914865257
10.1115096830621	9.84784914865257
5.171725621802656	53.034492969035156
5.171725621802656	53.034492969035156
7.353389775577833	81.95026534960425
7.353389775577833	81.95026534960425
66.58178232377253	86.26715293335069
66.58178232377253	86.26715293335069
66.58178232377253	86.26715293335069
61.952396152773396	36.982463759738266
61.952396152773396	36.982463759738266
63.49552438470146	86.41069397601406
63.49552438470146	86.41069397601406
56.5957925310891	77.05918280912618
56.5957925310891	77.05918280912618
60.40926792084534	86.55423501867743
60.40926792084534	86.55423501867743
53.23461108355088	3.534476100781128
53.23461108355088	3.534476100781128
53.23461108355088	3.534476100781128
55.34532647373972	67.72940997135709
55.34532647373972	67.72940997135709
86.4739430748898	57.747148382842475
86.4739430748898	57.747148382842475
79.50326245769111	83.67480165639138
79.50326245769111	83.67480165639138
83.38768661103369	57.890689425505855
83.38768661103369	57.890689425505855
83.38768661103369	57.890689425505855
76.41700599383499	83.8183412238398
76.41700599383499	83.8183412238398
78.03108151413443	97.96740995010872
78.03108151413443	97.96740995010872
73.09129745287498	42.15405229527636
73.09129745287498	42.15405229527636
3.446206766086277	23.150836808223236
3.446206766086277	23.150836808223236
5.0602822863857115	37.299905534492154
5.0602822863857115	37.299905534492154
5.0602822863857115	37.299905534492154
0.3599488270152097	23.294377850886605
0.3599488270152097	23.294377850886605
1.974025822529602	37.44344510194056
1.974025822529602	37.44344510194056
94.00334373011594	63.37109690027451
94.00334373011594	63.37109690027451
88.80637335128594	98.31970259714697
88.80637335128594	98.31970259714697
88.80637335128594	98.31970259714697
90.92595586170813	46.729742756687024
90.92595586170813	46.729742756687024
21.06801888416041	34.56401173965452
21.06801888416041	34.56401173965452
24.881495749131606	44.059062473990814
24.881495749131606	44.059062473990814
17.981763895519247	34.70755278231788
17.981763895519247	34.70755278231788
17.981763895519247	34.70755278231788
12.71384327788796	5.9353199691972165
12.71384327788796	5.9353199691972165
14.89550595644818	34.851092349766304
14.89550595644818	34.851092349766304
7.35723670577374	46.01203901858512
7.35723670577374	46.01203901858512
11.782643706247184	85.34931895118225
11.782643706247184	85.34931895118225
93.62234995748943	54.90706002612793
93.62234995748943	54.90706002612793
93.62234995748943	54.90706002612793
95.16547671420253	5.335291717618677
95.16547671420253	5.335291717618677
90.5360934936333	55.05060106879131
90.5360934936333	55.05060106879131
82.99782424295887	66.21154921282508
82.99782424295887	66.21154921282508
85.17948839673406	95.12732159339417
85.17948839673406	95.12732159339417
85.17948839673406	95.12732159339417
79.91156777910275	66.35508878027349
79.91156777910275	66.35508878027349
82.10210052832623	78.4859674498067
82.10210052832623	78.4859674498067
14.159769841104929	4.782865876083985
14.159769841104929	4.782865876083985
6.976241457932261	37.5480036196535
6.976241457932261	37.5480036196535
9.086956848121101	2.7429389654444187
9.086956848121101	2.7429389654444187
9.086956848121101	2.7429389654444187
3.8899864692910993	37.69154318710191
3.8899864692910993	37.69154318710191
6.000701859479939	2.8864785328928284
6.000701859479939	2.8864785328928284
97.53337989717689	77.76826518691975
97.53337989717689	77.76826518691975
30.202980820672785	33.90739133624291
30.202980820672785	33.90739133624291
30.202980820672785	33.90739133624291
31.74610905260084	83.33562302773366
31.74610905260084	83.33562302773366
24.56258214464313	17.100759296088214
24.56258214464313	17.100759296088214
28.943646167875123	41.36251515993963
28.943646167875123	41.36251515993963
21.476324205572062	17.24430033875159
21.476324205572062	17.24430033875159
23.587039595760903	81.43923568454251
23.587039595760903	81.43923568454251
23.587039595760903	81.43923568454251
18.3900692169309	17.3878399062
18.3900692169309	17.3878399062
47.753844175160566	80.59972923289602
47.753844175160566	80.59972923289602
51.63826980371812	54.81561700201049
51.63826980371812	54.81561700201049
44.667589186519415	80.7432702755594
44.667589186519415	80.7432702755594
44.667589186519415	80.7432702755594
46.56545828594925	52.775690091370926
46.56545828594925	52.775690091370926
41.2975391435329	24.00345727825025
41.2975391435329	24.00345727825025
34.39780581470559	14.651947586577322
34.39780581470559	14.651947586577322
35.94093404663366	64.08017780285311
35.94093404663366	64.08017780285311
35.94093404663366	64.08017780285311
21.308175248489587	1.9427775193694408
21.308175248489587	1.9427775193694408
22.92225224400399	16.091846245638358
22.92225224400399	16.091846245638358
15.951571626805293	42.019498043972305
15.951571626805293	42.019498043972305
11.038391876675767	34.851456305602326
11.038391876675767	34.851456305602326
12.581520108603822	84.27968652187812
12.581520108603822	84.27968652187812
12.581520108603822	84.27968652187812
5.681786779776505	74.9281768302052
5.681786779776505	74.9281768302052
9.49526511996267	84.42322608932653
9.49526511996267	84.42322608932653
38.92998884177867	13.355953926015681
38.92998884177867	13.355953926015681
33.662069699362334	83.583721112895
33.662069699362334	83.583721112895
33.662069699362334	83.583721112895
35.84373237792256	13.49949349346409
35.84373237792256	13.49949349346409
28.305463127248117	24.660440162282917
28.305463127248117	24.660440162282917
32.473683810151016	55.75968197136991
32.473683810151016	55.75968197136991
25.5030002425224	81.68733376970386
25.5030002425224	81.68733376970386
27.117077238036792	95.83640249597278
27.117077238036792	95.83640249597278
27.117077238036792	95.83640249597278
58.742335184291235	36.90000752698016
58.742335184291235	36.90000752698016
51.2484074356433	63.136478264544685
51.2484074356433	63.136478264544685
53.430071589418475	92.05225064511377
53.430071589418475	92.05225064511377
48.162152447002136	63.28001783199309
48.162152447002136	63.28001783199309
48.162152447002136	63.28001783199309
50.06002154643196	35.31243764780462
50.06002154643196	35.31243764780462
43.089340929233266	61.24009092135353
43.089340929233266	61.24009092135353
74.21795753038334	51.25782638240899
74.21795753038334	51.25782638240899
76.33754151602048	98.66786801716403
76.33754151602048	98.66786801716403
71.14057113719049	34.61647223882151
71.14057113719049	34.61647223882151
71.14057113719049	34.61647223882151
73.25128652737934	98.81140758461243
73.25128652737934	98.81140758461243
65.78396456507627	74.69319276342439
65.78396456507627	74.69319276342439
61.083632580920714	60.687665079818835
61.083632580920714	60.687665079818835
62.98150168035054	32.72008489563035
62.98150168035054	32.72008489563035
62.98150168035054	32.72008489563035
45.466465588876055	79.67363784625526
45.466465588876055	79.67363784625526
49.8918725893495	20.01091630363743
49.8918725893495	20.01091630363743
42.424550627046436	94.89270148244938
42.424550627046436	94.89270148244938
44.53526601723529	60.087636828240306
44.53526601723529	60.087636828240306
39.338295638405285	95.0362410498978
39.338295638405285	95.0362410498978
39.338295638405285	95.0362410498978
32.36761354599163	21.96389284823174
32.36761354599163	21.96389284823174
34.265484120636415	92.99631413925823
34.265484120636415	92.99631413925823
65.32315343341511	19.293212565535526
65.32315343341511	19.293212565535526
67.51368470742364	31.424091235068712
67.51368470742364	31.424091235068712
67.51368470742364	31.424091235068712
62.24576556500729	2.6518584219480434
62.24576556500729	2.6518584219480434
55.34603223617997	92.30034873027512
55.34603223617997	92.30034873027512
56.88916046810803	42.72857747133595
56.88916046810803	42.72857747133595
52.25977577232386	92.44388829772353
52.25977577232386	92.44388829772353
52.25977577232386	92.44388829772353
53.80290400425192	42.87211998921428
53.80290400425192	42.87211998921428
82.9449670267042	30.706388972181767
82.9449670267042	30.706388972181767
78.28897506936019	31.776385357321924
78.28897506936019	31.776385357321924
79.83210477650321	81.20461557359772
79.83210477650321	81.20461557359772
72.93237144767589	71.8531058819248
72.93237144767589	71.8531058819248
72.93237144767589	71.8531058819248
76.7458483126471	81.34815514104613
76.7458483126471	81.34815514104613
69.84611498381977	71.9966454493732
69.84611498381977	71.9966454493732
1.90378282138352	97.2935438756505
1.90378282138352	97.2935438756505
3.801654871243263	69.325965166677
3.801654871243263	69.325965166677
3.801654871243263	69.325965166677
95.8398413742779	78.46872177876007
95.8398413742779	78.46872177876007
0.7242670028354351	52.68461102308951
0.7242670028354351	52.68461102308951
92.75358491042178	78.61226282142346
92.75358491042178	78.61226282142346
94.36766043072123	92.76133007247742
94.36766043072123	92.76133007247742
94.36766043072123	92.76133007247742
89.66732844656568	78.75580238887187
89.66732844656568	78.75580238887187
72.22323964346255	90.43019237427494
72.22323964346255	90.43019237427494
74.3339550336514	55.62512772006586
74.3339550336514	55.62512772006586
69.39417097239196	98.8117700652335
69.39417097239196	98.8117700652335
71.00824796790636	13.960838791502418
71.00824796790636	13.960838791502418
71.00824796790636	13.960838791502418
64.0375658754927	39.888492065051324
64.0375658754927	39.888492065051324
58.840594021447735	74.83709628670883
58.840594021447735	74.83709628670883
60.951309411636586	40.032031632499745
60.951309411636586	40.032031632499745
92.07992748800162	30.049770043985127
92.07992748800162	30.049770043985127
92.07992748800162	30.049770043985127
94.19064287819046	94.24470391456109
94.19064287819046	94.24470391456109
87.01598456568104	11.22494647187974
87.01598456568104	11.22494647187974
81.7480654232647	81.45271365875907
81.7480654232647	81.45271365875907
83.92972810182494	11.368486039328149
83.92972810182494	11.368486039328149
83.92972810182494	11.368486039328149
76.39146032636545	22.529432708146977
76.39146032636545	22.529432708146977
80.84347311318378	11.512027081991528
80.84347311318378	11.512027081991528
10.630792317704369	76.74210646542328
10.630792317704369	76.74210646542328
12.812456471479548	6.65787884599237
12.812456471479548	6.65787884599237
7.872672410220103	49.84452266637496
7.872672410220103	49.84452266637496
7.872672410220103	49.84452266637496
0.33440463476062177	61.00546933519378
0.33440463476062177	61.00546933519378
2.5160673133208413	89.92124319097783
2.5160673133208413	89.92124319097783
96.24814817090451	61.14901037785715
96.24814817090451	61.14901037785715
98.42981084946473	90.06478275842625
98.42981084946473	90.06478275842625
98.42981084946473	90.06478275842625
30.487480162243433	16.361682659918497
30.487480162243433	16.361682659918497
23.587746833416116	7.010171493030612
23.587746833416116	7.010171493030612
25.13087506534417	56.43840318452137
25.13087506534417	56.43840318452137
20.226565385877898	32.48546625990053
20.226565385877898	32.48546625990053
22.337280776066734	96.68040013047649
22.337280776066734	96.68040013047649
22.337280776066734	96.68040013047649
14.869960288978634	72.56218530928844
14.869960288978634	72.56218530928844
0.1928599888080741	94.34926095705906
0.1928599888080741	94.34926095705906
1.8069369843224665	9.498329683327974
1.8069369843224665	9.498329683327974
93.83625489190881	35.42598295687688
93.83625489190881	35.42598295687688
97.69407473412149	59.99655628474393
97.69407473412149	59.99655628474393
97.69407473412149	59.99655628474393
90.51054782616377	92.76169402831343
90.51054782616377	92.76169402831343
92.62126321635262	57.95662937410435
92.62126321635262	57.95662937410435
87.42429136230766	92.90523359576186
87.42429136230766	92.90523359576186
17.779199200303996	73.90201810870873
17.779199200303996	73.90201810870873
17.779199200303996	73.90201810870873
21.66362335364657	48.117907353038156
21.66362335364657	48.117907353038156
14.692942736447876	74.04555767615715
14.692942736447876	74.04555767615715
16.307019731962267	88.19462640242607
16.307019731962267	88.19462640242607
11.615556343255017	57.40420353256966
11.615556343255017	57.40420353256966
11.615556343255017	57.40420353256966
4.432027960082349	90.16934127613918
4.432027960082349	90.16934127613918
5.975154716795446	40.597571492414964
5.975154716795446	40.597571492414964
37.67136142663622	45.38201355820052
37.67136142663622	45.38201355820052
39.21448965856428	94.8102437744763
39.21448965856428	94.8102437744763
32.31475485452201	85.45873408280339
32.31475485452201	85.45873408280339
32.31475485452201	85.45873408280339
27.091178689347128	71.76202533842843
27.091178689347128	71.76202533842843
29.20189407953597	36.95696068421934
29.20189407953597	36.95696068421934
22.0183656963633	69.72209695257389
22.0183656963633	69.72209695257389
25.83184403654947	79.2171476869102
25.83184403654947	79.2171476869102
25.83184403654947	79.2171476869102
55.257699162917184	24.934769234635233
55.257699162917184	24.934769234635233
49.98978002050084	95.16253789672952
49.98978002050084	95.16253789672952
52.17144417427602	25.07831175251357
52.17144417427602	25.07831175251357
44.63317344838662	36.23925842133239
44.63317344838662	36.23925842133239
49.09405483065324	8.436956133711128
49.09405483065324	8.436956133711128
41.55578705519376	19.597902802529944
41.55578705519376	19.597902802529944
41.55578705519376	19.597902802529944
43.45365615462359	90.63032261834148
43.45365615462359	90.63032261834148
28.776557329667988	13.417399741327044
28.776557329667988	13.417399741327044
21.309235367364927	88.299184920139
21.309235367364927	88.299184920139
23.419950757553767	53.49412026592992
23.419950757553767	53.49412026592992
23.419950757553767	53.49412026592992
18.196374592378888	39.79741152155495
18.196374592378888	39.79741152155495
20.37803727093912	68.71318390212403
20.37803727093912	68.71318390212403
15.110116653307822	39.94095108900337
15.110116653307822	39.94095108900337
44.2521796757601	27.775221547185808
44.2521796757601	27.775221547185808
46.36289506594894	91.97015541776177
46.36289506594894	91.97015541776177
46.36289506594894	91.97015541776177
41.16592468711895	27.918761114634215
41.16592468711895	27.918761114634215
43.27664007730779	92.11369793564009
43.27664007730779	92.11369793564009
35.80931811500473	67.9954816392371
35.80931811500473	67.9954816392371
31.117854726297466	37.20505876938068
31.117854726297466	37.20505876938068
31.117854726297466	37.20505876938068
32.7319302465969	51.35412602043465
32.7319302465969	51.35412602043465
62.086838084593246	32.350910533381516
62.086838084593246	32.350910533381516
66.25505729228118	63.450150867253555
66.25505729228118	63.450150867253555
58.71678804160673	74.61109753607238
58.71678804160673	74.61109753607238
60.898452195381914	4.526871391856428
60.898452195381914	4.526871391856428
60.898452195381914	4.526871391856428
55.67487455499209	89.83016412269642
55.67487455499209	89.83016412269642
48.70419246257843	16.757814445815402
48.70419246257843	16.757814445815402
52.58861809113596	89.97370369014482
52.58861809113596	89.97370369014482
81.9435259291323	70.97048672787675
81.9435259291323	70.97048672787675
81.9435259291323	70.97048672787675
83.84139650377709	43.002908018903234
83.84139650377709	43.002908018903234
78.57347736136076	14.230675205782555
78.57347736136076	14.230675205782555
71.67374255731848	4.879165514109629
71.67374255731848	4.879165514109629
73.22573938469483	37.522500544134566
73.22573938469483	37.522500544134566
68.59635616412562	87.23781137052214
68.59635616412562	87.23781137052214
68.59635616412562	87.23781137052214
70.13948439605367	37.66604011158297
70.13948439605367	37.66604011158297
53.26298127599638	64.10713522650119
53.26298127599638	64.10713522650119
47.99506213358004	35.334902413380505
47.99506213358004	35.334902413380505
49.89293123300988	7.36732370440699
49.89293123300988	7.36732370440699
49.89293123300988	7.36732370440699
42.92225061581119	33.29497550274093
42.92225061581119	33.29497550274093
46.78007045802384	57.86554883060798
46.78007045802384	57.86554883060798
39.880337129196526	48.51403913893506
39.880337129196526	48.51403913893506
70.93800644197523	73.81093904042731
70.93800644197523	73.81093904042731
73.1196705957504	3.7267114209964083
73.1196705957504	3.7267114209964083
73.1196705957504	3.7267114209964083
65.581399869861	14.887658089815226
65.581399869861	14.887658089815226
69.7496205527639	45.986899898902216
69.7496205527639	45.986899898902216
62.77893846035025	71.91455169723616
62.77893846035025	71.91455169723616
64.40188257609798	69.27872376203928
64.40188257609798	69.27872376203928
64.40188257609798	69.27872376203928
59.70155059194242	55.27319755364868
59.70155059194242	55.27319755364868
88.55981856004935	85.22411249664364
88.55981856004935	85.22411249664364
90.6705339502382	50.41904784243456
90.6705339502382	50.41904784243456
85.47356357140819	85.36765501452197
85.47356357140819	85.36765501452197
87.58427896159704	50.56258888509793
87.58427896159704	50.56258888509793
87.58427896159704	50.56258888509793
80.40075205363932	83.32772662866745
80.40075205363932	83.32772662866745
75.13283143600803	54.55549381554677
75.13283143600803	54.55549381554677
77.28788980343835	34.82595323008339
77.28788980343835	34.82595323008339
9.41650787980337	24.843690166353817
9.41650787980337	24.843690166353817
9.41650787980337	24.843690166353817
11.527223269992211	89.03862551214473
11.527223269992211	89.03862551214473
4.0599013076891515	64.92040921574173
4.0599013076891515	64.92040921574173
98.3595693235336	50.91488300735114
98.3595693235336	50.91488300735114
1.2574398981783932	22.947302823162673
1.2574398981783932	22.947302823162673
1.2574398981783932	22.947302823162673
92.72803924295225	17.323354305730625
73.94055942773045	40.09129813843984
67.04082609890314	30.739788446766912
67.04082609890314	30.739788446766912
68.58395433083119	80.16801718782774
68.58395433083119	80.16801718782774
63.95456963504702	30.883328014215333
63.95456963504702	30.883328014215333
65.49769786697507	80.31155823049113
65.49769786697507	80.31155823049113
65.49769786697507	80.31155823049113
58.32303955446566	96.29179931259482
58.32303955446566	96.29179931259482
89.94829602550514	37.3554043436022
89.94829602550514	37.3554043436022
91.56237302101954	51.50447306987112
91.56237302101954	51.50447306987112
84.59169092860589	77.43212486820507
84.59169092860589	77.43212486820507
84.59169092860589	77.43212486820507
88.47611655716342	51.6480141125345
88.47611655716342	51.6480141125345
81.50543593996473	77.57566443565348
81.50543593996473	77.57566443565348
76.30846261070482	13.524271607740893
76.30846261070482	13.524271607740893
78.41917800089365	77.71920695353181
78.41917800089365	77.71920695353181
8.534635237001059	16.908160020036913
8.534635237001059	16.908160020036913
8.534635237001059	16.908160020036913
12.419060865558604	90.12404926436635
12.419060865558604	90.12404926436635
5.448380248359908	17.05170253791525
5.448380248359908	17.05170253791525
7.062455768659341	31.20076978896921
7.062455768659341	31.20076978896921
2.3621223092888295	17.19524210536366
2.3621223092888295	17.19524210536366
2.3621223092888295	17.19524210536366
93.89480182220073	92.07702580896066
93.89480182220073	92.07702580896066
96.01438580783785	40.487067443715674
96.01438580783785	40.487067443715674
81.12444069212324	69.11162903672185
81.12444069212324	69.11162903672185
82.6675689240513	19.539859252997655
82.6675689240513	19.539859252997655
82.6675689240513	19.539859252997655
75.76783412000903	10.18834808610977
75.76783412000903	10.18834808610977
70.4999149775927	80.41611674820405
70.4999149775927	80.41611674820405
72.68157913136787	10.331890603988096
72.68157913136787	10.331890603988096
67.41365851373658	80.55965779086743
67.41365851373658	80.55965779086743
69.59532266751175	10.475430171436516
69.59532266751175	10.475430171436516
69.59532266751175	10.475430171436516
98.71077842840421	48.66438471315658
98.71077842840421	48.66438471315658
93.44285928598786	19.892153375250853
93.44285928598786	19.892153375250853
95.62452343976305	48.80792575581995
95.62452343976305	48.80792575581995
88.0862541890886	59.96887242463877
88.0862541890886	59.96887242463877
88.0862541890886	59.96887242463877
92.53826697590694	48.951465323268366
92.53826697590694	48.951465323268366
84.99999625001755	60.11241199208718
84.99999625001755	60.11241199208718
87.19053047445597	72.24329066162038
87.19053047445597	72.24329066162038
19.248199787234658	97.54019056311263
19.248199787234658	97.54019056311263
12.06467140406199	31.30532830668215
12.06467140406199	31.30532830668215
12.06467140406199	31.30532830668215
14.17538679425084	95.50026217725811
14.17538679425084	95.50026217725811
8.97841494020588	31.448867874130556
8.97841494020588	31.448867874130556
11.089131805609679	95.64380321992148
11.089131805609679	95.64380321992148
5.892159951564719	31.592408916793936
5.892159951564719	31.592408916793936
5.892159951564719	31.592408916793936
35.24706631434611	12.589193429740806
35.24706631434611	12.589193429740806
36.83453899873058	77.09294623954735
36.83453899873058	77.09294623954735
31.921359248601053	69.92490450117737
31.921359248601053	69.92490450117737
34.032076114004866	35.11983984696828
34.032076114004866	35.11983984696828
34.032076114004866	35.11983984696828
26.56475415170179	11.001625025780239
26.56475415170179	11.001625025780239
21.86442216754625	95.99609734217469
21.86442216754625	95.99609734217469
23.47849768784568	11.145164593228648
23.47849768784568	11.145164593228648
6.5310487546319695	72.86542119815373
6.5310487546319695	72.86542119815373
10.424342978637807	30.296413781017325
10.424342978637807	30.296413781017325
10.424342978637807	30.296413781017325
3.453662361439111	56.22406557935128
3.453662361439111	56.22406557935128
5.351531460868938	28.25648687037776
5.351531460868938	28.25648687037776
0.0836108432376399	98.48425405725709
0.0836108432376399	98.48425405725709
92.18387751441033	89.13274436558416
92.18387751441033	89.13274436558416
92.18387751441033	89.13274436558416
95.99735585459649	98.62779509992046
95.99735585459649	98.62779509992046
26.423210980964203	44.34541664764551
26.423210980964203	44.34541664764551
28.010682190133718	9.84916945745205
28.010682190133718	9.84916945745205
23.310348730763216	94.84364324906146
23.310348730763216	94.84364324906146
16.126821822805507	28.608780992630972
16.126821822805507	28.608780992630972
16.126821822805507	28.608780992630972
17.66995005473356	78.0370097336918
17.66995005473356	78.0370097336918
13.040565358949387	28.75232056007939
13.040565358949387	28.75232056007939
14.583693590877452	78.18055077635518
14.583693590877452	78.18055077635518
44.009550192460125	23.89817379929519
44.009550192460125	23.89817379929519
44.009550192460125	23.89817379929519
38.75049817027712	77.34104579992365
38.75049817027712	77.34104579992365
40.9321623240523	7.256818180492738
40.9321623240523	7.256818180492738
35.66424318163597	77.48458536737206
35.66424318163597	77.48458536737206
37.562112281065794	49.51700518318359
37.562112281065794	49.51700518318359
37.562112281065794	49.51700518318359
30.59143018865214	75.4446584567325
30.59143018865214	75.4446584567325
61.72004826501717	65.46239539300294
61.72004826501717	65.46239539300294
63.875106632447476	45.73285480753955
63.875106632447476	45.73285480753955
56.33683738177304	56.89380147635837
56.33683738177304	56.89380147635837
60.78885016859136	45.87639437498797
60.78885016859136	45.87639437498797
60.78885016859136	45.87639437498797
53.25058091791692	57.037341043806784
53.25058091791692	57.037341043806784
55.148451492561705	29.06976233483327
55.148451492561705	29.06976233483327
50.4481180331912	15.064234651227718
50.4481180331912	15.064234651227718
33.004030705303045	26.738624636630796
33.004030705303045	26.738624636630796
33.004030705303045	26.738624636630796
35.11474609549188	90.93355998242171
35.11474609549188	90.93355998242171
29.926642836895226	10.097269017828353
29.926642836895226	10.097269017828353
32.03735822708406	74.29220436361928
32.03735822708406	74.29220436361928
26.840386373039106	10.240810060491722
26.840386373039106	10.240810060491722
19.869704280625452	36.16846038361072
19.869704280625452	36.16846038361072
19.869704280625452	36.16846038361072
21.767574855270237	8.200881674637197
21.767574855270237	8.200881674637197
52.82524416804894	33.497781576129455
52.82524416804894	33.497781576129455
54.98030253547924	13.768240990666078
54.98030253547924	13.768240990666078
47.51298057317618	88.65002469426308
47.51298057317618	88.65002469426308
47.51298057317618	88.65002469426308
42.812648589020625	74.64449848587249
42.812648589020625	74.64449848587249
44.42672410932007	88.79356573692644
44.42672410932007	88.79356573692644
37.456043492121374	15.721217535260388
37.456043492121374	15.721217535260388
41.6242626998093	46.820459344347384
41.6242626998093	46.820459344347384
41.6242626998093	46.820459344347384
70.41158337954485	13.050537252564176
70.41158337954485	13.050537252564176
72.59324605810508	41.96631110834822
72.59324605810508	41.96631110834822
67.33419403592207	95.40918310897669
67.33419403592207	95.40918310897669
60.434462182309716	86.05767341730376
60.434462182309716	86.05767341730376
64.24793904728091	95.5527226764251
64.24793904728091	95.5527226764251
64.24793904728091	95.5527226764251
57.348204243238634	86.20121298475217
57.348204243238634	86.20121298475217
58.8913324751667	36.629443201027975
58.8913324751667	36.629443201027975
90.30374413066212	83.53053417727092
90.30374413066212	83.53053417727092
83.37740649070489	25.533708569135612
83.37740649070489	25.533708569135612
84.92053472263294	74.9619387854114
84.92053472263294	74.9619387854114
84.92053472263294	74.9619387854114
80.29114855163382	25.67724961179898
80.29114855163382	25.67724961179898
81.83427678356188	75.10547982807478
81.83427678356188	75.10547982807478
74.93454492994951	65.7539686611869
74.93454492994951	65.7539686611869
59.689855996303216	72.77434212987231
59.689855996303216	72.77434212987231
59.689855996303216	72.77434212987231
61.587726570948	44.806761945683824
61.587726570948	44.806761945683824
54.617044478534346	70.73441374401779
54.617044478534346	70.73441374401779
58.51033870254017	28.165406326881385
58.51033870254017	28.165406326881385
51.539656610126514	54.09305960043029
51.539656610126514	54.09305960043029
51.539656610126514	54.09305960043029
46.34268475608157	89.04166382208778
46.34268475608157	89.04166382208778
48.453400146270404	54.23659916787871
48.453400146270404	54.23659916787871
77.3116695895923	84.1875170613036
77.3116695895923	84.1875170613036
81.69273508803924	9.449271449940053
81.69273508803924	9.449271449940053
74.4826009185217	92.56909475226215
74.4826009185217	92.56909475226215
74.4826009185217	92.56909475226215
76.09667791403609	7.718163478531066
76.09667791403609	7.718163478531066
71.39634445466558	92.71263579492552
71.39634445466558	92.71263579492552
63.92902396757748	68.59442097373747
63.92902396757748	68.59442097373747
66.03973935776632	33.78935484431343
66.03973935776632	33.78935484431343
97.16835743413135	23.807093255798815
97.16835743413135	23.807093255798815
97.16835743413135	23.807093255798815
0.2790728243201964	88.00202860158973
0.2790728243201964	88.00202860158973
92.09554591636248	21.76716486994428
92.09554591636248	21.76716486994428
86.83649536939446	75.21003834578771
86.83649536939446	75.21003834578771
89.01815804795467	5.1258107263567965
89.01815804795467	5.1258107263567965
89.01815804795467	5.1258107263567965
83.75023743032337	75.35357791323612
83.75023743032337	75.35357791323612
85.93190158409855	5.269351769020176
85.93190158409855	5.269351769020176
15.719222263834109	70.49943115245193
15.719222263834109	70.49943115245193
11.089837568049935	21.214740503624547
11.089837568049935	21.214740503624547
12.632965799977988	70.64297071990033
12.632965799977988	70.64297071990033
5.422833105675403	54.76279254700747
5.422833105675403	54.76279254700747
5.422833105675403	54.76279254700747
9.874845892493735	43.74538839606698
9.874845892493735	43.74538839606698
2.3365781170342523	54.906335064885795
2.3365781170342523	54.906335064885795
4.518240795594472	83.82210744545489
4.518240795594472	83.82210744545489
88.27355333716312	90.84247943892534
88.27355333716312	90.84247943892534
88.27355333716312	90.84247943892534
81.37382000833581	81.49096974725241
81.37382000833581	81.49096974725241
85.187296873307	90.98601900637377
85.187296873307	90.98601900637377
78.01263856079758	7.966261563692412
78.01263856079758	7.966261563692412
80.12335395098643	72.16119690948334
80.12335395098643	72.16119690948334
74.92638209694148	8.109801131140822
74.92638209694148	8.109801131140822
74.92638209694148	8.109801131140822
5.2812899349378135	88.1065856440877
5.2812899349378135	88.1065856440877
6.895366930452206	3.255654370356621
6.895366930452206	3.255654370356621
2.1950334710816937	88.25012668675107
2.1950334710816937	88.25012668675107
3.809110466596097	3.3991939378050415
3.809110466596097	3.3991939378050415
3.809110466596097	3.3991939378050415
95.59897629707855	86.51901871534209
95.59897629707855	86.51901871534209
90.898644312923	72.51349103173654
90.898644312923	72.51349103173654
92.51272130843739	86.6625582827905
92.51272130843739	86.6625582827905
22.867627671218766	67.65934279573739
22.867627671218766	67.65934279573739
26.75205329977631	41.87523056485185
26.75205329977631	41.87523056485185
26.75205329977631	41.87523056485185
19.781372682577615	67.80288383840075
19.781372682577615	67.80288383840075
14.584400828532655	3.751488060058242
14.584400828532655	3.751488060058242
16.703984814169786	51.16152821959831
16.703984814169786	51.16152821959831
9.52045643099712	83.92666596316782
9.52045643099712	83.92666596316782
9.52045643099712	83.92666596316782
13.333934771183285	93.42171522228917
13.333934771183285	93.42171522228917
42.75979137276596	39.13933677001421
42.75979137276596	39.13933677001421
44.30291812947905	88.56756846150496
44.30291812947905	88.56756846150496
39.67353490890985	39.282879287892534
39.67353490890985	39.282879287892534
32.13526418302045	50.443825956711365
32.13526418302045	50.443825956711365
32.13526418302045	50.443825956711365
34.29032402566571	30.71428389603302
34.29032402566571	30.71428389603302
29.377145750751144	23.546243632878
29.377145750751144	23.546243632878
30.920272507464237	72.97447237393884
30.920272507464237	72.97447237393884
14.043772337836874	0.4155660136420769
14.043772337836874	0.4155660136420769
14.043772337836874	0.4155660136420769
8.775851720205576	70.64333320052141
8.775851720205576	70.64333320052141
10.957515873980753	0.5591070563054557
10.957515873980753	0.5591070563054557
5.689596731564425	70.78687424318477
5.689596731564425	70.78687424318477
7.880128005572937	82.917751437503
7.880128005572937	82.917751437503
7.880128005572937	82.917751437503
0.3418602301134557	94.07869810632182
0.3418602301134557	94.07869810632182
31.754271885608876	41.97978908256477
31.754271885608876	41.97978908256477
33.86498727579773	7.1747229531407335
33.86498727579773	7.1747229531407335
26.397665313494667	82.05650960716765
26.397665313494667	82.05650960716765
30.77872933672665	7.31826547101907
30.77872933672665	7.31826547101907
30.77872933672665	7.31826547101907
23.311408849638546	82.20004917461605
23.311408849638546	82.20004917461605
25.46646721706886	62.470508589152686
25.46646721706886	62.470508589152686
20.19854659943756	33.698275776032006
20.19854659943756	33.698275776032006
49.34060962188984	21.532544758999496
49.34060962188984	21.532544758999496
49.34060962188984	21.532544758999496
51.45132501207868	85.72748010479042
51.45132501207868	85.72748010479042
46.25435315803373	21.676085801662865
46.25435315803373	21.676085801662865
48.365068548222574	85.87102114745379
48.365068548222574	85.87102114745379
43.16809816939257	21.819626844326244
43.16809816939257	21.819626844326244
43.16809816939257	21.819626844326244
36.20628467242721	30.962383456409324
36.20628467242721	30.962383456409324
37.82036019272664	45.1114507074633
37.82036019272664	45.1114507074633
69.44561666376613	85.17505426325572
69.44561666376613	85.17505426325572
71.34348576319596	57.207477029497156
71.34348576319596	57.207477029497156
63.80521798773647	68.36842222310102
63.80521798773647	68.36842222310102
63.80521798773647	68.36842222310102
59.1758332919523	19.083734524703566
59.1758332919523	19.083734524703566
60.71896152388037	68.5119632657644
60.71896152388037	68.5119632657644
53.79262240870817	10.515139132844048
53.79262240870817	10.515139132844048
57.677048037265706	83.73102690195851
57.677048037265706	83.73102690195851
57.677048037265706	83.73102690195851
40.729599104052	46.45128350688359
40.729599104052	46.45128350688359
42.62746820348183	18.48370332269512
42.62746820348183	18.48370332269512
37.35954758585053	88.7114719847894
37.35954758585053	88.7114719847894
30.459815732238173	79.35996229311647
30.459815732238173	79.35996229311647
30.459815732238173	79.35996229311647
34.273292597209384	88.85501302745277
34.273292597209384	88.85501302745277
27.382427863830355	62.71860667431403
27.382427863830355	62.71860667431403
28.92555609575841	13.14683689058982
28.92555609575841	13.14683689058982
60.621761330384224	17.931280431590334
60.621761330384224	17.931280431590334
53.08349060449483	29.09222710040915
53.08349060449483	29.09222710040915
53.08349060449483	29.09222710040915
54.981361179139626	1.1246469162206798
54.981361179139626	1.1246469162206798
50.281029194984065	86.11912070783009
50.281029194984065	86.11912070783009
51.8951047152835	1.2681864836691004
51.8951047152835	1.2681864836691004
44.96876560011131	42.27136382596371
44.96876560011131	42.27136382596371
44.96876560011131	42.27136382596371
76.02643491289001	67.568262252241
76.02643491289001	67.568262252241
78.20810054188014	96.4840346328101
78.20810054188014	96.4840346328101
72.94017992424885	67.71180329490437
72.94017992424885	67.71180329490437
74.83804902367868	39.744224585930866
74.83804902367868	39.744224585930866
74.83804902367868	39.744224585930866
67.86736840647998	65.67187490904985
67.86736840647998	65.67187490904985
62.67039655243503	1.6204820811372591
62.67039655243503	1.6204820811372591
64.7899790628572	49.03052076546237
64.7899790628572	49.03052076546237
93.64824850617909	78.98143718367228
93.64824850617909	78.98143718367228
98.02931400462604	4.243194522738671
98.02931400462604	4.243194522738671
98.02931400462604	4.243194522738671
90.56199204232298	79.12497822633566
90.56199204232298	79.12497822633566
92.67270743251181	44.31991357212657
92.67270743251181	44.31991357212657
87.75952915759726	37.151871833756594
87.75952915759726	37.151871833756594
80.22126138213777	48.31281850257541
80.22126138213777	48.31281850257541
80.22126138213777	48.31281850257541
82.37631974956807	28.58327791711204
82.37631974956807	28.58327791711204
41.621436699618386	47.53670725910519
41.621436699618386	47.53670725910519
43.73215208980722	12.731642604896107
43.73215208980722	12.731642604896107
38.53518023576226	47.68024977698353
38.53518023576226	47.68024977698353
31.564498143348608	73.60790010010251
31.564498143348608	73.60790010010251
31.564498143348608	73.60790010010251
33.462370193208365	45.64031991591404
33.462370193208365	45.64031991591404
28.194449575577064	16.868088578008322
28.194449575577064	16.868088578008322
30.384980849585578	28.99896577232655
30.384980849585578	28.99896577232655
59.17230005410617	94.2290451557583
59.17230005410617	94.2290451557583
59.17230005410617	94.2290451557583
54.542916833536964	44.94435598214589
54.542916833536964	44.94435598214589
56.086045065465015	94.37258619842169
56.086045065465015	94.37258619842169
49.1863117366377	85.02107650674876
49.1863117366377	85.02107650674876
52.9997886016089	94.51612576587009
52.9997886016089	94.51612576587009
45.816261693651185	28.281263509439604
45.816261693651185	28.281263509439604
45.816261693651185	28.281263509439604
47.9713200610815	8.55172292397623
47.9713200610815	8.55172292397623
79.02898937386018	33.84862135025353
79.02898937386018	33.84862135025353
72.12925604503288	24.4971116585806
72.12925604503288	24.4971116585806
75.94273291000408	33.992162392916896
75.94273291000408	33.992162392916896
75.94273291000408	33.992162392916896
69.04299958117676	24.64065122602902
69.04299958117676	24.64065122602902
70.58612781310482	74.06888291751977
70.58612781310482	74.06888291751977
65.67295101340521	66.90083970393484
65.67295101340521	66.90083970393484
95.03672597163488	31.11272903063085
95.03672597163488	31.11272903063085
95.03672597163488	31.11272903063085
96.65080149193432	45.26179628168481
96.65080149193432	45.26179628168481
91.95046950777876	31.256270073294218
91.95046950777876	31.256270073294218
93.56454650329316	45.40533732434819
93.56454650329316	45.40533732434819
86.5938644108795	71.33298912268214
86.5938644108795	71.33298912268214
81.3968940320495	7.2815948195545825
81.3968940320495	7.2815948195545825
81.3968940320495	7.2815948195545825
83.50760942223836	71.47653016534551
83.50760942223836	71.47653016534551
66.32070693670579	91.38895679904375
66.32070693670579	91.38895679904375
70.2051340404783	65.60484604337319
70.2051340404783	65.60484604337319
63.23445047284969	91.53249784170714
63.23445047284969	91.53249784170714
63.23445047284969	91.53249784170714
58.037480094019685	27.481103538579585
58.037480094019685	27.481103538579585
60.14819548420852	91.67603740915554
60.14819548420852	91.67603740915554
52.68087352190546	67.55782406318247
52.68087352190546	67.55782406318247
57.06193902035241	91.81957992703389
57.06193902035241	91.81957992703389
57.06193902035241	91.81957992703389
86.21287063825298	62.8689537237505
86.21287063825298	62.8689537237505
87.75599739496609	13.297182464811343
87.75599739496609	13.297182464811343
83.12661417439686	63.01249329119892
83.12661417439686	63.01249329119892
75.58834344850747	74.17343996001773
75.58834344850747	74.17343996001773
77.77000760228266	4.089213815801785
77.77000760228266	4.089213815801785
77.77000760228266	4.089213815801785
72.50208845986631	74.31698100268112
72.50208845986631	74.31698100268112
74.68375261364149	4.232753383250206
74.68375261364149	4.232753383250206
4.799208374533937	42.42170792497026
4.799208374533937	42.42170792497026
98.53128775690266	13.649476587064544
98.53128775690266	13.649476587064544
98.53128775690266	13.649476587064544
1.7129519106778277	42.565250442848594
1.7129519106778277	42.565250442848594
95.44503276826148	13.793017629727922
95.44503276826148	13.793017629727922
97.62669692203667	42.708790010297015
97.62669692203667	42.708790010297015
90.08842767136223	53.86973667911583
90.08842767136223	53.86973667911583
90.08842767136223	53.86973667911583
22.78463290598805	58.654180220116345
22.78463290598805	58.654180220116345
24.336629733364397	91.29751377492632
24.336629733364397	91.29751377492632
17.15310135019173	25.062651518495837
17.15310135019173	25.062651518495837
21.53416684863868	49.32440738234726
21.53416684863868	49.32440738234726
14.06684488633562	25.206191085944248
14.06684488633562	25.206191085944248
14.06684488633562	25.206191085944248
16.17756027652446	89.40112643173516
16.17756027652446	89.40112643173516
10.98058989769446	25.349733603822582
10.98058989769446	25.349733603822582
93.03313948926579	87.0699887335327
93.03313948926579	87.0699887335327
96.89095933147846	12.64056353661469
96.89095933147846	12.64056353661469
96.89095933147846	12.64056353661469
89.70743242352074	45.4057012801842
89.70743242352074	45.4057012801842
91.8181478137096	10.600635150760167
91.8181478137096	10.600635150760167
86.6211774348796	45.549240847632625
86.6211774348796	45.549240847632625
79.65049386725099	71.47689264596657
79.65049386725099	71.47689264596657
79.65049386725099	71.47689264596657
81.26457086276538	85.6259613722355
81.26457086276538	85.6259613722355
13.88982880901982	26.689566403242875
13.88982880901982	26.689566403242875
15.512772924767546	24.053738468045974
15.512772924767546	24.053738468045974
8.542090832353892	49.98139026637993
8.542090832353892	49.98139026637993
3.628912557439325	42.81334852800994
3.628912557439325	42.81334852800994
3.628912557439325	42.81334852800994
5.172040789367379	92.24157726907077
5.172040789367379	92.24157726907077
97.27230746054006	82.89006757739786
97.27230746054006	82.89006757739786
2.0857843255112707	92.3851197869491
2.0857843255112707	92.3851197869491
31.511640927093943	38.10274133467416
31.511640927093943	38.10274133467416
31.511640927093943	38.10274133467416
26.288063286704105	24.406032590299183
26.288063286704105	24.406032590299183
28.398778676892956	88.60096646087514
28.398778676892956	88.60096646087514
21.215251768935246	22.36610567965962
21.215251768935246	22.36610567965962
25.028728633906443	31.861154938780953
25.028728633906443	31.861154938780953
18.128995305079126	22.50964524710803
18.128995305079126	22.50964524710803
18.128995305079126	22.50964524710803
19.67212353700718	71.93787398816887
19.67212353700718	71.93787398816887
51.368327296418045	76.72231752916937
51.368327296418045	76.72231752916937
43.838928116406855	71.09836901173733
43.838928116406855	71.09836901173733
46.02059079496708	1.0141413923064273
46.02059079496708	1.0141413923064273
46.02059079496708	1.0141413923064273
40.75267165255074	71.24190857918576
40.75267165255074	71.24190857918576
42.65054222719554	43.274329870212235
42.65054222719554	43.274329870212235
35.67986013478188	69.2019816685462
35.67986013478188	69.2019816685462
20.506119964721904	40.94319217200976
20.506119964721904	40.94319217200976
22.616835354910755	6.138126042585722
22.616835354910755	6.138126042585722
22.616835354910755	6.138126042585722
17.393259189735875	91.44141877342572
17.393259189735875	91.44141877342572
19.574923343511053	21.35719115399481
19.574923343511053	21.35719115399481
12.036652617621655	32.51813782281362
12.036652617621655	32.51813782281362
7.123475817922046	25.350096084443642
7.123475817922046	25.350096084443642
7.123475817922046	25.350096084443642
9.234191208110897	89.54503143023456
9.234191208110897	89.54503143023456
38.09246065143278	20.495947848444484
38.09246065143278	20.495947848444484
42.47352319944981	44.75770371229591
42.47352319944981	44.75770371229591
35.01507130781	3.8545922296420425
35.01507130781	3.8545922296420425
35.01507130781	3.8545922296420425
37.12578669799885	68.04952757543296
37.12578669799885	68.04952757543296
31.928816319168845	3.9981347475203686
31.928816319168845	3.9981347475203686
24.95813422675519	29.925785070639357
24.95813422675519	29.925785070639357
26.856004801399976	1.9582048864508859
26.856004801399976	1.9582048864508859
57.913674114178676	27.2551062631581
57.913674114178676	27.2551062631581
57.913674114178676	27.2551062631581
60.0953367927389	56.17087864372719
60.0953367927389	56.17087864372719
54.871760627564015	42.47416989935222
54.871760627564015	42.47416989935222
47.90107853515036	68.40182169768617
47.90107853515036	68.40182169768617
49.5151540554498	82.55088894874014
49.5151540554498	82.55088894874014
49.5151540554498	82.55088894874014
44.814820596079294	68.54536274034955
44.814820596079294	68.54536274034955
46.71269264593904	40.57778255616107
46.71269264593904	40.57778255616107
75.50001185045963	6.807860464377865
75.50001185045963	6.807860464377865
70.87062862989042	56.5231727659804
70.87062862989042	56.5231727659804
70.87062862989042	56.5231727659804
72.42262398205182	89.16650632079038
72.42262398205182	89.16650632079038
65.52289212843945	79.81499662911746
65.52289212843945	79.81499662911746
69.33636751819569	89.31004736345375
69.33636751819569	89.31004736345375
62.43663418936838	79.95853767178082
62.43663418936838	79.95853767178082
47.19194673093703	86.97890966525128
47.19194673093703	86.97890966525128
47.19194673093703	86.97890966525128
49.08981730558182	59.0113294810628
49.08981730558182	59.0113294810628
42.119135213168164	84.93898127939674
42.119135213168164	84.93898127939674
45.976956530595785	10.509556082478749
45.976956530595785	10.509556082478749
39.07722172655351	1.1580463908058243
39.07722172655351	1.1580463908058243
39.07722172655351	1.1580463908058243
40.62034995848157	50.586275131866664
40.62034995848157	50.586275131866664
35.99096673791235	1.3015874334692028
35.99096673791235	1.3015874334692028
64.77828594243294	66.531665341686
64.77828594243294	66.531665341686
66.67615504186278	38.564086632712474
66.67615504186278	38.564086632712474
66.67615504186278	38.564086632712474
61.975823057707224	24.558558949106924
61.975823057707224	24.558558949106924
63.59876864866991	21.92273101391003
63.59876864866991	21.92273101391003
56.62808655625626	47.85038281224398
56.62808655625626	47.85038281224398
51.4311147022113	82.79898850911644
51.4311147022113	82.79898850911644
53.54183009240015	47.99392385490736
53.54183009240015	47.99392385490736
53.54183009240015	47.99392385490736
84.67044816876518	38.01166079117778
84.67044816876518	38.01166079117778
86.78116355895402	3.206596136968701
86.78116355895402	3.206596136968701
79.59763517578136	35.97173388053822
79.59763517578136	35.97173388053822
74.37405901060647	22.275025136163244
74.37405901060647	22.275025136163244
74.37405901060647	22.275025136163244
76.48477440079532	86.46996048195416
76.48477440079532	86.46996048195416
69.01745243849226	62.35174418555115
69.01745243849226	62.35174418555115
73.39851793693921	86.61350004940257
73.39851793693921	86.61350004940257
3.256787380261096	17.564417942827454
3.256787380261096	17.564417942827454
5.367502770449936	81.75935181340341
5.367502770449936	81.75935181340341
5.367502770449936	81.75935181340341
0.4543244955353687	74.59131155024839
0.4543244955353687	74.59131155024839
91.91605524486093	85.75225821906722
91.91605524486093	85.75225821906722
94.1065879940844	97.88313393817049
94.1065879940844	97.88313393817049
88.83866737645312	69.11090260026477
88.83866737645312	69.11090260026477
88.83866737645312	69.11090260026477
91.02033153022829	98.02667645604882
91.02033153022829	98.02667645604882
75.77564407179695	6.047046974304305
75.77564407179695	6.047046974304305
68.87591074296962	95.69553728263139
68.87591074296962	95.69553728263139
70.41903897489769	46.12376602369222
70.41903897489769	46.12376602369222
70.41903897489769	46.12376602369222
65.47925491363824	89.31041131928978
65.47925491363824	89.31041131928978
67.66091906741343	19.226183699858865
67.66091906741343	19.226183699858865
60.12264834152403	30.38713036867768
60.12264834152403	30.38713036867768
91.8188550513648	35.171572434463236
91.8188550513648	35.171572434463236
93.36198328329286	84.59980412595398
93.36198328329286	84.59980412595398
93.36198328329286	84.59980412595398
86.46224847925058	75.2482929590661
86.46224847925058	75.2482929590661
90.27572681943674	84.7433436934024
90.27572681943674	84.7433436934024
83.09219843626408	18.508481436971913
83.09219843626408	18.508481436971913
85.21178389711616	65.91852012129702
85.21178389711616	65.91852012129702
85.21178389711616	65.91852012129702
80.0148120430712	1.867127293384427
80.0148120430712	1.867127293384427
10.369718405852595	81.86391033111634
10.369718405852595	81.86391033111634
14.25414403441013	56.07979810023082
14.25414403441013	56.07979810023082
7.283463417211434	82.00745137377972
7.283463417211434	82.00745137377972
8.897540412725826	96.15652010004865
8.897540412725826	96.15652010004865
8.897540412725826	96.15652010004865
3.9577563514663927	40.34316244521627
3.9577563514663927	40.34316244521627
95.98707278383777	66.27081571876518
95.98707278383777	66.27081571876518
97.60114977935217	80.41988296981916
97.60114977935217	80.41988296981916
30.226407725606617	21.483486525611564
30.226407725606617	21.483486525611564
30.226407725606617	21.483486525611564
31.84048472112101	35.6325552518805
31.84048472112101	35.6325552518805
24.869801153492396	61.56020705021444
24.869801153492396	61.56020705021444
19.672830774662394	96.50881274708689
19.672830774662394	96.50881274708689
21.79241476029953	44.918851431412
21.79241476029953	44.918851431412
14.60888637712686	77.68398917498152
14.60888637712686	77.68398917498152
14.60888637712686	77.68398917498152
18.422364717313027	87.17903990931781
18.422364717313027	87.17903990931781
1.5458615972557341	14.620135024236001
1.5458615972557341	14.620135024236001
95.27794393005435	84.84790221111533
95.27794393005435	84.84790221111533
97.45960660861458	14.763674591684422
97.45960660861458	14.763674591684422
97.45960660861458	14.763674591684422
89.92133735794015	25.924621260503237
89.92133735794015	25.924621260503237
94.34674435841359	65.26190119310037
94.34674435841359	65.26190119310037
87.16321745045587	98.02703893666988
87.16321745045587	98.02703893666988
88.70634568238394	48.45526767773072
88.70634568238394	48.45526767773072
88.70634568238394	48.45526767773072
21.402550917009755	53.23971269394619
21.402550917009755	53.23971269394619
13.864281666335316	64.40065788755004
13.864281666335316	64.40065788755004
16.045944344895535	93.3164317433341
16.045944344895535	93.3164317433341
10.778026677694164	64.54419893021343
10.778026677694164	64.54419893021343
12.968557951702676	76.67507612453164
12.968557951702676	76.67507612453164
7.700637334071379	47.90284478662594
7.700637334071379	47.90284478662594
7.700637334071379	47.90284478662594
36.84270035652366	35.73711229437846
36.84270035652366	35.73711229437846
38.95341574671251	0.932047640169381
38.95341574671251	0.932047640169381
33.756445367882506	35.88065333704184
33.756445367882506	35.88065333704184
35.86715928285639	1.0755886828327599
35.86715928285639	1.0755886828327599
28.399838795768286	75.95737386164471
28.399838795768286	75.95737386164471
23.743848313639234	77.02737024678486
23.743848313639234	77.02737024678486
25.286978020782257	27.455598987845693
25.286978020782257	27.455598987845693
25.286978020782257	27.455598987845693
54.42903956801958	15.289869446028144
54.42903956801958	15.289869446028144
58.81010359125156	39.55162530987957
58.81010359125156	39.55162530987957
51.34278310416346	15.43341048869151
51.34278310416346	15.43341048869151
53.45349849435231	79.62834583448243
53.45349849435231	79.62834583448243
53.45349849435231	79.62834583448243
48.25652664030735	15.576950056139932
48.25652664030735	15.576950056139932
41.29471314334199	24.719706668223015
41.29471314334199	24.719706668223015
45.179138771899524	97.93559591255244
45.179138771899524	97.93559591255244
28.23168983868582	60.65585251747751
28.23168983868582	60.65585251747751
28.23168983868582	60.65585251747751
30.129558938115647	32.68827233328904
30.129558938115647	32.68827233328904
24.861639795699308	3.916039520168364
24.861639795699308	3.916039520168364
17.961904991657033	93.56452982849544
17.961904991657033	93.56452982849544
19.505034698800056	43.99275856955628
19.505034698800056	43.99275856955628
14.875650003015881	93.70806939594385
14.875650003015881	93.70806939594385
14.875650003015881	93.70806939594385
16.4631212121854	59.21182515618031
16.4631212121854	59.21182515618031
45.81802757496677	40.208606718697276
45.81802757496677	40.208606718697276
40.90484930005222	33.0405649803273
40.90484930005222	33.0405649803273
42.44797753198027	82.46879667181804
42.44797753198027	82.46879667181804
35.54824567836791	73.11728698014512
35.54824567836791	73.11728698014512
39.361721068124154	82.61233623926645
39.361721068124154	82.61233623926645
39.361721068124154	82.61233623926645
32.47085633474513	56.475931361342674
32.47085633474513	56.475931361342674
63.52852712273879	81.77282978761997
63.52852712273879	81.77282978761997
65.71019127651397	11.688603643404022
65.71019127651397	11.688603643404022
58.17192055062456	22.84955031222284
58.17192055062456	22.84955031222284
58.17192055062456	22.84955031222284
62.3401397583125	53.94879212130983
62.3401397583125	53.94879212130983
55.36945914111381	79.87644391964378
55.36945914111381	79.87644391964378
56.983534661413245	94.02551117069774
56.983534661413245	94.02551117069774
52.28320267725769	80.01998348709219
52.28320267725769	80.01998348709219
81.11486485901973	61.32558693926964
81.11486485901973	61.32558693926964
81.11486485901973	61.32558693926964
83.29652901279493	90.24136079505371
83.29652901279493	90.24136079505371
78.02860839516363	61.46912798193302
78.02860839516363	61.46912798193302
79.92647896980841	33.50154779774456
79.92647896980841	33.50154779774456
72.95579687739476	59.4291995960785
72.95579687739476	59.4291995960785
72.95579687739476	59.4291995960785
67.75882649856477	94.37780529295095
67.75882649856477	94.37780529295095
69.87840900898695	42.78784545249101
69.87840900898695	42.78784545249101
29.123527434252203	61.74127479448417
29.123527434252203	61.74127479448417
31.23424282444104	26.936211615490045
31.23424282444104	26.936211615490045
23.76692233735294	2.817996794301989
23.76692233735294	2.817996794301989
23.76692233735294	2.817996794301989
19.06658887798244	87.81246911069644
19.06658887798244	87.81246911069644
20.964459452627224	59.84488892650797
20.964459452627224	59.84488892650797
13.426190201952783	71.00583707054174
13.426190201952783	71.00583707054174
17.878202988771104	59.988429969171335
17.878202988771104	59.988429969171335
17.878202988771104	59.988429969171335
46.70986664574812	41.294031946133835
46.70986664574812	41.294031946133835
48.820582035936965	6.488967291924755
48.820582035936965	6.488967291924755
43.623610181892005	41.437572988797214
43.623610181892005	41.437572988797214
36.65292956469331	67.36522478713115
36.65292956469331	67.36522478713115
38.550798664123135	39.397644602942684
38.550798664123135	39.397644602942684
38.550798664123135	39.397644602942684
33.282878046491845	10.625411789822012
33.282878046491845	10.625411789822012
35.47341079571532	22.756290459355196
35.47341079571532	22.756290459355196
66.53108010849401	48.053188885632494
66.53108010849401	48.053188885632494
59.63134677966669	38.70167919395957
59.63134677966669	38.70167919395957
59.63134677966669	38.70167919395957
61.1744735363798	88.12991088545033
61.1744735363798	88.12991088545033
56.54509031581058	38.84522023662295
56.54509031581058	38.84522023662295
58.088218547738634	88.27345045289874
58.088218547738634	88.27345045289874
50.90469163978093	22.03858819646825
50.90469163978093	22.03858819646825
82.52994811082041	62.10219322747564
82.52994811082041	62.10219322747564
82.52994811082041	62.10219322747564
84.11741784477498	27.605946037282173
84.11741784477498	27.605946037282173
77.21768451594765	18.25443634560925
77.21768451594765	18.25443634560925
81.0311628561338	27.749485604730584
81.0311628561338	27.749485604730584
74.1314295273065	18.39797591305767
74.1314295273065	18.39797591305767
74.1314295273065	18.39797591305767
68.86351038489016	88.62574309993698
68.86351038489016	88.62574309993698
70.76137948431999	60.65816439096348
70.76137948431999	60.65816439096348
53.822797671339615	6.593525809637692
53.822797671339615	6.593525809637692
57.70722329989716	79.80941505396711
57.70722329989716	79.80941505396711
50.73654268269846	6.737065377086101
50.73654268269846	6.737065377086101
50.73654268269846	6.737065377086101
52.35061967821285	20.88613410335502
52.35061967821285	20.88613410335502
47.65028621884234	6.880606419749469
47.65028621884234	6.880606419749469
40.18296425653928	81.76239159856142
40.18296425653928	81.76239159856142
42.29368112194309	46.95732546913739
42.29368112194309	46.95732546913739
42.29368112194309	46.95732546913739
73.70609130222356	93.85841644538033
73.70609130222356	93.85841644538033
75.29356398660802	59.36216925518688
75.29356398660802	59.36216925518688
68.32288041897941	85.28982252873578
68.32288041897941	85.28982252873578
63.12590856493446	21.238426750393273
63.12590856493446	21.238426750393273
63.12590856493446	21.238426750393273
65.23662543033826	85.4333620961842
65.23662543033826	85.4333620961842
60.039653576293304	21.381967793056653
60.039653576293304	21.381967793056653
62.150368966482155	85.57690313884757
62.150368966482155	85.57690313884757
91.30129910916777	56.62627693556419
91.30129910916777	56.62627693556419
86.03337849153647	27.854044122443522
86.03337849153647	27.854044122443522
86.03337849153647	27.854044122443522
88.2150441205266	56.76981797822757
88.2150441205266	56.76981797822757
80.67677486985217	67.93076464704639
80.67677486985217	67.93076464704639
85.1287876566705	56.91335902089094
85.1287876566705	56.91335902089094
77.59051693078109	68.07430568970976
77.59051693078109	68.07430568970976
79.77218108455628	96.99007807027886
79.77218108455628	96.99007807027886
12.157988428921788	95.24585460527437
12.157988428921788	95.24585460527437
12.157988428921788	95.24585460527437
4.61971770303239	7.4068012740931914
4.61971770303239	7.4068012740931914
6.801381856807567	36.32257365466228
6.801381856807567	36.32257365466228
1.5334612391762696	7.550340841541612
1.5334612391762696	7.550340841541612
3.7151253929514474	36.4661132221107
3.7151253929514474	36.4661132221107
3.7151253929514474	36.4661132221107
97.44720625053512	7.6938804089900215
97.44720625053512	7.6938804089900215
80.57070460569278	34.134975523908224
80.57070460569278	34.134975523908224
82.11383283762083	83.56320574018402
82.11383283762083	83.56320574018402
77.20952315815458	59.610268815563174
77.20952315815458	59.610268815563174
77.20952315815458	59.610268815563174
79.32024002355837	24.805202686139133
79.32024002355837	24.805202686139133
71.85291806125531	0.6869893401660477
71.85291806125531	0.6869893401660477
67.1525846018848	85.68146018134554
67.1525846018848	85.68146018134554
68.76666159739919	0.8305289076144573
68.76666159739919	0.8305289076144573
98.12156943539554	80.82731342056134
98.12156943539554	80.82731342056134
98.12156943539554	80.82731342056134
2.979389277608196	6.39788674842838
2.979389277608196	6.39788674842838
94.7958623696505	39.163024491997895
94.7958623696505	39.163024491997895
96.90657775983932	4.3579598377888145
96.90657775983932	4.3579598377888145
91.70960590579438	39.30656553466126
91.70960590579438	39.30656553466126
91.70960590579438	39.30656553466126
84.73892381338072	65.23421733299521
84.73892381338072	65.23421733299521
88.62335091715322	39.45010657732464
88.62335091715322	39.45010657732464
18.978257279934592	20.446889615056566
18.978257279934592	20.446889615056566
20.592332800234036	34.59595686611053
20.592332800234036	34.59595686611053
20.592332800234036	34.59595686611053
15.900869411526774	3.8055339962541113
15.900869411526774	3.8055339962541113
8.717342503569064	36.57067321503858
8.717342503569064	36.57067321503858
10.260470735497119	85.99890195609943
10.260470735497119	85.99890195609943
5.631086039712945	36.71421425770196
5.631086039712945	36.71421425770196
7.17421427164101	86.14244299876279
7.17421427164101	86.14244299876279
7.17421427164101	86.14244299876279
36.60007087322368	31.86006454648785
36.60007087322368	31.86006454648785
31.376493232833845	18.163355802112875
31.376493232833845	18.163355802112875
33.48720714780772	82.3582911479038
33.48720714780772	82.3582911479038
26.303680239850017	16.123428891473306
26.303680239850017	16.123428891473306
26.303680239850017	16.123428891473306
30.117158580036183	25.618479625809602
30.117158580036183	25.618479625809602
23.217425251208866	16.266968458921717
23.217425251208866	16.266968458921717
7.972737792777521	23.287341927607127
7.972737792777521	23.287341927607127
10.154400471337741	52.20311430817622
10.154400471337741	52.20311430817622
2.6161326958782594	63.36406097699504
2.6161326958782594	63.36406097699504
2.6161326958782594	63.36406097699504
7.077014078144871	35.56176016458873
7.077014078144871	35.56176016458873
98.53874335225547	46.72270683340755
98.53874335225547	46.72270683340755
1.436613926900269	18.75512664921908
1.436613926900269	18.75512664921908
95.73628194274471	4.749600440828486
95.73628194274471	4.749600440828486
95.73628194274471	4.749600440828486
25.594551386066602	34.70051538382345
25.594551386066602	34.70051538382345
27.705266776255442	98.89545072961437
27.705266776255442	98.89545072961437
22.481687660650657	85.19874198523941
22.481687660650657	85.19874198523941
24.663351814425834	15.114514365808498
24.663351814425834	15.114514365808498