46.528601132353	59.97330146667913
70.02447847854145	59.25872033013494
87.13492972865917	56.02014827478488
52.82368046794591	59.89601277005529
68.76514185669447	41.22746069518956
62.539164585855296	41.23696064406208
59.663384419354294	62.16807807360913
57.051293082477805	53.91210805800157
63.429051457447976	50.34048299455158
64.54238595790879	58.45841694339625
40.245391725862646	30.491243757375116
78.27137764173985	63.92736913453198
72.40828041143176	57.672605754198855
62.52714909206134	64.72698779047761
64.53545148381451	48.12331583038244
51.7964885390238	77.11633265611319
89.02993770739624	41.3258199914107
43.19228648847757	60.99791979615845
77.6394141206421	60.90893314320778
107.4528659001109	34.02404652107948
87.16334465639436	25.621530195954726
83.45800222402706	23.772065988772155
98.04598625983591	42.86912726099651
97.29305140920407	29.84951743980611
98.79143692776806	42.35258750228766
89.39021204842712	37.48342933484829
109.67371465845243	23.83697852187045
78.54998858367875	45.3137660826711
84.84415291634507	24.007881037074075
98.49901762714246	26.69736677553857
94.17420376238042	27.456959174790597
100.74291495458084	53.61473360402066
109.71258525198164	25.273675794300395
103.16438874223881	36.781428473281
101.42712496907313	32.08930835092573
101.5041589572641	21.83330738070248
101.02631438840979	16.387336681834064
101.02193697719166	30.92971466583435
72.14291727922236	75.52269179360167
51.90158589433564	104.27994970737049
75.28852704128768	73.7136934567471
69.26113449488835	80.16459619514974
89.5420561369301	70.02582454555429
69.12253645029602	94.4234632727646
67.80330338136714	84.65683147078775
88.06156112226019	75.02835972493284
63.451615393278665	88.8008426502791
80.6900707265207	80.39976651116422
74.49061755018516	92.8823765097004
72.8757256314576	87.76554783043767
70.91371642128057	98.57289992523837
88.92064727834519	78.03892564271617
80.53573236563051	76.57511212428888
69.6853611319217	81.96563241816787
69.13374065256768	86.44098382263083
68.37957084724285	100.57816265991227
81.10421078998519	84.05954504990373
32.34356151967515	52.725955105778155
59.77870009552974	60.90759281184538
45.994968031028336	76.25147020392302
62.63276398586555	55.432713360169856
66.04100155633616	53.87568779021612
54.93731620355619	57.27337097064446
61.8071743840171	77.75676475989331
62.26984589230555	72.97037012606135
64.69035074174298	52.899080987622455
74.931689483985	64.92157755817303
50.59981710691651	64.35745589943058
52.562552306970815	73.52623848657083
50.20477381512857	71.38316264759551
61.784922157538325	79.67379810105663
52.15757484121858	70.33955205020573
71.0287712901471	68.3198701310841
57.84154766281605	80.06725622510515
61.465523794836216	67.81692082905413
54.263985976660216	74.08593166819401
62.100875921821356	58.58054732173838