27.72378166614872	70.44868020127291
23.209688711192353	0.9603536063993267
16.655827654418516	29.997928700512993
18.890703380883448	57.2043314387919
12.336843799324571	86.24190653290556
12.620637378454964	44.12526057287809
15.174779590628498	61.075432180481194
45.32785659332627	16.43164550520591
47.482916435971525	95.70210491974254
39.102133568139244	18.428098708037812
41.30153491281101	13.774080716105185
63.73010216042019	35.77403962091676
57.22058555610277	79.8871402589911
59.65057038243014	34.82584742453614
53.380502904786695	21.746776558622326
53.61108491122734	80.33949876567009
56.165228598615826	97.28967332370311
49.26549526978852	87.93816363203018
52.130036847437324	12.417003720853241
81.62684073739138	21.855463778571423
82.22990375266029	68.48258668786815
76.21702406780237	63.64155394546449
78.92193240259688	92.24851033723291
72.16409512572727	12.338674715116328
74.93108362865982	22.45136332791379
65.9472421712035	96.55023273169736
68.52799016972192	63.14572025576286
52.07717963118266	75.91184348020992
54.604716057011316	44.21670212178057
54.82642946800367	20.594320990294147
48.31691286368625	64.70742162836848
50.92426812376449	79.94822359368139
42.56122244682879	68.1044284846899
44.902519843458286	91.89208603752859
38.53490076631354	65.44686222037423
41.14225455117683	80.68766418568713
41.39944234396235	88.92570230919726
71.20664559939166	5.892829372920441
73.67210333229725	91.69195579346204
67.15371665731658	53.589950142572285
69.30877502474688	33.86040955710891
63.40231996048342	25.600633104479982
64.05859307322713	70.51838489627156
57.53133780279817	49.20127738206257
59.65092178843531	96.61131606638767
89.52907528266593	77.29928164010397
90.1232682272716	41.711301210866516
83.6314873386358	52.25461000122417
86.15902523967941	20.55947011800978
80.75807716553871	45.56066509865198
82.88652827140916	76.18581007194119
74.31063925414438	71.17949795775534
76.83817715518799	39.48435807454094
7.25516368610741	1.9868748085168604
11.246010984829503	71.78402181783598
2.386328388434314	9.894357138892575
4.896129098581346	11.769006152964943
97.3511366372558	24.021687536042716
1.126993735636641	17.349479487374357
1.4640003626717453	72.52346093462675
93.92787649679451	67.99124565623872
96.41107142059666	21.220581704278615
79.55230696665092	14.091884971480136
82.25721530144543	42.6988398880336
73.1935550097395	69.86176596807492
75.9162005354306	64.89893051212665
69.00759861115499	72.3323160067046
71.55287222788023	7.067384275773522
65.01674983721794	2.5351689973854743
65.47791385009921	20.72061783712586
67.96997736934968	56.16505722369995
97.81265500657217	4.992603542419675
1.3401929076157821	72.29746218399032
91.55145759959197	74.128637490255
94.14107419355868	23.93922982806964
87.39210698735232	26.244500494917162
90.2034369923114	51.43271170124536
83.21501770900115	11.930155347295992
83.40125821341529	55.447354960813
86.04408638007175	3.548576181122476
16.877895421845952	68.16101768609306
11.228628150368005	68.13927935697427
13.862587721576169	33.02539576353461
13.915799294265922	31.316024646029454
7.645733291837437	18.23695378011565
10.146665406536187	36.896499455653824
3.5661985634174735	17.28876010852007
3.8588607379961584	57.387217487026774
33.302454530475416	68.5350486622501
35.82112383607074	53.62480396528657
29.30273716109007	15.522798314396802
31.519875696658428	76.29898994996246
25.187729526091896	81.71418538780466
27.360525084418782	28.414852954624607
27.981323815369322	41.47218844184954
21.09932620222363	97.55088690245994
23.78649734612156	60.727632191515134
7.309081021237418	24.848440974714777
7.619480386712688	31.377107980719757
1.0035406370157638	78.9089508538044
3.5754200400858824	62.289333564120746
95.98608607673384	59.46649087845282
98.23869899409536	53.10310176901503
98.49588678688087	61.34113989252517
91.95976439621859	56.808924614137126
94.70014563759129	18.276298785687164
25.374321436511202	88.0168536431732
25.66698361108989	29.115312496894866
19.15746700677247	73.22841165975424
21.339131160547648	3.1441855155382896
14.989246323869574	42.129169850667246
17.463572652223437	12.143401084958004
10.59931370518929	34.65231064828165
10.821028591396596	11.029929516795226
13.100245819888041	53.31185484860487
42.94292345711053	2.1393996921096408
45.452722692042606	4.0140501813969545
38.907731705932015	16.26673156447473
39.368897194028264	34.45218040421511
32.345003528924856	62.08920184483926
35.10312343640911	88.98678564388757
28.49605228216048	20.733731855506395
30.730928008625412	47.940134593785295
60.662290125115874	26.918729049996433
60.94608370424627	83.802081614754
63.26077678974583	58.94442620156021
56.93749921462759	47.574726453151555
59.43843132932633	66.23426917825981
52.583039502525516	71.9582835553326
52.85796448620762	46.62653278155597
46.250893331959	77.3734789931748
48.94693307130521	23.76532909597913
6.4892885465731505	97.4186459998568
9.007957852168474	82.50839835246336
9.318357217643744	89.03706535846835
2.7644976360848657	19.074641927796975
5.496011757224255	96.32691128559787
97.94215070045041	26.364486379711533
1.1060791385439703	88.85004913278235
91.21978928058894	77.31507296302144
93.99564490375482	70.64286491435308
24.4215015053375	16.360487937293087
27.392466228365823	36.420584315890885
27.46341499195216	1.1414228258840113
20.94502831697149	62.03941717499425
23.703148224455745	88.93700097404256
17.051734092965653	5.608424592130636
19.30434701032718	98.24503548269286
10.808273876882057	41.174668167464255
12.963332244312358	21.445124631570962
42.885827240569476	17.20861427403296
45.00540975099165	64.61865443357301
38.31852123770839	48.42965879666453
40.96135087957982	95.53088149218897
34.0527489553042	3.9642655115519454
34.292199557193136	45.772094007563794
36.775394480995296	98.00142858038875
30.43437971498047	21.201520679696756
32.651518250548826	81.97771231526241
62.51193160345294	96.23546678626548
62.80459377803163	37.33392563998713
58.32597520486842	98.70601682489516
51.3819003740146	74.27898306447652
53.91830539529156	25.79894651979631
47.71031808578616	93.22560935012649
49.92745809656947	55.00180098569214
50.202381605036614	29.67004873670057
33.742702471049064	59.22106714739849
36.243634585747806	77.88061282293667
29.689773528973966	7.918189392265297
30.159807612518495	9.318740095324916
23.588209364848076	71.92610851237022
25.78761070951984	67.27209052043759
19.171670959822926	15.803933393522232
21.885449365280678	27.62599164860988
51.3024358962001	89.12850985780074
51.68378402526171	60.37801389858391
54.27340061922842	10.188606236398538
47.79048980125588	3.947021315720293
50.158391509015274	76.37999478502135
41.298708912620086	14.490330106077952
44.02135443831118	9.52749317491475
37.148226895828735	48.821297924489244
39.63142181963089	2.0506339725291474
69.40315069326705	85.15734178125574
69.91752627883808	2.633418028276024
72.39185260719195	71.64764926256677
65.88233452765957	16.760748425426154
68.08173587233135	12.106731908708486
61.501271979642546	91.49899256157472
61.83827565624774	47.67297400882715
55.63028834674234	16.09963683915732
57.81195397573247	45.01540921972641
87.6191572311618	60.98253628344957
88.07145412380974	95.95287883422587
90.52804178605207	0.536900441018334
83.65491424356964	39.83070371537789
86.28887233956284	4.716820121938212
79.85030449883176	13.550759270005685
80.00993921690102	8.42264444227527
73.49155254192036	69.32064026660046
75.64661238456561	49.59109820592213
59.36430220911399	40.44421289160288
61.88297151470931	25.53396671942438
62.14016078270979	33.77200484293452
55.62177410772913	94.67000066725971
57.821175452400894	90.0159826753271
51.604319547447204	75.22754069190813
53.73277212853263	6.852684189982373
44.970642606853694	57.32917246227953
47.52478481902723	74.27934702031256
77.28764657243006	75.17095001529
80.09010945715578	18.144056407869076
80.32069146359642	76.73678156534675
73.75796328658924	23.55925184571128
75.98397041760589	67.55054977024103
69.38576638359059	81.51260079560899
72.13501769562656	26.195079780908173
63.34628238760275	28.026253611957905
65.37718189397192	45.28524563400654
95.3351512720222	72.90915453146512
97.88042488874746	7.644222800534041
91.37090680921509	51.757323438608374
91.64583326811214	26.425571189616797
94.22658126663056	92.0210587136823
87.63724730327851	89.1982145527994
90.18252092000375	23.933282821868314
83.34486775931448	95.08750682643938
83.56658264552179	71.46512569495296
14.329442923709653	72.35672868993042
17.105300022090493	65.68452211647703
10.489358797178612	14.216363514346696
12.724234523643553	41.4227662526256
13.008026627558987	98.30611881738315
6.498511498456529	43.419219455457494
9.176812571691196	23.38085845554858
2.534268510864354	22.26738688738579
4.778011357562619	32.68889296419887
85.33177716966232	60.05644489680881
87.54004563456742	38.61753171862534
80.7467354511196	25.84727831672714
83.18558739768031	63.00109029602134
76.91552139525182	49.92201795489256
76.97760156338987	31.427751651136553
79.72685140021088	75.11022916122077
72.79164516480536	33.89830168976624
75.3369187815306	67.63336995883517
6.170727823304792	33.24581146380576
6.534338761469826	38.06510587709063
98.58139385995275	30.422967302922864
2.3306436967737607	74.10544628822204
94.3333572932302	51.38778364530856
96.81655074181738	4.617119693348454
90.44006306922435	93.95679106244495
92.81683484764702	50.60486934549515
92.85230922944018	82.46528712527676
23.89009449131014	58.02513787126264
26.42649951258709	9.545101326582419
19.84603561989829	88.93736492987858
20.18303929650348	45.111344901916034
13.682391287634365	72.43955035373952
16.13011182964335	92.80846567156787
9.611725154662684	54.706460020678115
11.970761217403707	44.92433015144499
12.263423391982391	85.0227875299517
41.99080928837709	54.053971269932596
44.163604846703976	0.7546388367525374
37.56540228790364	14.716691337335467
39.87122530273995	6.643931110392529
33.10452090563702	42.51899362495673
35.596582949672516	77.96343301153081
26.98521955061454	41.09670311756337
29.069327679243557	56.64632402210685
12.778151858773551	64.28433241882351
15.101713539721416	22.641781819378863
8.55672107839587	34.894461727241676
8.911463421112602	56.49865427720732
11.41239553581134	75.15819700231559
5.018169197106764	0.06766021912875375
7.5723114092802986	17.017833301946826
97.81905195826462	50.70942638799312
1.0007146368248472	79.62520024377717
30.71036481753791	82.22617435625978
33.24676983881486	33.746139286794524
26.737251759282486	77.8592384496539
26.99444102728296	86.09727657316404
29.672745050947555	66.05891704847008
23.07454101693226	80.020969549053
25.602078917975874	48.325826715408695
17.052794211840997	91.96483051768524
19.358618701892265	83.8920702907423
49.29884941383101	46.085769560702595
51.471644972157904	91.78643712752253
44.953258297177236	53.68443295184773
45.3878179989286	23.22456587512574
47.91535589997221	90.52942599191134
41.37923350930992	85.99721071352329
43.525421806076984	83.05256531431078
36.989297940199734	78.52035151113769
37.406120451054505	81.63027333170245
66.91179293645685	74.28383967838472
69.26195892853463	81.28660352018751
62.61054627225949	96.95802713827558
65.17355707988132	97.1233050348428
58.2826923465023	70.986900156919
60.774755865752745	7.431339543493088
61.227052758400696	42.40168209426938
54.75300906066148	19.375201987340272
56.82825006905717	51.70971807813463
40.33309655327644	49.40031723383599
42.949318933588025	47.856224012898046
34.267006770943716	46.26865560893748
36.80341326743563	96.78861906425725
29.89481134316002	5.2220045588351915
32.44008495988527	38.95707282790411
25.859619591981517	19.34933495598532
26.311915009414506	54.31967898197657
28.901533078596167	4.130271319791203
58.6555262365507	21.806768025804562
61.15645687603448	40.46631370134274
54.327670835578544	94.83564104444798
51.96863772326744	5.617772388896067
43.14442803345045	74.5885284401642
45.858203488478296	86.41058817046681
75.6388024327777	53.73240079294254
77.84707237289776	32.29348761475906
71.23113262320084	79.8253304878437
71.78098259056503	29.161825989860546
74.3085190163937	96.46668463143118
67.79013381662799	58.36468045575638
70.11369402236089	16.722129856311728
61.493462027854626	95.64029514859514
63.67512618162981	25.5560690043792
93.60648977333523	4.53466051016042
96.0719475062408	90.33378693070203
89.580166617605	1.8770971962746552
91.77069789161352	14.00797586580784
92.0190185641657	39.03090770035388
85.51836908008161	66.35911315217736
88.04590698112524	34.663971793748004
81.69602214444717	73.64895612887696
81.96208000789593	65.10210201656616
65.22747589022629	20.98487120104071
67.817092484193	69.79546353885533
61.378524643461915	78.6294026869228
63.07241752279598	40.714413261719045
57.66260085320697	82.5005034286121
60.19013875425059	50.805362070182746
51.419140637123355	19.06674700394572
53.937808467503736	4.1565008317672145
83.68293303000996	38.61789419924639
86.44992005772755	48.7305813368289
86.71597792117632	40.18372427408817
79.71868856720283	17.466063106389655
82.24622646824646	84.77092322317526
75.50612638227345	70.29129870377193
78.07800873577348	53.67168141408827
71.55075199012956	32.35457094944936
71.80794125813003	40.592610548174456
2.7393033746205	19.571202053955684
4.947573314740555	97.13229035098715
97.36710942205175	77.52455247906838
0.9567245408035029	27.335144816883002
1.125227854321055	5.422136278116683
93.66892134747843	47.825862848255944
96.24967082121181	14.421350372321438
89.8465773622739	55.11570877538547
91.98389706359266	68.95595708720886
20.485277304185672	92.99584437787495
23.234528616221645	37.67832336317413
16.636326057421307	51.64037586375704
19.199336865043133	51.805653760324255
19.491999039621817	91.90411113883097
12.929269387399689	38.72658289441044
15.501150265684766	22.1069656047268
9.027108043160528	98.08048402258274
11.1023490515562	31.415000113377094
91.30137104572421	37.178359496021386
94.07722961932001	30.506152922567985
87.13315183803627	6.079117686934394
89.67842692997648	39.81418595600332
83.11569875296931	85.63665771158281
83.39062226143645	60.30490546259123
86.12213638257583	38.55717482039212
79.13371857448055	98.05461699122777
81.66125500030921	66.35947563279842
12.645830164704382	43.62869897150441
12.911888028153149	35.0818419087637
6.0121532241108735	25.730330741875814
8.49534814791303	77.9596667899157
1.9592242820357764	73.42745151152766
4.735082855631585	66.75524493807427
5.036613625658562	90.06880713033011
97.45614678253985	70.46106925841131
0.5491264570470633	69.22579497670395
30.365196832709717	68.4080253789613
33.05236945182261	31.584770668016482
24.23702688223895	83.77063153303375
26.463035488470556	28.76192798234855
20.237310988068575	30.75837970996548
22.481055309981798	41.17988726199352
15.900588466863084	21.572149390074724
16.22872502323494	93.53102454836305
18.800604426305068	76.91140873389435
48.5457289888113	12.372800626158561
51.10873979643313	12.53807999794073
42.32887455907257	96.5843586427396
45.03378289386707	26.19131355929307
38.479921837093244	55.22888865340675
40.65271739542013	1.9295576954416478
41.25577893547408	48.55668207995335
34.40925717933652	37.49579979556031
36.91018929403526	56.155345471098485
93.86936728015799	33.9185856707559
96.41464089688324	67.65365393982482
87.61703699341112	86.26972295712541
90.62347609823262	39.19024006593473
83.82129731933651	43.2048818502874
84.11395949391519	83.30334070400907
86.89868371252938	59.846235993874885
80.27387536738415	25.16297552842534
82.84575624566924	8.543358238741687
11.444691036193465	45.94939700543339
13.945621675677247	64.60894268097157
7.471579453152998	41.5824610988275
9.945904306291903	11.596692333118256
3.0905139547060583	17.320706710191036
3.321095961146698	75.91342891723879
5.857502457638606	27.43339384777354
98.34798585332119	71.54649448584787
2.0440241174524405	17.938343113437245
29.62522171708008	88.91417225263065
31.957651993476237	30.48672646693515
25.652111609254582	84.54723782123973
28.14417365329007	20.991677207813815
28.401361446075587	29.229715331323952
21.439549424325183	38.372471943407035
24.250879429284247	63.56068314973524
17.262460145974007	24.05812679578586
19.80773376269925	57.793195064854785
49.747965949852954	19.98689285960011
49.951943645163674	29.934303575830363
43.132027675370985	67.51873573268476
45.97883206212322	25.567366194009526
39.327417930633125	41.2387898120976
39.761977632384486	10.778922735375607
41.97911469273787	71.55511437094127
35.46072949297216	33.45311167048141
37.93505434611108	3.467341429557206
21.528586784813275	31.30898724753502
23.781199702174792	24.945599613312208
15.072280277970654	73.7127167681042
17.599818179014267	42.017576884889806
11.037090002007098	87.84004716525433
13.582363618732352	22.575115434323262
6.762447648939665	60.159549066392614
7.436457952579957	71.50751048568247
9.981733044520158	6.242578754751398
39.8244092065277	54.07012507347113
40.07272987907988	79.09305985844709
33.15525935935598	4.311340539275877
35.62071709226155	90.11046548460254
29.09346182183259	68.79335649517859
31.638736913772792	3.5284247642475095
32.13537530844724	53.574291383769506
25.49282977240545	52.46081981560672
28.03810486434565	86.19588808467564
57.80096514253351	87.0874910796531
58.013809958077566	80.25000513441753
51.6727966672777	3.4500957585106065
54.18259590220978	5.32474624779792
47.45136588690002	73.06022654214372
49.59755418366707	70.1155811429312
42.95500864762527	69.00210957476843
43.2654094883155	75.5307765807734
45.881631868627075	73.98668188462051
75.68883364884145	89.95381042355862
78.18089864330686	26.398249810132707
69.36555607372321	78.58411067514997
71.94630554745657	45.17959819921546
65.42792034769087	7.077592548325699
68.20377597085677	0.4053859748722968
68.41662226161577	92.56790002963673
61.66765358019447	94.87317069648425
64.15084850399663	48.102505269309184
47.637957797319324	79.36289479751227
50.1477570322514	81.23754528679957
43.212550796845875	40.025614864915134
43.68258340517544	41.42616851840467
36.969089105547305	75.59185991546371
39.72720901303156	3.489442239297067
33.21769240871414	47.6025428773714
33.46601160605137	72.62547471191743
36.037891009121495	56.00585742223379
65.61451225811018	13.380260803694247
68.20413032729184	62.19085314150888
59.41539501926803	64.02202844777356
61.942932920311655	32.32688708934421
55.415677649882696	11.00977809992026
58.16492896191866	54.69225561000448
58.386642372911005	31.069874478518056
51.54012061677344	20.008993669339972
54.07652563805039	70.52895712465977
83.81278160510834	22.775247153604752
86.36692529249684	39.72542023642281
77.57818850925807	41.55659406747255
80.17667517388803	73.58229121903632
73.6671585695706	18.695390381895706
76.18582639995098	3.785145684932155
76.42527700183992	45.59297418094402
70.09313083127338	51.00816961878622
72.61180013686871	36.09792344660772
3.4899521558843665	16.785889020324014
3.5254265376775358	48.646308275320585
96.00703986269687	10.544302624430824
98.7562926499478	54.22678160972999
92.22016878407055	49.69456633134194
94.38409574694914	13.180130559627713
94.9871572870031	59.8072549441394
88.14950412631383	31.961478948710468
91.02291429941093	38.655422376067705
72.2751478662687	42.70941064120684
74.40360192256907	73.33455561449604
69.44607919519808	51.09099128259531
71.6632192059814	12.867182918160974
65.07388524262936	10.04434023249303
65.53504925551063	28.229787597018458
58.998925389633385	23.69757379384538
61.48212031343554	75.92690836667032
91.29819216431316	75.10913876892766
93.46211912719176	38.594702997213425
93.67496394273581	31.757217051977857
87.19205312476326	25.515632131299622
89.9679102231441	18.843424082631262
83.40518204613694	64.66589583821074
83.63576405257757	24.258619520473466
76.67395055561221	33.40137613255655
79.45867624944135	9.944274372852284
10.257010909422386	42.69629662282631
12.367726299611226	7.891230493402269
12.997393626010068	4.163669319161389
6.55882431006403	12.99760846722885
8.926728968253345	85.43058046131495
2.4349480796175538	95.97389072688756
3.091221192361261	41.89164251867915
95.56396739714727	20.57453352925521
98.09150382297592	87.87939217082585
98.35756021120973	79.33253510808512
29.147026275742473	29.86945254431001
31.39963771788903	23.506063434872228
24.854648206993403	35.75874481795
27.355578846477194	54.41829049348818
18.71760966107434	67.9062461582733
21.24514608690301	36.21110479984395
14.717892291689008	14.893995810420007
17.236561597284332	98.9837496382415
0.3689285478903024	9.639948091693896
0.8566998223314161	76.4707113726817
3.313287484573736	80.05473150425922
95.79490080959307	41.95272585336945
98.00317074971312	20.513812675185964
91.42270538180937	0.9060748032671686
91.68876177004317	91.3592192157414
85.10829640213943	71.75148134382262
87.67130868497621	71.91675776517486
18.51398484698375	20.744305559109556
18.984020405743237	22.144856262169167
21.14794589340688	84.63042049045494
14.57634912095142	48.23778743228528
17.298993171427547	43.27495050112208
10.567763156117783	12.01043227068283
10.824950948903298	20.248470394192978
4.271091367344421	49.28604548830665
6.9848682975872265	61.10810521860925
36.348643255816896	25.31999454530527
39.115631758749444	35.432681682887775
39.3905582176465	10.100930909111153
32.87217154266583	70.99892525822139
35.39083937304621	56.08867908604288
28.49110751943385	46.73716939436997
31.018645420477466	15.042028035940609
22.212172921557073	50.442993714707015
24.784052324627194	33.823374949808404
54.51143822102188	2.8545586897893
57.11879200588518	18.095362130317177
57.38484986933395	9.54850506757645
51.06157229421571	97.17880531916781
45.430042213634344	63.58727661754728
47.99305302125617	63.75255598932945
48.534034393172085	29.87394667759715
41.89149033234525	28.76047510943437
44.13523317904352	39.181981186247455
27.60460528146962	5.01216108695224
28.23427260786845	1.2845999127113612
21.316802088144552	25.502879118325193
23.80886560739501	60.94731998011423
17.308216123310924	88.27552395672274
20.10180893737339	48.03352701076763
13.131128320174696	73.96117880910157
13.530213640132887	11.640893952597978
16.048881470513265	95.73064778041947
45.510210978674145	73.30868858314109
48.06435466606264	90.25886166595916
41.43067772546913	72.36049491154552
41.69673411370294	63.813637848804795
35.36458794313641	69.228833286647
38.61047912506179	63.95717889146817
32.065486663736245	76.20985879933099
34.841342286902126	69.53765222587758
62.174222164407496	16.490549530524945
64.91460340578023	76.95792370207498
58.30753225153159	8.704869913693807
60.86167593892009	25.65504299651187
61.21641828163681	47.25923259604761
54.706900202104435	91.37233323412194
57.18122653045831	61.3865644684127
50.308098987975875	1.6803677427722366
52.79129243656307	53.90970379081213
80.381358631639	9.100639218969642
82.93550084381253	26.050810826572746
76.42598423949512	70.16391146464709
77.03791289978241	1.0061421381228723
79.20184133787598	63.491704891193685
72.45287265645466	65.7969755580412
74.90059319846365	86.16589235108454
68.52410405065565	76.50556372018103
70.73237399077571	55.06665054199754
54.263824786124914	2.40256413894633
54.884623517075454	15.459898150956302
47.92281149532505	24.602654763039386
50.71640578460247	83.36065634186932
44.118203225802134	97.32270884245223
46.2643915225692	94.37806196802475
46.734425606113724	95.77861562151429
39.7371377273552	73.06095445381577
71.14067931218736	37.746937665879656
73.64161142688612	56.40648334141783
73.86332631309342	32.78410220993141
67.02567315240415	4.938326214502475
69.45565502830159	58.87703190483256
63.16785331019148	79.36775141142047
92.3187834528771	50.41712520813711
85.4367858397314	7.495826619177422
87.98206093167161	41.23089488824635
81.37498977742298	71.97784257508013
81.91597114933889	38.09923326334783
75.36211009256506	67.13680983267645
78.83858328093106	21.45787911976034
9.62805082067877	70.99479655598523
9.947317306387372	60.7385669005244
3.3845891293802017	7.561038656103876
6.142709036864457	34.4586224551522
98.58884945530558	63.496197549265865
98.92585313191077	19.67017899651828
2.293757790100092	92.10315246581933
94.89953145139552	17.01261273220259
79.04291385746191	93.19075552741221
81.57045175850554	61.495615644197805
74.9811177951535	58.67277295852987
75.32699006720698	97.06185921953143
77.81018351579417	50.29119379235637
71.26519400489855	62.54387517543413
73.42912096777714	26.029437928504944
66.91960288824477	70.14253709136432
67.40737268747093	37.97329889713717
97.00173260257115	60.77791338131086
0.49379464660663797	96.22235276788494
93.22372864417815	83.14328042675616
93.26807014620465	98.21880449550187
95.87542393106796	14.459606460814792
89.36590880196549	58.572707098889126
92.07968425699333	70.39476535397678
83.0514983470806	30.418112164229612
85.60564203446908	47.36828524704767
16.412845289898403	63.33541231077085
18.975857572735197	63.500690207338046
19.295125533658762	53.244462027092176
12.829950431367847	13.433085258697268
15.375225523308046	47.16815352776619
8.732678512051288	46.05468195960341
9.193844000147525	64.24013079934379
2.3295850531133775	86.74904036266744
4.928070242528384	19.77473603901625
34.38053115524097	14.13767350320368
37.005623606215806	94.80868509601487
31.196723091883566	0.9150615946264974
33.910498546911406	12.737119849714146
26.922079263601166	72.23456349576477
27.37437615624911	8.204906046541067
20.403694063835456	34.13255784487501
22.93123196487907	2.4374179616606106
80.0411745984078	90.85743851983847
82.59531681058135	8.80761012744158
82.83476741247027	50.61544009866839
76.2809078309114	79.65301519278205
78.95034178391273	76.39955085433897
72.38761360690556	23.222022609918454
72.63593427945774	48.24495591967944
66.11754760447708	10.142951744004638
68.6450855055207	77.4478103855753
98.12415220457817	21.456060815795187
1.6694258213034119	55.19112908486411
1.917746493855594	80.21406386984006
94.39049122342665	58.89695340520116
96.85594895633221	45.696079825742764
90.60362014480032	98.04721711211229
90.85193934213754	24.070150421873286
83.81030848613754	85.2769637102141
86.57729698907009	95.38965232301155
17.40223891061097	77.786989014233
19.965248243017836	77.9522669108002
20.22243751101831	86.19030503431034
13.60649628610643	34.72214790739499
16.169508568943215	34.8874258039622
91.02114841809535	26.72807916681004
49.72065440106783	45.77064113464962
52.16837494307682	66.13955645247799
45.685464125104275	59.8979700565848
45.95152051333808	51.351114469059034
48.73624473195226	27.89401123413982
42.22672812763484	72.00711187221415
44.745395958015216	57.09686570003566
35.974399316102954	25.358249158583664
38.50193721714657	92.66310927536927
67.88344936627281	23.305206754348607
70.81007111205967	28.289780539415656
63.919206378680656	2.1533756614918658
64.5311365141829	31.995604859752703
66.89017110170897	22.21347351530462
60.371785901943255	83.11146786441486
62.429289719442345	50.01577432771093
56.035064855952726	73.92523606930914
58.216727534512955	3.8410084498782315
39.61085862854339	36.33667373500363
42.17386943616522	36.50195163157084
35.60227413892471	0.10931857340117968
38.08546758751192	52.33865314622612
38.413604143883774	25.29752977972939
31.895217468903105	86.19552412883962
34.40501817905014	88.07017461812694
27.88663297928443	49.968168967237176
28.001923244897267	29.764531545976016
57.800259380093266	62.51655379595004
60.5140348351211	74.33861205103769
54.031124017148564	68.09702713035945
56.29260405474341	44.94874283467081
56.52318753639901	4.5414679921484815
49.57911123033023	79.11443423172986
52.399309830737586	87.51774877659224
45.74789569924749	4.189172394680323
47.99164002116071	14.610679946708352
77.85205484927978	28.868434417711413
78.20679719199651	50.47262549246211
71.53764586960985	0.7138394830518989
74.46426761539671	5.698413268118935
67.5113241890946	97.05627469395117
68.00796258376904	48.10214278868812
70.46455024601136	51.68616292026563
64.02598240528027	60.520102068333095
66.5623889017722	12.040065523652885
94.07263626259854	19.295057628068122
96.62677994998704	36.24522923567123
90.05518170231662	98.85259765271654
92.65366836694658	31.878293329065347
85.72732925177438	72.88147067135995
85.91356975618852	17.398670284876975
88.27260286849963	7.616538940428882
81.68326890514759	4.79369477954599
84.43252021718354	48.476173764845164
67.66244171772072	71.4985251695381
70.17224242786776	73.37317418361047
63.2547704329289	97.59145486443926
63.50309110548108	23.614389649415216
56.95809864415554	35.86706955727803
59.45903075885429	54.52661375760125
52.97611846566679	48.285028836923004
53.32199368815019	86.67411509792456
55.87613590032372	4.624288180742617
85.67447056030475	37.376308955501685
88.13105969776204	40.96033056229417
79.54630060983398	52.73891510957414
82.11818148811906	36.119297819890484
75.5643219065602	65.15687438921913
78.13620278484527	48.53725562432051
71.2187307899064	72.75553778036426
71.41383988976884	0.48784220763041397
74.18969551293473	92.81563563417701
4.8816085027512095	29.98640011916134
7.116482754001182	57.192801382225284
0.5980975542354725	19.090797206550466
0.7932066540979013	45.82310163381662
93.32803155180699	6.011726340636662
96.00633410025662	84.97336534072775
89.5145546868358	95.51667413108541
89.59437057065546	43.452617454827674
92.13964418738071	77.1876857238966
22.946848918024994	93.15481426283473
25.696100230060956	37.83729177291895
16.80094177665764	43.08720931419394
18.99147600109607	55.21808798372713
12.881041766306927	37.01090229008291
15.452922644592004	20.3912835251843
15.541608599074927	50.542331662675714
9.209462428508406	55.957527100517915
11.781341831578526	39.33790981083426
71.99414404888878	61.531425819875544
72.33114772549396	17.70540726712796
65.67973359400388	33.37683088521604
68.34916754700521	30.123366546772942
61.65341191348861	30.719266096115312
61.88399391992925	89.31198977837802
64.48247910934425	22.337686929941796
57.92861952778538	51.37526349927042
60.42955164248412	70.0348091748086
88.10830084161306	55.37679126524257
90.343176568078	82.5831925283065
83.88687006123537	25.98692057366073
86.05966561956227	71.68758961569564
79.4880688471068	35.29495508231102
82.01560674815042	3.599813723881663
82.52998233372145	20.075891446116906
75.54156305041121	79.57333361695257
78.48592198709466	50.98811702951789
9.248783740497473	51.879720024495356
11.492526587195737	62.30122610130844
2.703792754386886	64.13240140757313
5.390962423069845	27.30914669662831
97.69520678955325	27.905046245970677
1.2582190723900455	28.07032266732293
1.524275460623854	19.523465604582203
94.17439062394578	58.50845289014108
96.68419133409282	60.38310042899849
27.464790278392226	27.704914526689187
27.71310800051449	52.72784783645019
20.822243267135466	26.591442958526397
23.314306786385913	62.03588382031543
16.804790182068494	7.14898298317481
19.580647280449337	0.47677493450645037
19.855572264131435	74.14502268551487
13.328316993702476	52.82791369609093
15.65187867465034	11.185361621431321
98.27201542448246	87.67232335587151
98.6090205763026	43.846306278338886
92.11724116288177	54.389613593481585
94.69798916140019	20.98510111754707
87.97562626632376	71.93568770085697
88.37471158628195	9.615401369138423
90.94659098935207	91.99578555466972
84.44594298048294	20.32398953127825
86.9912165972082	54.059057800347176
15.46599252667129	29.45363064976584
17.85163290054223	68.31681522178015
11.235691675630349	16.848656619649827
13.417357304620484	45.764430475433876
6.863496247846648	74.80200556954755
9.461982912476612	7.827704196326271
9.648221941675791	51.34490380984329
3.103230955565205	63.597583717706094
5.923429555972548	72.00089973778344
35.70402850027195	39.32271236025918
35.99669067485065	79.42117121398084
29.469436879636643	58.10406074934195
31.79299561015458	16.461510149897293
25.460850914803007	21.876705587739497
25.726907303036818	13.32984852499878
27.873095599803868	10.385203125786258
21.709452742754888	92.88738854964718
23.917721207659994	71.4484753714637
53.636239983821355	57.26455577291041
54.124009783047505	25.095317578683265
47.516938628798876	55.84226526551704
50.097686627317294	22.43775278958254
43.57930290276655	83.33574713869278
43.889700793026854	89.86441561991272
46.08910213769862	85.21039615276513
39.49976817434657	82.3875534670972
42.09825483897653	15.413252093875927
25.576494061635977	63.45853680832986
26.277110151621144	24.451812668867156
19.61682742468276	56.90813147320608
22.135496730278085	41.997886776242545
22.40155311851189	33.451029713501825
15.900905109642768	60.77923369011034
18.44617872636802	94.51430343439422
11.936660646835644	39.62740259725361
12.58406516413106	2.330051050511003
42.0453961475069	78.90809037801766
44.5374581915424	15.352531239806694
38.15210192350107	22.477099270369003
38.44476409807976	62.57555517366075
40.981170594571665	14.095518628980539
34.037092813287934	88.66848634377686
36.591235025461465	6.618659426594927
30.08171842114406	50.73176006466927
30.51627812289542	20.271892987947275
59.942134724478095	64.98951453567231
63.79995456669075	89.56008786353937
57.28156789171008	51.45808516307952
57.82254926362599	17.57947437613226
50.86073576666063	26.722232463430302
53.299587713221335	63.87604296750954
46.95857442242147	86.0761335916026
49.486112323465086	54.380992233173245
49.75216871169889	45.83413517043252
79.2401025309897	72.05749041440157
81.80311481382648	72.22276978618372
75.57739178863946	74.21922151380066
76.88993653891193	65.05472804781374
70.37155133914621	26.952722396923978
72.8813505740783	28.827372886211293
66.38957116065747	39.37068020135399
67.10792444153921	65.79416716460453
50.57729506875037	31.624347065309315
53.11370156524228	82.1443105206291
53.39749514437268	40.02766456060162
46.54210479278682	45.75167893767441
49.24701312758132	74.35863237901292
42.489175850711725	93.44879970732626
45.273903019755814	69.99169499719207
36.46742904562046	6.392660675958483
38.799859322016616	46.96521489026298
68.84651317933486	5.740171925212962
71.36518248493019	89.8299242778195
71.43612977330157	54.55076278781264
65.13059086429487	9.611272666902261
67.67586448102013	43.34634241118614
60.705182388606474	69.27399273430514
63.25932460078001	86.22416729233815
54.64796120172205	49.357435923155755
57.14889331642078	68.01698159869393
86.5658798473402	30.519498332669837
89.04020617569408	0.533729566960592
82.67258562333438	73.08850427459127
84.75669522717834	88.63812665434972
85.28880800364595	71.54441252886829
78.74381701753538	83.79709243673109
80.84566528749089	65.77692149355792
74.33614720795852	10.89002213163225
76.89915801558034	11.055300028199461
5.595645880820822	61.827493221346664
8.078840804622978	15.056827794171607
1.1791074757956603	5.705318102498682
3.7155139722875794	56.22528155781846
96.16165291551374	85.2628581271471
96.49865806733389	41.43683809918454
0.36320112019765094	64.91567966322255
92.4457291252588	89.1339588688364
95.19498191250972	33.816439329350516
76.34966092943627	24.504274643249104
78.98362197585939	88.39039104980945
72.41202520340393	51.997756516424836
74.94843022468089	3.517719971744617
68.04869689585357	93.1662102800717
68.48325512238998	62.706344678564655
70.62944489437199	59.761697804137185
64.11105969460627	21.65969362846238
66.6208604047533	23.53434264253474
96.56995971214036	67.94314525102921
96.81828038469254	92.96608003600517
90.30876230516016	38.0791806740795
92.89838037434183	86.88977301189414
86.1760174792654	38.84035664477412
86.61944577646504	90.59559585701622
89.12924501139713	92.47024487108858
82.62859552731305	20.79845032291206
85.15613342835667	88.1033089644827
15.60859581628421	82.46624642867013
15.83917782272485	42.05896863571789
9.427214293123688	0.5382207498178246
11.65322142414034	44.52951867434758
5.046148794676749	75.27646636118136
7.609161077513534	75.44174425774857
7.884086061195634	50.10999200875698
1.392305172559843	60.65330079911464
3.9996604326381	75.89410276442756
33.77139078148921	60.00081057315416
34.20594900802561	29.540946446862087
27.660956546700067	41.793624879509935
29.798277723233785	55.63387466654828
23.262155332571492	51.101660863375194
23.918428445315197	96.01941265516676
26.135566980883556	57.795605765947386
19.59944459022126	53.263390487559334
22.100376704920002	71.92293616309752
5.729382050200419	32.625002711286854
7.902177608527304	78.3256702781068
98.01588775057228	66.79069263313093
1.7385332762633672	61.827855701967735
94.21127948104936	40.51074523732882
96.33086199147154	87.92078687208385
89.89229415074047	96.75472454493635
90.17608772987086	54.63807710969391
92.88099606466537	83.24503055103241
23.63498774740493	1.921530207475697
26.22460434137165	50.73212254529033
17.347184554079863	22.412248238848647
19.88359105057178	72.9322131693834
13.347468659909488	68.39999936621031
15.945953849324484	1.4256950425591177
16.194273046661706	26.448629827535076