83.73681126871686	29.123850732273926
65.56228788432739	43.69315504590162
81.23943968906758	27.908940798955314
91.66062733035677	8.357179138449194
66.22914829975697	12.937911158665795
72.60718570275236	30.761864706995375
79.19563898792437	35.04087276836306
96.7876260753975	23.141527599519332
82.5246263167006	23.84349665532091
76.13234789435852	29.826743585682078
58.35702843856859	21.52863158725735
89.14727438211777	18.022748802726525
83.93411421228403	49.199714628487556
92.3026968329331	30.53888105342223
83.9712767043868	26.130175539435474
82.42934847706692	23.739547248139974
62.31527720738342	17.383054765578784
78.3336277307864	27.369572471013857
75.18146019569048	24.482975258000923
47.4687440556185	69.9748790396507
68.87324291972372	87.81540542959254
50.741188755977845	63.38855329489968
50.36261413845957	76.89460148585884
66.72702792422814	81.20037757575076
62.815423784108646	69.16931360698852
31.28835558714819	80.02409866004886
43.83815024567643	74.9594924844912
60.63824867411803	65.02466759914707
62.33403378472073	62.80138942213297
61.61571633886409	68.48057206289337
58.363911059217116	93.61658519615796
64.11257554642204	51.46996584933111
74.1530436735453	81.63932972512919
40.70382553680966	86.27677080482047
47.37388944344593	82.09959115857234
69.8068003140343	80.20036125596496
59.8299632617386	67.43344995386887
38.62555035926307	83.17666129279583
29.501079948379765	21.040429169876173
22.727664026686668	3.296864457298044
20.677912460155838	16.89403036942926
43.59444720425862	21.34806870167369
24.64534183184638	-0.09042160962960111
60.06913706091495	8.42446183857604
12.558819662044066	14.418331449692113
41.26516683452314	7.083013185123896
45.23081024604837	26.23745221293614
22.852118616766617	-2.851603882287506
33.38835070145172	19.295841013914284
26.80619673047922	21.986211177312086
23.108573168220275	6.325519359767213
51.68218620660091	18.404120140273484
35.925943180930574	4.783902570365452
45.96413687186965	2.242274467543588
40.361965440067266	18.842175574110772
33.60618009908604	16.1239797026451
34.79747205101686	21.398204408950132
83.42215216185795	102.79736022980585
78.89169803152062	84.64191814195432
78.12607813109798	97.18266330738574
79.05545418090873	97.91642489629626
84.11540805620332	90.92490157095355
65.62663936820758	88.77049921586323
89.97465693505254	84.90934421686867
89.47751149528418	90.10330875080528
85.39088116632206	88.82392718446677
86.33207951199763	80.04505657588982
96.22921838972916	93.58363443017483
96.24684447763258	77.81196315317047
77.41781295722431	110.61853498220879
88.9968298592268	87.77094723747355
90.87957756763777	95.13307197532627
84.37662600643729	80.01005745813045
82.48668471612443	91.32300589190002
86.68008909982004	74.96129594310278
68.9979167114055	75.34286032855483
100.9385989299627	88.55124291053991