73.56254021526208	92.4037744638941
57.77663512547023	96.56273517870414
78.09002165285546	99.49780484382441
69.34239010180085	95.83719994026711
60.932204857954844	76.26434728481036
64.49776313447109	84.02638092488678
67.05822336134975	85.65972832871198
48.28624897440147	87.25921732216858
85.49824847328314	71.40894310429006
78.75144675276654	87.23013290658717
85.22904042224742	105.4096296160993
56.56063499939409	101.76723105857408
55.68970522765156	86.20125300657759
64.54740853827326	98.69694923566696
64.54800276317442	90.38174430711895
70.41583311581162	96.07400140248176
56.46519274199248	85.48681138684357
53.520381826889476	103.79042808754248
72.7033608701984	87.84034034301695
78.9017765442349	74.82056452825162
50.17621288901377	99.31864882676781
65.1160422765662	90.98727206470909
45.52020791618279	92.05461013830792
61.885196674816676	85.77782468781194
58.38839651232024	93.36304459509509
90.3997243944002	79.33587526341763
68.20454575229847	80.53003813380619
84.3178182496766	93.62823037438334
61.94216461729716	81.8582920040098
55.00313456782232	92.48131571391143
49.62122986389784	84.55374911186341
64.52959268738964	88.24490154500238
71.34634849988579	95.93083732747
63.96381532079033	79.37676448683924
76.23012321975347	71.0687830840258
68.68313614559196	94.88293840260044
68.53566064114663	97.24846630013187
75.47393753990795	78.89927223664972
75.36824794285948	73.08104233813518
76.97944548325796	83.95919997077698
74.11096557530378	94.00147512276858
79.01650751127404	89.35990550356478
81.57135424225078	89.95592811489024
79.50697371555249	74.84892123958798
60.41545875464893	84.62989990047089
54.6193125540652	89.2673937080119
79.62960146167879	89.58535362107146
79.55348725867266	77.20756334915487
79.13295857979591	67.46512601265383
82.4304443302953	88.52679078128595
68.51107976827359	86.78313911014328
54.6119316132637	90.44835865060043
85.2122904957784	86.62134870145819
70.62494503370259	87.57939921213737
86.48756749453796	75.48288456367733
62.25346983923622	81.57103803132843
70.7269545343404	101.87050693100026
71.54738211179777	78.8292060896352
51.65629294167259	105.09550332086421
57.90744082411987	69.24041123798932
69.9211933863589	92.81471527973245
70.02799488948719	97.73653360405444
68.86966127954413	69.09171883120047
92.20767866075441	86.14708580770389
52.90415363648812	111.67821957338496
70.43067196278669	91.57209916153812
60.156297883996444	77.1401245937548
77.8013066231941	91.5801656323032
69.43974991070253	89.29208597648937
82.85843212349896	80.11576454483236
57.281072232685915	94.04603918436405
74.51252536900155	92.56224265944536
86.61115245099563	105.28788421470604
52.60210757419283	79.88363284617998
78.49404712848107	84.79613593836278
66.41395746372041	89.83307603915166
66.78714462156812	110.16055741840536
66.98540748808165	90.06148355790128
80.78602517138755	73.54463121224248
83.74806408562218	94.51252167952842
76.83606982663878	88.41931579698115
66.58656970577672	84.1213671584478
72.9715776930171	105.79898107379275
64.18342984272144	75.61391701647993
68.53768076693748	106.30463280345904
72.48876214495766	93.66828510515903
79.0886799950021	91.58168294681131
78.5995915432762	85.47690574762527
76.69769377897067	87.24614566926884
69.30579388295538	99.4474820219886
71.72280496538416	80.40028446781712
81.62454536436277	91.24364416729088
73.67724239570153	86.70993640631066
70.14769569085709	80.86545081526837
77.06184858983066	85.42214833367868
56.28322746601221	103.24222205366064
46.622108202834056	88.84565736307047
88.65205447352972	94.963337207511
69.44163992045587	103.24670179159942
43.82811415922326	82.8660776347449
75.45824550443774	101.10261630642994
65.7632807390432	84.24893963081881
76.29652509618039	98.58998932015025
59.44808145067553	102.46401304499588
72.14248421988074	95.54176915153364
83.8308744497653	89.99432745948367
66.76248808856566	82.15208394428788
61.21641527221146	98.55099911738952
52.06552792586163	82.70033783136755
69.31644445049116	75.73361331095107
57.15212383419081	99.65534373933326
62.1543736545806	92.19555480127373
73.03481221783662	90.85544735431945
72.93348078181745	70.6329910987165
55.25147699288868	80.20658426696248
50.89794043386782	86.382647248671
68.47809461470658	85.85720021770632
69.82996086807155	90.6123120938095
78.0095034579994	89.26760849701405
52.85061357941987	91.77796191075939
65.28226703736594	90.41783236956077
45.01107856812876	96.44950261772792
60.84842445126335	103.44497765473376
50.83399296704171	82.50667495001326
71.72944746854661	82.92636961351859
56.9102578822149	103.83504864393092
75.62474673281497	89.76062433698692
58.21562305531316	95.3809553866162
75.84903294915318	79.57690989327526
49.81283534091203	103.88280122956594
67.82572406633217	80.59746105203455
85.38939639199621	94.75713454389603
59.95848425184068	107.9448856118971
68.4617697710838	87.53923660320851
62.04104568299992	82.37953099405915
74.93011814364975	82.11554172167746
79.3947121331184	102.28108290471417
63.466536766235	91.14081122276852
68.2427504396942	87.31227727024046
65.26258202853175	81.47155623428918
89.30472483713004	98.08133881387634
65.75443893773426	76.74400191760384
64.00216083496511	81.74761222201656
66.68967914675493	99.09318861497806
63.49717605524063	90.40255448420034
66.95158921192521	79.86168544764587
68.47645529393836	82.92692774818005
80.17594669537087	79.03632888962633
84.11313011202445	91.66924985505312
63.378838532318795	70.27028897712732
74.0233295536571	81.6103450122022
53.36422803353098	83.58044692051597
55.281287090357615	107.40848958632122
85.38102346147556	101.45636949908096
19.151078470367136	37.75400355621967
-3.06269336840687	41.20797149590468
3.9571024668556944	54.90088876130327
-15.098417007456458	55.50112443176831
4.689864189244814	57.4173060238656
1.4530735652526596	61.24994079841901
-4.703739841620128	51.913676049713224
17.571875831973596	53.09224074219712
12.501763577354126	73.43125073725483
11.030701971809869	57.67391931325017
2.9219758617225264	55.79122056303748
-15.58501834678152	55.54288969661065
-0.02174966498133646	61.7557773760183
0.09476380449836697	68.66595275092601
10.368421231466403	50.27422286956297
14.672419556559092	42.01322571119468
-5.923834431510698	58.824347109455076
9.176192827293015	48.34707791260394
15.65195581693536	48.34920250211138
2.317313895639705	61.22143511925732
-3.418761593025871	67.9189231748372
23.31091857010183	41.25994677767439
12.480300262741595	52.92813730423513
-8.210933726439062	63.86401346526208
12.026893230248326	53.94258975874471
9.975869772105227	55.522898756057366
15.41445587830598	62.39608243039804
13.765481644022161	69.79931250862194
4.2091818402592835	57.613691850893844
9.495185011983047	56.69922974505804
-0.29473581986333475	37.844411806989015
11.401379868842687	50.27483158441413
9.060037610703702	67.20865220315792
15.70684888538958	50.58985881118274
16.655094751638828	53.50844993868161
-8.250693614462154	60.32297506120951
14.54541148128687	51.305351971271804
-3.602363694524386	54.4219950927185
-2.8234804675996257	41.871475083545434
-0.33682318364763564	57.77916798571409
-5.573217565586789	43.450956826573034
23.72075988020972	54.90410631287145
9.372922140604784	67.53068515569664
19.063993686822542	40.85187479881965
11.074147740030106	64.69604718234697
-4.181063034765349	42.83881986332527
0.4817059994097539	78.81222605369715
-4.396781232542218	60.32142318931362
7.960295656677262	35.973749115797915
-11.681111259390054	61.88990204907278
14.248773046124555	56.349472016529695
5.710745277798269	64.79436080375578
-5.251110554835287	58.59754242193913
17.40674912877335	44.19160773688263
13.40420275029371	54.81517018849974
-6.185397422558247	58.50071880870837
-1.4101354914558382	66.97643849924364
29.514357882771925	58.40981558011617
4.120653218745497	68.00157173011422
10.328845328082817	49.52190162766392
-1.0961059910532134	53.84696376446093
7.838067841933746	54.964932848659096
2.088743914685182	59.458904333968725
12.482184974605023	56.71614425445634
15.18310718802913	52.774283861328115
-5.052765000733399	69.8102237281361
-0.844858314390347	47.80344791861056
-7.53765192925107	64.57533353511953
22.15458764888674	53.92815478248403
3.0211598909212376	54.599472861799946
7.9349673873244235	58.22638302226791
6.172341827037489	54.439531847086506
8.477094889834735	63.62041708186271
4.967703299195236	45.008676861997756
-20.08830552631508	68.44318106590401
-1.2288002813134442	58.95104771010371
-10.505921088038818	60.322993293416175
7.260618898733295	43.04936988696607
-1.1997006257113707	52.51899710187677
-6.647802230090464	43.5264038187489
1.590039117496378	68.52701537236628
6.960441947115676	59.85750825321999
23.13132687810149	48.495195813655755
27.513223920116943	67.99442814383696
0.1292485840174269	59.21404385621568
0.5445946269366413	54.35669083181304
7.927798971352288	59.21289699011015
2.363053013039705	64.69388144437792
1.8979239898503955	40.44377954170389
-2.74816764774637	61.84983484367546
3.9767205582036267	39.26452009519488
-2.049378149982144	56.52107072210223
-3.5786904767198875	47.99580622458482
7.63490690057112	61.38683123044474
-4.769566616978012	49.75730074374833
-5.039736111722047	49.243335821621876
10.496989463345624	46.58050369857404
11.667992047631735	49.295161664180476
-13.208128608307856	56.08910708287079
3.2741607957664804	78.09370800916375
11.36635322406697	48.99845684522722
6.467019107220628	47.13234139232155
18.95454534594926	36.94110779494401
6.1731866996732006	64.1947019242655
-5.285986810648958	35.45064293550898
9.44128490101548	56.403093806736585
2.0354674556144174	43.05996699795753
-2.8284747945277475	52.34466249590485
-6.529127572941376	68.29570276070288
8.344103840357256	64.11084250683955
5.9349802136139465	50.883896088029424
12.550692154567823	51.90609051170393
17.390880986617365	57.525911114884536
19.82298637090992	57.89269684061798
19.6691325473247	60.31710471218677
-13.859778971232206	51.06299092328408
-6.5483471228389325	62.62541928853298
1.428386191880044	51.506512430164996
21.23357882367326	52.52775769848248
14.657639263077968	36.74064503375378
9.121218826680092	40.02512442789214
12.045375949040558	55.07734721399667
1.6326761911156744	73.10186859317696
-1.461364423157737	51.59900631618998
0.7993637663612994	60.75713060523934
-3.8739590918150197	48.02517007376539
19.24185526405002	70.92403520280378
-4.466545129889986	76.14352955815615
15.403275633898215	48.11324256346192
6.396345239108594	49.750956199879724
27.508250341777	51.791904529253834
-0.453589058319511	56.437064469083296
-4.5391029572633235	66.81676104130139
13.34016555160151	47.108000474744344
9.079144015010224	50.1770993519432
9.254670682908571	81.06821937289561
12.520288588894491	71.05589764158884
4.611081035639487	63.65871948949116
11.715354100892238	60.79980449253343
1.2984253234785808	52.28165905444676
-16.424717511939857	50.44289282722144
12.659258169952395	56.108899383343996
15.254187849032785	28.17114096447685
6.020226554542799	65.90188297201671
-1.780673064924045	63.60728649816374
3.4720647514711938	50.31377046982563
12.005266110617299	63.06124370616789
12.847931656942926	61.2726699842662
-7.487597399588107	59.224009612934275
5.84477509290149	44.78697453686342
-16.07386268359767	57.60034795262413
2.8555789805995935	63.037240436169704
9.727212701646316	73.42980520158407
-0.9636398291068664	51.648647557307605
100.83635827134003	-1.6679915214802339
86.47526337448835	7.593471730974784
88.28404085366645	18.182471678487538
78.05343027032576	1.1128489147103444
80.09969513309912	10.33921582711578
85.97393199564262	25.465369305092345
85.81154158159094	-7.564548388269301
77.8119046635557	-20.07013151433064
92.10626075140317	2.2791808377301415
80.90975096789461	4.155675538263595
83.88456425737282	-0.08318195385250426
53.947615565678575	-2.982409297573536
94.4954288769419	17.890636608680502
101.32680166325436	3.6359272945783667
65.41725453664505	3.493301266592396
95.23658682628829	6.865060870354185
81.54637617932835	-7.549299855581735
91.63187428365522	1.2007240815387372
76.58216069548472	0.8283317984119156
89.60382060376855	4.123141683236721
80.23057931567726	25.664159212431976
66.93457072835207	10.572069756270283
100.86392121020583	-8.374571960919733
75.02054006791496	-4.317073514199002
95.74924283166925	-0.5628106565645119
86.51882364077072	-4.297558051960321
88.14711747267091	-2.460359360910447
90.60215141716276	0.17997945744367083
98.89208364837364	-7.618202064875053
85.84277578738164	7.073167183344134
63.0817640356603	-3.6897271868502735
86.9336377589476	8.842468411873199
94.78996182549217	-9.769098097329243
86.51115671276763	-7.157049781822776
102.73591721900348	21.494988034166994
63.68055501212721	13.525072891284166
73.30404631450668	6.746937846024474
82.44209666021145	6.718631962340099
92.46805916193568	-0.2445893499436771
84.75054705075236	5.251505174752067
92.34161801306391	18.907041066604553
94.25532861852435	9.914748029566624
96.11227582625224	-9.888270329088279
98.48212396555927	1.2566094754611625
91.90531511583536	17.788538565964743
105.78561633563677	15.024860996494334
87.07679123536299	8.425600088803304
74.33824559387857	4.11314832968163
94.65934461120717	-1.3791975423227507
78.39948385507964	0.44537831522407956
91.52056545239539	4.501900804313893
73.3481397137274	9.779248251448475
94.04657006164472	11.348456105312849
80.33479142931895	-22.971911737710215
86.24116696907804	9.158050229664969
102.94074614658933	-6.803862388300212
90.21658565308651	-14.1764836980047
93.53632985878727	14.624794441203074
73.89449770476857	5.906291129573606
102.90696320144345	-2.5888076191471763
89.15629060674105	-3.2142759308068403
90.47508687176129	16.988619185540394
71.15632146414005	26.96207453125617
80.4555711730686	6.610948243926892
87.8002964436054	0.7015238000417705
78.44523202621801	13.05636885227411
99.5246110437326	-5.825500819759904
92.76674375751303	19.474477121668997
112.79435809291562	18.251687264260703
95.29196079387827	-1.3058590013771978
79.78653132182399	19.070692314071167
98.41774288115734	14.475968092730714
94.8131565692157	33.68846526928127
97.74749665135025	16.43539437884619
88.35421224938844	5.071975539386593
82.3620121417517	17.421969465340634
89.17913800517226	-8.9541459467814
89.43283625939318	1.461516283311087
89.92003293216311	-10.351976526083016
77.42795730312365	5.353803611164372
66.80890957517215	13.988422553458882
91.06562276376313	22.09064144176957
94.60910068410155	-4.309120867389142
88.70086493462057	-3.5152608337488225
93.53967113375067	14.969975895834581
84.70323603503144	19.114411650030736
80.64646300021747	-4.543047365225238
97.86605163169958	23.88226148888625
99.01450583725324	-3.8943284710580723
79.46057129357752	-1.817831077357961
98.7776857635419	-2.629951243066473
82.47887506979909	2.965083217024958
89.7338308213902	4.474434724318991
93.71401443135503	-8.932437434078526
79.98151688057668	12.525465435585678
98.71720583718924	11.734096544637318
89.12021591160845	-0.5297902027707337
71.97659249930403	-18.174829869683798
97.74383295726777	-2.556710526716742
84.781605740571	11.075089825349142
66.64289531177167	4.325033183927162
104.71433737907148	19.40104339898951
85.99896648982637	-0.13139487244661652
92.95991309133616	11.359084894892607
81.45698483403685	2.4312324586099527
81.08381476345114	11.973809805349731
73.5576674066777	12.08085139228923
76.5207522559086	13.599829874347854
102.78298780854567	17.6532612593182
92.32786359336787	27.048740737789487
72.80933935227223	-0.23892232085270582
87.00250357678077	-7.056115409088433
78.83440095275924	-5.585440609979829
75.82811966051817	-8.59776359953347
100.1336031525194	0.32754091995628976
101.3490342694426	0.711272209068456
59.21967394078804	11.270981299444232
87.31506593705284	4.773943879193058
71.79593102983227	-0.4667836440914126
81.1216578518303	-1.7570221634863996
81.65218072303416	25.402581724708696
78.21224895816727	-9.679665960756315
61.25920758850873	25.400322772681825
94.42701942072658	8.777465875711266
94.77430085088857	-8.954979028350676
86.93799040937436	20.263200780886166
85.96775804215038	33.30520761795694
94.79605859980558	-16.77859056337494
86.72884124429422	-0.44847580625068684
72.2057342947452	-2.080272053561697
94.05836513556332	2.437891345344449
81.80023296363692	6.71787188912399
90.67013030901012	-13.29992652257535
71.53782677322988	23.638219974534557
71.2801272747827	13.326554342302234
89.75180584822517	-1.5848324578900845
99.26737613610399	-0.9272775178990917
92.15067040136276	10.803744331232531
109.23975909045205	20.862861490755172
98.6754736832258	10.431806970741235
82.47238982149669	13.08508712246573
78.44192043076339	2.1215619488062893
83.87845826886293	3.3440475996152417
89.06398874258826	15.94020365041378
82.77198379075277	-1.2944311048524577
88.06975546688236	-2.8339673437505457
89.25233596541045	-6.277893959115534
100.5113666575285	7.248783728673227
68.95700889930686	-4.506590638937411
82.39667219286203	1.3329181628901736
105.8518841877157	-4.929576296692774
95.5752137462787	3.35015735548454
92.44982706743602	1.8463074152743926
94.58859099895241	-10.24678073227874
14.962170651569489	24.066664619535093
13.6209775243109	50.39387861048486
17.938824929312158	58.998540772638705
21.572647957317834	40.82117437068733
4.7435984041227	35.95208075809282
16.55069276857037	62.55120257350237
18.428850556521006	33.93605500071204
27.639076188400228	60.69541219262656
23.88705634007264	31.692609657942214
40.810337357485295	47.505028099406815
20.941416688198004	43.140208216769096
9.697256119762503	40.82842015539064
3.3889989257804434	39.29011095622262
13.321999823147435	36.75359354056751
6.0294927930851845	56.029832361036014
0.6401420333540333	39.716780602449546
9.181977403635907	51.73613420791668
4.820714611066306	41.0337319314103
24.600214646896113	43.37072659866527
20.366880150083123	44.08398015019067
1.0069721044311475	47.36235502598898
4.432332088117949	38.493257308655686
-7.363900904827581	35.988146024259954
11.44714975608095	45.84368448587821
-3.020175996815933	34.62910809398766
15.46974457623724	30.99488673979003
15.356858226388391	67.52008066502117
7.693961316719003	46.38262230498278
23.106354275562516	39.65224339754776
25.787436752348064	39.71199559520247
14.754694703505432	35.20745509704634
26.256317371467915	29.538941633193645
25.35882551575171	38.3158058263089
12.454235858761171	47.12063020118671
28.43671367909647	51.70439747408575
4.393279721883086	44.27425467931369
21.09214559166923	55.23768232330951
24.195670447275862	43.09899615182361
23.17497194998587	48.98706369504782
0.749043834955053	66.92847520343389
26.25149388650304	45.968870457074146
10.351575097154218	46.847831251618175
24.432818006045196	61.62085205239771
5.213086854568626	24.679462972483343
6.162203880389466	34.977291000473016
12.412710115864689	39.41472768860597
14.321084883525305	38.93600596941255
33.052089033255854	37.99990587612495
19.570019810112125	52.308768247115545
2.7067985798926006	58.674032196105614
13.23687014468468	40.600805832079615
11.144167923501715	45.41360834044779
18.52723923294344	57.48509270372813
31.29528095158212	34.32449445056902
21.38754086945351	32.703735391029014
16.528714888827036	40.29119431627167
27.586596568780777	33.082386069783695
9.763934303087918	50.95366321424874
8.824941591324535	57.24155246958043
18.090106585809096	37.35762379527158
27.434837371577526	63.95731044275757
28.094513693719335	24.321996589485302
16.845923864816267	51.91320988476475
9.29748798756159	40.027481520067006
13.311115140423496	29.31371086544445
17.572965662484364	39.42640671863804
15.098728963617178	41.166128533172454
22.343937549633054	44.83856769368903
10.325899104578202	53.154959900340415
19.808741013466467	50.69830830486738
19.120643414369773	45.29666897934521
29.761958473363613	38.95076214420487
10.081355039224876	39.84689627482306
22.069722689068232	49.96064006440882
21.10286918927854	35.3462723688928
15.060724775575073	51.65674934072202
20.37246496691513	40.19414550423466
9.771101057586929	44.08754841603476
-12.519539573478493	42.01437960630005
14.820407156846942	57.39389372743529
23.09982816639342	39.921823226047316
9.400359048925324	42.424002212238435
24.00528073522152	53.92165755936111
14.274528374886426	47.18896628481965
26.91454020290677	34.94547253189394
28.626471785375873	47.73609580567216
16.646623337879586	60.886248532258904
17.88032714543518	33.68699398687144
8.778204291864377	53.46040915637878
10.626667270578013	46.81312006438182
14.442642595223926	38.690719897017644
20.386566260749834	40.150073997292054
34.630002229348776	54.26083008258955
31.83511228538844	58.78159058955917
13.111189337397265	52.49762804716635
17.20830333257239	41.619851800215734
31.64317809515606	34.31912704096453
9.468914032112188	42.288338660394025
9.81802564070672	56.997391565128424
13.120997505218416	47.10311347367233
20.720700268187326	43.34479263560116
20.503271010614323	35.22275166051948
37.484399762864754	59.06876788057384
8.388026642603027	61.03155499479414
20.400002305794164	41.388019199272
1.9414587730588728	53.30042268261409
2.5498351092640057	52.24071710981972
10.858473498338956	33.401009129467866
24.942524174498136	56.195741106346496
13.09609529414097	35.52752066062587
12.763144367803221	51.4979407438661
27.445535332916215	52.49274677209109
24.935217228873316	61.07729083869749
12.179903106957166	45.515831098297625
4.847150746723477	42.279508674683925
23.464573721626486	42.489650167490616
21.68712136658877	40.86881335198908
8.546890555388321	29.24183647605679
16.97450377211224	48.19995033323575
40.55956833611999	36.687451181821665
11.588318662309577	60.27939354483766
25.929772969645324	34.25827599303846
24.38071773051878	56.306395973446485
2.426307190485236	50.98324431616841
12.595428590618525	21.485169369365437
6.256423983727128	41.46297488897482
25.22348789630755	52.20667918356102
-0.8816676140818025	41.16394007235918
29.651147614411567	48.67956156375419
22.57334600942145	48.5766173126479
7.337622204074101	22.664258979508848
10.076688468186667	46.76832829428394
13.326005943222034	45.085561456302415
18.25190332416102	39.41719925459116
37.02445593508098	51.54959150362112
27.290871328005974	54.50893198170361
9.115626678998584	36.86704978376015
36.16381300132963	59.92053669089163
9.058091244708947	56.58024011882907
32.06556863539272	64.57263372244569
23.81415144941234	32.783351657373686
19.61182083184732	51.933506221963924
25.69833121958564	36.635371847528084
19.635472904808786	43.30057002863295
23.09348117276121	47.728406565096606
30.55075566661577	48.43748813395243
29.106741387932313	45.82364263320269
19.697027097729844	30.797632677926256
13.533863460573832	29.431600737149438
19.405321631865945	33.49133374547844
23.065687962506054	69.52532552324811
19.792138129757365	51.111109477979646
27.691130603388103	41.813599902641215
9.613033958417823	49.47203996597897
19.805547245333532	49.88968321967096
7.586719132531888	63.7938953328495