14.604554933667373	86.01454048478777
0.16260685815104048	91.4034839893242
8.039259495614164	89.79517999535442
-5.354202375118476	93.47312668814682
-17.991028951090257	97.50973101766571
4.270477054535781	89.36822448809545
16.79986753914002	83.96597794768823
-9.668317989675877	75.08576892477767
5.3100799395768	97.68049112007458
-6.751165854954682	74.82466909055675
-20.43194507205236	84.48235260609883
-1.1304922446631962	91.52990920922993
-7.074125823542801	102.92969557042743
-11.480138676592794	115.11263548629019
14.823223810878424	80.48822627960945
-9.912677627216526	91.25548541687456
-7.516771963926267	81.56379101620905
-0.12835460981672897	96.17893867877714
-15.108774958032626	95.9048834392988
-1.798656981556345	84.90244806185453
-18.856723115720182	70.05469605038073
4.672042876664288	80.6318420013136
-1.1874991418695804	96.73944341044921
1.1231310246986739	102.9627930275399
-19.126156590287884	84.89797149643323
-3.4667210680483334	95.42521411647708
-1.3345641972730298	72.36490324070766
16.6748098482862	90.11478727737992
13.252195923987683	94.53360668117972
-6.031609008107171	110.17472468083479
4.599327038438497	83.28320615901471
6.289711406557931	83.35157929356075
-6.783104848819628	101.23277590692474
0.0803369142247794	93.98681210480602
-0.788002335526035	90.60994472519167
11.159082296098369	77.29017175787376
5.207687540292175	93.00732801819841
12.568207294298432	96.90180383993594
5.855373771924331	88.55270888527477
-2.3174735416917516	80.53540102285619
-3.8866537853085172	80.72696050361367
7.367128104335341	104.2340167224593
-13.846202007041905	89.41518684007328
0.9740959487634925	102.38324640958768
-8.29824363163682	88.09575425204739
11.914849320308399	97.32707445626797
3.052210954557539	97.57452195602163
10.063607002004808	90.50142505265492
7.133141011494459	90.49352442787043
16.23933898626796	72.75234687616275
2.2983081219718544	103.73601392780336
12.026663394236435	85.68921858223
12.398460427434431	91.48635256072383
0.9410854935319368	89.96287421153329
-10.872855234577807	88.11511227379152
1.033698291768804	76.80080276504637
-1.8799466510983764	73.28400606317814
26.966626875828545	90.56639244120538
16.717053510804185	83.23206894785694
8.961796031899729	108.31017350368353
8.547155840907958	86.49030307716632
-1.0645985346356872	84.52230024455056
0.39809818640726546	83.73654880599511
11.138649443974485	94.58339115516857
10.46353387989883	94.88641440603558
-14.221103708439566	91.71248899997262
2.0971278912668643	101.47377495952796
25.462118654356985	92.17436532203804
-2.8647267362362014	88.78833806688118
9.01255505037864	86.43523939535208
8.968157467234086	105.78317713438211
3.3671142484346404	99.21396765514943
5.18926943831681	82.80415189708226
4.082373953618113	102.8933660054799
0.8420533243556713	88.6421869310424
-5.988381093153043	108.19994132617764
12.492197188782285	82.01198061333741
0.5030221458328855	82.40802592770441
6.455856246244849	93.84739488512588
11.210841568319665	85.34630917348011
13.394846832508195	100.38317741087518
-9.356984250240966	87.73059081442385
16.457199025242115	94.32205664363639
3.247430606878036	71.9142917443111
-9.161572781719556	95.39061568961405
-3.6781654228936875	83.9069773442226
-5.724721288051768	88.21827540623559
14.78779509579079	90.45018312749905
3.3899881893044275	84.13986740891147
-9.967972515081781	91.59080126078929
8.623022150296068	82.9448835924029
16.258349779806487	80.19858540337809
-4.135825598624253	102.37414445807481
-8.164688254379472	92.40752255112632
5.566492129919084	95.2486856383139
-10.250522271132812	105.7791965187973
-11.01843003463115	82.84078923088781
10.237478329990783	99.25544299634905
13.00519779200727	67.63770113073947
5.6354413455929055	85.7148495765111
-12.56664402329148	99.5209454232793
-19.14193600400017	92.63225510946079
-15.001243396171773	96.26991042567732
1.5043470577771156	93.27129153898724
-4.004451711530685	80.07977073816025
7.653333145946089	88.42022915792019
1.996933641991912	89.93019058202195
4.591614333476142	92.39800567144427
-7.6405838463672175	109.72606477588677
7.455041722752766	89.86058074129336
8.455789027805588	78.44569132416176
5.643918734631926	82.14872657529196
-22.782819447932834	84.97690562165306
1.0993345017687532	81.70532919184757
-4.003186497780659	81.80515632005579
0.26509454338951055	89.45466443035856
-6.633550691896035	79.32056738170752
-6.550094650602091	97.82906978917276
12.064342525793686	82.87049042155232
5.03027194712706	77.42629945614705
-2.397321788810991	104.89337580770778
5.021971355179534	91.10087157275056
-7.444569877035605	84.42954227990641
-8.074838102251213	100.4276608457773
6.577822038260523	76.74233393513803
10.858690045891061	88.81179927086211
-2.2275503795936857	92.53274246334061
-3.0385263716671993	94.68190959903728
-1.2442979289653833	94.71001196614478
20.38171356267594	73.44791371858835
-9.557497527877418	91.88962583742045
-8.499033850439421	93.26158488561609
-12.57905772988806	87.90376210419942
-14.290396881885934	92.97350325549284
-1.3374236349661324	88.37527390987445
3.6934267991333307	85.29649346415023
-6.252122658855935	91.37240502687494
10.406935785056644	94.68278412993297
8.082520431917256	101.40097294278414
-3.540671737542105	88.63245674291242
9.98200924991733	94.44786338909219
11.577335820531967	88.8123288329705
-7.19265002193813	103.36179755864761
-0.9212848991634535	104.55621796588613
-2.162838353605634	87.49393414389897
8.33967029150851	69.91478557892034
13.668789027929686	71.94138088134427
-4.140833371700717	84.11928572569599
15.71290110035102	81.65837591782915
1.1448246734213587	100.4105782487731
-4.4969107083629165	90.81871272350953
2.6096814950426626	72.81441651801433
10.54439417152201	103.4895859303925
9.563027711925683	83.90733388922547
12.492502837649965	99.8351415379589
6.957578535185224	77.73090305993584
4.787275801999826	94.99175475911326
17.9104501650436	96.95228851138364
4.990913346649277	90.3488956690242
-3.199520021001701	87.12277473638842
-4.434610020709256	84.39696481800749
-12.798554029647706	69.72697462596982
-5.589284780361162	90.2624820179081
14.594440242445167	78.56919001122822
5.283221604836024	90.34501620917116
0.4667469952013628	87.14248960597172
-8.735626327354346	100.90585666480837
-4.327618515188583	101.78846123621923
-6.6089859606952395	95.12223934712739
-6.782672679756631	101.58322541873704
-10.147964990937405	88.19420599259028
9.328331241127625	92.4956947621971
11.177424243842943	89.71019718374372
-1.3756364793635294	77.36969820002615
-5.0886706075579955	79.1762829051967
-0.0011674861408083048	96.68593196384104
-6.524057296354039	77.82254777058897
7.162317299711788	72.50816452627413
2.9654408393529734	84.61502539758706
23.45111136359714	94.28586225274111
-1.9888885239117755	99.81862710223932
3.4559015638391197	77.32429938540209
4.998559539222342	76.44218974539007
-17.991546180044246	74.18053323187264
7.887284574445479	83.9125015419742
3.016537984176134	111.72449121409969
9.057579283103792	96.53499845500832
-11.177900503452523	89.4367434757468
9.553719306528993	84.2969984787362
-6.917397952882935	90.64764570495063
5.422583786452556	83.9229584104861
4.703135812489651	77.86315693830018
-18.5138034224031	76.84985912151875
16.65203268034285	75.2191006882486
7.091860424017183	108.852244858755
-13.822025251557172	84.13410960652175
16.16357935490157	87.30042318631537
-21.49169492090031	84.99401397557719
-6.003393359412495	91.03033612052631
-3.6689356263082726	81.77062463570084
-7.160001333801816	86.46827480110471
-11.417145096273499	102.870311655256
-10.382998333700764	93.29918502080409
-2.7310528288143523	68.28825015072361
19.264520204146613	87.82689522014574
23.235999320099175	89.52896068227071
1.9858922308743352	96.66769145470826
-8.407981812336823	92.95316395015303
-7.073567879160272	85.58003222471781
4.648002425724512	90.88110688741504
6.637606205656791	79.76158846259446
2.990579675426207	108.3784546645822
-4.113591283281282	84.77359528316117
-12.193235278405597	100.89301769947122
5.403380045863726	73.26043862916262
2.182585298312155	97.4017528391021
1.5893467581198335	88.38734243544214
8.60481129741798	86.44798668099622
23.517756570315	81.93415936126831
4.139463002783319	93.57557913752744
-0.48980993752087554	83.2327419494293
-1.5335780060617847	86.35759545861065
5.1751856078488405	91.13071842142729
1.5781302713963825	93.96537840076608
-10.383511851343668	75.93691929126864
19.919142091190196	89.16985229740077
-15.568228535032919	91.56257586915598
10.607788865514358	99.45970582761268
-5.221889294840345	92.58617037329614
18.892599782747727	92.59309516859652
5.881189383131064	100.44536244260522
-10.951219724278475	88.22857639128269
3.4912729303516237	93.482105236078
-13.51252108924675	86.13456740971515
-8.123725297708845	91.54562051352964
-6.24477328647273	87.64635891082102
-30.449380850804836	110.8797519170432
-13.06871795294758	76.28370807121284
-8.434270611150247	100.65153360606803
4.702365037311571	84.5325698171558
17.241416925538175	78.21355868588054
8.77064101313843	103.85633602945602
-14.669174486460244	92.69234896409928
1.505915562142785	91.5713223518292
-9.568925206243913	91.95946428794166
2.916060801769553	85.64730449733716
-7.94873998933056	81.8609649795912
13.517960189679522	88.19270345075068
-0.1400587322570488	102.96254756884818
-14.524909559208318	107.67053578369327
4.783788862177242	92.24623490392243
-21.226478510339025	68.90449892139355
-4.724879167689972	86.20492040185022
9.173906615983862	95.08479627503074
-0.6518977928457288	98.13957576590778
6.345643182081705	92.35647304555991
3.617531679252681	108.69206895823712
6.720111892877201	92.99766876159808
-9.741736937252861	83.3054235760649
-0.5734917484243502	85.44337532477057
-6.742855094342763	73.19053754948706
4.395445586002738	85.9912810357677
-5.5567602799393345	98.28141341249022
0.9263391387133922	98.56623523647077
-9.532619347946921	98.04800541158858
-7.075590334951128	77.56027617975354
-8.453484650213946	85.17971599654399
8.39528808548597	91.6427264243465
-11.10614715999236	101.20792802730796
-10.84707919494301	106.9913991043407
-0.8218376162190131	86.69832852253919
11.603610111076351	90.97441576889571
-2.3376858880793825	83.86383256994131
-0.7429045924158706	89.6371077258481
21.4284814007788	93.47767947658352
7.9796783286953925	87.51510720565555
3.0019737548229815	83.54339007509736
7.202819381687512	75.65538478770334
10.859663272459143	93.71974979959045
-0.4555279008535642	89.23848943932133
-0.06912664417905545	94.28597007639769
13.924822549328086	100.01479181545784
14.235369226326425	90.79820701217555
17.708838085914472	81.73479608415192
5.657378785931368	97.14467593880705
-8.208726777160326	107.99283731890611
-0.1011838014214399	92.36190754702399
7.350718414558859	77.24040699178788
6.068752471166022	88.09024948380493
-3.3182729544705913	79.06555459983159
-19.604811852727497	87.58067711146423
8.824255683270389	77.88151790880974
10.065664018189086	102.91708339675655
0.9154258780643615	113.52551701239375
-12.875728720069013	114.12092853128222
-9.036442311189832	95.25687717930066
1.956257529453899	82.23777534186773
-3.3042123836460804	77.70457816811081
-10.195179110990326	102.09534179087917
12.881582426929622	97.36514472310485
-13.556707262819899	103.38395630076191
-12.164333015262931	92.93826383365928
5.082475224471642	82.9949596250779
4.020117228352156	79.31691075855076
10.181861210701305	95.54920614552098
-3.6132656670852037	90.87024296750386
-3.5731477836798855	98.82906055609841
-1.5804585856057658	95.64205566279875
12.95767120354502	70.97682039508112
-6.305366422565811	103.4268385584488
-7.950657677165541	83.82703359831523
-15.92653000618676	87.9564020506287
-3.8259051586741815	103.5838352967924
12.894727730296502	87.45811773943782
-8.305252064167929	96.56857543950909
3.4335156113143905	87.73001252333779
-0.3920310516977392	103.63414801153397
22.760604602839198	79.24415524072836
-5.035332866519228	105.55332385711962
1.1303709681624483	87.34003753000647
15.344003353127894	93.19381426356304
0.2968321550054036	96.22470629995985
-2.9560657394799636	100.20505823545173
14.880401038531094	95.20881190379035
12.326300434227376	97.41928260161563
2.01759760647215	50.51698649711615
-7.658278997636511	78.4822809889996
6.065238162505004	78.24135345342978
4.685732084008075	100.40330514954432
-5.395323024495546	106.80035459877118
9.681448327951227	93.7953913570948
19.820180569907688	95.08400844884868
-3.1728445921641524	82.21535533391214
3.3871025606063125	70.29342093887763
-11.456938981403892	92.29440002017569
-9.001395143253294	70.53033711485931
1.8986831420588262	78.13423209985862
12.953085590698947	96.2759520886759
-5.677468093777403	91.67782171902468
7.003438816071025	88.92785981304995
4.696591769680538	102.60716353623788
7.889563246798634	82.06098905516225
-17.937189224718807	87.8129697965391
-15.20300706305883	81.95426614222553
-2.160408770371025	88.02087653855612
3.8309409865288795	94.70567133013166
6.601207672199747	102.43504130903915
-1.0224209889846165	85.16631966762223
0.8167384548853447	96.23682955415144
-4.965062901410487	95.07677171200635
-4.948534539187085	96.60947988014543
-1.841161648266493	88.35056772667609
14.82418393352551	92.37849908528835
10.3220450370978	102.003793182967
-14.791556501413435	90.85752920664902
-6.183849472664946	81.37912819011403
-13.081961959570545	98.10958793133237
2.1138399920276103	97.10334358851794
-11.250931645679902	66.373656839331
17.082587543553633	104.75609175994553
-9.472939124677172	89.14868035241041
4.878082398869542	80.55203100284663
-2.0363765923808335	87.00956380783678
7.881319414917847	85.62201131534536
12.849721391627702	94.89650291260591
3.8286240095480526	69.09110753589462
10.461219127232837	97.93436883737984
1.7644788542195982	91.67865570863168
-7.1427064037967725	97.32872364478015
-13.524853521009268	97.60951969700434
-2.493733463770785	90.81085175923232
20.150724016814042	93.42962905797499
11.282094357179306	87.99466157802183
5.9094720029453836	97.14442633943013
-1.4845793111278245	70.27207896393773
20.012145840856615	97.12766628684737
-16.853621407925083	86.66125101128422
10.339669931254914	83.6449491773638
1.0488240541193488	88.49653438579513
22.508390448232053	96.5344590670694
-9.00050344119776	101.45351417606624
-3.4066004934749867	106.94523897009113
-13.000190669734986	72.9929241549104
1.0360991952070275	93.22142174738529
12.796615433251853	100.95967453503323
13.39708751137348	84.30602949108865
-7.857467555444705	100.77195283607944
10.398910631052257	78.1490513129078
-11.336691592887643	87.05904992460673
-5.132983750506408	89.06738836369594
-1.5406793973548396	69.37332755192325
0.788345912138981	97.13222963763609
-6.445149569143924	77.34004549054467
-13.041519474085572	89.41924411573024
8.957043808095618	100.46086605685315
8.149574089257898	90.94041967188956
-5.730128085735661	91.84842895180658
14.524758343530891	98.86945673197752
-4.897247562240466	94.64352122131118
-19.78796884709886	89.09865760738889
-0.25184416147480415	92.93954189020627
2.7991134781314715	87.48068257809341
-4.46766399737032	99.33077893177826
-3.14128106567057	93.2058451878046
-8.137614330278913	90.2549110237792
12.644120934825365	76.4918424675721
-3.273933522547726	95.44892308169634
17.29558843640888	86.59965119492253
27.61561346306917	107.37018091137169
9.58098232153187	76.08481167574698
-5.40634553242141	76.40399846758304
12.271415876416341	89.37866007379417
13.5718070915335	89.2384265560348
10.756826910546064	104.64345023846178
13.969740572242825	79.43539467422826
20.967115214004853	96.75940377285941
7.187822062405713	113.42065727389165
1.4091896298286093	84.0524240875058
13.258748324705435	81.92296840848434
-0.33480187193603084	94.66694736058133
-7.65374364183571	114.09968057861512
7.456082809634335	89.36367186934868
12.177118171637504	101.44730224055122
-9.896597841624827	81.1812939016611
-2.486090486688966	77.48097735357571
-1.6239165206854302	96.40586315003318
20.044684962528866	108.4415533956385
-15.341085791622366	86.13091818002442
-19.591832819326967	92.06551441757186
2.050810304358074	100.11474864275472
9.534746053578782	97.47288950167908
-6.124750968224754	75.49415859816013
8.900494945798753	94.94651655612134
13.283795297216434	84.08749741885147
-2.641723338346669	93.63128327488137
4.489385793003104	103.24443172902411
-16.050049439645974	96.94474694446174
-8.137639647503438	100.8235734615341
11.107267327065207	80.87395912993881
-5.470723250488831	92.81666857608543
5.693895669359572	101.8925035943827
-20.46096086871166	97.41485800550413
-6.224295658143605	84.37429321618039
9.075381379815678	91.86086457690173
10.934552693464214	82.72234316460123
8.153093128806717	107.8482530316736
13.00115054727324	88.33255258494864
1.9697429133851143	89.18975923557954
-15.044110733566324	99.69076287061664
-0.37040182223958773	79.6799086424189
-4.882513030067544	95.35183928095685
-11.12516395337638	84.16685902345084
6.483467274735519	88.43192924212761
1.7995606358308716	91.00433597812358
9.743442550845854	96.76230137307905
-22.447247173316587	84.7288049302758
8.87180691577635	95.79582674243434
-6.535327792564779	74.91711299833148
-16.84479325219087	98.7881262453903
-1.7459479238320625	91.53682001173676
13.748352525978543	84.48488956520659
3.411587919893294	104.22253539685461
1.324859467693774	88.99884222981775
-4.459373245303738	86.96308807209117
11.103738025763617	96.09893312215179
-9.603448941416598	92.34676145397215
-14.091837441891927	91.6545190338745
3.570127721958975	97.54236566295165
3.132646275227309	80.97981017104335
9.941675280002459	118.96248425104221
-9.62458980976491	87.68935758904797
0.0013894797178374274	93.00917120544248
6.082263920366273	103.98575670909689
-12.182854257652382	71.03385741593281
-2.3093840072223157	82.18154471313295
2.7938235014698867	88.85958107666903
-2.7441546947794597	93.4661281359846
10.649166536020465	70.0353243463675
4.859280647443319	92.44386150822055
16.499137536349572	84.6964091219657
27.200844445198104	100.01400448701455
13.979883262125266	92.5840874161822
27.070065990280035	106.53584748638386
40.46477280183733	89.02386834800203
25.750555475593384	87.19266901717646
17.505080222039794	103.89088678666025
16.76383393406895	98.45379026776259
30.39715890565577	92.65030296832208
20.169493377578156	101.69816303997375
20.48192626882196	83.41265294010397
21.012591566092468	83.94080985094675
33.110078591534865	102.2243126510071
34.51311971772498	91.05494184550533
28.860161649088326	87.06937261334585
31.02312203306581	101.22363547751776
28.094002266082228	87.78226242678676
8.460975013784548	78.22249563003936
27.43227892885009	100.12567723995124
24.01690815689705	99.02277938005288
32.33468386435755	101.14102783771088
21.469767022360088	98.58934310886396
16.47851014533438	80.15371087939843
16.06303079199327	109.81462073407494
47.74038387498817	85.98081232852664
22.656332335905578	101.25667182683935
20.054428804147136	92.46251812268295
19.070243185461738	79.71575005184673
21.546811731133236	108.1923683059963
37.88078185589622	78.30235521280312
29.649879927693615	84.0176989351313
22.212011540924063	89.01986939900388
21.042932359253477	96.25215497421115
33.97727812923319	100.9388459649716
25.063473297750484	100.89419451229686
20.637523380055	106.63615323870684
33.93607966125302	92.75423749205393
21.261437448020537	81.17569324682907
13.463328850043059	88.17620467598701
14.938081536573604	86.39648991460484
11.991452234113547	76.08489875184569
39.47314731211259	106.09596337324287
34.64175850715306	103.01482723183165
25.343806348045245	81.92845586331582
27.95313050400419	114.43179386129376
29.294529371632283	108.55549899185314
17.16940522067769	93.11879755143299
46.31792572540992	91.37151835214935
27.223940326162126	96.4009681497107
34.87765751453592	109.73442334932417
25.033202169595175	87.36474816159792
23.318616343283527	97.72020385050968
14.19078205482548	99.32076559938741
25.34205498892254	85.4626026472235
29.524678024614126	66.19054883786967
6.684373518200385	98.22443694918495
38.10288854268108	83.06062197092272
20.58151335323112	102.29098823152837
18.0507049832494	100.10392466583598
36.1287725790091	104.39955921030653
27.04883276838456	84.3643616757474
35.85717207534893	87.36678112513243
13.33117515046553	95.77769832326362
17.548790344286502	106.42118953271671
38.17874640129672	85.533105913667
35.93899285438425	104.9237096329628
20.26465378780139	94.7456980196003
27.330337299727336	86.62243202631032
37.37015785880884	118.7907672970771
22.358148357139026	93.7900720453067
28.905456624426698	97.745781032616
37.08292358655667	96.68021169560811
32.99120061944896	67.82261339676725
21.238804582729053	93.94151165605254
24.64015764385909	84.69209370098366
36.64854855928773	115.20790826112702
23.043548820485107	97.61677577496894
13.960918828162745	86.60725851024115
13.226911221428201	83.17125391589724
22.081405029109302	102.43078172025156
20.859761630111283	87.77469564409074
37.869116546287664	81.78232407933965
22.20484547430544	104.7252403183608
13.42088364643243	94.79939971197638
24.212110049209677	86.56058280378866
24.773501586163608	70.05735348734589
14.479754562940423	106.60251831043155
19.541762099261238	105.4460741980607
37.0231295625177	105.69570367325043
20.461242552153013	107.62132259760926
12.247259649704226	100.08045680700548
8.499170013701502	94.41048885114829
21.304350459955476	97.30956994302841
19.50618013527398	106.18397235952787
27.53149104291586	102.06032518343419
31.050951638725532	92.83554281251557
7.598386840116596	95.18546538311186
6.293187946718575	81.64315481199026
34.64834564374346	101.16450636196338
17.384383832765856	106.12160682058752
29.18864961801963	104.93383371028833
33.65315540143558	73.69509932427943
18.311122984976166	113.70921960892278
27.502528698772764	88.01777701895297
26.113378442313557	80.58412729960813
14.063778796048357	84.73717797130939
7.745998404768226	95.48995224638912
22.6967914855061	100.21422870260328
16.572963691145056	93.57190903174067
16.335594056263652	87.67102890469218
1.5771495967708624	100.15164375521819
29.85060898607603	96.79885133222618
9.816482693333345	85.7372847689907
23.045868539989186	100.3113792879424
34.01234072312541	92.25983239654717
33.226847754356655	100.36267478694143
40.30053831510945	117.07591301427476
-8.302892706550477	94.98461720886743
23.7956074620119	99.35208403278602
48.24321535798201	74.72078002849105
35.765248260092186	107.37533872342614
22.80437943799331	101.59756654134786
27.345940293710484	103.8118841717436
22.652798679897018	103.84759693006812
13.801469706183036	66.7475968395757
40.42080648447926	103.1910957887195
31.243599435657966	110.06593848721714
23.7712146879939	105.78661165724935
3.1865785939594957	95.12878124921747
18.58592767843796	77.3194715764952
39.662567277920786	98.76873250215843
26.05419375622086	83.28035431534127
21.27852958392141	94.46221691375567
15.709744549161863	89.65559227003989
3.730074695824264	96.66411905359212
26.621038993403864	90.16786534809341
31.320868619085772	98.10614142315123
13.920382619382735	99.76058607281732
17.304722669628713	92.51290548948987
16.806504398981712	96.22602225445286
28.439831877233676	106.145149065578
26.95237848943746	98.45116745865393
29.25328330710848	102.22136507128141
28.01616964718794	97.10422112655355
33.016713168017354	85.5055323399678
28.323370960166635	92.42098259777171
26.24966957338673	86.69060914223111
40.53501159181792	81.9836725582642
22.42487508008315	95.45362358565431
30.039959375807136	86.07473539587829
14.50510679959679	90.23936279219767
23.89827044241399	112.01513178844355
46.3122811054502	83.81643458830493
47.361448925222405	107.54634553784813
37.61165344313072	97.36009194944315
35.91145446969951	96.53403095209318
10.29341746752273	87.63034756050821
28.43867878274485	94.4508302663041
32.68372063821624	82.20284435024482
18.976979445295427	100.04640209609434
26.09884506349632	100.54587010922263
22.042818388118352	110.26750441185922
20.18891718556599	89.85932359486861
20.784564921238662	106.91674289879859
18.709373106307694	87.09234644117929
17.592722517559793	92.53082083009241
14.239435516471463	85.6983341798817
14.65104891497956	104.6617601440606
14.269404999057176	84.3656401233896
25.516865290894795	94.90255996793915
30.308566019019032	104.12855785452241
29.051375206001275	109.00939863669599
29.53610580783114	108.93461105284052
40.458969726247076	103.56534836859348
29.30872087500183	84.4097913621711
40.87562359312038	110.77041864524462
37.49460452127245	109.44610110567905
23.35506279284478	97.67582995168999
4.382502354257184	104.7876950715138
45.76351830469021	90.90625998675263
38.76105390063135	96.43284933121723
34.17178454969232	91.59199110659516
32.345039733108884	93.95681019354355
17.927805989368622	98.42005239345166
13.748061214600076	96.20627173982673
31.274256219053555	99.84860251654537
24.386119033734026	90.75402234640165
29.626541508571435	90.69420540266428
17.491550640816733	91.49740513177602
26.216806358628897	110.61905913696972
25.012246126912498	91.52345733950034
50.28317566680395	94.59326939106504
14.75798746092548	103.61980410206671
20.083527245695652	110.99054846440558
33.32737286886366	83.39526067428855
25.430651200516163	118.18098208038376
24.13124542277803	83.83845057286149
27.89191816634596	104.17090007059697
30.184204264273202	83.73260697236779
29.268288591589197	93.80786453697485
14.232698019382054	77.65860299444161
30.84474394180424	85.57631479951007
22.55175847710447	85.77286667731504
35.02926823558508	91.74763638450422
21.98574484706477	92.25157989416117
16.700659283979068	91.01925905520999
35.27778759521361	91.2172495425736
9.427893070864991	92.97841604861758
20.81707643271131	116.09856867512747
13.223199730236116	91.73090099242754
20.71078011627021	91.29826565109511
29.509901625546732	91.3551376059916
30.35917580680597	91.71222005300405
28.215865679156682	102.20168045663323
35.96445186730194	86.5443440151976
34.4132995365149	86.2344083638078
29.53932198927597	90.10865057038663
27.441801551824746	82.99937278149955
9.779542387879262	95.11194784562508
21.686729618170894	87.23877454224865
18.414232030085458	81.69186825500508
31.976329806645754	104.80370907721672
25.235042404933562	86.81613123419035
44.29459577851763	86.78776778262413
27.444107908732	92.22743895307504
32.76966407130133	83.30088320958028
25.94366140739541	79.9298752141911
28.25997791800812	111.68628226749705
37.53494163791575	82.71224839775039
51.77765967605648	80.24986350036204
27.060463753117315	88.62973082054499
23.660153630247684	88.24766679328518
30.994216133581446	103.21581650452326
22.48819335699099	86.98174681371304
21.856598367692904	91.20528088165405
16.02893118727089	93.62967966544434
24.25245938472383	110.84684728324147
26.071881236878617	99.1386159331037
35.59979250029128	82.87039772225471
15.860061981431537	111.49526112087231
46.59533166991659	100.27453957420634
9.622499647712411	78.21261498583324
30.388389795622153	78.86891903678774
33.20742493236274	121.69772606924957
27.234580770603813	82.10247976838247
7.7053052579656445	98.94967660504918
31.51866149836428	105.0462088562809
18.382972889547894	104.56327424194532
9.420355914710036	89.80237464138405
19.215522546738008	82.15510364742379
15.827823175743314	102.79998545405113
21.563417255667147	93.63027397976815
23.860657093272717	91.76758037539962
33.2187762040071	96.65385513859758
25.06432878184883	113.34872751782937
5.836679179738649	100.93154055026048
37.17662447838602	104.17446624662264
29.36889432660328	93.53018054199482
45.808965241753874	93.02357782403172
9.669547679273885	94.45899151796614
28.975039134620204	102.6708130696315
25.996079488523552	81.64183576134081
22.867353890122246	96.40150045892113
25.179384289547524	92.05808014376292
18.739722691492553	95.44227643551659
25.593678165445965	82.2187366990328
25.19201319474231	103.05174331933321
22.243864268406416	109.28810248450749
36.404997146561776	106.4941470582701
23.932629456307662	103.08965789525593
17.47107426745456	104.90801864783268
41.03040569818525	73.06016033196926
20.29062141265255	95.34747843486693
11.21763113656445	104.77834899382566
28.23674180294109	108.8198835607303
30.3199774825548	98.8182787214034
22.25273121266144	111.3251035848821
15.292096550717446	95.18468513691155
20.35930717742385	94.50686568993835
25.29646004947965	103.78754429127879
8.246222432015507	96.37369627724904
33.9978255288606	101.42781690710451
30.339192744084613	90.5907744699437
35.45002610585935	85.69733857727357
18.847840392793216	93.88843491355581
16.104786351592793	95.1494862095106
25.641214342790235	115.64101959181185
26.190260296321608	98.1299569614081
25.102539353315	92.1507995182169
23.013787911264405	110.99861127319843
37.569667794808744	115.82142767670396
44.614488142837466	99.09419718048218
21.35207841844893	82.57210840882442
17.17233952951131	99.12197000323214
29.32243601178756	101.40701941716834
34.13082435512027	78.84900840443206
47.379429876811656	100.39174694556394
28.490388630762652	81.13808583765783
29.04307186177938	87.40341714915384
22.537784573133425	100.14359284034522
17.114935218519385	87.90463816774262
27.037644561198917	108.73152346422134
22.797793709501004	93.61103620363025
25.181652445206748	92.36932481499616
15.082999651662206	89.50221697833234
30.451679893314367	83.85994110877328
34.855190840770845	89.36748308406398
26.762236190161357	89.52548320469653
4.696037085296254	91.85570314939864
29.424900976123787	114.84788828277333
28.88065330506126	98.17134836067436
34.112120488528	90.38877744488377
31.0246502500132	111.8655934592843
21.05800033303506	93.36407369205175
28.88579653818338	86.61708411678417
29.00938249162854	80.06070230248405
12.10571943890493	86.72063589418674
28.7650310037697	90.08116978006028
7.5062234248947775	91.90397190711364
18.856981221588615	108.88626064784074
24.41120203731545	111.32762336894174
22.546903348663395	80.63593976194407
17.766786538211587	82.05950283772117
5.949127555158718	99.83644584865152
12.231883204606817	87.249608475246
29.1358519184316	99.73866572764229
23.76611932266356	97.25605487291126
18.631220293178195	89.6356662267039
18.374474376666626	88.67626266260248
34.6885016392947	91.88690817380684
20.5175856549735	85.41182727398429
33.83381715202727	91.99875982106113
28.27714331507006	92.60046783376166
3.998142245451117	95.65326270060878
21.83195586641859	82.61483372979204
30.173761469445566	95.89354288652433
8.636468126281521	84.1490157693912
19.949903595111888	86.73054922618174
19.16518496519804	89.8021165077203
26.935994810993446	100.3162074089892
30.46705445297067	77.84231739796526
22.68253462448595	82.74164464383229
23.356155968710166	113.73807618370815
20.20538963380366	87.51413529409409
27.77874726308502	82.84479362612574
21.338531635488742	89.64608586768938
45.210485111681436	106.40648400051889
25.828390433841964	85.57197538379447
40.3156655938739	102.91585397634496
35.621447133846665	93.81025526213041
29.17917527119265	112.79359154470383
22.0079838794014	98.62916005857551
32.94302989416533	108.10439917896359
22.40824283256799	93.50700738267614
17.92487739799065	95.03598185255501
21.17553966327198	101.18009403164723
37.38541040744251	82.91504019887292
16.158131021023546	97.09985018940155
26.929681662440164	97.69764325999301
17.191244101865852	97.83060594690058
20.89794118716774	92.13363331686855
28.421391429637133	90.3750783444564
39.33796699408616	90.30026143865773
3.3970423085648953	91.47872176139137
43.322658949971164	87.16211942363333
20.207119872006466	93.85144799461435
34.87327079232532	84.004522534756
53.1466380502049	92.40083624017672
19.261020229286544	100.68750666281014
40.12733293418559	89.99683380936321
9.590158498655137	101.83327592165152
21.701053091889673	95.33415325098906
50.85293132662092	105.72890138622009
24.54076103797121	104.92112951245521
22.63218381919001	103.98941667522652
28.895722929761355	107.4045171292258
18.40517357774535	101.13405449204309
20.608997881225033	92.69165222242086
33.13262330087423	88.8473291789389
11.764134997402032	83.37966219526612
27.638690632484714	101.65421685018309
5.008182679162214	87.86068085228925
23.190197156787722	90.63941980602361
29.469114938405347	110.69382750869512
30.380283741296168	92.89819577615542
26.200325822824784	95.74009860556724
22.857883177484766	83.50612055090957
17.898176202276176	106.01203098441822
11.439770297297187	88.94765919183985
19.74067329976027	84.83945196826524
33.15381488000269	90.66593675840426
14.068398110485434	92.78521176105153
18.067644656651396	83.25878655849415
21.501261196243142	91.56788945792346
24.667779369879995	102.78967718529334
11.07411932076208	100.18113036437073
26.249704632103402	76.58266895165191
10.812560564634731	108.58802384336374
14.408802338380875	92.79542390559871
18.5454335466683	74.86845294973536
13.616947735091989	90.26981485513916
25.66121628538136	106.71199691504737
23.191405763021752	106.85762694386648
29.355854836383873	90.00303107430753
-0.012552836763141784	99.889937823586
22.01677886523318	83.46607487753964
3.6374770450327887	87.93874782195465
15.722648360443946	89.66512268221949
21.630334876442596	110.42026350771413
29.72142293271065	95.83333849984982
16.912302544583888	103.48585547684947
31.80968179681229	109.78243275286478
38.789213290914745	106.98470618803594
22.033848449891	110.52984531084718
42.39432144668653	94.99223328970105
9.680758640417466	94.04370640389166
30.336984395918407	95.37282187382726
14.544939326329597	95.4822422655325
23.489616175876336	99.96132293692324
28.613860705761077	72.46267741054419
25.187111420095658	85.46498730529062
19.89614851138034	96.00108504622706
35.637642543015204	102.54838231667343
33.93271730846598	91.86452025881125
31.524212918815614	101.04995878831039
32.152929798066644	95.7009471125646
18.004371827585096	85.98315948880958
13.307557455155571	103.34498050339818
19.201886108650882	84.6614532824465
45.42767712816428	92.23129828304816
12.867570105944612	110.28393846948987
23.487571837290744	79.40958466599835
29.560981963777945	93.62164727724993
16.508205660800215	102.00580869821499
26.53949305645255	96.66584298510094
12.597362108206267	81.14159846899757
14.660981011663809	82.91213154276436
28.599930193166273	118.04644541167376
14.91693248040506	91.88586488683976
20.881364572017	82.12094603866689
15.720192837050348	102.64640047963486
39.38459813288995	111.50490716639028
23.047394162710262	83.2947594688935
30.11803542606789	102.50081046169218
26.51496063443371	78.92605900821658
19.67574596622475	107.67778396453373
19.212176903275996	94.06457656080993
33.42467195210211	98.25153529936816
35.52288924367643	87.54661572232136
28.229739111433076	84.68009178728656
25.114440870426293	102.94480187154329
17.20827811693011	89.28202009863695
25.37581532335564	100.87715313891118
32.07092556447797	105.47256121033413
37.62345604728297	94.69819752048252
30.462844194157228	73.25068549103165
24.63560472790769	101.89042631089484
9.59642457043474	88.28930244967202
20.934906950340253	91.6454859043981
12.938814433425952	85.66982563339833
17.655864107936413	89.7052112936005
20.184970716916453	108.08613977614189
19.643592368809507	85.29421645992754
13.54667296071955	98.4448331934986
35.94591983162522	101.73222852795124
17.255245458743293	96.65161029298794
27.26568169613326	110.6931932738924
30.66903247952665	85.56341474138146
23.83931586911554	93.78897707934561
8.899860956673189	71.73528969254075
31.156566275038184	88.34085541270866
27.541742135504066	93.41051178901151
41.628808506492895	84.5227371330065
38.82829480305976	98.60207572709484
36.31660605646133	89.10887488192049
14.224829055914336	100.58597637868327
39.36219192390742	90.52361225029041
37.19077856576264	83.22360600476942
19.082587704288734	91.20367557883942
13.122729002126073	108.89387528007329
43.22860715423539	86.52979337171276
71.86746893161165	38.66669615288101
62.32979069392283	35.913915776371596
54.71974548693541	40.35207741628301
70.05750752461206	20.87052445042025
64.85919305260704	23.997749442780687
66.27903498989704	31.95748637975556
58.944320479376884	38.57524077009159
52.943558430003996	28.6560336823434
64.59223712199089	41.76198744388363
55.67088259828186	18.737286950893854
54.91245351123645	37.93237254273626
61.10738079349603	35.739772129952854
76.74764084475171	14.234700740868853
54.58677361680873	28.967728744619635
53.197808851386704	26.152816131771015
54.26146988734943	38.66317910531118
60.081922683312065	37.03094283023926
54.0382778817189	47.38481752389637
59.22462795213296	29.638703249760994
54.66315202539444	28.324918178752327
55.698409930300556	32.34516269480146
71.69087193350167	36.77614588055185
58.150421992131854	26.01477025780126
65.99848080670941	30.695527753137373
53.99139464701727	2.398889427598391
52.74374896786993	44.762539199451865
56.959561813433055	28.833887424854176
56.90473108226314	35.735803280493116
52.124182684036256	42.22762054665904
63.13085010387077	38.77157049584087
47.12139486156042	34.99342403794665
57.61488299290935	29.784242737415582
54.964382826804375	53.412939213050954
74.3647499249569	32.52036825193135
50.60849866650687	32.39376432113533
36.2793601960271	25.89205507164041
75.85113580710775	30.35617974775859
51.6902031834658	8.53672880422284
69.77921162776342	29.800913637631293
55.12832221402768	38.92105591955533
60.5297494086567	16.67271311082744
76.62868237806397	17.57859280101273
46.588342243659035	28.16012253276282
41.63388178575575	29.451757753352073
32.63223804309905	33.176765569366644
61.52862725236503	12.714036369587134
58.62968508805151	10.88420186546669
62.55516840161822	34.94598809492843
70.69176964685332	46.09149585422242
56.12938132871858	10.240970554372105
57.763982546284666	38.79190462140182
71.03371892946545	34.02778466135851
67.9219235268652	33.56749989879004
68.21220901329306	28.098618158517006
53.516257742234195	28.26962465442969
54.90384187073831	21.97917526059543
48.73156450227615	28.879694367422854
66.66750429765919	49.827029959906525
75.51580330043873	34.352158257946556
52.564688876087125	48.59857822056823
69.8685969089669	35.3501122387568
55.86638932092651	17.380954124230723
52.68788065433169	25.265382197246232
64.86643564008533	32.770115524867855
74.65763787204102	15.36870212696845
62.24899550254162	29.62592839928836
41.40928898112074	29.67106369688353
66.90002063479554	31.235409181978856
55.34719650369125	43.677021393985825
67.5062977976004	21.507287182510083
49.175394422911765	37.228088397408186
64.82538146768849	23.243738057360623
53.27771341763938	46.48187152043781
67.49436501508676	18.919432809902766
52.469112811569985	13.544554370735465
67.69982688872079	22.242840346053978
51.841714751607995	28.809445400340618
57.13853132196284	34.24338107218136
60.27772971651421	32.3419535193692
71.01456420936108	35.21393648517202
34.7970567175508	13.326498858768279
41.78385992768503	44.09969920434475
46.41124238994821	38.211167062475276
64.18478589973341	39.78531183719363
63.735836869665896	24.10914995753533
63.46461428804895	33.94908737292889
54.78777468951336	18.76543698969246
61.379258700580394	37.25647756863162
52.39781471503551	36.49062496940895
54.50320686784624	47.68610818864544
54.05823641548825	32.92044215684478
54.366352975797994	32.998353512991386
51.59050707874829	45.62451957135251
61.00496014527545	51.3927807616688
65.61244796824624	27.0028826315657
61.839674048319054	37.9608049478872
61.601151783513274	23.337176143510504
60.56399444770368	37.90249958080349
70.40302006507278	29.610596121504205
52.10361164123449	27.477355196148675
68.50683779973303	33.73654043236094
62.95616757103431	18.478884811884683
55.30648612206775	21.26516893727259
47.61691879652737	28.441037917236635
45.235005862655164	11.895347774725476
64.02925153664906	7.031439057888086
78.0914135526857	32.44117416498165
39.75557761769407	30.58390727085145
71.27676529559498	35.75781109531433
51.46994080099899	37.08207153153279
55.84277726795875	35.577173789578936
75.8737301165254	30.562565498059104
70.52561004520601	49.14735076872493
65.32079231377317	32.232939072425175
47.63815980838321	46.80815855049872
65.97981064328634	30.632032165314016
78.58219598251561	31.29209820033294
44.34223943934788	26.908188377992378
69.04864013354992	30.57801693553707
60.30977139809176	33.75987791521209
66.12759187280078	36.54649545812257
50.32907879836546	33.081787311747014
55.2296357232958	36.11018315323095
60.88321090795148	14.375029456033015
50.42204676913803	16.22242770519875
46.77105478523738	29.198868144045363
62.673708977730826	9.441397293752342
57.40428489664906	40.22766592323697
65.21319450404211	22.28279269131135
62.47774512737203	42.50467393660303
59.826749882215324	20.788727178792
44.279328994839126	31.44171693291692
49.06682100282439	24.80214718650887
64.11167149795386	28.396460003937623
64.61277981701308	24.341224368554556
73.6894437470926	19.890075564289994
36.60612137730992	44.650009572469585
54.62095069154739	28.167185015457488
75.16615773469913	43.38632361240798
63.02234224148611	29.05523681228943
63.0234364867475	31.52994671132664
56.23629965790541	25.65219288351178
33.97045924926762	31.292366204309005
68.89266211979678	33.36463130733881
69.52013815158503	17.420450025464163
50.61614337153297	30.78236021745489
55.59616526873927	26.954750571159092
61.142330706743394	33.45212518326082
48.18874896305992	25.10491701613956
59.24059841849018	29.108511863870113
64.3804053679876	32.04552853468414
68.20388415007255	14.627521155090653
69.12622976550841	38.649927244402036
47.14986808784347	27.557338164316278
72.68876563127343	53.10830897882559
68.90129190299709	33.63849444880075
59.01164548761554	48.25451231322519
33.4722712894	31.453602442680737
64.35472846286576	14.699924526154044
67.21174317812726	32.93275981444629
66.91077072189466	40.88380626939858
73.35201790765142	44.83284575898871
70.03523739874267	19.8464168277508
42.09241195426155	36.05633025211886
68.24488991036532	42.02084847018118
71.5134033543869	32.948077087451665
73.13108411530197	30.879440430309657
29.27659456647768	22.22554239556888
65.52750169889107	42.729957055910766
56.16280861305782	38.52534609681215
44.669092941289826	4.624367851568348
73.37561917011311	20.93016952098059
44.30269130450302	19.529572494420897
72.3723309989825	35.66869757200202
75.98288250377928	27.34897873040392
78.76679915358237	32.86214767544409
55.820672303599	47.19713156594207
50.6910147394854	36.11304050362889
60.4294360565578	53.384805805132984
58.432284900155146	43.687768924130864
60.96043737906734	28.929999825792585
78.47343728512885	45.68829997795123
73.96364240894562	35.98011377087707
70.72544851987954	44.241443870718065
48.905257585831755	29.984050320393386
75.93561544280502	23.230966525408178
61.62633253480048	34.85052952103442
77.4616062142386	23.433227136075686
61.23503121474031	17.067191311166525
55.624293596828736	39.00437459763481
65.0743077521422	27.39855350806374
59.85487892206821	40.954032388011534
78.98900982791466	22.93644884041533
62.474255088451855	30.039772082144797
49.58177059704336	42.503037831926044
49.43252836128828	27.83665544653121
81.40698474344455	38.025573896739004
40.01234850783415	35.43637707889081
56.47645456039508	40.98585406207372
53.23243985404368	38.934378034000055
78.03661535788795	18.679707062186097
35.82791476923701	48.93123236521189
56.57207688293631	26.458981222082066
61.1569220637527	40.08011081898522
62.362442576678696	32.22654306328053
72.43165236510357	15.960261399179267
62.950110639288724	25.315803046084785
58.14299572970727	18.55473583720812
74.2133817006274	27.61939028666608
51.10048330714494	35.42448783317364
58.07153057297377	56.65979957392679
67.0500646540609	37.452746389134
48.00676836495853	38.73064294793368
51.343296730120024	11.50425339160363
65.65521639738225	48.0180782813273
78.94220360728644	34.96636980535707
51.765404949681965	14.693050287076124
47.978260341770834	39.42545210468869
66.75188517910728	35.04970454758286
57.20113220826159	43.31921857179735
55.44129835519504	27.658003248791886
51.215250070647215	26.313267059763646
60.13387789489205	38.550323141933745
59.46300443261859	25.992527257672716
58.214206971731706	33.39970313832874
59.85421898396438	30.239321417057933
71.58357221016077	33.267986299336485
41.0127954444595	24.408204761329394
72.35125531702283	49.89729479679839
64.23456486998114	26.370139125166833
58.77088976809686	35.303527728485285
77.97928747118839	14.598988106896485
56.89947145105141	26.997765913070335
52.00435199096962	38.20195920027136
58.640417548314026	27.048787793899624
61.799233697751475	26.84714677200927
61.456449639936544	10.577562056750647
54.293958884843114	33.63664942156748
58.12424699086506	31.246765204413595
58.42971641454146	48.71315104684251
54.5038969684255	38.30626061800507
67.90712427593289	39.73007347491125
75.66241838640305	27.61684247082782
70.35155505978504	20.55405008592969
64.88120001256007	43.54714281010132
70.05770290583226	15.283571055705707
55.13255226289782	23.629710731376086
74.03149652635837	27.27571775130743
54.0421159072127	31.71412203277583
79.23338107755208	25.77355342346486
62.90047321120209	30.032501150024135
81.1890932993995	43.638539919813
73.70195298336674	39.390311063983596
51.2860611075028	27.34422304874207
64.86495113192352	28.608829742444826
49.14422377617009	33.516326123916095
69.36178318948554	23.284149336715394
44.542263540856425	19.838386202015688
69.0383249029621	53.52768478266184
59.32335532383764	34.925929151782704
49.70658569310967	32.41342076927514
60.53616776431503	34.99025913282186
56.833676250117314	43.25856228098089
69.5207262191261	31.03691767645119
34.15140169728156	22.902369966324734
57.72955054422746	29.193707999040214
62.87373637267869	36.419549593160646
59.76215465853253	16.48298897967734
65.03949326074252	27.92757418223538
77.11120329541262	33.27387602186668
46.33823333320854	8.58679292343838
64.5140422646126	19.52676308236031
60.622082324848954	26.04390505342882
64.69804924811545	39.28721187727885
67.78570484445538	19.112303308502717
54.661501283710244	28.010373101405868
55.6721160969781	38.83377002477549
69.98110756861708	27.609339125241586
56.87509400376159	3.206712239883892
55.021417150679	25.963178359437386
56.9191492944582	39.156897688424905
67.44415977333314	37.36190178260616
64.61742720789522	36.48549983059514
60.137524362399375	15.883656157008883
52.712130592961984	17.42819650850856
60.17228794771395	35.6883715006462
63.739351976341666	42.76061056548657
54.323163784239554	29.049915110321308
60.479299559554676	18.376828423496463
59.45851805869283	34.80423411006258
56.774574397648735	36.16441101973072
61.37082431853686	26.37067055759902
76.67543799161511	28.12200875939423
51.67348710398378	36.06983995419243
72.7118033647771	31.104738924845584
54.315796137717996	17.40224849629068
59.46441239155097	35.93337697011669
74.11766119002013	18.51230634433507
69.4012204979709	30.743270411103197
59.5542503836252	31.308289820396617
60.356966437571515	24.311335095052158
68.74209076628645	30.70677794628944
61.583689428320255	26.651272576290843
48.30868845552314	10.565839656930226
53.35109044179978	42.393961788561214
67.27051154398634	35.79252982312028
65.1841690746214	22.293097064587627
54.74277769343752	31.10248900240685
59.71674272980112	32.93176550673495
48.27011223570054	44.57821419157894
61.98829707374273	34.12288988055799
63.96757091358134	20.56752388172584
49.89284482441956	5.851543187803454
78.56570350196247	26.586477706100844
52.395994386129516	26.219182384750543
52.23629013987824	45.001334468541195
69.01449861191534	37.12214057450017
65.55428720941234	34.9083450419568
46.85085366082541	25.063616821532253
46.532794083253684	45.43608833827831
60.7657781534023	16.504544479694708
62.97157350682272	35.503593180216406
67.63998134633685	26.177463863490576
73.75309719249461	30.0706218209388
56.12855085957087	27.03318480958002
78.35036146415726	29.35031313976519
53.70552172636976	38.36356867815051
67.31683602754117	27.302900838344186
54.29907861323061	27.34970652115541
55.04926289685264	24.081180348319904
50.53329441777838	42.55667373730601
63.955455969852075	35.92656022058052
81.24581825006571	30.239511964309976
54.10271729711234	33.55791068695939
52.198435619563625	27.4692626013327
68.42834426240721	23.31853308428292
78.82804941245749	35.93079809514675
56.044123063902	49.99867377347823
48.70826242785314	37.45922384263353
60.78645076958042	32.41793086158705
62.84633850757861	33.821781555582405
59.741202965753466	30.57538127057396
40.37269141957817	29.236131538747923
48.79499885112185	25.20247650164738
65.92659312914613	28.299121694825406
47.341697037433526	42.89406271183852
71.51493648351314	29.355735369090766
60.38182349511664	29.037690913727715
63.82373906898685	35.74324025311122
51.287322724992315	11.974624720746053
50.470744854183785	34.46939604450423
72.67771975257774	26.091856252629825
51.70622707606256	32.44586884814159
74.23747613774269	35.512696085014255
52.97768238379562	34.45000891385893
65.13028169379852	28.954584776415196
55.87476164726469	14.572837819197737
72.33109099476302	29.658277051667458
72.08551444563847	36.24378439546874
63.27146023922415	26.59427317957425
74.07396994237095	43.468709445855225
52.743235028854954	32.79640400750073
60.68347263344844	12.977231745411487
50.719251289659766	44.62911386145115
71.06354011144933	22.676701230119598
51.27572886057885	20.038205617779887
57.10278110864162	27.04980581400356
69.58008085772111	20.51800336636242
79.5301526281908	8.30630962089348
54.086269652958364	21.895532943127265
43.156388813401804	34.85555098351108
74.63398136768508	15.935036974349769
73.01574683429969	40.77059681717902
70.19184055896706	49.54664939146652
44.7173527417082	39.53221845566628
73.01677829821604	17.665045339474695
33.0679771949118	36.629213964008486
62.90482112869655	39.95454504215664
55.19529300819138	28.7667008838488
41.190770866697356	25.57838850629514
65.92073437876356	41.69059076609061
62.11310250479693	21.387137707069733
85.28340029882088	15.224837477282067
58.31434216134386	5.053321383558366
34.288629837364894	39.44552703325492
61.12903111090237	17.06306442294065
63.66957735000449	40.706127106748774
61.97202375082351	32.834550737616105
74.16925094956352	23.019590017128742
53.22002055378245	7.767249750667283
70.42416530724373	20.578539135479403
72.88259288817724	31.819053843455865
46.968355214985834	33.7984393428549
54.44877146101413	23.178518635772043
58.037005319521676	22.66254079529141
57.800414068291225	26.032105379534126
62.68685358438978	13.90923849623853
57.96883182678819	33.099681488091996
45.45886310669242	33.0888392533607
42.41849816667829	33.34123827312196
63.321025203747006	27.312013128363365
47.91417723786671	36.5556916243496
49.30248303237243	42.82158798788035
70.94768484629893	33.673576225205665
76.8438567986356	33.43205784066633
49.65172888776507	27.15681184173488
48.60417321635849	38.48221111633597
62.70731155906721	32.756252323827766
54.21845617793785	45.40747724615787
59.89027373889027	36.89176523186265
59.05539406343051	27.341424169210296
50.60284956837725	17.46144871907966
61.13215580492984	20.860970390696323
60.79263676347161	27.337630324971478
58.66119568171371	40.64494435970941
54.215763948989704	48.17076759860967
69.58493885212263	33.17452414170416
68.63657068861461	27.99660524109924
60.64902713539815	25.139246837419883
49.561446506138374	34.27479056751775
57.12239097942877	27.517066511626133
68.13174664069179	9.328684185006601
62.865665363987844	40.2333278214647
51.83189073069956	34.43021831631616
66.27562390949898	43.316643008651866
50.83174742698248	25.14302532258282
79.32866966496125	44.05416161245375
66.32613786118976	35.10869082360286
59.83586167730288	42.7857698446431
68.73832008367975	53.47086857500314
66.81679325957995	24.831778304005
28.750971212587523	26.025000165499428
60.60230037458843	30.522277173952446
79.02811840665578	39.87855199721501
74.06629155131674	35.97776090006024
53.96053528586096	25.61412176980063
46.18952217154039	28.823991245605207
60.95281874849364	48.436983119736496
64.37255284883439	29.347425839137998
62.614225840549565	33.023737499540026
56.21676592894788	31.318752453707265
59.69103462547157	3.0870085543925825
56.81197846709655	24.59376189305916
87.50724788760229	45.350740208787585
76.69973850612897	45.8427890195029
65.92539171794836	28.944481169291393
52.32329607093439	10.286897703045547
55.282146459294864	37.701946918671574
77.91808593393506	20.96525898263483
64.9229318797818	41.96344011704084
64.71998966676207	37.0789425427452
74.54104579416418	32.13163363208473
59.82923817188065	21.594206132507956
62.13536242341301	31.88085475116908
48.827700817175526	18.958158869432275
56.85264789372048	26.198309349966838
48.65167984983441	44.9227156904316
66.84436984420155	49.008166025162716
58.68644661343467	40.61266562360323
62.31275492999929	41.4128893563787
55.88019458132839	39.841457356215585
68.6079421837668	35.91715133613312
79.61988754144426	17.70660932578793
63.8806587049884	29.816798689822015
67.41037731014532	18.40805485509364
36.60356165827892	44.77062077672206
55.70074111874435	32.88426398773778
51.07850363911867	24.12656399397503
57.33411554337216	23.455811016563572
60.65884293858766	34.91819406977253
49.91657164706796	25.723257145996094
66.36668224018533	27.711737188681944
52.95101380503872	12.769965879708277
50.393307597190926	37.01350553785697
64.88314383451696	35.41318303403612
58.263633281110124	75.77378798822679
55.1415611203352	31.215399237805574
73.16434702708902	34.97183165629933
42.246154264405064	33.68597825552274
62.31857314878101	38.77291831329349
56.17165069005333	102.75035747272348
36.84514257595574	96.98386890921833
34.52956320644332	93.35855929638224
51.64972967778041	100.04555528927179
46.467790891632745	95.40270702887284
66.91448931869408	95.59157329104984
41.008184430553364	90.47141897642177
44.03616496689507	112.5789927908043
53.103818336277406	96.84281819395066
60.79070865551446	106.58890374669453
47.04346170798275	96.17467212367077
45.42870225281673	91.96459859008098
37.37836711068378	110.25140018042616
67.75452664443245	103.19875454711223
45.87422127386646	94.68605578966702
57.017761210803236	95.15276137190774
55.34423524711197	107.85443625629574
64.0006864704524	111.13835593628822
54.85699188964933	112.48168001939467
51.960041493313234	111.66164200269706
51.46744914883481	95.24035685930207
56.49386034551562	86.56681855633656
63.572604157203266	95.72742986375579
44.28680706450629	91.22519251869475
66.77446578873668	91.87880163518967
68.26796290498449	88.69362139562519
21.527349709710702	108.70786572810879
42.71738123129214	105.19358034138585
68.35281408665705	113.83126406663551
59.524622107222456	108.56324750794197
62.9644151023647	110.2419220613685
52.23995271859151	89.5036949426855
46.55501000925705	89.52026944860731
66.65078418139774	101.41936117861415
44.04393191781584	107.32334895454706
59.3185482110876	93.94566589791404
51.702028640750015	111.68491324296865
43.383226179672405	94.33675446788581
44.64102203955098	89.87115643330898
42.53541787533666	84.4759348303233
44.56325305249466	110.3832211109988
34.860675521747915	109.62956176180494
58.19996040521514	96.20438525319466
42.70595125255129	91.48685811382124
53.4636594699221	86.07832737430599
53.420433516040795	102.61349923258757
34.91959534508079	89.5192470942711
57.077254696758644	96.998396989277
41.00852655891622	104.33223190534062
46.832125897360406	98.15067590426771
33.58996696592183	101.623122794912
63.35123375839264	91.85919898581342
58.526846206097254	97.6700687254369
43.73306207440902	99.36432882278798
48.94280344044095	104.52105428982159
59.95510945006491	80.01283686196066
57.46301373347712	96.27539061523392
58.2232275331738	105.67011833699209
51.65703241871214	98.08274577228836
68.0720002797209	109.98123315663341
49.26744286361199	88.00132097362835
38.62680941862975	96.4219083158577
26.75770082968962	108.75084201815064
41.05885754550938	102.50586982740853
41.375618504259194	93.5010862630283
44.105741388214014	99.80082924181946
68.62917037215678	90.43364286887235
54.261146251363684	80.6145973024718
54.24653025151152	95.50138459344453
51.306749982707686	95.91432525045927
39.07348311256284	97.5797913887106
54.12852384116351	95.72029321207015
66.8895878415843	101.35006102595
49.9806714776032	121.7153485854302
64.86593883950425	105.39621058140631
54.449807458143724	89.41769756710683
31.29786914337943	96.5071437644212
41.270673567109895	105.36257762341313
35.66247883272013	105.45468068397231
59.105949682032794	112.44646713537036
62.9749982201899	99.99334585573145
58.532373828662486	95.69524620367577
67.3512374561971	95.23724465351661
42.1614700946374	92.71541683424236
47.0256080676608	109.43312540049057
49.058910419245045	115.66577860821661
61.31899026024032	106.48950045870963
46.99544676562561	101.51437510939739
56.773487534836725	100.3205840319715
35.278757217319345	93.71324549792578
37.3193022028421	108.60532072582492
47.63200594518652	102.61698342577208
43.75333870950308	88.50661103044452
58.14459067828735	95.12040137216127
31.435231861996442	98.70975562957842
43.76840465006638	96.35273120015987
54.63960502525131	96.97863440346332
71.86564141682666	99.05951072803931
43.16619539589128	74.99742350898293
67.01067029859246	90.02711878045861
60.24446085453178	99.5444888699301
44.41483274727775	100.7028852926038
48.89506794129104	90.52244453441102
55.84797881279963	104.66551198848677
28.792543363894705	115.99861826486065
49.62873608551644	99.16638357761157
62.457219464289146	95.76012137797949
34.6265817823475	119.288184503584
42.18133427499572	97.80397547117009
50.74083476242986	81.75824318006987
44.9395896257322	90.298443594198
41.07967392672563	98.38126279791584
49.33324888418358	103.3200561032242
62.692961769223466	109.29751422170975
56.81372966257004	102.43462014282038
52.28003451722648	103.93845618727514
44.26921317725831	98.70918748007998
36.42344355493465	92.26135992784046
40.7792630538792	102.14944245723066
53.43150685159271	93.0127358494331
51.06577907323078	88.07633878872942
50.86721921271421	97.7086099602542
23.097380729446794	95.5227236868514
49.66213677459203	106.13424012865664
46.04528127719932	107.90714242438236
55.94511368730684	96.79262958067827
72.97612545377083	95.41468234338387
52.16660989187114	90.29449018689299
51.34759930524816	104.62212444922227
53.98537266394887	91.33585767050951
42.084266954600054	101.16125873530743
52.694906650840345	98.1107514541277
41.69906219918576	104.02804263130092
40.64623678431256	101.13955169822316
46.577815347719664	81.75315988570803
53.14477135774646	116.20453342848135
51.296064600303666	105.98115579777667
66.27515495962882	106.68871093126478
40.433462931776795	108.63346772037576
42.575497871937195	83.02417864281233
60.157525647203215	123.88711147806404
42.9082350273391	94.00724635131199
43.90422758212506	91.07675628221828
48.83998926365932	88.01398960623854
46.50677904325278	87.35766123414605
51.32478445122672	104.33301531460188
51.42425867742791	107.10537378327699
57.82906160075775	104.11536537009215
60.93954199461123	91.49988162929114
44.677807544591886	93.44468611590695
49.67439168310006	101.69412231963922
53.52285046032092	81.82793926056743
60.913615827620006	102.95569871761302
36.59952016374034	118.61050116369462
60.99697222314297	103.36989067570435
42.23406740157694	83.2538256161292
64.66509856616571	87.35517620520872
47.405338551635246	105.93652010292863
36.3449565655004	88.64872594977936
52.66000968772089	99.7396749790201
66.15600383568392	94.64521924809952
30.49335650851115	104.96475975052098
51.92515987297994	87.79073345179445
30.709325072786232	95.72677227044134
61.761622284150775	95.49953111646565
65.02500350902622	92.75800458214526
47.74185310082136	96.73714555599385
51.836188697367696	94.38817282710028
57.67580046336079	96.3742967114123
56.34856017570149	89.44276408617779
51.93560275340265	103.25509879501546
48.981655347815675	95.63342902653964
70.97805970763619	109.07948453129127
60.26367891874281	100.34195744236192
38.94483663492949	101.89893118653069
46.16487014854724	86.37900179295471
51.69414921595349	98.47156907565515
49.62810581424587	105.01866448524923
72.28930780531041	96.19740574932935
55.998199140658116	115.71624953385873
69.37161201939936	86.3686301154996
45.74713855933012	109.1333529239966
45.03086288470163	100.09144665115231
47.1962664346204	89.06793275144022
69.93533876016127	95.699930755186
34.350120338290495	81.08381777897577
58.38455452846873	113.55349299591026
30.365583297914416	101.59813371696934
40.277308058880266	104.41473101276647
40.68707385710978	113.73394827545029
62.92053276308517	108.67911026831764
52.09665393821074	88.78827464947513
58.54886803629966	75.63909156171216
47.62485174058961	90.85540763403603
41.86580421757214	91.80384937490174
62.23729338141529	101.19033019201707
49.93266340985283	84.86876027176642
47.64087185302016	94.34489735140673
41.58640356781514	96.00597734985605
56.74113774112835	100.13274170179602
61.46840221896028	107.72021620544643
54.13599718940037	107.95425501677957
46.393200460470375	109.1616697267261
46.87535402318452	94.33600726217949
56.33561564675945	108.06272390456662
69.46633461351522	102.22558721439516
44.92689904099167	97.33770183308106
56.6742943718358	90.47158532014893
48.37166905257648	94.9442773330022
44.79702979846407	94.90077846700287
46.95667591084953	92.02699962266942
55.79231043444162	90.15432957710041
49.50928296749995	91.99594780386616
41.709161079384806	101.00047279963434
46.2562151926458	103.7236178258353
59.34905089211713	101.70800404714593
48.88672028323206	87.79626576308951
41.76027569726389	99.39518460529595
71.22174017109468	102.06092591884246
40.03752945012387	102.99997034001922
34.47612312082321	99.55219705422165
43.10075195157096	98.59734001848841
45.480902457359235	91.09002204529575
68.38632195882835	121.91519113364919
52.3979646920542	90.57331627897224
28.515239326490597	97.82035289467804
48.54643143514618	100.19030508713819
50.4074963942686	106.36061032204441
48.24459487263333	113.01749942993305
51.67444936655263	95.19576733988235
53.92321115735115	105.56295038018088
56.027897131131326	92.70519747391138
50.56611112568126	92.42587631441238
40.10866519572706	92.83004007289964
56.20478469686271	94.71531475892951
48.08278961473829	102.45859703477245
50.1092860842007	118.63699901136084
52.0795577618618	95.67678409618188
36.39134229862621	109.98244270595512
65.11446556360274	96.83763719093585
55.923277292056376	86.48478830262641
31.770937343059312	89.68983584587491
53.71219573847442	91.48312773003485
60.79549407164204	96.30551338711054
50.61066027278894	94.36490742371689
48.61532176066511	106.98711482076891
64.5903717506326	92.8350263524651
50.44238847963707	104.05768212062081
69.20684667694269	111.3612840115622
85.0651436501206	107.97522848889423
60.68552621908472	110.57402115364923
39.32192838699135	114.54360956734261
60.774130462093005	90.81840911395996
42.045626482545615	112.2953984850967
50.872781901170484	103.97887498973087
32.01824644870585	108.84823264644407
38.605785503170594	96.78046653791436
50.28918431089874	97.78003902760841
55.97189606900676	107.77525470759122
48.45471435438948	82.65475730771632
77.04413840856992	105.99932015171522
53.878053370502684	105.34247891426773
51.926173633440044	85.51268103188582
27.581401019089505	112.4955876429373
45.256444561357974	99.52416737890935
76.6385883046016	103.44023825730686
58.905010128572954	79.171110735181
42.35057540784828	110.23143530534662
41.84677981373452	91.7119478268705
39.03935735538147	89.32715599395098
52.40518679560351	95.49063652417966
54.94759339075134	92.30946620752351
54.83686930967611	112.42466450862338
60.49529953518339	96.97234784024657
51.82382340612868	110.81502627896884
55.34670522426331	103.66158962247319
46.813181531480964	100.76729369712966
53.17835884066796	91.6219096031318
46.497680947559715	97.2859237082602
54.74747632374019	81.2660824482141
57.04370995718644	88.83151216759987
51.378791251128156	99.34774138014284
58.9484270507004	105.99792708337657
57.479051578089816	89.33891969756452
58.60305241840003	71.65646086540231
59.04607727687368	110.65177511872183
45.30616327009961	94.6897197034954
59.14925572172194	80.12294238635039
46.57359746313833	92.55749582429081
58.27079449655611	88.50219676854098
56.0888327534635	99.05807525951928
33.755488234979914	89.36841016588347
48.51510696092551	105.06356883412491
66.72220168751389	94.39343120040935
36.026965099382416	101.99344269399839
42.72994227355159	91.80210146803314
43.3758976859733	99.81254458222945
49.961578000475825	92.94915547629785
42.75021094566967	99.3701861900115
61.49562558938068	108.68297833779778
51.69241585967177	103.04546424418265
37.258907804580325	108.978052501376
43.623543648578426	80.30785874540688
46.48521507987949	80.71798882748398
43.36503246745715	106.35884875132238
36.423070207961	116.26687719535515
59.18489936510017	99.1198969893469
46.90289192405847	110.37757216481585
66.3667968063422	108.64837959136463
75.48410486969425	101.39560314188178
44.626246963450754	92.27880951647109
46.050591914403554	96.8028333246419
58.0752659639044	97.35937314653864
39.73195628139237	87.23072890448374
49.7590994700003	105.80607921996149
52.950070757546804	106.78458837044559
43.810727020922464	92.17916435652218
53.20852949500992	109.73150987957939
39.871690177750125	95.99349827736377
44.437991302902006	100.15140901209976
32.50881109386737	91.29669428109831
30.99157294505018	92.15931056138494
39.5177185192854	104.77537080217256
48.74067796922871	96.08093571032049
49.668062703725774	99.7729225503769
55.078056594666215	89.19378402915353
44.016081157405964	94.34109955349197
46.76447763561069	87.86376887705983
42.28911447542985	77.71237537557397
51.454883812719544	88.40489192946569
55.391450342145625	90.76014284459535
52.90062649871435	106.96535622469236
46.901403810068466	89.79574941303758
45.68460120092738	114.44606905430693
38.97303852642188	104.46762270253433
42.88505047880048	95.18080207050966
54.117428917290376	118.74923576318989
52.564471810776276	94.23330949587306
66.99641188248654	102.92477988440783
61.60796969415392	94.05244927180533
68.3797347489811	72.32614775572236
56.896844915647705	104.42329400936039
49.931117927529016	78.89277973250267
44.37496197040959	86.62080105917504
38.81074354096514	98.88677232199326
53.03139192360259	91.41347722408943
51.85458083916674	101.73668924465893
67.06840734378278	108.89306416381389
52.987706125981404	98.80170445535654
50.932082761256176	87.97124264134474
62.337432238400496	104.6696225373245
56.231573658599224	109.29110815773657
48.185902548742526	117.59530645534302
55.521306383484614	93.52829527109999
46.729459419145954	99.76784426506867
44.78816149357662	104.51240395393137
42.90510199957088	109.62150972510356
70.80462386777272	98.50299839247258
61.36023575676387	101.88474245379727
49.22441485097722	85.11729367702665
44.19249607701428	89.2241373710127
59.12445934043299	94.39090456864133
46.82797692886914	111.55592245729633
57.985485754400486	97.17000346731552
42.47769118525305	89.37831194423921
46.829630283558494	105.73375426387855
53.335777905213256	91.03443153554646
65.4278513242998	105.20672140960716
31.990125388444245	108.08439489698122
52.0687563761424	110.62388636772707
56.22599258019655	85.18112329063622
80.79695293376975	101.13611476448419
53.048236338238446	90.50260107396974
44.01979500013376	98.07602432930824
50.540705012966406	103.23815971628626
47.429802461112544	98.56277428581643
69.09733972655945	102.12110990721368
50.18361366423208	94.96899730774948
58.10522454725553	102.84292060613862
31.565542704697066	113.21504092744817
39.763718215831524	95.90464803361589
57.879475366617925	96.78712303247147
47.260596101373736	79.03906371339613
72.022241401555	97.98302338834165
54.910632134916824	102.24649833087234
45.87041431886683	93.36698048938797
50.63418360276018	114.9758147449035
49.944067701358996	97.01514072707413
47.37626276354547	97.04776797788195
52.58312526253867	87.34983532948041
44.74239169985225	95.27238166647798
71.11755920693274	95.81069662037146
61.57880257999609	94.25840171437481
54.023702498728056	97.90980218759434
39.41880595998993	111.50809659493413
53.06237270505322	115.92334378519146
62.2078262397532	98.03844698369625
52.022149997577394	116.27137956032982
66.42165035925566	100.09149267385779
49.99834624745238	100.87505321763861
55.614745285737804	96.60291367856419
45.8052812603719	87.24096120453265
54.63726897527311	102.76922531126769
54.180762492715175	108.06989447705679
31.55194279987964	92.27415856208268
46.64951429026752	105.58288989541893
68.43801519895624	114.48007134375626
33.13566568012206	92.40232070215713
46.88802757345239	85.19355114265176
37.91558962553727	102.0820352392902
37.835476167781295	90.41211264784368
47.078356218802504	98.77269284409704
49.23551098697378	104.49027685748379
54.2901504854465	103.35866819800182
46.030575650456086	95.09200640220311
53.548683989548394	73.8201223363491
41.932923066211345	111.88038408652966
61.670130011026096	95.41013380766373
35.30783496473187	91.79795214725138
39.15299353943738	97.44317404287312
60.047856263051706	87.99986319804758
62.51892907037636	95.79678824781021
58.0614508441015	105.68613482471748
49.89799515863088	118.58429489047738
46.509182599077505	91.64595397164175
47.108590463721455	100.69443027986362
40.21747084822684	92.0243370973938
51.320739568057405	106.71719331030334
49.927793990895566	123.7832923963692
62.49678317750794	117.72221192389492
51.280993070979825	116.55084014176857
46.53952190065195	105.50981858817687
50.6803696200598	107.73418253481957
52.34985982299279	78.07476866384621
51.01596889093855	109.99194537153853
35.069727456458544	98.23940470978455
55.60294629212552	84.63026982851909
67.42089702313717	99.22483163628667
39.5393499595515	103.56664590308716
65.26801460702224	110.13550884955228
53.79810173962881	134.6290298624576
66.47268070496835	84.97055865178224
58.13926725136453	90.5990282576287
46.18595636059199	86.36350208588766
61.75173252918927	103.45926289545741
55.296620677427114	85.24047154436481
41.90876464064144	87.47515215170165
68.51119996653996	96.15575032672524
36.19593622228085	97.33899725242713
54.711263355450875	111.7425280557427
32.944526639339536	102.19578899476575
54.012839216661085	103.71745485205862
56.58027186207693	89.29677184056673
51.00181497487242	87.15690692256588
82.4158061870707	90.15490833094805
48.283174764385954	103.41961877705438
43.5448265221241	97.5764049263944
46.837437511861125	96.73845160188026
42.32523568423015	92.07545039600399
40.081254097389696	95.44639624787528
59.42119220638133	84.5477226748463
36.79006777702763	108.67739569680732
50.42030547416393	92.55313411335364
58.67850564799076	94.09843487662802
40.63224966513053	83.76803271847275
57.80561458446098	102.62897704608814
37.78659705959518	95.52490136606143
58.75243969761462	75.56985372134898
64.82167559484938	107.82133057379018
53.93155184630986	97.39643316802581
34.77140792531521	99.68934263834687
59.819115589862996	100.82574081859708
59.926029586539	116.38743668348644
60.8372887588496	77.82929437905526
40.71885614541254	102.06218925725983
59.38926840133831	72.19427446210817
64.34437421452525	95.15583869747421
37.22310869868106	100.43891479504154
32.707526887797705	104.49813108192733
39.47681906113171	94.22475263444214
46.612730691433825	78.90761508612037
52.47605841130979	108.44760360233107
41.1237829739441	105.74245893986759