44.021644300581265	53.72310198202867
33.810906114449274	69.92581957643331
39.89235753524085	45.50929577844432
35.02111754318003	59.786450422854685
55.833329571624716	43.06476256751785
15.048764947946232	42.48727002905005
42.01593605336094	61.34266787077438
14.587214967020053	54.41430178154982
49.40068881703554	50.43652030488457
18.961798170989677	33.45156608334197
44.15015617083581	41.744476273508354
44.88070561782051	58.54478646396455
37.209782586156805	60.03756390231565
40.39533374799729	47.78990180814808
41.22705754108623	50.95106067397542
60.56305812291893	56.47943968697786
38.3038170112736	49.90864262085899
44.13268291910307	56.36286409312327
46.25666395501473	51.53636127582672
57.04678123947497	65.90133591795372
40.977617372231535	68.08288269602002
39.65587776135118	53.81138720238252
46.81471819775049	68.83246669304333
36.25509852430634	63.351087117187134
42.56398361436412	59.55951061752013
29.32273062967413	73.31793562201057
33.906281886237636	41.97688333072636
52.8623082094758	53.78345679505386
46.56582966454011	62.914794536419066
26.329751909506363	45.52200495633106
51.27307458488291	63.27641281305042
26.724965844139682	67.45662603307203
19.48376715471627	62.26507177699632
34.14971824766794	46.248718863702585
39.99306318207494	47.39571460205944
35.521608620444674	61.24555973831118
33.17976141512535	27.251729711174878
40.745852362672906	55.41911648782299
22.309510623282666	49.33536372050696
42.85071194000929	54.0996610817752
28.316847577865573	49.79981398455046
55.19043160133318	59.33780781838698
40.717261373362916	48.465232185394996
27.704075452699954	69.00413638864718
34.57708806586836	42.45922828203942
33.66950895288686	41.17903612338324
43.11723132846727	62.51518507849414
30.25985042565361	57.00568096202781
34.485087389583946	32.905551516026165
60.29175253477388	58.603506278765245
38.72505981607761	44.45144840412751
29.328668024661305	51.36390287968982
25.057287056465043	39.21258596499589
36.10788768755694	57.930135222902706
30.00206997796643	54.15086727814357
44.63853694179244	54.75890436194144
41.937225831933745	59.576510613110216
36.14055154811576	49.51435067149037
44.66387844480652	61.0745166878821
37.36901163269923	60.259000979241286
39.71548343520636	35.91690607697271
37.88176799500455	65.51084748439713
42.886231233924235	75.85980595913662
36.653703995935146	43.67978737751242
37.69968352392171	50.47940354178205
41.65720878772746	53.005766772559575
53.053520781368505	64.68223458567101
37.33029693789764	64.75854691401838
33.427106807076555	53.956536090219025
25.049994574322064	34.192119752896986
16.55929158976011	71.29085355708033
42.395358005262125	43.51133457352905
44.85953911694088	51.91420788261371
14.667715851678551	33.56225262037702
44.077728367598176	51.46029686189602
38.74126416318781	52.49839069494941
32.86278386177297	48.84010298430903
63.183544329698925	59.001193054393006
59.32515215370083	38.72847557341085
46.744967159663666	45.792676681705714
47.49050161508551	49.18519633253373
40.04822927450477	38.41268895389367
41.419846038179344	52.55932050041061
47.882180523737446	29.050417436687045
38.60528867987072	45.514901128383045
40.11298238180884	25.540398004166807
34.47075048809686	29.66488201595222
43.20061679463987	61.35501965973593
18.704241157604763	60.12118000395682
29.240872841700025	74.01916668921719
36.40477933333775	58.912670899401
47.588045237782296	54.62918443329222
51.02391129629113	55.544099433805805
50.672263733845526	43.14258443145061
35.75482368331472	47.324157303535706
46.7696308223766	50.08766450049331
33.27400881935516	29.65139310842308
44.41834010777769	65.61086686568092
46.41885824353797	69.80892366148862
24.927621544514224	59.783091952799154
34.07523016043525	41.987503497461475
29.97213336462019	48.86563241996286
47.596464804954046	75.69826680358264
29.471835866702413	49.510111995788016
38.865383592857796	50.74264916291283
45.00295453915874	61.063945498417084
30.796180988311825	56.152286428687795
29.54512531581672	39.41365162495306
32.21414296458303	56.58730225823003
46.48989324506174	55.45519570257148
16.35601822470443	59.03312981714487
52.879874947532606	71.21811820191658
35.09993468995334	62.889177596154056
53.54015424095715	58.88497593796063
24.75711758737695	42.62821625617481
32.95449978088683	36.744138287636616
30.234580914401327	36.766100137758045
25.55033188870304	73.90483244312176
27.69080054088844	54.38236009045721
40.45638150108483	60.95697693848632
32.597504432498	43.8799376652638
42.62601630792603	59.83110389280345
50.143965428167654	64.7954068581861
56.612343101639475	68.02729741861978
33.394133836701926	56.84005461187122
32.45569667244933	44.93612669560508
47.146175791227094	51.748823884173405
38.53498800878664	55.46417386315552
38.43251560279464	47.907020103086026
39.328836062991456	57.93530266914356
42.377906528808445	47.04726041595396
47.27044969969896	52.97048311608015
45.14193483540387	45.48571176292318
37.741967060635425	47.07979937851266
36.675191991370895	47.42691887993111
47.459435121790946	49.82533365099039
44.572469280025295	31.98565461774033
41.89795453498801	53.593562153526605
43.195573160764454	63.0148411503574
27.999613123612242	62.84310582537002
51.779042396701826	59.368455736933406
36.80158232670499	52.8041830901739
58.081627046751876	56.644984705578196
46.60386026524196	73.44694289429553
32.23029034022711	64.62486933353112
46.9549821779877	60.227468313915494
38.81286783829924	48.82069988798746
36.264920853324675	53.611419468614365
30.598100257703365	49.133371193115366
38.45214609741738	61.2548279814051
37.98997106561997	49.79306975795674
45.09928776769016	58.562425774038985
32.27900901721929	61.966993887276516
37.29154881373987	57.89674529768793
11.641424854977132	89.5326056050463
22.609987097367785	75.81154277609744
17.828658702366933	79.5392992291484
12.145262159906578	83.54480780581457
11.169608102854907	85.73811425799366
1.4679097773182654	86.12846488870287
18.107888646345344	83.23852847709666
-6.067085241165589	80.95336425174747
19.03448370325015	67.10195516144366
31.83079829007014	86.71300453071596
15.980204462444787	63.80172840534589
27.133169508582785	76.4843824773515
35.269498327216006	75.30746141194071
20.329741673330137	73.16516751951241
15.335879806127426	79.78839855292819
2.498605126030645	77.8737855233757
10.340194060810509	92.27966825209862
20.48194003841754	76.59600996922971
6.641462261972286	79.6430242044316
13.07669584149929	70.46896805375405
18.581013712861008	80.10805687629139
20.532248365169117	77.58752425417465
19.279604674099684	80.99205222249556
1.1940203681694808	73.9912114989672
14.620592368785392	74.09159814915643
7.824853312686276	70.48968146065577
16.93050161031285	71.5620746643822
29.49060702633536	67.79421464852486
-6.849959637094216	96.77270277740587
11.965949337147702	81.97680199609756
13.358891260963023	66.26931265645239
25.831430620434887	66.71911504142228
8.427911233492962	88.50897316179503
17.02838880239136	88.97847873466166
47.06856254633717	74.52474816887194
20.580738370647857	60.12442041461597
8.287610022557491	69.13925974575339
2.4774568250070494	69.63335755066232
14.843582847873565	64.13668159205343
16.783677889092342	75.93932069688806
20.045424181647547	86.59597070514775
8.990106697304194	65.83988201798333
26.065395555165576	66.76263564618812
12.057341225801375	82.71707859141947
3.392012176625361	84.38860896938752
-3.714219132988127	73.11710222268891
13.077867339479193	79.27188043060875
10.363364286472999	76.76023538406879
22.030355016060806	76.77415076023651
18.881698529123746	68.25232857485672
39.12555755346749	80.1052742572753
3.1342515072599024	73.99952385820328
-12.131660939634507	91.32523946977452
23.171329858178765	83.04322829813297
18.74919356949624	82.62062940087702
13.390123812270048	84.06801050886972
31.83581450570029	77.49690460808623
14.753441604482893	75.65493535933433
22.621269799673946	86.51863221287724
-5.970161400474826	76.67413362106338
11.701180057964894	69.0131254351865
7.090418187164235	81.50752002377568
8.363015857812984	87.51558008032276
2.1041543350365544	88.86943601323553
7.348237795198288	59.75020008467483
19.169266510946752	76.58687376251781
25.266454356060745	89.20403287496926
15.360187542610683	73.38284821852154
18.756220106713094	64.00547380925406
17.9481973333499	81.66963358579918
14.841097166770787	59.77750313627067
26.72993683872243	67.35011493237394
15.719357646002885	85.75262427111167
21.5620471478243	83.4386731436152
17.602812110696494	74.9508579337718
29.670500187471866	92.36648997585306
19.608812406420252	82.64853259190353
13.395862245161723	65.99044815695606
12.762566496898447	69.31820210643554
12.750504224084995	81.19342581405627
25.62703240088047	90.98640575419087
1.4363530101449786	88.48606669760767
12.774952948825916	75.41874773737874
12.64967609992806	65.51232779573878
18.303315548530115	78.9656997019398
16.368262463313055	72.70677106363492
9.655231897423963	76.36287904026297
30.183288772706085	74.29342293963919
22.19288363012393	55.02866765442497
6.461844445594098	65.43745255078879
26.584342488467396	79.315168434218
26.94694288776749	56.100941066581086
11.540958893252744	71.24288075622758
12.867005003958422	79.86299040612384
10.871034523951359	76.6170095716481
16.005063322838073	68.83906836064186
36.91984817791976	72.70889184171313
11.568855961241042	86.75414689081914
8.312289871504008	78.993264877806
6.95511669882916	83.47023079017606
17.344954333952952	90.2029919849257
20.051348313574252	88.12504477872284
35.227169812946244	75.02285652013136
28.040452815519586	84.7462180256076
31.225869674619492	76.83544388313227
12.90889414831713	93.61723460371817
4.604019360017215	70.5717016064434
20.39672384077592	89.04115836551003
2.72461374452549	74.74059864139873
5.613119679767266	84.28007174466181
8.942194128590284	77.39035550375068
20.979566576469402	63.18218960261906
37.650385435443695	70.01379874567006
18.785589524360777	93.6983316055026
28.10702918853271	89.59081759845672
17.458016007473667	98.94284585780375
40.718947860479304	69.96378247016942
2.966929615427583	78.8931205425294
10.78813040113031	64.78885451708538
18.28925585838597	77.99265568282071
13.548091770935585	75.27743066428643
32.127809404607305	76.52093869702097
-0.33455630340821507	83.22295529008827
19.584434142128192	78.63483442993291
6.632045062541729	72.70904992018178
14.500549978258885	77.12369640310975
4.494831798947402	74.74602536238551
15.657243932227473	51.96363502037968
4.035453369744966	61.70233542565128
26.233390762534754	88.65536291809156
31.039517088279023	88.65315483644024
11.83065722404972	83.12134393093409
-3.079472809749568	85.21802962239703
16.021998172612744	81.37899765988755
5.80162270894238	94.02582082538513
37.868957706206075	81.67448628919364
10.876480121933383	79.70289361190194
9.045997723015184	80.74296951644607
11.753876008228017	97.49852950113885
21.97115640083399	83.88820651670879
17.325315934009062	80.30816358744985
-9.064466486611	70.97628310639489
6.702775202357224	54.54595859564894
23.130034161242847	82.74576503636294
20.99807905561684	71.8751760562144
31.573245743295466	100.54986645281973
34.04158846561464	69.21728526439543
16.65534383793458	72.1121514358879
22.293363994985395	77.67170057245615
30.442631778923772	76.6375576300508
10.387597861194696	78.83302343292135
4.2294366647669825	61.092815750393115
15.190245312464572	64.27487505561925
8.259516536483815	76.9993964960279
94.12067584328624	17.121298426860676
62.8444725425779	34.0626871101536
78.34020864680137	11.374133849574367
83.5403858972684	42.07999304352397
93.01340849492766	15.285824164227938
76.05424958129701	27.222989454817572
72.70515321149261	28.145143355351905
59.406619911712724	24.94023619236693
77.20193875414552	30.669503327697544
69.78568060715956	5.2895559394862275
79.06537141223663	12.442070143765754
74.593996720602	15.627382711259955
65.58338062972794	40.376675371306774
83.60857850254985	34.00466201993014
69.5034952641899	44.37620664809798
72.33052663045046	3.7213821223302155
66.5606682992411	23.585965997003264
70.05888924308353	33.61143889704949
78.03956038924768	35.699434533240535
88.29808443811098	17.16072007175772
75.27867980459355	35.703980211798275
70.15725635680009	32.757065882836926
100.00363130579863	32.673751262177724
64.64861481220615	37.70017714309357
80.77914799693494	40.44293539529714
96.08955926526298	28.46572238511441
78.35361063211178	37.11061161674293
64.74828509038211	41.582433183983596
59.67323962895546	28.751744491537195
91.50476051295941	18.86191600044014
77.75291671184131	35.32474780513415
72.17587062002387	29.80801843018958
76.40057998056142	38.4167476325525
58.59078701456882	19.91687717535491
70.76125309127602	38.46380375802946
62.1372627500869	43.88929923686551
55.71455515271174	34.982985453456536
69.11278950221283	32.1111445999757
82.7399953492003	15.773746400221865
96.1420047086049	43.022640900294
76.27273068225513	33.77641953347314
70.54792094627153	24.908576448801593
81.82421315506333	19.57514175787348
84.7886155264729	25.947927464786797
72.23963222719382	14.656665087685957
76.05788554946523	26.432762687476792
81.46464633757817	22.498589506290255
78.94037924422325	35.35118134495879
71.22514465542011	20.612792465938465
74.46699490124168	27.710826608378206
66.30461934992101	32.98598959357736
86.90745681049384	22.162239101181914
71.46792331238818	44.76429037749374
89.20892451025827	35.71732785188203
59.41497698110307	23.70760343150272
78.34672333668637	18.306211215242705
74.73251061483106	32.36912430943994
74.40907900747398	27.15539555770783
82.74305354049316	21.421124902750424
87.27294678706333	28.548510825176017
73.90455764966245	19.21124565490705
70.15557536518111	8.797836358646709
85.4353189720017	33.84556919105499
63.54252054222695	6.313947694442152
72.8650054909858	33.5729168333187
81.25225600639563	28.263152460879596
60.48551160916986	36.674431141410246
75.58944931764381	45.50593863505972
74.79221209299085	28.307846441858704
75.91483676078926	8.285963243755418
89.12580020359077	33.827654330647285
72.03888262785624	27.60307750735392
76.33401329988727	33.485414413014496
57.55731284168236	14.938190238704749
77.22282895711042	42.8691471113588
76.76298197863022	13.777886933442618
57.48007853276562	21.781298262431076
68.66947976046379	9.176626944660285
73.23183822489669	21.279951849742424
89.92833849475778	13.893127827552647
65.59629853041127	16.949755414859716
79.06237455141623	16.606659146571943
76.19834069296219	33.74457595903703
88.7021539028918	31.54609904147653
76.19054689436668	30.06509494295941
66.77074231292794	24.319926982895122
76.26115751492314	49.1706324972965
76.04850928424156	20.481486939140648
76.854324083729	38.31957493432713
81.77529159923635	8.869208806023927
74.41515572111021	33.50556755125589
54.65104782241938	32.176900732911534
49.03515932844103	22.562694633629647
81.17909774851061	24.735372138836283
81.79566369711334	22.257237812895976
82.4664222760023	13.449041484166878
76.02989125896457	19.950968148532464
87.48803975960519	10.79427206312425
86.6723733571904	36.41817090613661
70.36168455395533	39.32287632118265
79.54757946310413	38.788480782171234
73.94183470618191	45.32565457003787
83.54603502296884	29.280118274016424
71.99135908914882	45.8363066253339
69.24925068121038	40.08063336562216
78.2618316231656	30.87374479821777
56.66957844425873	44.904403133692696
76.6946029666655	33.34997018355672
81.20997476608055	32.880161585746
81.13127493740882	33.767870078850365
75.4724265964077	34.47833385305674
77.19027106824531	27.77945912723289
71.41684281432943	-1.523970065892513
72.61496916316088	23.2081788582843
88.60988101775706	31.5223133302221
72.78578096754472	25.995080987370407
99.27486897482751	28.418960692040145
72.13973754594886	32.89106186391721
81.21115383783541	30.948795503185995
83.94672763951861	28.378377380637357
69.47134238060639	37.88245575772144
76.27778144871219	31.835081131410224
66.3245978881898	38.46420603083895
79.42494855238672	19.516547063113677
67.62628791341248	40.40897306346543
61.75601650728298	21.214698617476095
90.33068339042384	30.338332790326685
90.09294401306883	34.88561482104795
104.27142248813449	29.561333702193796
73.40501273248672	24.08328717623148
81.48879172836095	6.882422974408765
79.3007712247274	24.339723103218972
90.33430723196801	33.45106790330333
70.19093590847802	18.736900681409423
76.88392497310912	15.963188704374616
74.32767809253284	30.321264576965845
70.0378418130259	38.13725716254684
87.66210367465258	23.737200444140704
67.72884677246178	21.98671038729042
89.02766061009909	37.199800348611355
66.2364733252547	20.82405273148154
65.54293908281578	31.994783673831478
57.09129534161691	29.09537413612047
61.2519586533543	26.400553499346046
84.8264121494305	32.172612769990074
61.35718550373466	25.991884766303905
81.4395329926079	37.52085685222964
69.31417046983753	24.89410065135076
73.41041626430027	25.613325757070644
69.07963473342083	39.82071020648034
91.15731615627304	13.117488944266709
76.98784852854243	47.14862339915099
52.537328432843566	9.28509463940479
75.19245835420938	32.11962640602839
127.19273393372511	35.18624931235779
94.70583219197833	28.127721368317758
104.2547186261859	10.656461924811689
99.94407323513013	14.223052057361219
78.3975594071474	22.79301361850931
81.6939737718956	17.400543054133358
105.80581126086376	49.28044931503529
100.17231584199642	16.599273082730967
99.63218637300552	33.53703604028746
119.58608192771501	14.045715676104864
113.69970306390108	10.729986676707428
109.44088296000271	22.913413724931953
99.15451387322388	22.87560568826901
93.49484262650094	5.656363376476705
118.71876285709399	9.286588050783747
101.14678948603735	19.63356902122049
101.76981456044412	34.75498618713671
96.67367353525084	26.74083984895425
85.07781427818938	11.417152944983341
103.44025300107096	26.40110677546058
91.61068443489275	16.862786509920312
91.63708304849501	41.04459490005481
99.1824648992571	23.677225861364317
105.61541163524055	21.876535877936867
96.57101798443104	17.89752296047601
102.05334950247098	39.45593277644673
111.65615704407423	19.07717165868835
104.33163255955746	21.581234433307237
110.20028489166354	16.08174881307818
83.89012507665686	34.11088286948873
93.72990431717261	36.64180408001729
95.43557570019182	26.71537115550441
110.36132266722447	29.814269290630865
85.01778720787145	35.03259732727831
129.73013526153068	29.820577005164736
93.03607088592639	37.65726480524678
94.00095807573848	14.956067954142204
118.95604246706904	44.54529390363247
100.88149319239459	6.433506938261292
99.31537795633226	25.333402068595284
81.365610691082	12.473873053990678
94.72553036159532	3.167630192494233
93.75403435889146	33.91854215821217
102.8817732256332	33.453881188035695
102.26565546365566	32.96248631151588
95.93226340564567	19.67230648524292
102.83699114023582	43.20943743450242
91.1300306494918	32.77826918929065
111.91413740674166	25.690357644243417
87.75412092536948	10.863527173157191
111.28442445927236	19.533575176610178
89.23486532822918	21.052727297240267
111.48408492878094	18.338824141832056
75.7569694313581	-1.379395825252459
100.84410273320599	29.934744544800335
105.51014216466251	41.86337921206497
124.03686099912747	12.641811333118731
92.39874184885291	42.09736265211954
84.57829704354428	8.17770132373619
106.9326728954561	21.684306976765775
118.16363017624656	25.00018373909917
99.36161594920779	37.470176132062065
93.63891546452048	17.27200379291947
103.92564014089488	13.75305306326051
96.08101635765317	20.407136112813227
104.2031019212804	24.19366933009343
94.6990798987854	45.429373953501624
104.97175006195002	28.829294724219096
107.4578443115046	26.651039497414704
88.12829666912727	22.416399639839835
91.27060674062389	16.078403559648102
97.53314215629386	18.111529924610483
87.70314081218532	16.71405056681649
102.28176691581588	18.990213268712473
108.97803137821947	19.344958742002433
81.80132152561609	17.922784367615815
97.51175478129738	24.537308451272445
111.66239970747904	47.78517319929426
85.57037721442038	13.24989367861193
86.46795515526968	15.988622832397434
80.12442260794533	26.114351280772006
78.4978406953859	28.765602453510017
101.05985149334886	27.70365773750694
106.11554754181117	28.093222573845022
104.40075219430275	16.568681647839746
105.55089661868178	28.305820911433553
98.50643209200759	19.58076593849008
98.32567548612074	16.96565385697825
89.76843909200028	17.256439586053894
103.37740936891882	32.461511813303844
90.83230560700785	19.403727298002117
100.79033407326983	27.96157131751706
99.71853660773488	21.029614308266126
94.57848041909098	22.435837254939962
91.59742023994264	30.06949068527434
106.18778942168454	34.47537964575735
99.30898676807806	32.86343636448816
80.54445384754239	33.11251701437747
94.38654970273674	20.52112410805101
100.66790046374156	17.565779527560117
102.90937310731006	24.63319266933024
104.88979268036545	15.355302521224251
103.13320173734252	15.456083598281246
108.98851398576357	21.697289793796642
113.10755717578364	26.87856068443616
107.10578154303718	20.87963141608179
100.6689287052448	35.29326427974949
105.49273888076853	9.358637385653493
79.9085197638313	28.50658320146151
113.53806883788273	49.396542584201825
114.84939386726701	11.8091142559841
124.6699076836801	18.417841530687305
103.6367453071901	26.9634104105074
113.87726098806846	17.253170298961173
89.52380962903028	21.531894152415106
105.90861333937382	35.30769710075384
92.35355059996505	16.7905531270683
106.20855997556082	18.606988472300916
97.11343343855768	15.764014669805455
104.29224268411973	31.150908712172424
98.30735853315791	15.589412495848245
110.20118936016544	33.72401212364295
96.98234624887833	34.47590670988423
100.76949501888319	24.049744281892135
94.53949928975405	6.862013771800235
117.60535163942376	17.41462461894506
90.88603029060094	34.207730664564195
83.17548067688804	22.730600467069852
99.12015349168823	35.69570538114411
113.94495070758133	32.608624475080646
99.49156998074874	8.479596833803516
121.52092634977359	15.307220716284885
117.30153036667934	24.021580106699467
89.44778687279974	20.85087866115824
95.69229399541662	38.59995605895122
100.6605373644284	36.64946053976441
99.71520962651488	40.740749053712676
82.01610138213427	33.95872308407901
88.86806025543817	25.300964273378998
76.84373835463172	21.357739814515213
89.85945840565637	31.826855401152294
92.35009572674846	31.082176399253914
87.77275811390301	20.46447758432251
99.787603272227	10.003809527427853
98.66592827364805	38.165445320881595
109.81931543677736	28.522139872983473
103.43179620078396	9.39545893997162
120.95938169735443	15.110586122051622
80.34716178264925	30.520725769600396
92.854498679627	47.05537237040413
112.30661970928527	36.49372046167845
85.08229342527706	38.43331752330067
85.34387495606651	-0.76913521680072
97.33622201896368	7.850423787362331
97.87813789217245	29.601288455159285
105.2568970656535	13.730481255458216