80.61470949258148	39.42002404387255
82.22878648809588	53.569091294926515
82.22878648809588	53.569091294926515
75.25810439568222	79.49674309326046
75.25810439568222	79.49674309326046
79.14253002423976	53.712632337589895
79.14253002423976	53.712632337589895
72.17184940704107	79.64028413592384
72.17184940704107	79.64028413592384
66.97487607778115	15.588889832796287
66.97487607778115	15.588889832796287
8.468686691094037	1.7572614060662888
8.468686691094037	1.7572614060662888
10.650349369654256	30.673036737065306
10.650349369654256	30.673036737065306
10.650349369654256	30.673036737065306
5.382430227237927	1.9008039239446257
5.382430227237927	1.9008039239446257
7.53748711945327	81.1712618632663
7.53748711945327	81.1712618632663
89.37719337069551	50.72900441342693
78.75266765616496	62.033490649694166
78.75266765616496	62.033490649694166
83.20468044298327	51.016085023538714
83.20468044298327	51.016085023538714
83.20468044298327	51.016085023538714
75.67527978775712	45.39213650610668
75.67527978775712	45.39213650610668
77.85694394153231	74.30790888667578
77.85694394153231	74.30790888667578
9.914613254311003	0.6048073129530684
9.914613254311003	0.6048073129530684
2.7310848711383366	33.36994653173754
2.7310848711383366	33.36994653173754
4.841800261327177	97.5648804023135
4.841800261327177	97.5648804023135
4.841800261327177	97.5648804023135
98.64482988249719	33.51348757440091
98.64482988249719	33.51348757440091
1.755545272686026	97.70842144497686
1.755545272686026	97.70842144497686
27.500952465806925	79.15756446460274
27.500952465806925	79.15756446460274
27.500952465806925	79.15756446460274
22.587774190892357	71.98952272623276
22.587774190892357	71.98952272623276
24.698489581081198	37.18445807202367
24.698489581081198	37.18445807202367
17.231167618778137	13.066241775620675
17.231167618778137	13.066241775620675
12.530837109837542	98.06071556723008
12.530837109837542	98.06071556723008
12.530837109837542	98.06071556723008
14.15378122558528	95.42488763203319
14.15378122558528	95.42488763203319
43.508687588366655	76.42167214498006
43.508687588366655	76.42167214498006
47.39311321692419	50.63755991409454
47.39311321692419	50.63755991409454
40.4224325997255	76.56521171242848
40.4224325997255	76.56521171242848
42.32030169915533	48.59763300345496
42.32030169915533	48.59763300345496
42.32030169915533	48.59763300345496
37.05238108152403	19.82540019033429
37.05238108152403	19.82540019033429
30.152649227911674	10.473889023446405
30.152649227911674	10.473889023446405
33.966126092882874	19.968941232997658
33.966126092882874	19.968941232997658
17.06302013691063	96.76472043145348
17.06302013691063	96.76472043145348
17.06302013691063	96.76472043145348
18.677095657210064	11.913787682507444
18.677095657210064	11.913787682507444
13.976762197839552	96.90826147411686
13.976762197839552	96.90826147411686
6.793235289881843	30.673399217686367
6.793235289881843	30.673399217686367
8.336363521809908	80.1016279587472
8.336363521809908	80.1016279587472
5.258977128617039	63.46027381515971
34.684832254984755	9.177895362884765
34.684832254984755	9.177895362884765
29.416913112568423	79.40566254976409
29.416913112568423	79.40566254976409
29.416913112568423	79.40566254976409
31.598575791128642	9.321436405548132
31.598575791128642	9.321436405548132
26.330656648712303	79.54920506764242
26.330656648712303	79.54920506764242
28.228527223357087	51.58162488345394
28.228527223357087	51.58162488345394
21.257843655728475	77.50927520657294
21.257843655728475	77.50927520657294
52.386461732093515	67.52701361805832
52.386461732093515	67.52701361805832
52.386461732093515	67.52701361805832
54.541520099523815	47.79747303259494
54.541520099523815	47.79747303259494
47.003250848849376	58.95841970141377
47.003250848849376	58.95841970141377
51.455263635667706	47.94101260004336
51.455263635667706	47.94101260004336
43.916995860208225	59.101959268862174
43.916995860208225	59.101959268862174
43.916995860208225	59.101959268862174
45.81486495963805	31.134380559888665
45.81486495963805	31.134380559888665
41.1145329754825	17.128852876283112
41.1145329754825	17.128852876283112
69.97280094358942	47.07977076970799
69.97280094358942	47.07977076970799
72.09238492922657	94.48980945403311
72.09238492922657	94.48980945403311
72.09238492922657	94.48980945403311
66.89541455039657	30.438415150905552
66.89541455039657	30.438415150905552
69.00612994058541	94.63334902148151
69.00612994058541	94.63334902148151
63.8091566113255	30.58195619356892
63.8091566113255	30.58195619356892
56.838474518911845	56.50960651668792
56.838474518911845	56.50960651668792
58.73634509355663	28.542027807714394
58.73634509355663	28.542027807714394
58.73634509355663	28.542027807714394
43.49165763512527	35.562399801184846
43.49165763512527	35.562399801184846
45.646716002555586	15.832859215721472
45.646716002555586	15.832859215721472
38.179394040252525	90.71464291931846
38.179394040252525	90.71464291931846
33.47906353131193	76.70911671092787
33.47906353131193	76.70911671092787
33.47906353131193	76.70911671092787
35.09313905161137	90.85818396198184
35.09313905161137	90.85818396198184
28.12245695919771	17.785835760315784
28.12245695919771	17.785835760315784
32.290677642100604	48.885076094187816
32.290677642100604	48.885076094187816
61.0779968466212	15.115156952834528
61.0779968466212	15.115156952834528
61.0779968466212	15.115156952834528
63.26852812062971	27.246034147152756
63.26852812062971	27.246034147152756
58.00060897821338	97.47380133403209
58.00060897821338	97.47380133403209
51.10087564938606	88.1222901671442
51.10087564938606	88.1222901671442
54.91435251435726	97.61734237669545
54.91435251435726	97.61734237669545
48.014619185529945	88.26583268502253
48.014619185529945	88.26583268502253
48.014619185529945	88.26583268502253
49.55774594224304	38.69406142608337
49.55774594224304	38.69406142608337
80.97015759773846	85.59515240232632
80.97015759773846	85.59515240232632
74.04381995778124	27.598328269405965
70.95756349392511	27.741867836854375
72.50069025063823	77.17009657791522
72.50069025063823	77.17009657791522
72.50069025063823	77.17009657791522
65.60095839702586	67.81858688624229
65.60095839702586	67.81858688624229
96.65862770980455	93.11548826294951
96.65862770980455	93.11548826294951
98.55649828444933	65.14790807876103
98.55649828444933	65.14790807876103
91.59468478748397	74.29066469084412
91.59468478748397	74.29066469084412
91.59468478748397	74.29066469084412
95.47910894082656	48.506552459958584
95.47910894082656	48.506552459958584
88.50842832362787	74.43420425829252
88.50842832362787	74.43420425829252
83.31145646958291	10.382809955164989
83.31145646958291	10.382809955164989
85.42217185977177	74.57774530095591
85.42217185977177	74.57774530095591
67.97808305666864	86.25213381114402
67.97808305666864	86.25213381114402
67.97808305666864	86.25213381114402
72.35914855511558	11.513889674995449
72.35914855511558	11.513889674995449
65.14901438559804	94.6337144525325
65.14901438559804	94.6337144525325
66.76309138111245	9.78278170358646
66.76309138111245	9.78278170358646
62.062759396956885	94.77725401998092
62.062759396956885	94.77725401998092
62.062759396956885	94.77725401998092
54.595437434653824	70.6590377235779
54.595437434653824	70.6590377235779
56.70615282484266	35.85397306936881
56.70615282484266	35.85397306936881
87.8347709012077	25.8717114808542
87.8347709012077	25.8717114808542
89.94548629139655	90.06664682664511
89.94548629139655	90.06664682664511
89.94548629139655	90.06664682664511
82.77082797888713	7.046889383963782
82.77082797888713	7.046889383963782
77.50290883647078	77.2746565708431
77.50290883647078	77.2746565708431
79.68457151503101	7.190428951412191
79.68457151503101	7.190428951412191
74.41665089739972	77.41819613829152
74.41665089739972	77.41819613829152
76.5983150511749	7.33396999407557
76.5983150511749	7.33396999407557
76.5983150511749	7.33396999407557
6.385635730910446	72.56404790229236
6.385635730910446	72.56404790229236
1.729646723996363	73.63404576264747
1.729646723996363	73.63404576264747
3.6275158234261897	45.666465578459
3.6275158234261897	45.666465578459
95.08924657275175	56.82741224727783
95.08924657275175	56.82741224727783
95.08924657275175	56.82741224727783
0.5412593595700697	45.81000514590742
0.5412593595700697	45.81000514590742
92.00299158411059	56.970951814726234
92.00299158411059	56.970951814726234
94.18465426267082	85.88672567051029
94.18465426267082	85.88672567051029
26.242323575449507	12.183625572002537
26.242323575449507	12.183625572002537
19.34259024662219	2.832115880329612
19.34259024662219	2.832115880329612
19.34259024662219	2.832115880329612
23.16493718225665	94.54226995320009
23.16493718225665	94.54226995320009
15.981408799083983	28.307407696769612
15.981408799083983	28.307407696769612
18.092124189272823	92.50234304256053
18.092124189272823	92.50234304256053
12.895152335227863	28.45094726421802
12.895152335227863	28.45094726421802
12.895152335227863	28.45094726421802
94.94770340201416	90.17120534435806
94.94770340201416	90.17120534435806
96.56178039752855	5.320272595412016
96.56178039752855	5.320272595412016
91.86144693815804	90.31474491180646
91.86144693815804	90.31474491180646
93.4489166721126	55.818497721613014
93.4489166721126	55.818497721613014
93.4489166721126	55.818497721613014
86.26539123936985	88.58363694039748
86.26539123936985	88.58363694039748
81.56505777999935	74.57810925679192
81.56505777999935	74.57810925679192
83.17913477551373	88.7271765078459
83.17913477551373	88.7271765078459
13.534041138295112	69.72395954557781
13.534041138295112	69.72395954557781
17.41846676685266	43.939848789907245
17.41846676685266	43.939848789907245
17.41846676685266	43.939848789907245
10.447786149653963	69.86750206345614
10.447786149653963	69.86750206345614
5.259682891057294	88.03121109886278
5.259682891057294	88.03121109886278
7.370398281246135	53.2261464446537
7.370398281246135	53.2261464446537
0.18687137328842518	85.99128418822322
0.18687137328842518	85.99128418822322
0.18687137328842518	85.99128418822322
4.000348238259632	95.48633344734455
4.000348238259632	95.48633344734455
33.426204839842306	41.20395647028457
33.426204839842306	41.20395647028457
34.96933307177036	90.63218668656036
34.96933307177036	90.63218668656036
30.339948375986182	41.347496037732974
30.339948375986182	41.347496037732974
30.339948375986182	41.347496037732974
22.846022102553206	67.58396825051246
22.846022102553206	67.58396825051246
24.956737492742057	32.778902121088414
24.956737492742057	32.778902121088414
20.04355921782749	25.610860382718435
20.04355921782749	25.610860382718435
21.586687449755544	75.03909059899424
21.586687449755544	75.03909059899424
51.01254257612326	20.756712146719277
51.01254257612326	20.756712146719277
45.74462343370693	90.9844793335986
45.74462343370693	90.9844793335986
45.74462343370693	90.9844793335986
47.92628758748211	20.900253189382653
47.92628758748211	20.900253189382653
42.6672355652991	74.34312519001111
42.6672355652991	74.34312519001111
44.84889824385933	4.258897570580212
44.84889824385933	4.258897570580212
37.310630468399836	15.419844239399028
37.310630468399836	15.419844239399028
37.310630468399836	15.419844239399028
95.83954099758054	91.25662909657966
95.83954099758054	91.25662909657966
97.95025638776939	56.45156296715562
97.95025638776939	56.45156296715562
90.48293590068128	32.33334962118253
90.48293590068128	32.33334962118253
94.86400139912823	56.595104009818996
94.86400139912823	56.595104009818996
94.86400139912823	56.595104009818996
87.37007365048028	82.83157474738351
87.37007365048028	82.83157474738351
89.55173927947043	12.747348603167566
89.55173927947043	12.747348603167566
84.28381866183913	82.97511579004689
84.28381866183913	82.97511579004689
14.425880209076453	70.80938477301437
14.425880209076453	70.80938477301437
16.536595599265294	36.004320118805296
8.262237352027473	54.3115701968753
1.2915537843988614	80.23922347042421
1.2915537843988614	80.23922347042421
2.9056307799132646	94.38828924626323
2.9056307799132646	94.38828924626323
34.530888726167696	35.4518942772706
34.530888726167696	35.4518942772706
36.42875782559752	7.484315568297083
36.42875782559752	7.484315568297083
36.42875782559752	7.484315568297083
28.890488574923086	18.6452622371159
28.890488574923086	18.6452622371159
24.261103879138922	68.36057453871845
24.261103879138922	68.36057453871845
25.848575088308436	33.86432734852499
25.848575088308436	33.86432734852499
18.877892995894783	59.79197767164397
18.877892995894783	59.79197767164397
18.877892995894783	59.79197767164397
22.762320099667274	34.007866915973395
22.762320099667274	34.007866915973395
52.11722646244866	15.004651428920276
52.11722646244866	15.004651428920276
54.01509703709345	86.0370712447318
54.01509703709345	86.0370712447318
48.74717641946215	57.264838431611125
48.74717641946215	57.264838431611125
41.84744309063483	47.9133287399382
41.84744309063483	47.9133287399382
41.84744309063483	47.9133287399382
45.66979002626929	40.62348428802364
45.66979002626929	40.62348428802364
38.770055222227015	31.271974596350717
38.770055222227015	31.271974596350717
40.31318345415507	80.70020333741155
40.31318345415507	80.70020333741155
25.70703191757085	67.20811897039026
25.70703191757085	67.20811897039026
25.70703191757085	67.20811897039026
18.16876266689641	78.36906711442403
18.16876266689641	78.36906711442403
20.066633241541194	50.40148693023556
20.066633241541194	50.40148693023556
15.36629978217068	36.395959246630014
15.36629978217068	36.395959246630014
16.953770991340196	1.8997135316515075
16.953770991340196	1.8997135316515075
16.953770991340196	1.8997135316515075
10.05403766251288	91.5482038399786
10.05403766251288	91.5482038399786
41.11170697529158	17.84510226625589
41.11170697529158	17.84510226625589
43.2933696538518	46.76087464682498
43.2933696538518	46.76087464682498
38.02545198665042	17.988643308919258
38.02545198665042	17.988643308919258
39.92332108608026	89.02106459994575
39.92332108608026	89.02106459994575
39.92332108608026	89.02106459994575
32.9526389936666	15.948714923064733
32.9526389936666	15.948714923064733
27.764535735069934	34.11242543368633
27.764535735069934	34.11242543368633
29.875251125258774	98.30736077947725
29.875251125258774	98.30736077947725
58.73352056858066	29.25827719768717
58.73352056858066	29.25827719768717
58.73352056858066	29.25827719768717
63.11458459181265	53.5200330615386
63.11458459181265	53.5200330615386
55.64726410472455	29.40181824035054
55.64726410472455	29.40181824035054
57.757978019698434	93.59675358614146
57.757978019698434	93.59675358614146
52.844801219998836	86.42871184777148
52.844801219998836	86.42871184777148
52.844801219998836	86.42871184777148
45.350874946565845	13.665181110121043
45.350874946565845	13.665181110121043
47.461590336754696	77.86011793112692
47.461590336754696	77.86011793112692
78.59020693790477	67.87785339218239
78.59020693790477	67.87785339218239
80.70092232809361	33.072788737973305
80.70092232809361	33.072788737973305
75.50395047404865	68.02139591006072
75.50395047404865	68.02139591006072
75.50395047404865	68.02139591006072
68.53326985684996	93.94904623317971
68.53326985684996	93.94904623317971
70.43114043149474	65.98146604899124
70.43114043149474	65.98146604899124
65.17208840931174	20.424339524834657
65.17208840931174	20.424339524834657
67.35375256308693	49.340111905403745
67.35375256308693	49.340111905403745
67.35375256308693	49.340111905403745
49.83871499639747	96.2936633808137
49.83871499639747	96.2936633808137
45.209330300613296	47.00897420720127
45.209330300613296	47.00897420720127
46.752458532541354	96.43720442347707
46.752458532541354	96.43720442347707
39.85272520371404	87.08569473180415
39.85272520371404	87.08569473180415
39.85272520371404	87.08569473180415
43.666202068685244	96.58074399092548
43.666202068685244	96.58074399092548
36.456070849597616	80.70056729324757
36.456070849597616	80.70056729324757
38.63773352815784	10.616341149031625
38.63773352815784	10.616341149031625
69.69540284093654	35.91323957530892
69.69540284093654	35.91323957530892
62.79566951210922	26.561729883635998
62.79566951210922	26.561729883635998
62.79566951210922	26.561729883635998
66.60914637708042	36.056782093187245
66.60914637708042	36.056782093187245
59.7094130482531	26.705270926299374
59.7094130482531	26.705270926299374
61.25254128018116	76.13350114257517
61.25254128018116	76.13350114257517
56.34823160071489	52.18056421795432
56.34823160071489	52.18056421795432
56.34823160071489	52.18056421795432
85.70314091392618	33.17734725568624
85.70314091392618	33.17734725568624
87.31721643422561	47.32641450674021
87.31721643422561	47.32641450674021
82.61688297485512	33.32088682313465
82.61688297485512	33.32088682313465
84.23095997036951	47.46995554940358
84.23095997036951	47.46995554940358
77.26027935317082	73.39760882295249
77.26027935317082	73.39760882295249
77.26027935317082	73.39760882295249
72.06330749912586	9.346213044609977
72.06330749912586	9.346213044609977
73.93457228742575	31.733319894389044
73.93457228742575	31.733319894389044
4.289478650207145	12.730102932120955
4.289478650207145	12.730102932120955
8.17390427876468	85.94599217645039
8.17390427876468	85.94599217645039
8.17390427876468	85.94599217645039
1.2032236615659833	12.873643974784335
1.2032236615659833	12.873643974784335
95.00625033230607	47.822249671656785
95.00625033230607	47.822249671656785
97.11696572249491	13.017183542232743
97.11696572249491	13.017183542232743
89.64964523540681	87.89897019625965
89.64964523540681	87.89897019625965
89.64964523540681	87.89897019625965
94.03957932930204	95.37582939864527
94.03957932930204	95.37582939864527
76.87928410532933	64.93357194880589
76.87928410532933	64.93357194880589
78.42241233725738	15.361800689866737
78.42241233725738	15.361800689866737
73.79302764147322	65.07711299146928
73.79302764147322	65.07711299146928
66.25475691558381	76.23805966028809
66.25475691558381	76.23805966028809
66.25475691558381	76.23805966028809
68.43642254457394	6.153832040857179
68.43642254457394	6.153832040857179
63.16850192694266	76.38159922773652
63.16850192694266	76.38159922773652
65.32356029437297	56.65205864227313
65.32356029437297	56.65205864227313
94.46562184161029	44.48632762524062
94.46562184161029	44.48632762524062
94.46562184161029	44.48632762524062
89.19770122397898	15.714094812119939
89.19770122397898	15.714094812119939
91.37936685296913	44.62986719268903
91.37936685296913	44.62986719268903
86.11144623533784	15.857634379568358
86.11144623533784	15.857634379568358
88.29311038911301	44.773409710567364
88.29311038911301	44.773409710567364
88.29311038911301	44.773409710567364
80.75484113843858	55.93435637938618
80.75484113843858	55.93435637938618
13.45991496851269	43.93390325892087
13.45991496851269	43.93390325892087
15.003043200440745	93.36213199998171
15.003043200440745	93.36213199998171
7.819514817268077	27.12726974355123
7.819514817268077	27.12726974355123
12.200580315715017	51.38902560740265
12.200580315715017	51.38902560740265
12.200580315715017	51.38902560740265
4.733258353411957	27.2708107862146
4.733258353411957	27.2708107862146
6.843973743600808	91.46574613200552
6.843973743600808	91.46574613200552
1.6470033647708053	27.414350353663007
1.6470033647708053	27.414350353663007
31.0462541800086	23.486658935355596
31.0462541800086	23.486658935355596
31.0462541800086	23.486658935355596
34.85972956976485	32.98170966969189
34.85972956976485	32.98170966969189
27.67620266180714	65.7468474132614
27.67620266180714	65.7468474132614
29.78691805199598	30.941781283837365
29.78691805199598	30.941781283837365
24.589947673165977	65.89038698070982
24.589947673165977	65.89038698070982
17.619265580752323	91.81803877904377
17.619265580752323	91.81803877904377
17.619265580752323	91.81803877904377
19.23334110105177	6.96710750531269
19.23334110105177	6.96710750531269
4.565109396329491	11.969287966832448
4.565109396329491	11.969287966832448
6.179186391843882	26.11835669310137
6.179186391843882	26.11835669310137
98.20850577464519	52.046009966650274
98.20850577464519	52.046009966650274
93.29532749973063	44.87796675306533
93.29532749973063	44.87796675306533
94.83845425644373	94.30619696934113
94.83845425644373	94.30619696934113
87.93872092761642	84.95468727766821
87.93872092761642	84.95468727766821
91.75219926780258	94.44973653678954
91.75219926780258	94.44973653678954
91.75219926780258	94.44973653678954
22.15145008304037	90.52204511848213
22.15145008304037	90.52204511848213
16.95447675378045	26.470650815354578
16.95447675378045	26.470650815354578
19.06519214396929	90.66558468593054
19.06519214396929	90.66558468593054
11.881665236011584	24.430722429500054
11.881665236011584	24.430722429500054
15.695143576197749	33.92577316383635
15.695143576197749	33.92577316383635
15.695143576197749	33.92577316383635
8.795408772155474	24.574263472163423
8.795408772155474	24.574263472163423
10.338537004083529	74.00249368843922
10.338537004083529	74.00249368843922
42.04361083415765	62.002040567973914
42.04361083415765	62.002040567973914
34.50534158348321	73.16298723679273
34.50534158348321	73.16298723679273
34.50534158348321	73.16298723679273
36.68700426204342	3.0787610925767797
36.68700426204342	3.0787610925767797
31.419086594842042	73.30652827945612
31.419086594842042	73.30652827945612
33.31695569427187	45.33894957048259
33.31695569427187	45.33894957048259
26.346273601858215	71.26659989360158
26.346273601858215	71.26659989360158
57.47489167822325	61.28433830508696
57.47489167822325	61.28433830508696
57.47489167822325	61.28433830508696
59.585607068412095	26.47927217566292
59.585607068412095	26.47927217566292
54.36203090323722	12.782564906502918
54.36203090323722	12.782564906502918
56.54369358179745	41.69833728707201
56.54369358179745	41.69833728707201
49.00542433112301	52.859283955890824
49.00542433112301	52.859283955890824
49.00542433112301	52.859283955890824
44.09224605620844	45.691242217520845
44.09224605620844	45.691242217520845
46.20296144639728	10.88617756331176
46.20296144639728	10.88617756331176
28.75887411850912	22.560566073499878
28.75887411850912	22.560566073499878
33.1488067371894	30.037426751100437
33.1488067371894	30.037426751100437
25.681484774886343	5.919211929912395
25.681484774886343	5.919211929912395
25.681484774886343	5.919211929912395
27.792200165075183	70.11414727570332
27.792200165075183	70.11414727570332
22.59522978624519	6.0627514973608045
22.59522978624519	6.0627514973608045
15.624547693831538	31.99040477090971
15.624547693831538	31.99040477090971
17.522418268476322	4.022824586721239
17.522418268476322	4.022824586721239
17.522418268476322	4.022824586721239
48.580087581255015	29.319724488213495
48.580087581255015	29.319724488213495
50.73514447347037	9.590182427535161
50.73514447347037	9.590182427535161
45.53817409464037	44.53878812440761
45.53817409464037	44.53878812440761
38.567492002226714	70.46643992274157
38.567492002226714	70.46643992274157
40.181567522526144	84.61550864901048
40.181567522526144	84.61550864901048
40.181567522526144	84.61550864901048
35.48123553837059	70.60997949018997
35.48123553837059	70.60997949018997
37.37910611301539	42.642402256431424
37.37910611301539	42.642402256431424
66.16642679275094	8.872480164648216
66.16642679275094	8.872480164648216
61.5459092172001	41.80289580478493
61.5459092172001	41.80289580478493
61.5459092172001	41.80289580478493
63.08903744912815	91.23112454584577
63.08903744912815	91.23112454584577
56.18930559551579	81.87961485417284
56.18930559551579	81.87961485417284
60.002782460487	91.37466558850915
60.002782460487	91.37466558850915
53.10304765644472	82.02315589683622
53.10304765644472	82.02315589683622
76.0459919648399	21.49919252388302
77.58912167198291	70.92742126494386
77.58912167198291	70.92742126494386
72.95973697619874	21.6427335665464
72.95973697619874	21.6427335665464
72.95973697619874	21.6427335665464
55.44469940950929	68.59628356674139
55.44469940950929	68.59628356674139
57.342569984154075	40.62870485776787
57.342569984154075	40.62870485776787
52.65110512023186	9.838281987911465
52.65110512023186	9.838281987911465
54.265182115746256	23.987350714180383
54.265182115746256	23.987350714180383
54.265182115746256	23.987350714180383
47.2945000233326	49.91500103729937
47.2945000233326	49.91500103729937
42.09752816928764	84.86360673417184
42.09752816928764	84.86360673417184
44.20824355947649	50.05854207996275
44.20824355947649	50.05854207996275
75.33686311105647	40.07627901623318
75.33686311105647	40.07627901623318
77.44757850124532	5.271214362024096
77.44757850124532	5.271214362024096
77.44757850124532	5.271214362024096
70.23744433172777	88.39103766434617
70.23744433172777	88.39103766434617
65.04047247768283	24.339643361218638
65.04047247768283	24.339643361218638
67.15118786787167	88.53457870700956
67.15118786787167	88.53457870700956
59.68386738078357	64.41636241060654
59.68386738078357	64.41636241060654
59.68386738078357	64.41636241060654
64.0649328792305	88.67811974967293
64.0649328792305	88.67811974967293
92.92320084733744	19.62903469266789
92.92320084733744	19.62903469266789
95.03391623752628	83.82397003845881
95.03391623752628	83.82397003845881
90.12960655806	59.871033113837974
90.12960655806	59.871033113837974
90.12960655806	59.871033113837974
82.59133878260053	71.03197978265679
82.59133878260053	71.03197978265679
84.77300146116075	0.9477521632258803
84.77300146116075	0.9477521632258803
79.50508084352946	71.1755193501052
79.50508084352946	71.1755193501052
81.68674499730464	1.0912946811042172
81.68674499730464	1.0912946811042172
81.68674499730464	1.0912946811042172
13.744414310083327	26.388193107381504
13.744414310083327	26.388193107381504
6.84468098125601	17.036683415708588
6.84468098125601	17.036683415708588
8.71594576955593	39.423790265487646
8.71594576955593	39.423790265487646
3.4480251519246314	10.651557452366976
3.4480251519246314	10.651557452366976
5.629689305699809	39.56732983293607
5.629689305699809	39.56732983293607
5.629689305699809	39.56732983293607
97.09142005502537	50.728276501754884
97.09142005502537	50.728276501754884
82.48526851844115	37.23619213473359
82.48526851844115	37.23619213473359
84.0283967503692	86.66442087579442
84.0283967503692	86.66442087579442
77.12866342154189	77.3129111841215
77.12866342154189	77.3129111841215
80.9421402865131	86.80796191845779
80.9421402865131	86.80796191845779
80.9421402865131	86.80796191845779
73.76748197400367	3.7882044757764537
73.76748197400367	3.7882044757764537
75.87819736419252	67.98313834635242
75.87819736419252	67.98313834635242
70.68122551014756	3.931745518439821
70.68122551014756	3.931745518439821
1.0361333481438895	83.92852855617174
1.0361333481438895	83.92852855617174
1.0361333481438895	83.92852855617174
4.920557501486476	58.14441632528621
4.920557501486476	58.14441632528621
96.94987688428778	84.07206959883511
96.94987688428778	84.07206959883511
98.53734661824234	49.57582240864165
98.53734661824234	49.57582240864165
93.62416981854273	42.40778067027167
93.62416981854273	42.40778067027167
86.65348772612907	68.33543394382058
86.65348772612907	68.33543394382058
86.65348772612907	68.33543394382058
88.26756472164348	82.48449971965958
88.26756472164348	82.48449971965958
20.892821192682952	23.54810475066696
20.892821192682952	23.54810475066696
22.506898188197347	37.69717347693589
22.506898188197347	37.69717347693589
15.536214620568733	63.624825275269835
15.536214620568733	63.624825275269835
15.536214620568733	63.624825275269835
10.339244241738742	98.57343097214229
10.339244241738742	98.57343097214229
12.458828227375875	46.98346965646739
12.458828227375875	46.98346965646739
5.275299844203206	79.7486074000369
5.275299844203206	79.7486074000369
9.088778184389362	89.24365960958816
9.088778184389362	89.24365960958816
9.088778184389362	89.24365960958816
38.51463478597204	34.96128115731321
38.51463478597204	34.96128115731321
33.246714168340745	6.189048344192531
33.246714168340745	6.189048344192531
35.428378322115925	35.10482072476162
35.428378322115925	35.10482072476162
27.934452048682946	61.34129146232615
27.934452048682946	61.34129146232615
32.31551459669998	85.60304732617756
32.31551459669998	85.60304732617756
32.31551459669998	85.60304732617756
25.13198916395723	19.36818506974708
25.13198916395723	19.36818506974708
26.675115920670326	68.79641381080792
26.675115920670326	68.79641381080792
85.48782297941133	3.516549757531152
85.48782297941133	3.516549757531152
77.94955225352193	14.677496426349968
77.94955225352193	14.677496426349968
77.94955225352193	14.677496426349968
80.13121640729712	43.59327175734899
80.13121640729712	43.59327175734899
74.86329578966581	14.821038944228306
74.86329578966581	14.821038944228306
77.05382853888929	26.951916138546533
77.05382853888929	26.951916138546533
71.78590939647295	97.17968480064081
71.78590939647295	97.17968480064081
71.78590939647295	97.17968480064081
1.9279709437102817	85.01395230839334
1.9279709437102817	85.01395230839334
4.038686333899122	50.20888765418427
4.038686333899122	50.20888765418427
97.84171447985416	85.15749335105673
97.84171447985416	85.15749335105673
0.9524298700430014	50.35242869684764
0.9524298700430014	50.35242869684764
92.45850359661003	76.58889943441217
92.45850359661003	76.58889943441217
92.45850359661003	76.58889943441217
87.82912037604082	27.304210260799742
87.82912037604082	27.304210260799742
89.37224713275391	76.73243900186057
89.37224713275391	76.73243900186057
19.514310155206193	64.56670946004303
19.514310155206193	64.56670946004303
23.895374178438185	88.82846384867949
23.895374178438185	88.82846384867949
23.895374178438185	88.82846384867949
16.428053691350083	64.71025050270639
16.428053691350083	64.71025050270639
18.538769081538923	29.90518584849731
18.538769081538923	29.90518584849731
13.341797227493963	64.85379007015482
13.341797227493963	64.85379007015482
6.379983730528601	73.99654668223789
6.379983730528601	73.99654668223789
10.264410834301104	48.21243592656733
10.264410834301104	48.21243592656733
10.264410834301104	48.21243592656733
39.61931719708248	29.209218964299243
39.61931719708248	29.209218964299243
41.517187771727265	1.2416402553257302
41.517187771727265	1.2416402553257302
36.24926715409597	71.46940744220505
36.24926715409597	71.46940744220505
29.34953382526865	62.11789775053214
29.34953382526865	62.11789775053214
29.34953382526865	62.11789775053214
30.937005034438176	27.621650560338676
30.937005034438176	27.621650560338676
26.236671575067664	13.61612435194808
26.236671575067664	13.61612435194808
27.850748570582056	27.76519160300204
27.850748570582056	27.76519160300204
10.903298162153398	89.48544673271216
10.903298162153398	89.48544673271216
10.903298162153398	89.48544673271216
5.990121362453788	82.31740499434218
5.990121362453788	82.31740499434218
7.533249594381842	32.74563668583293
7.533249594381842	32.74563668583293
0.6335162655545258	23.394125518945042
0.6335162655545258	23.394125518945042
4.455860250759067	16.104281067030485
4.455860250759067	16.104281067030485
4.455860250759067	16.104281067030485
96.55612839714671	6.752771375357559
96.55612839714671	6.752771375357559
28.6137977099254	32.049669801634856
28.6137977099254	32.049669801634856
30.795461863700577	60.9654436574189
30.795461863700577	60.9654436574189
23.257192613026138	72.12639032623773
23.257192613026138	72.12639032623773
27.425410345499117	4.225632135324713
27.425410345499117	4.225632135324713
27.425410345499117	4.225632135324713
20.45472972830042	30.15328393365866
20.45472972830042	30.15328393365866
22.042200937469936	94.6570367434652
22.042200937469936	94.6570367434652
17.41281624168577	45.372347569852785
17.41281624168577	45.372347569852785
46.20013692142132	11.602426953284526
46.20013692142132	11.602426953284526
46.20013692142132	11.602426953284526
48.38179959998154	40.51819933385363
48.38179959998154	40.51819933385363
43.1138804575652	11.745967995947906
43.1138804575652	11.745967995947906
45.011751032209986	82.77838781175943
45.011751032209986	82.77838781175943
38.041067464581374	9.70603961009338
38.041067464581374	9.70603961009338
32.85296568119968	27.86975012071498
32.85296568119968	27.86975012071498
32.85296568119968	27.86975012071498
34.963681071388514	92.06468546650589
34.963681071388514	92.06468546650589
66.09229767253859	82.08242092756137
66.09229767253859	82.08242092756137
68.20301306272744	47.27735774856724
68.20301306272744	47.27735774856724
60.73569405085429	23.159142927379186
60.73569405085429	23.159142927379186
60.73569405085429	23.159142927379186
56.03536059148378	9.153615243773636
56.03536059148378	9.153615243773636
57.933231166128564	80.18603505958517
57.933231166128564	80.18603505958517
50.394961915454125	91.34698172840399
50.394961915454125	91.34698172840399
54.82036891592758	31.684261661001113
54.82036891592758	31.684261661001113
37.37628011282446	43.35865017118923
37.37628011282446	43.35865017118923
37.37628011282446	43.35865017118923
39.48699550301331	8.553584041765191
39.48699550301331	8.553584041765191
34.29002364896835	43.50219121385261
34.29002364896835	43.50219121385261
27.319343031769655	69.42984301218655
27.319343031769655	69.42984301218655
29.21721213119948	41.46226430321303
29.21721213119948	41.46226430321303
29.21721213119948	41.46226430321303
23.958161584231433	94.9051363038415
23.958161584231433	94.9051363038415
26.139824262791663	24.82090868441059
26.139824262791663	24.82090868441059
57.197493575570356	50.117807110687885
57.197493575570356	50.117807110687885
50.29776024674304	40.76629889422992
50.29776024674304	40.76629889422992
51.84088847867109	90.19452763529077
51.84088847867109	90.19452763529077
47.21150378288693	40.90983846167834
47.21150378288693	40.90983846167834
47.21150378288693	40.90983846167834
48.75463201481498	90.33806867795413
48.75463201481498	90.33806867795413
41.571105106857274	24.103206421523645
41.571105106857274	24.103206421523645
73.24070455513821	79.24233404606179
73.24070455513821	79.24233404606179
74.78383278706627	29.67056426233757
74.78383278706627	29.67056426233757
74.78383278706627	29.67056426233757
67.884097983024	20.319054570664644
67.884097983024	20.319054570664644
71.69757632321016	29.814105305000936
71.69757632321016	29.814105305000936
64.79784299438283	20.462595613328013
64.79784299438283	20.462595613328013
59.5299238519665	90.69036280020734
59.5299238519665	90.69036280020734
59.5299238519665	90.69036280020734
61.43666154684463	45.93788742976801
61.43666154684463	45.93788742976801
90.79156938484097	26.93467194271489
90.79156938484097	26.93467194271489
94.67599501339849	1.1505611870443135
94.67599501339849	1.1505611870443135
87.70531292098484	27.0782115101633
87.70531292098484	27.0782115101633
89.31938991649925	41.22728023643222
89.31938991649925	41.22728023643222
89.31938991649925	41.22728023643222
84.61905645712874	27.22175255282668
84.61905645712874	27.22175255282668
77.15173744525559	3.1035377316386246
77.15173744525559	3.1035377316386246
79.26245283544444	67.29847160221459
79.26245283544444	67.29847160221459
64.34590045816998	47.277720229188304
64.34590045816998	47.277720229188304
64.34590045816998	47.277720229188304
65.95997745368437	61.42678748024226
65.95997745368437	61.42678748024226
58.98929388605576	87.35443927857622
58.98929388605576	87.35443927857622
53.79232350722576	23.303046450663626
53.79232350722576	23.303046450663626
55.90303889741461	87.49798179645454
55.90303889741461	87.49798179645454
50.70606704336965	23.446586018112036
50.70606704336965	23.446586018112036
50.70606704336965	23.446586018112036
52.82565102900678	70.8566261776521
52.82565102900678	70.8566261776521
81.9677125762441	58.69089516061958
81.9677125762441	58.69089516061958
76.69979343382778	29.918662347498916
76.69979343382778	29.918662347498916
78.88145758760295	58.83443620328296
78.88145758760295	58.83443620328296
78.88145758760295	58.83443620328296
71.3431883369285	69.99538287210179
71.3431883369285	69.99538287210179
75.79520112374684	58.97797724594633
75.79520112374684	58.97797724594633
68.25693039785743	70.13892391476516
68.25693039785743	70.13892391476516
70.43859602684758	0.05469629533424747
70.43859602684758	0.05469629533424747
70.43859602684758	0.05469629533424747
2.8244018959981236	97.31047283032977
2.8244018959981236	97.31047283032977
94.28613117010873	9.471419499148585
94.28613117010873	9.471419499148585
96.4677953238839	38.387191879717676
96.4677953238839	38.387191879717676
91.19987470625261	9.614959066597006
91.19987470625261	9.614959066597006
93.38154033524275	38.530732922381056
93.38154033524275	38.530732922381056
93.38154033524275	38.530732922381056
88.11361971761146	9.758500109260375
88.11361971761146	9.758500109260375
18.548344914642428	37.69122647073456
18.548344914642428	37.69122647073456
20.091473146570483	87.11945668701037
20.091473146570483	87.11945668701037
15.178294871655917	79.95141494864038
15.178294871655917	79.95141494864038