6.05361443274689	74.35336418687918
98.16274969936786	48.2169593089554
98.16274969936786	48.2169593089554
2.976228039554032	57.71200856807674
2.976228039554032	57.71200856807674
95.07649323551176	48.36049887640381
95.07649323551176	48.36049887640381
95.07649323551176	48.36049887640381
27.134164023505406	73.65739877789606
27.134164023505406	73.65739877789606
29.032033122935243	45.68982006892256
36.570302373609685	34.52887340010374
36.570302373609685	34.52887340010374
31.37333051956472	69.47747762176124
31.37333051956472	69.47747762176124
33.48404590975356	34.67241296755215
33.48404590975356	34.67241296755215
18.310307214908555	6.413623471015731
18.310307214908555	6.413623471015731
20.421022605097395	70.60855734159169
20.421022605097395	70.60855734159169
10.1246334469387	54.87192168657715
2.6573129598505982	30.7537068653891
2.6573129598505982	30.7537068653891
2.6573129598505982	30.7537068653891
7.03837698308258	55.01546272924052
7.03837698308258	55.01546272924052
35.89664495118952	84.96637914745044
35.89664495118952	84.96637914745044
38.00736034137836	50.16131449324136
38.00736034137836	50.16131449324136
33.09418354167875	42.99327127965642
33.09418354167875	42.99327127965642
33.09418354167875	42.99327127965642
25.55591429100431	54.15421794847525
25.55591429100431	54.15421794847525
27.74644704022778	66.28509661800844
27.74644704022778	66.28509661800844
22.47852642259649	37.512863804887765
22.47852642259649	37.512863804887765
24.660189101156714	66.42863618545685
48.818125085108086	82.37402787049115
50.36125479225111	32.802256611551975
50.36125479225111	32.802256611551975
50.36125479225111	32.802256611551975
45.448076517336546	25.634214873181993
45.448076517336546	25.634214873181993
47.60313340955189	5.904674287718619
47.60313340955189	5.904674287718619
40.064865634092406	17.065620956537437
40.064865634092406	17.065620956537437
71.76106939350326	21.850063022322992
71.76106939350326	21.850063022322992
71.76106939350326	21.850063022322992
73.30419762543133	71.27829176338382
73.30419762543133	71.27829176338382
66.40446577181896	61.926782071710896
66.40446577181896	61.926782071710896
70.2179411615752	71.42183428126216
70.2179411615752	71.42183428126216
63.03441425361749	5.186972024831664
63.03441425361749	5.186972024831664
63.03441425361749	5.186972024831664
65.15399971446959	52.59701070915677
65.15399971446959	52.59701070915677
59.95702786042464	87.54561640602923
59.95702786042464	87.54561640602923
43.009577451995966	50.265871535739336
43.009577451995966	50.265871535739336
46.89400455576847	24.48176078006876
46.89400455576847	24.48176078006876
39.92332098813986	50.40941257840271
39.92332098813986	50.40941257840271
39.92332098813986	50.40941257840271
41.53739798365425	64.55847982945667
41.53739798365425	64.55847982945667
36.83706599949869	50.55295362106609
36.83706599949869	50.55295362106609
29.626933305196108	34.67277544817321
29.626933305196108	34.67277544817321
31.241008825495552	48.82184417444214
64.48034229204941	4.034517931718443
64.48034229204941	4.034517931718443
57.50966019963577	29.96216825483743
57.50966019963577	29.96216825483743
52.312688345590814	64.91077542692484
52.312688345590814	64.91077542692484
54.42340373577966	30.1057092975008
54.42340373577966	30.1057092975008
47.24874542327024	46.08595185481946
47.24874542327024	46.08595185481946
47.24874542327024	46.08595185481946
51.06222228824145	55.58100258915575
51.06222228824145	55.58100258915575
80.48807888982412	1.2986241368808062
80.48807888982412	1.2986241368808062
75.22015827219282	71.52639132376012
75.22015827219282	71.52639132376012
77.40182242596799	1.442165179544174
77.40182242596799	1.442165179544174
69.86355317529356	12.60311184836299
69.86355317529356	12.60311184836299
69.86355317529356	12.60311184836299
74.31556596211189	1.5857047469925947
74.31556596211189	1.5857047469925947
67.10543474302426	84.70552952452964
67.10543474302426	84.70552952452964
68.64856297495231	35.13375826559048
68.64856297495231	35.13375826559048
1.344766734363183	39.91820033137602
1.344766734363183	39.91820033137602
1.344766734363183	39.91820033137602
92.80649748368874	51.07914700019485
92.80649748368874	51.07914700019485
94.98816163746392	79.99492085597889
94.98816163746392	79.99492085597889
89.72024249504759	51.222689518073174
89.72024249504759	51.222689518073174
91.9019051736078	80.13846189864226
91.9019051736078	80.13846189864226
86.6428531514248	34.58133389927073
86.6428531514248	34.58133389927073
86.6428531514248	34.58133389927073
69.48255940266704	4.139074974216411
69.48255940266704	4.139074974216411
71.59327479285588	68.33401032000732
71.59327479285588	68.33401032000732
66.39630293881093	4.282616016879789
66.39630293881093	4.282616016879789
68.50701832899976	68.47755136267071
68.50701832899976	68.47755136267071
68.50701832899976	68.47755136267071
61.03969784191167	44.3593350662677
61.03969784191167	44.3593350662677
56.339364382541156	30.3538088578771
56.339364382541156	30.3538088578771
57.92683559171067	94.85756166768364
57.92683559171067	94.85756166768364
87.06889713894799	82.69183065065113
87.06889713894799	82.69183065065113
87.06889713894799	82.69183065065113
91.44996263739495	7.953586514502556
91.44996263739495	7.953586514502556
83.98264215030684	82.8353716933145
83.98264215030684	82.8353716933145
86.09335754049567	48.030307039105416
86.09335754049567	48.030307039105416
80.89638568645073	82.97891273597789
80.89638568645073	82.97891273597789
73.92570211882212	9.906564534311824
73.92570211882212	9.906564534311824
73.92570211882212	9.906564534311824
77.8189978180429	66.3375585923904
77.8189978180429	66.3375585923904
8.173905656039237	47.33434163012231
8.173905656039237	47.33434163012231
10.071776230684033	19.36676144593384
10.071776230684033	19.36676144593384
4.803855613052734	89.59453010802811
4.803855613052734	89.59453010802811
4.803855613052734	89.59453010802811
93.81786582036929	80.38655998380361
93.81786582036929	80.38655998380361
95.40533702953883	45.89031279361015
95.40533702953883	45.89031279361015
25.760244867535157	26.88709730655703
25.760244867535157	26.88709730655703
20.847065117405634	19.71905556818705
20.847065117405634	19.71905556818705
22.39019334933369	69.14728578446284
22.39019334933369	69.14728578446284
15.49046002050637	59.795774617574956
15.49046002050637	59.795774617574956
15.49046002050637	59.795774617574956
19.303938360692538	69.29082682712621
19.303938360692538	69.29082682712621
12.404203556650263	59.939317135453294
12.404203556650263	59.939317135453294
96.1683846936672	50.17479246745792
96.1683846936672	50.17479246745792
98.35004884744238	79.09056632324197
98.35004884744238	79.09056632324197
98.35004884744238	79.09056632324197
90.81177959676795	90.25151299206078
90.81177959676795	90.25151299206078
94.97999880445587	22.35075332593282
94.97999880445587	22.35075332593282
88.00931671204222	48.27840659948173
88.00931671204222	48.27840659948173
89.62339370755662	62.4274738505357
89.62339370755662	62.4274738505357
89.62339370755662	62.4274738505357
84.92306172340106	48.42194616693014
84.92306172340106	48.42194616693014
14.75472390516312	29.727548143892633
14.75472390516312	29.727548143892633
16.9363880589383	58.643320524461735
16.9363880589383	58.643320524461735
11.668468916521968	29.87109066177097
11.668468916521968	29.87109066177097
13.566338015951795	1.9035104775825018
13.566338015951795	1.9035104775825018
13.566338015951795	1.9035104775825018
6.595655923538141	27.83116080070149
6.595655923538141	27.83116080070149
1.3986840694931808	62.779767972788896
1.3986840694931808	62.779767972788896
3.5093994596820317	27.974703318579813
3.5093994596820317	27.974703318579813
34.64688613149535	1.2075435933844312
34.64688613149535	1.2075435933844312
34.64688613149535	1.2075435933844312
36.757601521684194	65.40247893917535
36.757601521684194	65.40247893917535
29.29028103459609	41.2842641179873
29.29028103459609	41.2842641179873
24.589949050440545	27.278737909596703
24.589949050440545	27.278737909596703
26.487818149870375	98.31115772540824
26.487818149870375	98.31115772540824
18.949548899195932	10.472104394227049
18.949548899195932	10.472104394227049
18.949548899195932	10.472104394227049
23.401563161229213	98.45469729285664
23.401563161229213	98.45469729285664
52.23322386777632	79.7603007450341
52.23322386777632	79.7603007450341
54.343939257965154	44.95523461561006
54.343939257965154	44.95523461561006
49.14696887913515	79.90384178769747
49.14696887913515	79.90384178769747
49.14696887913515	79.90384178769747
42.1762867867215	6.831492110816467
42.1762867867215	6.831492110816467
44.07415736136628	77.86391340184295
44.07415736136628	77.86391340184295
38.806236743735	49.09168058872228
38.806236743735	49.09168058872228
40.98790089751017	78.00745444450632
40.98790089751017	78.00745444450632
40.98790089751017	78.00745444450632
25.75208203452712	68.24292977651095
25.75208203452712	68.24292977651095
18.852348705699804	58.89142156005298
18.852348705699804	58.89142156005298
20.3954754624129	9.319650301113828
20.3954754624129	9.319650301113828
15.766092241843685	59.034961127501404
15.766092241843685	59.034961127501404
17.309220473771738	9.463189868562239
17.309220473771738	9.463189868562239
17.309220473771738	9.463189868562239
10.12569356581403	42.228329087346715
10.12569356581403	42.228329087346715
41.75095003685352	82.29193264313913
41.75095003685352	82.29193264313913
43.33841977080807	47.795686928160634
43.33841977080807	47.795686928160634
36.43868644198076	38.44417576127275
36.43868644198076	38.44417576127275
36.43868644198076	38.44417576127275
40.25216478216692	47.939227970824
40.25216478216692	47.939227970824
33.35242997812465	38.58771827915109
33.35242997812465	38.58771827915109
28.084512310923266	9.815485466030408
28.084512310923266	9.815485466030408
29.982381410353096	80.84790528184193
29.982381410353096	80.84790528184193
59.33728924834943	61.844689794788806
59.33728924834943	61.844689794788806
59.33728924834943	61.844689794788806
63.23058347235526	19.27568237765242
63.23058347235526	19.27568237765242
56.25989990472665	45.20333417598636
56.25989990472665	45.20333417598636
57.87397690024105	59.352402902255285
57.87397690024105	59.352402902255285
53.17364491608549	45.34687521864974
53.17364491608549	45.34687521864974
53.17364491608549	45.34687521864974
45.70632442899739	21.22866039746169
45.70632442899739	21.22866039746169
47.81703981918624	85.42359426803765
47.81703981918624	85.42359426803765
79.22944999946671	33.324685244280595
79.22944999946671	33.324685244280595
80.81692120863622	97.82843805408714
80.81692120863622	97.82843805408714
73.84624059143752	24.756089852421088
73.84624059143752	24.756089852421088
73.84624059143752	24.756089852421088
68.64926726217762	59.70469554929354
68.64926726217762	59.70469554929354
70.75998265236646	24.899630895084456
70.75998265236646	24.899630895084456
65.56301227353646	59.84823659195692
65.56301227353646	59.84823659195692
67.6737276637253	25.043171937747836
67.6737276637253	25.043171937747836
24.932289559862845	41.813134801653
24.932289559862845	41.813134801653
24.932289559862845	41.813134801653
19.673239012894808	95.25600680228146
19.673239012894808	95.25600680228146
21.854901691455026	25.171779182850557
21.854901691455026	25.171779182850557
14.316632440780587	36.33272585166937
14.316632440780587	36.33272585166937
18.768645227598917	25.315320225513926
18.768645227598917	25.315320225513926
18.768645227598917	25.315320225513926
11.230377452139425	36.47626689433275
11.230377452139425	36.47626689433275
13.412040130699655	65.3920407501168
13.412040130699655	65.3920407501168
44.469709443478344	90.6889391763941
44.469709443478344	90.6889391763941
37.25957674917576	74.80876395393113
37.25957674917576	74.80876395393113
39.44124090295095	4.724536334500229
31.08706529667849	75.09584308882796
31.08706529667849	75.09584308882796
60.51292042304621	20.81346611176798
60.51292042304621	20.81346611176798
60.51292042304621	20.81346611176798
62.05604865497427	70.24169632804377
62.05604865497427	70.24169632804377
57.15173897550799	46.28875940342294
57.15173897550799	46.28875940342294
59.26245436569683	11.483693273998895
59.26245436569683	11.483693273998895
51.79513387860873	86.36547845281085
51.79513387860873	86.36547845281085
51.79513387860873	86.36547845281085
47.094801894453184	72.35995076920528
47.094801894453184	72.35995076920528
48.70887888996758	86.5090194954742
48.70887888996758	86.5090194954742
78.06378525274896	67.5058040084211
78.06378525274896	67.5058040084211
81.9482108813065	41.721690302320596
81.9482108813065	41.721690302320596
74.73807818700391	25.841515079857647
74.73807818700391	25.841515079857647
74.73807818700391	25.841515079857647
76.84879357719275	90.03645042564857
76.84879357719275	90.03645042564857
71.65182172314779	25.985054647306068
71.65182172314779	25.985054647306068
64.68113963073414	51.91270792085497
64.68113963073414	51.91270792085497
68.56556525929169	26.128595689969437
68.56556525929169	26.128595689969437
68.56556525929169	26.128595689969437
51.618116326077974	87.84885229489451
51.618116326077974	87.84885229489451
53.23219332159236	2.9979195459484735
53.23219332159236	2.9979195459484735
48.531859862221864	87.99239186234293
48.531859862221864	87.99239186234293
41.357200074497484	4.972634419661574
41.357200074497484	4.972634419661574
42.90032830642554	54.400864635937374
42.90032830642554	54.400864635937374
42.90032830642554	54.400864635937374
38.270945085856326	5.116173987109995
38.270945085856326	5.116173987109995
39.81407331778438	54.54440567860074
39.81407331778438	54.54440567860074
69.2399284441521	0.26202722632579467
69.2399284441521	0.26202722632579467
63.97200782652081	70.48979441320512
63.97200782652081	70.48979441320512
63.97200782652081	70.48979441320512
66.12706766916607	50.76025382774174
66.12706766916607	50.76025382774174
58.943540761208354	83.52539157131126
58.943540761208354	83.52539157131126
62.75701762617956	93.02044083043259
62.75701762617956	93.02044083043259
55.857282822137286	83.66893113875966
55.857282822137286	83.66893113875966
86.91495213491598	9.965829565036962
86.91495213491598	9.965829565036962
89.09661776390611	38.88160342082101
89.09661776390611	38.88160342082101
89.09661776390611	38.88160342082101
81.55834851323168	50.0425515648548
81.55834851323168	50.0425515648548
86.01036130005001	39.02514446348439
86.01036130005001	39.02514446348439
78.48096064482385	33.401195946052354
78.48096064482385	33.401195946052354
80.37882974425368	5.433615761863873
80.37882974425368	5.433615761863873
80.37882974425368	5.433615761863873
75.67849776009814	90.42808807825833
75.67849776009814	90.42808807825833
5.5367657282050695	21.379005971683203
5.5367657282050695	21.379005971683203
7.64748111839391	85.57394131747412
7.64748111839391	85.57394131747412
2.4505092643489497	21.522545539131624
2.4505092643489497	21.522545539131624
4.60556910699422	1.7930049536682493
4.60556910699422	1.7930049536682493
4.60556910699422	1.7930049536682493
98.33764848936292	72.02077214054756
98.33764848936292	72.02077214054756
91.1541215814052	5.785909884117085
91.1541215814052	5.785909884117085
93.26483697159405	69.980845229908
93.26483697159405	69.980845229908
78.09109827674905	41.72205573337158
78.09109827674905	41.72205573337158
78.09109827674905	41.72205573337158
80.20181366693788	6.916989603947544
80.20181366693788	6.916989603947544
72.73449170463482	81.7987747827595
72.73449170463482	81.7987747827595
68.04302831592756	51.00835191290309
68.04302831592756	51.00835191290309
69.65710531144195	65.157420639172
69.65710531144195	65.157420639172
69.65710531144195	65.157420639172
62.68642174381334	91.085070962291
62.68642174381334	91.085070962291
66.85464242671624	23.184312771377986
66.85464242671624	23.184312771377986
95.64196163123682	88.41439215480973
95.64196163123682	88.41439215480973
97.82362578501201	18.330164535378827
97.82362578501201	18.330164535378827
92.55570516738072	88.55793172225815
92.55570516738072	88.55793172225815
92.55570516738072	88.55793172225815
85.62936605220852	30.561109064552767
85.62936605220852	30.561109064552767
89.51379168076606	4.7769953584522735
89.51379168076606	4.7769953584522735
82.54311106356737	30.704648632001177
82.54311106356737	30.704648632001177
84.4409801629972	2.7370684478127076
84.4409801629972	2.7370684478127076
84.4409801629972	2.7370684478127076
16.498649475775892	28.033968349304963
16.498649475775892	28.033968349304963
9.598916146948575	18.682457182417078
9.598916146948575	18.682457182417078
11.14204437887663	68.11068887390783
11.14204437887663	68.11068887390783
6.521529753755717	2.041103038829595
6.521529753755717	2.041103038829595
8.064656510468813	51.46933325510538
8.064656510468813	51.46933325510538
8.064656510468813	51.46933325510538
1.1649231816414969	42.11782356343246
1.1649231816414969	42.11782356343246
32.222592494420184	67.41472346492472
32.222592494420184	67.41472346492472
34.12046306906498	39.44714328073625
34.12046306906498	39.44714328073625
27.14977950143637	65.3747950790702
27.14977950143637	65.3747950790702
27.14977950143637	65.3747950790702
31.034206605208862	39.590684323399614
31.034206605208862	39.590684323399614
24.10786749003667	80.59386019047926
24.10786749003667	80.59386019047926
18.83994687240537	51.821627377358595
18.83994687240537	51.821627377358595
21.02161250139552	80.73739975792769
21.02161250139552	80.73739975792769
3.5065749347060624	28.690951233337632
3.5065749347060624	28.690951233337632
3.5065749347060624	28.690951233337632
7.674792667179042	59.79019304242462
7.674792667179042	59.79019304242462
0.7041120499803459	85.7178433655436
0.7041120499803459	85.7178433655436
2.318189045494738	0.866912091812532
2.318189045494738	0.866912091812532
96.62672418157251	69.07648922195612
96.62672418157251	69.07648922195612
96.62672418157251	69.07648922195612
89.15940369448441	44.958274400768076
89.15940369448441	44.958274400768076
91.27011908467325	10.153208271344035
91.27011908467325	10.153208271344035
23.398735685823336	0.1709466828294196
23.398735685823336	0.1709466828294196
25.509451076012176	64.36588202862033
25.509451076012176	64.36588202862033
25.509451076012176	64.36588202862033
18.325925643269425	97.13101977218986
18.325925643269425	97.13101977218986
13.058005025638128	68.35878695906918
13.058005025638128	68.35878695906918
15.239669179413317	97.27455933963826
15.239669179413317	97.27455933963826
10.016090063808521	83.57785059526329
10.016090063808521	83.57785059526329
12.126805453997362	48.77278594105421
12.126805453997362	48.77278594105421
12.126805453997362	48.77278594105421
40.98507489731925	78.7237038344791
40.98507489731925	78.7237038344791
36.284742913163704	64.71817615087353
36.284742913163704	64.71817615087353
38.18261348780849	36.75059744190003
38.18261348780849	36.75059744190003
30.64434276191909	47.91154411071886
30.64434276191909	47.91154411071886
30.64434276191909	47.91154411071886
35.10522561940067	20.109241823097584
35.10522561940067	20.109241823097584
27.56695636872622	31.2701884919164
27.56695636872622	31.2701884919164
29.748619047286454	60.18596234770046
29.748619047286454	60.18596234770046
60.80628836006514	85.48286077397775
60.80628836006514	85.48286077397775
60.80628836006514	85.48286077397775
53.90655650645279	76.13135108230483
53.90655650645279	76.13135108230483
57.720033371423995	85.62640181664112
57.720033371423995	85.62640181664112
50.53650646346628	19.391539560210642
50.53650646346628	19.391539560210642
52.647221853655125	83.5864734307866
52.647221853655125	83.5864734307866
47.423644213265284	69.88976468641162
47.423644213265284	69.88976468641162
47.423644213265284	69.88976468641162
30.547142568422963	96.33085832611488
30.547142568422963	96.33085832611488
32.090270800351014	46.75909001760562
32.090270800351014	46.75909001760562
27.460886104566843	96.4744008439932
27.460886104566843	96.4744008439932
29.004014336494897	46.90262958505403
29.004014336494897	46.90262958505403
29.004014336494897	46.90262958505403
21.820487428537188	79.66776732862355
21.820487428537188	79.66776732862355
17.129024039829936	48.87734445876715
17.129024039829936	48.87734445876715
18.74309956012937	63.026411709821105
18.74309956012937	63.026411709821105
48.098005922910744	44.023196222767986
48.098005922910744	44.023196222767986
48.098005922910744	44.023196222767986
51.98243302668325	18.23908546709741
51.98243302668325	18.23908546709741
45.01175093426959	44.16673726543135
45.01175093426959	44.16673726543135
39.81477908022464	79.11534296230381
39.81477908022464	79.11534296230381
41.925494470413476	44.31027683287977
41.925494470413476	44.31027683287977
34.74196756245577	77.07541457644929
34.74196756245577	77.07541457644929
34.74196756245577	77.07541457644929
38.59978740466843	2.645989379531291
38.59978740466843	2.645989379531291
67.95469524266477	82.6427724172632
67.95469524266477	82.6427724172632
69.56877223817916	96.79184114353214
69.56877223817916	96.79184114353214
64.86843877880865	82.78631493514153
64.86843877880865	82.78631493514153
64.86843877880865	82.78631493514153
57.40111829172056	58.66809863873853
57.40111829172056	58.66809863873853
59.511833681909394	23.863033984529444
59.511833681909394	23.863033984529444
54.60752400244312	98.91009705990861
54.60752400244312	98.91009705990861
56.15065223437118	49.33832580096944
56.15065223437118	49.33832580096944
85.5765073607389	94.0559473486945
85.5765073607389	94.0559473486945
85.5765073607389	94.0559473486945
80.30858969353751	65.28371601078878
80.30858969353751	65.28371601078878
82.49025237209774	94.19948839135786
82.49025237209774	94.19948839135786
77.22233175446644	65.42725705345214
77.22233175446644	65.42725705345214
79.40399590824163	94.34302943402123
79.40399590824163	94.34302943402123
71.8657266575672	6.503976102840058
71.8657266575672	6.503976102840058
71.8657266575672	6.503976102840058
56.94917575550769	85.48322472981377
56.94917575550769	85.48322472981377
59.13083990928288	15.398997110382865
59.13083990928288	15.398997110382865
51.59256918339348	26.55994377920168
51.59256918339348	26.55994377920168
56.044581970211794	15.542538153046245
56.044581970211794	15.542538153046245
56.044581970211794	15.542538153046245
48.50631419475231	26.70348482186506
48.50631419475231	26.70348482186506
50.687978348527494	55.61925720243415
50.687978348527494	55.61925720243415
45.4289263263445	10.062130678277576
45.4289263263445	10.062130678277576
74.57098787358181	96.8963981860301
74.57098787358181	96.8963981860301
76.68170326377066	62.09133353182102
76.68170326377066	62.09133353182102
76.68170326377066	62.09133353182102
71.48473288494066	97.03994070390844
71.48473288494066	97.03994070390844
73.59544827512951	62.234874574484394
73.59544827512951	62.234874574484394
68.39847642108455	97.18348027135684
68.39847642108455	97.18348027135684
61.42779432867089	24.11113206969079
61.42779432867089	24.11113206969079
61.42779432867089	24.11113206969079
63.04187132418529	38.26020079595972
63.04187132418529	38.26020079595972
94.42767719333584	36.51597585574029
94.42767719333584	36.51597585574029
96.53839258352468	1.7109112015312031
96.53839258352468	1.7109112015312031
89.07107062122162	76.59269490512818
89.07107062122162	76.59269490512818
89.07107062122162	76.59269490512818
84.37073863706607	62.5871686967376
84.37073863706607	62.5871686967376
85.98481563258046	76.73623594779157
85.98481563258046	76.73623594779157
79.01413354016681	3.6638892213404723
79.01413354016681	3.6638892213404723
82.90742776417264	60.094881804204086
82.90742776417264	60.094881804204086
6.8060290953263545	83.49539436250518
6.8060290953263545	83.49539436250518
98.90629576649904	74.14388467083226
98.90629576649904	74.14388467083226
1.4937669756685645	39.6476374806388
1.4937669756685645	39.6476374806388
1.4937669756685645	39.6476374806388
85.81666520028304	61.43471607883934
85.81666520028304	61.43471607883934
78.63313829232533	94.1998523471939
78.63313829232533	94.1998523471939
80.17626652425338	44.628081088254724
80.17626652425338	44.628081088254724
75.54688330368417	94.34339338985725
75.54688330368417	94.34339338985725
77.09001153561223	44.77162213091809
77.09001153561223	44.77162213091809
77.09001153561223	44.77162213091809
70.19027673156995	35.420112439245166
70.19027673156995	35.420112439245166
2.247946044348645	60.71701086552246
2.247946044348645	60.71701086552246
4.438478793572126	72.84788953505566
4.438478793572126	72.84788953505566
98.17055817594083	44.075658197149934
98.17055817594083	44.075658197149934
98.17055817594083	44.075658197149934
1.0684287505856132	16.108078012961467
1.0684287505856132	16.108078012961467
93.09774665817196	42.03572981129541
93.09774665817196	42.03572981129541
87.90077480412701	76.98433550816787
87.90077480412701	76.98433550816787
90.01149019431585	42.17926937874383
90.01149019431585	42.17926937874383
19.843153851292858	23.484872830921283
19.843153851292858	23.484872830921283
19.843153851292858	23.484872830921283
24.29516663811119	12.467467204765834
24.29516663811119	12.467467204765834
16.75689738743675	23.62841387358466
16.75689738743675	23.62841387358466
18.654767962081536	94.66083516461114
18.654767962081536	94.66083516461114
13.954434502711022	80.65530600579064
13.954434502711022	80.65530600579064
13.954434502711022	80.65530600579064
6.487114015622921	56.53709118460259
6.487114015622921	56.53709118460259
8.59782940581176	21.732026530393505
8.59782940581176	21.732026530393505
39.7264474821768	11.74976346666393
39.7264474821768	11.74976346666393
41.84603146781393	59.159803626203995
41.84603146781393	59.159803626203995
36.64905961376897	94.10840932307644
36.64905961376897	94.10840932307644
36.64905961376897	94.10840932307644
29.678377521355316	21.03606112141039
29.678377521355316	21.03606112141039
31.576248096000114	92.06848241243688
31.576248096000114	92.06848241243688
26.308327478368817	63.2962495993162
26.308327478368817	63.2962495993162
28.489991632143994	92.2120219798853
28.489991632143994	92.2120219798853
28.489991632143994	92.2120219798853
11.019297042696008	55.24109604882599
11.019297042696008	55.24109604882599
6.318965058540455	41.235569840435396
6.318965058540455	41.235569840435396
7.933042054054846	55.38463709148937
7.933042054054846	55.38463709148937
0.9623599616411925	81.31229036503827
0.9623599616411925	81.31229036503827
0.9623599616411925	81.31229036503827
5.13057916932913	13.411530698910292
5.13057916932913	13.411530698910292
96.59230991865469	24.572477367729118
96.59230991865469	24.572477367729118
98.77397407242987	53.48824974829821
98.77397407242987	53.48824974829821
30.8316419099936	78.78514964979047
30.8316419099936	78.78514964979047
23.940777176614574	52.648744771866674
23.940777176614574	52.648744771866674
23.940777176614574	52.648744771866674
27.75425551680074	62.14379550620298
27.75425551680074	62.14379550620298
20.854522187973426	52.792285814530054
20.854522187973426	52.792285814530054
22.397648944686523	3.220514555590886
22.397648944686523	3.220514555590886
17.484472144986913	95.0524728172209
17.484472144986913	95.0524728172209
17.484472144986913	95.0524728172209
46.83937998298326	76.04925733016779
46.83937998298326	76.04925733016779
48.42684971693782	41.553010139974326
48.42684971693782	41.553010139974326
43.7974664963686	91.2683209663619
43.7974664963686	91.2683209663619
45.34059325308169	41.69655118263769
45.34059325308169	41.69655118263769
38.440859924254376	32.34504149096477
38.440859924254376	32.34504149096477
38.440859924254376	32.34504149096477
33.17294078183805	3.572808677844097
33.17294078183805	3.572808677844097
35.070811356482835	74.60522996887059
35.070811356482835	74.60522996887059
64.42571771926421	55.6020130066025
64.42571771926421	55.6020130066025
68.31014334782175	29.81790077571697
68.31014334782175	29.81790077571697
68.31014334782175	29.81790077571697
61.348329850856395	38.960657387800055
61.348329850856395	38.960657387800055
56.151357996811434	73.90926455988746
56.151357996811434	73.90926455988746
58.26207338700027	39.10419990567838
58.26207338700027	39.10419990567838
50.79475437512713	14.98598360927538
50.79475437512713	14.98598360927538
55.17581839835912	39.2477394731268
55.17581839835912	39.2477394731268
55.17581839835912	39.2477394731268
15.758951814055587	65.16881665640898
15.758951814055587	65.16881665640898
17.346421548010145	30.67257094143047
17.346421548010145	30.67257094143047
12.646091039069548	16.66704325782492
12.646091039069548	16.66704325782492
5.178769076766487	91.54882843663688
5.178769076766487	91.54882843663688
5.178769076766487	91.54882843663688
7.289484466955328	56.74376378242779
7.289484466955328	56.74376378242779
2.092514088125337	91.69236800408528
2.092514088125337	91.69236800408528
4.203229478314177	56.887303349876206
4.203229478314177	56.887303349876206
33.3452910255515	44.7215723328437
33.3452910255515	44.7215723328437
33.3452910255515	44.7215723328437
28.0773704079202	15.949340994937975
28.0773704079202	15.949340994937975
30.26790315714368	28.0802181892562
30.26790315714368	28.0802181892562
24.99998401472734	98.30798685135049
24.99998401472734	98.30798685135049
27.18164669328756	28.22375923191958
27.18164669328756	28.22375923191958
19.643377442613122	39.384705900738396
19.643377442613122	39.384705900738396
19.643377442613122	39.384705900738396
51.3395841524539	44.16914796652395
51.3395841524539	44.16914796652395
52.882710909167	93.59737818279974
52.882710909167	93.59737818279974
45.69918252599433	27.3625144511543
45.69918252599433	27.3625144511543
50.12459100168273	66.69979438375142
50.12459100168273	66.69979438375142
50.12459100168273	66.69979438375142
42.58632175100829	77.86074105257025
42.58632175100829	77.86074105257025
44.76798590478348	7.7765149083543035
44.76798590478348	7.7765149083543035
39.50006528715218	78.00428209523362
39.50006528715218	78.00428209523362
68.92592188873486	23.721903642958676
68.92592188873486	23.721903642958676
72.73939875370607	33.21695437729497
72.73939875370607	33.21695437729497
72.73939875370607	33.21695437729497
65.55587184574836	65.98209212086448
65.55587184574836	65.98209212086448
67.67545583138549	14.39213080518958
67.67545583138549	14.39213080518958
62.478483977340524	49.340737977277
62.478483977340524	49.340737977277
55.50780188492687	75.26838977561094
55.50780188492687	75.26838977561094
55.50780188492687	75.26838977561094
57.121878880441265	89.4174570266649
57.121878880441265	89.4174570266649
42.44477710505574	12.204534149650485
42.44477710505574	12.204534149650485
44.05885410057014	26.353602875919403
44.05885410057014	26.353602875919403
37.08817348337144	52.28125467425335
37.08817348337144	52.28125467425335
32.14838942211201	95.46789849463595
32.14838942211201	95.46789849463595
32.14838942211201	95.46789849463595
33.76246494241144	10.616965745689907
33.76246494241144	10.616965745689907
26.791784325212745	36.54461754402385
26.791784325212745	36.54461754402385
30.676208478555324	10.760506788353286
30.676208478555324	10.760506788353286
60.031117791766626	90.7572898260852
60.031117791766626	90.7572898260852
60.031117791766626	90.7572898260852
54.83414446250671	26.705895522957658
54.83414446250671	26.705895522957658
56.944859852695544	90.90083234396353
56.944859852695544	90.90083234396353
49.77020301540109	7.88107195085227
49.77020301540109	7.88107195085227
53.583678405157336	17.37612416040352
53.583678405157336	17.37612416040352
46.68394655154498	8.024614468730597
46.68394655154498	8.024614468730597
46.68394655154498	8.024614468730597
48.227074783473036	57.45284320979144
48.227074783473036	57.45284320979144
79.9232785428839	62.23728527557699
79.9232785428839	62.23728527557699
72.3850107674244	73.39823194439582
72.3850107674244	73.39823194439582
74.56667344598463	3.3140058001798582
74.56667344598463	3.3140058001798582
74.56667344598463	3.3140058001798582
69.62689085994015	46.500649620562456
69.62689085994015	46.500649620562456
71.17001909186821	95.92887836162329
71.17001909186821	95.92887836162329
64.27028576304089	86.57737014516532
64.27028576304089	86.57737014516532
95.32795507581959	12.874270046657575
95.32795507581959	12.874270046657575
97.5096177543798	41.790042427226666
97.5096177543798	41.790042427226666
92.24169861196347	13.017809614105985
92.24169861196347	13.017809614105985
92.24169861196347	13.017809614105985
94.4233612905237	41.933583469890046
94.4233612905237	41.933583469890046
86.89396211051252	36.309634952458
86.89396211051252	36.309634952458
81.98078383559795	29.141593214088015
81.98078383559795	29.141593214088015
84.09149922578679	93.33652855987893
84.09149922578679	93.33652855987893
66.6474089474687	6.0109155948520945
66.6474089474687	6.0109155948520945
66.6474089474687	6.0109155948520945
71.02847444591566	30.272671458703517
71.02847444591566	30.272671458703517
63.56115395882756	6.1544581127304205
63.56115395882756	6.1544581127304205
65.67186934901639	70.34939198330638
65.67186934901639	70.34939198330638
60.44829170862657	56.65268323893142
60.44829170862657	56.65268323893142
60.44829170862657	56.65268323893142
53.264764800668864	89.41781950728597
53.264764800668864	89.41781950728597
55.37548166607266	54.61275632829185
55.37548166607266	54.61275632829185
86.50409826722273	44.63049326456228
86.50409826722273	44.63049326456228
88.61481365741157	9.825428610353198
88.61481365741157	9.825428610353198
88.61481365741157	9.825428610353198
83.41784180336663	44.77403430722565
83.41784180336663	44.77403430722565
76.45602830640127	53.91678944409378
76.45602830640127	53.91678944409378
78.07010530191565	68.0658581703627
78.07010530191565	68.0658581703627
73.36977184254513	54.06033196197211
73.36977184254513	54.06033196197211
75.26764241718993	26.09275177778364
75.26764241718993	26.09275177778364
75.26764241718993	26.09275177778364
5.054963096925483	91.32282968600043
5.054963096925483	91.32282968600043
0.42557840114130785	42.03814051238801
0.42557840114130785	42.03814051238801
1.9687066330693623	91.46637220387876
1.9687066330693623	91.46637220387876
94.06897330424205	82.11486103699087
94.06897330424205	82.11486103699087
94.06897330424205	82.11486103699087
97.92679314645471	7.685435840072886
97.92679314645471	7.685435840072886
90.95611105404106	33.61308763840683
90.95611105404106	33.61308763840683
92.85398015347089	5.645508929433309
92.85398015347089	5.645508929433309
24.911650941464547	30.942407355710607
24.911650941464547	30.942407355710607
18.01191761263723	21.59089766403769
18.01191761263723	21.59089766403769
18.01191761263723	21.59089766403769
21.825394477608427	31.085946923159028
21.825394477608427	31.085946923159028
14.934529744229401	4.949543520450197
14.934529744229401	4.949543520450197
16.477657976157456	54.37777226151104
16.477657976157456	54.37777226151104
11.848273280373293	5.093083087898617
11.848273280373293	5.093083087898617
11.848273280373293	5.093083087898617
93.33323718889879	52.04663308809361
93.33323718889879	52.04663308809361
95.23110628832862	24.079054379120084
95.23110628832862	24.079054379120084
90.53077430417308	10.073526695514534
90.53077430417308	10.073526695514534
92.14485129968747	24.222595421783463
92.14485129968747	24.222595421783463
85.17416773205886	50.15024722011741
85.17416773205886	50.15024722011741
85.17416773205886	50.15024722011741
79.95059156688399	36.453538475742434
79.95059156688399	36.453538475742434
82.13225572065916	65.36931085631153
82.13225572065916	65.36931085631153
14.189925033437857	90.66621075780378
14.189925033437857	90.66621075780378
16.087795608082644	62.69863057361531
16.087795608082644	62.69863057361531
16.087795608082644	62.69863057361531
9.11711204045403	88.62628384716422
9.11711204045403	88.62628384716422
3.9201416616240286	24.574888068821718
3.9201416616240286	24.574888068821718
6.0308570518128795	88.76982341461263
6.0308570518128795	88.76982341461263
97.57240368495812	47.86671340717372
97.57240368495812	47.86671340717372
97.57240368495812	47.86671340717372
2.9534691834050517	72.12846927102514
2.9534691834050517	72.12846927102514
31.81173862672694	3.079385689235063
31.81173862672694	3.079385689235063
33.922454016915786	67.27431955981102
33.922454016915786	67.27431955981102
29.009275742001222	60.10627782144104
29.009275742001222	60.10627782144104
21.471006491326783	71.26722596547482
21.471006491326783	71.26722596547482
21.471006491326783	71.26722596547482
23.652669169887	1.1829998212588753
23.652669169887	1.1829998212588753
18.429093004712133	86.4862910768839
18.429093004712133	86.4862910768839
20.539808394900973	51.68122494745986
20.539808394900973	51.68122494745986
51.668424996051044	41.69896188373029
51.668424996051044	41.69896188373029
51.668424996051044	41.69896188373029
44.69774437885235	67.62661515727919
44.69774437885235	67.62661515727919
46.59561347828218	39.659034973090726
46.59561347828218	39.659034973090726
41.327692860650885	10.886802159970044
41.327692860650885	10.886802159970044
43.50935848964102	39.80257454053913
43.50935848964102	39.80257454053913
35.97995635919992	34.17862749832206
35.97995635919992	34.17862749832206
35.97995635919992	34.17862749832206
21.373804822615696	20.686541656085808
21.373804822615696	20.686541656085808
22.91693305454375	70.11477039714664
22.91693305454375	70.11477039714664
16.017199725716434	60.76326218068867
16.017199725716434	60.76326218068867
19.83067659068764	70.25831291502496
19.83067659068764	70.25831291502496
19.83067659068764	70.25831291502496
12.647149682729932	4.02345065859448
12.647149682729932	4.02345065859448
14.75786507291877	68.21838452917044
14.75786507291877	68.21838452917044
9.534288907743893	54.521677260010435
9.534288907743893	54.521677260010435
38.96014255889665	0.23929880773547685
38.96014255889665	0.23929880773547685
42.773620899082815	9.734348066856823
42.773620899082815	9.734348066856823
42.773620899082815	9.734348066856823
35.8738875702555	0.3828383751838974
35.8738875702555	0.3828383751838974
37.41701580218355	49.81106859145969
37.41701580218355	49.81106859145969
32.503837527268985	42.64302537787475
32.503837527268985	42.64302537787475
25.53315543485533	68.57067865142365
25.53315543485533	68.57067865142365
27.156101025818025	65.93485071622676
27.156101025818025	65.93485071622676
27.156101025818025	65.93485071622676
58.7813574968575	6.998455747234134
58.7813574968575	6.998455747234134
60.39543449237189	21.147522998288107
60.39543449237189	21.147522998288107
53.42475239995824	47.07517479662205
53.42475239995824	47.07517479662205
48.22778054591329	82.02378196870946
48.22778054591329	82.02378196870946
48.22778054591329	82.02378196870946
50.338497411317086	47.218715839285416
50.338497411317086	47.218715839285416
43.15496902814442	79.98385358285493
43.15496902814442	79.98385358285493
47.012790345572036	5.554428385936934
47.012790345572036	5.554428385936934
76.36769670835342	85.55121289888382
76.36769670835342	85.55121289888382
71.17072485430846	21.499817120541316
71.17072485430846	21.499817120541316
71.17072485430846	21.499817120541316
73.2814402444973	85.69475246633223
73.2814402444973	85.69475246633223
65.8141197574092	61.57653616992922
65.8141197574092	61.57653616992922
70.19518378064119	85.83829203378065
70.19518378064119	85.83829203378065
63.01165687268348	19.60342977735016
63.01165687268348	19.60342977735016
63.01165687268348	19.60342977735016
64.56365370005983	52.24676480737509
64.56365370005983	52.24676480737509
49.95750216347561	38.75467896513884
49.95750216347561	38.75467896513884
42.41923291280117	49.91562563395765
42.41923291280117	49.91562563395765
44.600895591361386	78.83140096495667
44.600895591361386	78.83140096495667
44.600895591361386	78.83140096495667
39.33297497373009	50.05916815183599
39.33297497373009	50.05916815183599
41.51464060272023	78.97494053240509
41.51464060272023	78.97494053240509
36.24671998508894	50.2027077192844
36.24671998508894	50.2027077192844
65.36217574598139	88.39166226100447
65.36217574598139	88.39166226100447
67.54383989975656	18.30743611678852
67.54383989975656	18.30743611678852
67.54383989975656	18.30743611678852
62.275919282125265	88.53520330366784
62.275919282125265	88.53520330366784
64.4575849111154	18.45097568423693
64.4575849111154	18.45097568423693
56.91931566044097	29.611922353055757
56.91931566044097	29.611922353055757
52.28992948944184	79.32723317944334
52.28992948944184	79.32723317944334
52.28992948944184	79.32723317944334
53.83305772136989	29.755463395719126
53.83305772136989	29.755463395719126
82.98398933927047	0.804838667650712
82.98398933927047	0.804838667650712
87.36505483771741	25.066593056287175
87.36505483771741	25.066593056287175
79.89773287541435	0.9483782350991216
79.89773287541435	0.9483782350991216
82.00844826560319	65.14331358089004
82.00844826560319	65.14331358089004
82.00844826560319	65.14331358089004
76.81147641155825	1.0919192777625004
76.81147641155825	1.0919192777625004
69.84079579435955	27.019569600881486
69.84079579435955	27.019569600881486
73.72522142291709	1.2354588452109099
73.72522142291709	1.2354588452109099
3.840677183809526	39.42441486214593
3.840677183809526	39.42441486214593
3.840677183809526	39.42441486214593
5.951392573998377	4.619350207936846
5.951392573998377	4.619350207936846
0.7544207199534172	39.56795590480931
0.7544207199534172	39.56795590480931
92.78374010275472	65.49560770314325
92.78374010275472	65.49560770314325
94.39781562305416	79.64467495419721
94.39781562305416	79.64467495419721
89.6974836388986	65.63914727059166
89.6974836388986	65.63914727059166
89.6974836388986	65.63914727059166
91.31155915919804	79.78821599686059
91.31155915919804	79.78821599686059
74.37297882143262	25.723575940319847
74.37297882143262	25.723575940319847
69.45980054651805	18.555534201949865
69.45980054651805	18.555534201949865
71.00292877844612	67.98376441822566
71.00292877844612	67.98376441822566
71.00292877844612	67.98376441822566
64.10319544961881	58.63225472655273
64.10319544961881	58.63225472655273
67.91667231459	68.12730546088902
67.91667231459	68.12730546088902
61.016938985762685	58.77579576921611
61.016938985762685	58.77579576921611
92.07460829854139	84.0726941954934
92.07460829854139	84.0726941954934
94.22966814118665	64.34315361003001
94.22966814118665	64.34315361003001
94.22966814118665	64.34315361003001
87.04613975801398	97.10829135359954
87.04613975801398	97.10829135359954
90.85961662298517	7.603340612720871
90.85961662298517	7.603340612720871
83.95988329415786	97.25183092104795
83.95988329415786	97.25183092104795
85.50301152608593	47.68006113732375
85.50301152608593	47.68006113732375
85.50301152608593	47.68006113732375
80.87362683030175	97.39537196371133
80.87362683030175	97.39537196371133
10.6609475100373	63.62545134714308
10.6609475100373	63.62545134714308
12.851480259260768	75.75632854146131
12.851480259260768	75.75632854146131
7.583559641629482	46.984095728340634
7.583559641629482	46.984095728340634
7.583559641629482	46.984095728340634
9.481430216274267	19.016515544152163
9.481430216274267	19.016515544152163
2.5107466486456547	44.94416881770107
2.5107466486456547	44.94416881770107
96.31377626981565	79.89277303935856
96.31377626981565	79.89277303935856
98.42449166000449	45.087708385149476
98.42449166000449	45.087708385149476
30.55310973636953	35.105446796634865
30.55310973636953	35.105446796634865
30.55310973636953	35.105446796634865
32.70816662858488	15.37590473595653
32.70816662858488	15.37590473595653
25.169898853125392	26.536851404775355
25.169898853125392	26.536851404775355
20.256720578210825	19.368811141620323
20.256720578210825	19.368811141620323
22.367435968399676	83.56374501219628
22.367435968399676	83.56374501219628
22.367435968399676	83.56374501219628
14.900115481311575	59.44553019100824
14.900115481311575	59.44553019100824
19.281179504543555	83.7072845796447
19.281179504543555	83.7072845796447
1.8370921766554067	95.38167456504777
1.8370921766554067	95.38167456504777
3.9566746870775806	43.791714724587834
3.9566746870775806	43.791714724587834
97.75970283303262	78.7403204214603
97.75970283303262	78.7403204214603
97.75970283303262	78.7403204214603
90.78902221583392	5.667970744579283
90.78902221583392	5.667970744579283
92.68689279047871	76.70039203560576
92.68689279047871	76.70039203560576
87.41897217284742	47.92815922248509
87.41897217284742	47.92815922248509
89.6006363266226	76.84393307826915
89.6006363266226	76.84393307826915
89.6006363266226	76.84393307826915
21.65830563940129	3.140831504546437
21.65830563940129	3.140831504546437
14.731966524229097	44.14400884684105
14.731966524229097	44.14400884684105
16.34604204452854	58.29307609789501
16.34604204452854	58.29307609789501
11.645710060372988	44.28754841428945
11.645710060372988	44.28754841428945
13.543580635017774	16.319968230100987
13.543580635017774	16.319968230100987
13.543580635017774	16.319968230100987
6.005309909128375	27.48091637413476
6.005309909128375	27.48091637413476
37.70151661896916	32.26535843992032
37.70151661896916	32.26535843992032
39.24464485089721	81.69358865619611
39.24464485089721	81.69358865619611
32.35378011751819	55.55718377827233
32.35378011751819	55.55718377827233
32.35378011751819	55.55718377827233
36.16725550727444	65.05223303739366
36.16725550727444	65.05223303739366
29.267523653662078	55.70072334572074
29.267523653662078	55.70072334572074
23.99960303603078	26.92849053260007
23.99960303603078	26.92849053260007
25.897473610675565	97.9609103484116
25.897473610675565	97.9609103484116
55.25237997345694	78.95769486135848
55.25237997345694	78.95769486135848
55.25237997345694	78.95769486135848
59.13680560201448	53.1735841056879
59.13680560201448	53.1735841056879
52.21046796205725	94.17675997276756
52.21046796205725	94.17675997276756
53.75359619398531	44.60499018904335
53.75359619398531	44.60499018904335
49.124210022986176	94.32029954021597
49.124210022986176	94.32029954021597
49.124210022986176	94.32029954021597
41.58594224752669	6.48124768424974
41.58594224752669	6.48124768424974
43.48381134695653	77.51366750006127
43.48381134695653	77.51366750006127
3.2255681668962355	47.51296641200634
3.2255681668962355	47.51296641200634
4.839645162410628	61.6620336630603
4.839645162410628	61.6620336630603
96.87783166544527	70.80479175035835
96.87783166544527	70.80479175035835
96.87783166544527	70.80479175035835
91.68085981140031	6.753395972015842
91.68085981140031	6.753395972015842
93.79157520158915	70.94833131780676
93.79157520158915	70.94833131780676
88.59460482275915	6.896935539464263
88.59460482275915	6.896935539464263
90.705320212948	71.09187236047013
90.705320212948	71.09187236047013
90.705320212948	71.09187236047013
20.847381760185314	58.92613986822266
20.847381760185314	58.92613986822266
15.579461142554027	30.15390853031694
15.579461142554027	30.15390853031694
17.73451950998433	10.424366469638608
17.73451950998433	10.424366469638608
10.267199022896227	85.30615312366552
10.267199022896227	85.30615312366552
10.267199022896227	85.30615312366552
14.648264521343167	10.567907512301987
14.648264521343167	10.567907512301987
7.1809425590401075	85.44969269111394
7.1809425590401075	85.44969269111394
9.291657949228957	50.64462803690485
9.291657949228957	50.64462803690485
57.97114085529674	87.35470286982839
53.057962580382174	80.18666113145841
53.057962580382174	80.18666113145841
55.213019472597516	60.457119070780074
55.213019472597516	60.457119070780074
55.213019472597516	60.457119070780074
47.674751697138035	71.61806573959889
47.674751697138035	71.61806573959889
43.04536700135387	22.33337804120144
43.04536700135387	22.33337804120144
44.588495233281925	71.76160678226228
44.588495233281925	71.76160678226228
27.71199358843959	98.20270042196552
27.71199358843959	98.20270042196552
27.71199358843959	98.20270042196552
31.525471928625755	8.69775115630181
31.525471928625755	8.69775115630181
24.341945020668046	41.462887424656365
24.341945020668046	41.462887424656365
26.46152753109022	88.87292905941138
26.46152753109022	88.87292905941138
21.264555677045262	24.821533281068874
21.264555677045262	24.821533281068874
14.293875059846565	50.749186554617786
14.293875059846565	50.749186554617786
14.293875059846565	50.749186554617786
18.17830068840411	24.96507579894721
18.17830068840411	24.96507579894721
47.533207051185485	5.961857361464174
47.533207051185485	5.961857361464174
49.14728404669988	20.110926087733095
49.14728404669988	20.110926087733095
44.446952062544334	6.105398404127542
44.446952062544334	6.105398404127542
44.446952062544334	6.105398404127542
37.23681936824175	89.22522170644963
37.23681936824175	89.22522170644963
38.85089636375614	4.3742904327185546
38.85089636375614	4.3742904327185546
34.15056290438563	89.368762749113
34.15056290438563	89.368762749113
35.76463842468506	4.517830000166976
35.76463842468506	4.517830000166976
65.11954773789637	84.51461451311384
65.11954773789637	84.51461451311384
65.11954773789637	84.51461451311384
59.92257440863645	20.463220209986304
59.92257440863645	20.463220209986304
62.03328979882529	84.65815555577723
62.03328979882529	84.65815555577723
54.85863148631587	1.638396637880918
54.85863148631587	1.638396637880918
58.67210982650204	11.133447372217212
58.67210982650204	11.133447372217212
58.67210982650204	11.133447372217212
51.77237649767472	1.7819376805442857
51.77237649767472	1.7819376805442857
82.83004581045341	27.07883758203654
82.83004581045341	27.07883758203654
85.01170848901363	55.99461143782059
85.01170848901363	55.99461143782059
77.47343923833918	67.15555663142446
77.47343923833918	67.15555663142446
81.92545202515753	56.13815100526901
81.92545202515753	56.13815100526901
81.92545202515753	56.13815100526901
74.7153208060699	40.257974307591105
74.7153208060699	40.257974307591105
76.25844903799795	89.68620304865193
76.25844903799795	89.68620304865193
71.62906434221377	40.40151535025447
71.62906434221377	40.40151535025447
54.11402677552432	87.35506535044946
54.11402677552432	87.35506535044946
54.11402677552432	87.35506535044946
56.295690929299504	17.27083773101855
56.295690929299504	17.27083773101855
51.027770311668206	87.49860639311282
51.027770311668206	87.49860639311282
53.209434465443394	17.414378773681918
53.209434465443394	17.414378773681918
47.950383918475346	70.85725077431039
47.950383918475346	70.85725077431039
40.76685701051764	4.622388517879901
40.76685701051764	4.622388517879901
40.76685701051764	4.622388517879901
42.87757092549152	68.81732386367082
42.87757092549152	68.81732386367082
74.00618900185655	58.835060799941246
74.00618900185655	58.835060799941246
76.1169043920454	24.02999762094712
76.1169043920454	24.02999762094712
68.6495839049573	98.91178132454411
68.6495839049573	98.91178132454411
63.949250445586785	84.90625364093857
63.949250445586785	84.90625364093857
63.949250445586785	84.90625364093857
65.5367216547563	50.410007925960066
65.5367216547563	50.410007925960066
58.35319474679859	83.17514419431463
58.35319474679859	83.17514419431463
62.734258770030586	8.436901533381004
62.734258770030586	8.436901533381004
91.59252673813751	38.38781647637597
91.59252673813751	38.38781647637597
91.59252673813751	38.38781647637597
93.70324360354131	3.5827518221668875
93.70324360354131	3.5827518221668875
88.50627174949636	38.5313589942543
88.50627174949636	38.5313589942543
81.53558965708271	64.45900931737329
81.53558965708271	64.45900931737329
85.4288853563035	21.89000337545185
85.4288853563035	21.89000337545185
78.45820178867488	47.817655173785795
78.45820178867488	47.817655173785795
78.45820178867488	47.817655173785795
80.35607236331967	19.850076464812286
80.35607236331967	19.850076464812286
12.413741676098365	45.146974891089585
12.413741676098365	45.146974891089585
5.51400687205609	35.79546519941666
5.51400687205609	35.79546519941666
7.057135103984144	85.22369541569245
7.057135103984144	85.22369541569245
7.057135103984144	85.22369541569245
2.4277518834149383	35.939006242080026
2.4277518834149383	35.939006242080026
4.0152230925844545	1.4427590518865645
4.0152230925844545	1.4427590518865645
96.0445410001708	27.370412325435478
96.0445410001708	27.370412325435478
81.15459588445617	55.99497391844166
81.15459588445617	55.99497391844166
81.15459588445617	55.99497391844166
82.69772264116928	6.423202659502492
82.69772264116928	6.423202659502492
75.79798931234197	96.07169296782956
75.79798931234197	96.07169296782956
79.61146765252812	6.566745177380828
79.61146765252812	6.566745177380828
72.7117343237008	96.21523401049295
72.7117343237008	96.21523401049295
67.4526823015178	50.65810601112141
67.4526823015178	50.65810601112141
67.4526823015178	50.65810601112141
69.63434645529298	79.5738783916905
69.63434645529298	79.5738783916905
98.42166565981357	45.80395777512226
98.42166565981357	45.80395777512226
3.589886342716472	76.90319958420923
3.589886342716472	76.90319958420923
95.61920277508786	3.8308513825431807
95.61920277508786	3.8308513825431807
97.23327977060225	17.97991863359715
97.23327977060225	17.97991863359715
97.23327977060225	17.97991863359715
92.5329477864467	3.9743924252065597
92.5329477864467	3.9743924252065597
85.06562582414364	78.85617612880354
85.06562582414364	78.85617612880354
87.2206856667889	59.12663554334017
87.2206856667889	59.12663554334017
19.2783549795676	84.42353396961747
19.2783549795676	84.42353396961747
19.2783549795676	84.42353396961747
21.176224078997425	56.45595526064396
21.176224078997425	56.45595526064396
14.20554198658377	82.3836070589779
14.20554198658377	82.3836070589779
9.00857013253881	18.332212755850353
9.00857013253881	18.332212755850353
11.119285522727662	82.52714662642632
11.119285522727662	82.52714662642632
5.9311837393459514	1.6908586122628688
5.9311837393459514	1.6908586122628688
5.9311837393459514	1.6908586122628688
8.04189912953479	65.88579248283882
8.04189912953479	65.88579248283882
36.90016709764172	95.83670890104875
36.90016709764172	95.83670890104875
32.199835113486174	81.83118269265816
32.199835113486174	81.83118269265816
34.097704212916	53.86360250846969
34.097704212916	53.86360250846969
34.097704212916	53.86360250846969
26.559436437456522	65.02454917728852
26.559436437456522	65.02454917728852
31.01144922427484	54.00714355113307
31.01144922427484	54.00714355113307
23.473178498385444	65.16809021995188
23.473178498385444	65.16809021995188
25.628236865815754	45.43854963448851
25.628236865815754	45.43854963448851
25.628236865815754	45.43854963448851
10.454498170970737	17.17976013795209
10.454498170970737	17.17976013795209
3.483816078557082	43.107410461071076
3.483816078557082	43.107410461071076
5.381686653201879	15.13983027688261
5.381686653201879	15.13983027688261
0.11376603557058018	85.36759893897688
0.11376603557058018	85.36759893897688
2.295430189345758	15.283372794760934
2.295430189345758	15.283372794760934
2.295430189345758	15.283372794760934
96.03637964237771	68.7262447953894
96.03637964237771	68.7262447953894
26.462234768745436	14.443866343114454
26.462234768745436	14.443866343114454
28.005361525458532	63.872095084175285
28.005361525458532	63.872095084175285
23.375978304889315	14.587407385777821
23.375978304889315	14.587407385777821
23.375978304889315	14.587407385777821
24.91910653681737	64.01563612683866
24.91910653681737	64.01563612683866
17.73557962885966	96.78077387040817
17.73557962885966	96.78077387040817
13.035246169489158	82.77524618680262
13.035246169489158	82.77524618680262
14.649323165003551	96.92431491307154
14.649323165003551	96.92431491307154
14.649323165003551	96.92431491307154
44.04857398024134	92.99662201954916
44.04857398024134	92.99662201954916
47.86205084521255	3.491672753885471
47.86205084521255	3.491672753885471
40.962316041170276	93.14016158699759
40.962316041170276	93.14016158699759
35.694398373968895	64.36793024909187
35.694398373968895	64.36793024909187
37.59226747339872	36.40035006490339
37.59226747339872	36.40035006490339
37.59226747339872	36.40035006490339
30.62158538098507	62.32800186323734
30.62158538098507	62.32800186323734
34.51487960499091	19.75899592131591
34.51487960499091	19.75899592131591
63.86978744298724	0.755780434262781
63.86978744298724	0.755780434262781
65.48386296328667	14.904847685316753
65.48386296328667	14.904847685316753
65.48386296328667	14.904847685316753
60.78353097913113	0.8993200017112015
60.78353097913113	0.8993200017112015
53.31621049204302	75.78110518052314
53.31621049204302	75.78110518052314
55.42692588223187	40.976040526314065
55.42692588223187	40.976040526314065
50.5137476073173	33.807998787944086
50.5137476073173	33.807998787944086
52.10121881648682	98.31175307296559
52.10121881648682	98.31175307296559
52.10121881648682	98.31175307296559
35.153768408058156	61.0320082026757
35.153768408058156	61.0320082026757
29.9567965540132	95.98061389954815
29.9567965540132	95.98061389954815
32.06751194420204	61.17554777012411
32.06751194420204	61.17554777012411
26.870541565372037	96.12415494221153
26.870541565372037	96.12415494221153
26.870541565372037	96.12415494221153
28.981256955560887	61.31909028800245
28.981256955560887	61.31909028800245
21.797730047603178	94.08422655635701
21.797730047603178	94.08422655635701
52.8642664806152	3.596231271598396
52.8642664806152	3.596231271598396
55.04593063439039	32.512003652167486
55.04593063439039	32.512003652167486
47.5076628589309	43.6729503209863
47.5076628589309	43.6729503209863
47.5076628589309	43.6729503209863
51.95967564574923	32.65554469483085
51.95967564574923	32.65554469483085
44.42140491985983	43.81649136364968
44.42140491985983	43.81649136364968
46.603069073635005	72.73226374421877
46.603069073635005	72.73226374421877
41.33514845600372	43.96003093109809
41.33514845600372	43.96003093109809
41.33514845600372	43.96003093109809
70.45060716732608	82.14898694803311
70.45060716732608	82.14898694803311