96.75160304685835	19.44894621767593
94.43691143657375	44.30660015565476
87.37754486489213	40.083206766927205
89.1955980805023	64.17968325899646
82.54418247379724	79.85110687708453
84.4154487373121	3.2382122516486427
16.907676276627207	97.07524655163387
10.140970404309316	33.9503075909831
11.967893690582722	41.26189037201645
4.997211598169067	67.1895421703504
7.409456283169926	55.69803970839717
28.41018851489381	8.06613097567178
30.39674504402153	10.249598928974724
23.089057799787728	80.00326928005626
25.46582957821038	36.651347563106455
18.37098862473559	0.5675334441673873
22.689972479829525	43.323555611774815
51.74334954779889	1.006777932465843
53.818590556194565	33.341292548045246
47.11396485201472	50.72208728363847
48.932018067624874	74.81856525092269
45.08306682086051	33.46309526158982
38.023698773963936	29.239698922432353
39.957043730401885	33.13253946845541
0.9836054432980043	11.808855863979685
3.0765821673753018	10.573580107057362
95.24779760213433	64.94290892537758
97.50040904428089	58.579521291154755
90.6804930744882	96.16395344800914
93.03952913722922	86.38182210356105
86.65416991875799	93.5063886589084
89.11076053143022	97.09040879048592
19.598694350721022	24.313765509669913
22.046414892730017	44.68268082749829
13.452788684568628	73.24615908581417
15.607847051998938	53.5166185003508
9.018513088646891	50.69377581468286
11.758894330019604	12.16114851101794
4.805949428502535	4.5190099368501695
7.111773918553815	95.4462511851222
36.918978649198095	12.413378248845364
39.57954253153618	25.944807621438166
32.68867779815715	98.80840274351438
27.21678096043009	60.08876068937842
29.61129140496429	82.1670485999269
22.791373959956648	20.751482231996246
25.061724068214748	79.81830275005674
55.51633184093949	58.48807679182235
57.85762923756897	82.27573729509093
51.01110600621645	71.21485501069792
53.47656373912202	58.013981431239515
46.23982525847456	92.48848881709922
41.35325276990487	34.96576299519163
43.43736237374885	50.51538242452017
26.640679563156098	24.89241938796568
29.265770538915984	6.563430980776873
22.02016198760527	57.822836503317355
24.06880016008598	41.512036677649334
17.38191164680272	25.323042515955795
19.155621885171414	34.34399493927934
14.402076853111147	22.047839848393906
16.75224432040389	29.050603690196684
45.991860417572425	30.25102414918976
48.022756973511676	47.51001617123841
40.972258997278345	26.50172612104505
36.13889808139842	66.26962623120238
38.3205622351736	95.18540008698642
31.119296661104347	62.52032820305765
33.123590381128636	31.134005783858875
62.78002898915195	35.4443524890616
64.6690294931335	24.261667491123994
57.92893088237544	9.782042971720651
62.23904761723604	69.3229618007939
54.97570187502875	55.152156220621144
57.396818105907826	26.875757097202094
50.337450059011246	22.65236223325958
52.30626792202741	58.40561908384928
83.68320519572967	73.44629228031062
76.96084377586818	25.396875913190602
78.78776558692665	32.708458694223964
71.74613473092666	93.91527198256478
67.12562010580574	27.845687622701504
69.16538673240824	28.319784458499292
52.50172990310997	47.92339362818192
56.785240851625694	58.81899654079279
49.459817891710266	63.142458739591
51.87206257671114	51.65095627763777
44.84817038682269	79.28797771826191
46.639616340873005	54.7391412442987
41.903809974924286	8.873195780911534
71.45382543756809	16.60228324590961
73.29848443952314	89.34407565444124
66.2479864632898	68.33578412903293
68.24340863743589	53.734356896085
63.48986508059058	41.43820180519956
65.77795237974527	66.93523342597331
58.81613888277992	76.07798856284144
60.79382534124437	95.04635170239524
89.78512371629064	71.22384032684228
85.04931587512696	25.35789338824016
87.43495772421286	64.2210764850395
80.38445827276459	43.21278643484614
82.12269265412515	20.37332107838808
75.04559036676191	49.71971511173233
77.42236214518455	6.367793394782531
9.825905205231695	70.05377808206138
11.87454042728249	53.74297973160831
5.187651913999227	37.55398409469982
7.191944158808561	6.16766167550104
98.9463370827128	57.42706719804152
2.2698972884457125	15.78451659859687
96.44540496801406	38.767521522503344
79.42700727121402	36.76693961743529
81.45790530236823	54.025931639483936
74.54930485330759	61.45931713406187
76.61567579104	11.57872841110708
71.78231635037503	51.34662852126441
73.63584247256341	8.30352574354519
66.5587387099852	37.649921252104406
68.92664189295957	11.082893246190501
97.95341169936908	19.120801125634106
1.4454752186195277	54.56524198742314
95.6121143027396	94.33314209758048
88.33990291551393	96.94723170365857
90.38853813756472	80.6364333532055
83.69278102883317	81.23233290254787
85.5817815328147	70.04964937982521
16.238220140838024	74.35999608502794
20.229068914775066	45.15714014391715
13.64860354687131	25.54940374721331
15.661764387128937	76.37818614176366
8.380682929240013	95.77717093409262
10.340633672022854	49.31532444614815
5.507272756142917	89.08322455630548
34.746888853311454	90.28364796572848
36.822129861707126	23.61816258130787
30.028818203044356	10.847909179409688
32.07745342509516	93.53711230417157
27.04898635978271	7.572707987062755
29.15970174997155	71.76764333285368
22.366390091308784	58.99738993095549
24.202179022600575	49.52407752573799
7.263598684835154	94.45943746919724
9.640370463257803	51.10751575224743
4.603033327282113	80.92800809660444
96.60574544852358	58.21034545369096
98.95591291581631	65.21310929549372
91.67483145792738	84.6120940878227
93.73233527542648	51.5163990759038
24.31782511986345	91.10590874632835
28.681151952198856	49.93745350746653
21.3912033740766	86.12133496126131
23.794580938844124	91.41472768555893
16.495760814843656	45.38350137517465
18.60647620503251	10.57843672096557
11.884114785171036	61.52902330427547
43.314263631563044	74.86032243280174
44.98155219976719	87.30001856635056
37.904446961974024	17.646412599694806
40.29008733584498	56.5095971717091
35.30596029734407	84.62071544813104
41.230506908939205	22.09617017010979
70.38143705162481	92.14554396682642
72.48328532158033	74.12537449886818
65.34409991564912	22.966036311183412
67.80068905310641	26.550056442760923
62.8875122534068	19.38201470439094
55.85474851764014	63.80393428169585
57.867910833112724	15.63271667624622
86.92128790108208	72.3159375217223
89.29805967950475	28.96401580477249
84.53564605199618	33.452755900137916
86.31822488581317	25.688814612425556
79.7022866113312	73.22065601029524
81.86621209899485	36.706220238581004
74.90439860202949	45.8489768506641
76.67811031561314	54.8699307492026
61.894585394848114	80.07575010719849
55.189961165883226	97.45654484279171
57.247464983382315	64.36085130608778
49.97525359615664	66.97494091216588
52.40523547205408	21.913648077710924
45.15962987117329	73.17305212503645
49.41653355812919	35.423340596399896
78.69162403709089	68.4841817856045
81.04179002916867	75.48694415219232
73.920343289349	89.75781559200583
75.9867157022964	39.87722686905103
70.94937856632069	69.69771921340804
63.81019316038948	18.53837955050829
65.91203995513003	0.5182100825500704
95.56847856315335	4.828556787752795
97.54616649683277	23.796919927306593
92.52656507653869	20.047620423946913
94.55746310769291	37.30661244599556
87.83510168783144	88.25719755409051
89.83052533719248	73.6557703211426
82.78002736095915	52.64748027094922
15.298860686619127	96.1298275369669
17.15238828402245	53.08672475924768
10.403419602601145	55.39199395088025
12.40771184741049	24.005673006896426
5.374951062073747	68.42759110898639
9.401272742588999	71.08515589808711
2.696648513624111	88.46595063368034
4.7807581174680855	5.0155715382238375
86.72688456365991	70.15457037815922
88.89968012198679	16.855239420194113
81.88465505233168	27.707367149782364
76.9360038708389	87.6789061564158
79.32164424470986	27.542089253215153
72.04056278682093	46.941074045544106
74.40846744501025	20.37404751484517
4.754505212343325	18.155725738827947
6.483872473470569	12.101157043835702
1.6505130328055901	51.86905715399304
3.7434897568828873	50.63378287228567
96.02112833702141	2.5843679803806174
98.06089496362392	3.0584648161784065
90.80641929207987	71.1027640497548
93.15658528415766	78.10552789155756
25.746368848618918	86.30871366756838
18.49189317707487	55.353012901144766
20.691293046531687	50.69899490921214
13.658532261194944	95.12091448651705
15.689430292349154	13.379906508565702
8.931594490694513	32.47007236166407
13.232841154891876	9.795884901773231
42.490194442957	76.42651646347954
44.26390468132569	85.44747036201805
37.23114242077399	30.869388464108017
39.59017848351501	21.087257119659935
34.57057706322095	17.337959091515213
27.573289184462418	93.62029644860174
29.88798226996198	68.76264103540795
86.30617740895383	80.40449054679766
88.0976248382191	55.85565259761949
83.3529498768221	26.774602320483186
85.76519751225288	15.28309985852995
78.45751026801908	85.03677020961149
80.67464732837247	46.81296184517714
73.42017165682843	15.857261078753528
75.77920771956944	6.075129734305445
8.12066913626358	88.25538220055526
1.2386744735478064	45.33408066116566
3.1720179547708023	49.22692120718872
94.93527947412333	83.70142859304842
97.31205125254598	40.34950835131358
92.51416471845923	12.97782771646747
94.58053713140662	62.09723899351269
24.65165139027255	85.21066946648705
26.83331406883278	15.126443322271092
19.83602766528921	91.40878067935762
22.07090339175414	19.615181942421547
15.366276212359335	36.99597667801478
10.382150649073388	65.10709790486662
12.359837107537844	84.07546104442042
41.68813915918931	16.42693111611988
44.12699110575001	53.580741620199106
36.87251543420596	22.625040853775495
41.200369359963155	48.596167835132064
34.17647569485975	76.23319075097116
35.98566031502161	18.114563904506237
28.926292268125035	13.891167565348766
31.267591139969475	37.67882806861736
16.555016458005746	27.60548446139141
9.247329213771945	97.35915628768791
11.242752863132987	82.75772905474
4.555864349849725	66.5687334178315
6.560158069874016	35.182410998632726
1.5316880541316609	48.218006681523896
3.6069290625273323	80.55252277231826
33.2012875024126	4.357135781276989
35.01934071802276	28.4536137485612
28.350190870851044	77.69482626393604
30.434300474695007	93.24444864369448
25.494516413435562	37.431090988862124
18.72781201633263	73.30615350342632
20.811920144961636	88.85577293275486
50.04266912189685	7.841091528428713
51.84298367139546	65.50735839299969
47.00962423073048	6.275259978371978
49.466211892972815	9.859281585164448
42.3536352238164	7.345256363512134
44.18942415510818	96.87194395829464
37.43158687823858	16.962111286607964
39.51569648208255	32.5117307159365
70.85715937399164	15.691983182186316
64.22348390861309	96.79361642777268
66.03266852877495	38.67498810609279
59.3280428245951	56.05578431690098
61.15496463565355	63.36736709793433
54.14880816144673	57.43459964127172
56.43689546060143	82.93162831161554
41.66223913528468	91.35255395857553
43.50689813723972	65.09434636710715
36.41205718376494	29.010530772953125
38.38974364222939	47.97889391250692
33.671674467177255	67.5431566014031
26.913838665522615	86.63332392971643
28.989079673918283	19.96783854529583
57.95377078740473	46.5000142037104
60.03788039124869	62.04963363303894
55.195650879920464	19.602430404662087
57.53694827654996	43.39008943271572
50.548528993239714	3.88753160355138
52.322240706823365	12.908485502089896
45.22739827813362	75.82466990793586
47.648513033797734	47.54827225973177
79.18508502556925	57.46082915324774
72.10797978777609	86.80722318659198
73.90829581248967	45.47349152637792
66.8311905746965	74.81988703493712
71.08809573686736	37.07017550630057
64.3479971261093	22.59055098689723
66.34342077547035	7.989125229164272
95.55643108629401	59.54423124690992
97.59619771289651	60.01832955792267
92.71849381977512	84.7107055993343
85.6591272480935	80.48730926017683
87.486047583937	87.7988920412102
67.56763392769497	30.459052267537473
69.65174353153893	46.008671696866
62.94711782735909	63.38946643245923
64.76517104296924	87.48594439974345
60.01162748612394	75.18978783364305
53.342477638952225	25.431003299447806
55.204872356588886	64.60300386026276
84.62185888750831	27.10552059423867
87.0341065229391	15.614018132285432
79.96586988059423	28.17551845459378
82.00563650719673	28.649615290391573
75.1147717738177	2.5132089372528363
79.46036289047149	93.91454554610769
72.19701714826418	79.74374144114988
74.20131086828847	48.35741902195112
4.795669308173743	71.16203055569488
6.835435934776244	71.63612739149268
1.8158359896971397	67.88682936334796
94.0934730946207	19.8374144714429
96.1509769121198	85.74172093473898
88.87876552489412	88.35581054081707
90.92740074694491	72.045012190364
23.41075969081173	83.66694020138512
25.44165772196594	1.9259322234337692
18.657216133966422	71.37078363528472
20.759062928706967	53.350614167326505
13.460244279921461	7.319389332157182
8.68896353217958	28.59302461377346
11.065735310602228	84.24110142160869
92.78128122556836	90.78737657928136
94.76783627948113	92.97084600779925
87.752811209826	4.822972262172539
90.1384530589119	43.68615683418684
85.17206321130759	38.227486213322
87.0965380970823	58.905220470380954
80.4451239655922	74.57664408846902
82.4582862810648	26.405426483019394
12.520530469267488	66.3037521422446
7.784724103318765	20.43780667885746
9.78901634812811	88.05148425965868
2.6675696083084457	3.3223542242572157
4.689600519229321	37.36624290777169
97.02044772162769	86.60745542314652
2.0024279001164347	74.18949761871649
31.24204399728498	75.38991955292454
33.30841788544732	25.50933082996975
26.612660776715764	26.105230379312115
28.39523961053275	18.34128909159977
23.65943176936908	71.47534215299765
16.52024783865282	20.31600249009791
18.577751656151918	86.22030895339398
48.18097869148548	92.24002677610187
50.23848250898456	59.14433323939793
45.21001396845717	72.17993039750407
47.25864919050796	55.86913057183604
40.14607104613659	53.355108300613644
42.522842824559234	10.003185108448886
35.215157055540395	79.75685545953041
20.51144949381	52.89861814126858
22.506874618386	38.29719238353562
15.784511723309569	89.2477760164156
17.788803968118902	57.86145359721682
10.702831610092408	4.992744292026887
14.72915329060767	7.650309081127622
7.705261100719221	35.28733347218167
10.0465584973487	59.074991025020346
39.38372914444846	73.64156591046894
41.15743938281715	82.66251833379249
36.38615863507526	4.936153615408775
29.282447610937226	84.63723468272056
31.623745007566704	9.424893710774189
24.626457128808173	85.70723106786072
26.391300246943544	12.513078677435121
57.98995093163814	3.9313707424100315
60.3755913055091	42.79455236399441
53.121117109180005	11.8388515975708
55.453544435146235	52.411407287090256
48.27888612263682	68.3916498444089
50.65565790105946	25.039726652244152
43.658371497515894	2.322064009330674
75.07078167779636	49.223154985573615
77.02186382513091	19.54620368387999
70.03344454182067	79.04364585471565
71.80715478018936	88.06459975325417
65.15574212391422	4.736023371342242
69.27961835436071	20.759741111683528
62.58386124562915	21.355640661025895
64.65910225402482	53.69015527660528
47.34804090743114	11.591117468245482
49.3878090092486	12.065212828828313
44.59879107061012	66.9086384829463
37.87642817553369	18.85922359104125
39.9161948021362	19.333321902054
32.59964043766906	6.871887439386392
34.559589705236945	59.41004095144191
66.16710898537984	34.043436354951005
68.47293200021616	25.970674652793118
61.49338131235421	68.68322311259287
63.275960146171194	60.91928182488053
56.24319936083445	6.341198451755532
58.53128518477418	31.838230072529267
53.751135841583995	69.89675906518146
83.0439635114423	69.38780988188434
84.88862251339732	43.129602290415974
78.13965383197602	45.434872957263494
80.13507895655202	30.833445724315578
74.49468028052236	14.026813684160881
69.3686557148488	13.696256415811513
71.3463436485282	32.66462103058027
1.3997207164975665	89.34784187605635
5.692100260461595	83.45855107763131
97.9874730810668	1.8393443380095742
1.0981884712556311	66.03427968380049
92.86145146582312	1.5087885448751637
94.821400733391	54.046942056930675
88.11677502921115	71.4277367925239
73.36872596545426	29.493976880731303
75.34641389913367	48.46234002028511
68.01212086855499	69.57069593011921
70.07849475671735	19.69010720716443
65.22739517472586	93.02779916503845
67.6041669531485	49.675877448088634
60.43837723608738	48.87122481915644
62.61117279441428	94.57189238597638
92.28534859333418	65.31244724346243
94.37832679262644	64.07717296175507
87.46972486835082	71.510558456333
89.34985677688407	77.11276864464624
82.6274953570226	29.063355227956148
77.9094247067555	48.62761791685231
79.66539775422761	91.21836218789254
9.98483268564574	40.354727445842855
12.334997202508566	47.35748981243067
5.0982601970760495	81.83199867350534
9.399506861273412	59.15781268882945
2.659408250515356	44.67818816942611
4.690306281669566	61.93718019147475
96.59546385297982	25.853366072535678
98.58202038210754	28.036832550623664
30.896877487671745	61.57177205084102
24.209988974388484	45.38277641393252
26.25862419643929	29.071978063479445
18.959807022868727	82.04075322831012
20.964099267678073	50.65443080911135
16.157344138143014	40.0676453605161
18.0995562148143	27.1755907202883
74.56209580626258	53.89296282520876
76.53978226472704	72.86132596476256
69.77307786762411	9.736388479326752
65.01066424011555	14.22512709947722
66.83758752638896	21.536709880510568
59.760482288595796	50.88310538906978
62.146122662466745	89.74628701065417
91.34139578239382	75.87118487611649
95.66038111270271	19.62720704372393
88.61875025670273	80.83402033206475
90.39246049507143	89.8549757058182
83.29761954159665	53.77116011166418
78.48199581661329	59.96927132453475
80.48628953663757	28.58294890533597
11.133858073997638	49.6781893215746
12.960778409841138	56.98977210260795
6.282759967221127	24.0158812794486
8.269315021133876	26.199349232751544
3.3206638396410977	86.170888239385
5.697435618063757	42.8189665224352
97.67354195296035	70.4559894382743
0.42951500043245916	14.046733709314518
29.713475550057414	30.32267971226827
32.07250866236852	20.540548367820175
27.106120289979167	15.081877746955351
20.126569602117222	57.79442473154016
22.47673559419499	64.79718857334294
15.213392802417612	50.62638299317018
17.262028024468407	34.315584642717106
0.6249769815150157	3.564508253647162
4.651300137245225	6.222073042747885
96.55645770855548	69.13825744859386
98.58735721492467	86.3972494706425
91.54572635892467	48.604062758983325
93.89589235100244	55.60682660078609
89.0536628396742	13.159623372409243
19.13364569398844	19.4881601343477
21.528154663307685	41.56644656968122
14.46878661641111	37.34305023052375
16.4730803364354	5.956727811324981
11.497821893382788	17.282953851925967
13.546457115433594	0.9721555014728931
6.850701481916999	1.5680550508152598
8.615541649622442	27.373904135604626
37.88176353313585	77.21964051106009
33.0661398081525	83.4177502487157
35.434044466341824	56.85072371801676
28.365807823996956	69.41222404032511
30.432180236944337	19.531633842155365
23.07128289523574	90.99467678595701
25.50126624634814	45.93338395150206
57.02009957200812	89.41573121751975
58.89136436030803	12.802836592083851
51.79652193161829	75.71902247314478
54.155557994359306	65.93688965348173
46.96316249095331	16.48692405851707
42.156405886203295	5.900138609921816
44.621863619108865	91.69926355524848
27.798573546956288	17.430987552661527
29.64323254891133	90.1727784859782
22.574997381781422	3.7342788082865526
24.9162947784109	27.521936361125228
17.73276787045319	60.287075579909704
20.145014030669007	48.79557164274151
15.355996092030542	4.638997296859498
17.165180712192406	45.520368975179615
46.42253252504257	13.151000536885944
48.56872229702458	10.206355137673421
41.606908800059216	19.349111749756513
43.797441549282695	31.4799904192897
38.96408063340276	71.24789052944703
31.949055563747642	82.10001973425024
34.29035443559208	6.887677287088908
63.37920441013966	95.43131886277651
65.42784110740541	79.12052051232342
58.6788724259841	81.42579117917096
62.980119090181454	58.7516037192801
55.71677629840407	44.5807996143223
57.65012125484204	48.47363720991544
50.6617019715318	8.971080855966054
53.011867963609575	15.973843222553878
84.35333085551866	98.1540956888037
77.24075123593232	95.64007194236633
79.3337294352246	94.40479766065897
72.20341409995663	26.46056281150838
74.54471149658612	50.248221839562014
69.7911679397408	37.952066748676565
71.55601105787618	63.75791435825098
54.57308626765434	93.61775318339444
56.586247107911966	45.44653557794481
49.863884212835536	96.3971192108248
45.06599767874878	69.02544005119366
46.9195252761521	25.982337273474432
40.18829526084234	93.71781756782023
42.22806188744484	94.19191587883297
71.47654658006167	78.6074411515752
75.61816000140473	61.06136851941477
68.94900867901805	11.3025810347896
70.74932470373162	68.96885084979048
64.0801748565599	19.210063365165325
65.88048940605853	76.87633170495126
59.16699658164534	12.042023102010303
61.242236114826056	44.37653771758969
92.78767670204587	37.50420090006976
85.46225226691547	41.827661623653015
87.51975755962954	8.73196808694909
80.44265232183638	38.078362120293335
84.68182029311063	33.898440964158496
77.58697786442089	96.81462684521942
79.9726197135068	36.67780994201877
10.194497144563794	71.44802224872852
12.216526580269711	6.491907981813075
7.196926635190595	2.742609953668352
0.5189081925705841	68.768719130509
2.5232004373799284	37.38239671131022
94.2598561703876	23.21159260635242
96.68097240126666	93.93519348293337
79.68917901559652	41.57992601911273
83.70663357587846	61.02238599446433
76.58518536084384	75.29325595906286
78.99743152105965	63.80175349710963
71.88485190147333	61.28772975067227
74.20841358242119	19.64517915122763
67.10470255828315	0.3462587433244546
98.47277271175206	32.17182417560673
1.5214079338028577	15.861027300368628
93.8256508250713	16.456926849710996
95.86541745167382	16.931023685508784
88.58433599378489	36.33000847783774
90.93450198586267	43.33277231964052
86.0834053543011	17.67046280229956
87.93693147648948	73.62736002458034
18.23862774179606	56.333515655032365
20.597662329322123	46.55138431058429
13.573768664218715	74.1884072264234
8.775883605346905	46.816728066792244
10.54959384371561	55.83768049011579
3.5079629877156178	18.044495253671563
5.82265459800022	92.18683984047777
35.150956649651675	24.538308436962275
39.2925715462097	6.992235804801833
32.171123331175075	21.26310724461534
34.530157918701136	11.4809744249523
27.50626425359773	39.11799881600635
29.279975967181382	48.138952714544864
24.517562339672835	52.62769133469532
7.774089626554886	25.295358655850638
9.43250959931074	54.519948500435355
2.736751015364228	55.11584952499268
4.501594133499599	80.9216971345671
96.87678578835438	46.23843666911755
2.1602967368701087	57.134039581728416
93.90582106532607	26.178337340089843
95.94558769192858	26.652435651102582
26.593157704503593	47.74767754255617
28.579712758416342	49.93114402064415
23.53350555177739	96.536531551252
16.483007575544065	75.52824002584367
18.513905606698287	92.78723204789233
11.76493692527698	95.09250271473984
13.662808975136723	67.12492400576633
45.15503651445183	61.96195683053659
47.52293969742618	35.39493029983765
40.26846402588214	4.439229533414036
42.66297447041633	26.517517443962515
35.239995485354726	17.474826691520178
37.57242428653591	58.0473794306097
32.81001213424233	62.53611952597513
62.040759635962566	80.52143664643403
63.85881285157272	5.617914613718237
56.76397042288298	68.53409901956421
61.05635144206197	62.644806745924214
53.96150901337222	26.560992626985147
56.40035948471795	63.71480313106437
31.905772705381512	54.38090159105913
24.62469124749259	73.77988638338807
26.66445934931006	74.25398321918587
19.924359263337045	59.77436017499749
22.00846886718101	75.32397960432603
53.323325972745224	9.858917629328419
55.283276715528054	62.3970726165989
48.26825164587294	73.24920034618714
50.65389201974388	13.112381967771519
43.52357668447593	44.16814859383588
38.503975264181854	40.4188490904762
40.53487477055103	57.67784111252485
70.14696892611792	46.91266374898187
72.17786843248709	64.17165577103052
65.10963179014222	76.7331546181239
69.1802979231139	94.46624347597034
62.50227800527893	61.49235412802595
64.17843369371641	57.14715360010895
57.42059789206177	76.23732092842228
59.45149592321598	93.49631295047094
90.74861583788362	61.60104134797504
83.88435689084946	84.10994943608372
85.66693572466646	76.34600814837137
78.56322470052842	57.0470877404682
82.88221003083733	0.8031113832905916
75.7607618158027	15.073981347889141
77.78279272672357	49.117870031403605
60.720052052682064	32.04176405758983
63.01700794728505	40.7538975416828
58.31667448791454	26.748371333292205
51.000118648232444	14.2869368706246
53.05762394094649	80.19124333392068
45.96278151225675	44.10742921498161
48.35729048157599	66.18571565031512
77.76540841704711	45.47312904575685
82.13760532004576	86.51978009585913
69.36688983353321	1.7689132065538402
71.34457629199767	20.737276346107638
64.10783928656517	55.21178520718231
66.41366230140147	47.13902498023937
97.96797148406958	23.481791501253625
1.0254738263537073	89.38609648933475
92.86855270474088	71.79655014936664
94.86397782931688	57.19512144120376
90.04835410433353	63.39323265407433
82.8914329827207	45.80368483889127
84.90459382297833	96.63246723344163
15.22402727918149	45.76883249139195
19.259217555145046	31.64150061902685
12.199849508248468	27.418105755084348
14.55888557098949	17.63597441063627
7.517254714989498	78.84278769897708
9.503811244117205	81.02625565228001
4.70592323481549	53.65457649264887
60.85806346078848	73.8432830667793
62.86235570559783	42.45696064758053
56.12225709483977	27.977336128177186
58.15315365077902	45.23632815022584
52.965051867397314	63.400038660847436
55.359560836716554	85.47832657139591
48.28245707413835	15.82472060474017
50.02069293071388	91.9852552482821
79.71260592053035	29.1560212084814
74.76395178860766	89.12756021511485
76.80371989042513	89.60165557569768
69.87738077525294	31.604831442777332
71.98809616544177	95.79976678856825
65.23025888857218	15.889934116881582
67.0571821748456	23.201516897914942
98.63809566864361	48.18959638496166
1.9705244698248	88.76215059926615
93.89342070724659	19.10854610782536
95.95092304953073	85.01285257112143
88.74079035522814	69.13267439822856
90.96679748624479	14.123970847543356
84.23556747093502	81.85945114188917
16.594766078525733	31.469913235637264
18.61679551423166	65.51380191915173
11.947645667059945	15.755014434526556
13.969675102765862	49.79890311804102
6.874834149291075	13.71508752388699
10.972104593392665	80.09349082298085
3.903869426262754	92.6549911452892
6.316114111263624	81.16348720812101
88.04052862167806	70.92486570432786
90.43503906621225	93.00315509009128
83.39340821021226	55.2099683784321
78.41814976715965	66.53619294381814
80.6707612093062	60.17280530959532
73.57592025583142	24.088989715441276
75.52700092795101	93.41203841374767
5.775487095782801	77.82756516170484
8.214339042343495	15.98137566578407
3.372109531015265	72.53417243740722
5.216768532970296	46.27596484593885
97.20174346331518	57.12809257552709
0.5253036690480875	15.485541976082448
92.27082799750404	83.52984120965883
94.70081134861644	38.46854837520387
27.122091599560164	68.584742689981
20.381991513587153	54.10511817057766
22.42175961540461	54.579216481590414
15.193888254990483	72.26883015641423
17.61500448586955	43.99243103299517
12.391425370264756	30.2957222886202
14.369113303944182	49.264085428174
43.981208934726034	38.49890806463102
45.81699934123277	29.02559565941351
39.1389794233978	95.05170483625416
40.983638425352844	68.79349576957084
36.221224797844286	73.28223586493627
29.44565180529306	26.942192090536352
31.494288502558813	10.63139374008329
14.325124683137807	95.97403147649479
16.48018157535315	76.24448941581645
9.49176229204291	36.741931586652115
11.886272736577101	58.8202194972006
7.088384727275386	31.448540337569447
8.862096440859037	40.469492760893
1.8559384914372568	34.53672530423038
4.144025790591941	60.03375692500413
33.268350146932676	81.43781628047333
35.65399199601859	21.300999377272664
30.882711248276696	42.57463318367398
23.601629790387772	61.97361945121791
26.005007355155296	67.26701070030057
18.768268874507832	2.741519561375234
20.825772692006932	68.64582602467131
50.42899972734049	74.66554384737918
54.76572224854597	83.8517756424849
47.662011224407934	64.55285523458173
49.53327601270785	86.93996208436079
42.438435059233065	50.856146490206754
44.72652088317279	76.35317811098051
39.902028562741144	0.3361830348869769
69.23919920984089	14.902757920335562
70.96856647096814	8.84818775012837
64.30828374402975	41.304506554467295
66.21502291412283	95.55203118402797
59.51039573472802	13.932825919621193
63.86485692204506	88.54926881744015
57.009465095244245	94.27328171929797
59.01375734005358	62.88695930009921
41.942148070563775	62.595749987751255
43.742464095277356	21.262016852322223
38.962314752087174	59.320545844974404
32.26655764335562	59.91644686953173
34.093479454414066	67.22802965056509
27.371116559337633	19.178613283445078
29.260120013749095	7.995929760722417
58.95203005313566	44.16669424570674
60.770083268745815	68.26317221299097
55.98106533010734	24.10659786710896
58.38444437008983	29.399990591406585
51.484711041262514	20.048480899733658
53.60429355168469	67.45851958405875
46.30547637811414	21.427294748889434
48.69998387221842	43.50558265943791
77.92186425370534	78.27579496614767
72.9377386904194	7.38691471778456
75.32337906429032	46.2500978145839
68.28174673307538	8.456911102924716
70.2594346667548	27.42527571769347
63.00495899521074	95.4695734760549
67.34168151641623	5.655805271160614
96.92717136085321	45.245313466370206
98.76296176735995	35.77200106115271
91.71246231591167	14.763709535744374
94.09810268978262	53.626892632543715
87.08307909534246	64.47902036213196
82.01026610235863	62.43909345149238
84.11211437231414	44.418923983534164
67.04050362760938	44.1277117207563
69.38180102423887	67.91537222402489
62.34904023890213	13.337288850899897
66.3664933239691	32.77975030146644
59.324862467969105	93.98656358980726
61.65729274436525	35.55911780411175
54.64226767471013	46.41124553369999
56.85053761483019	24.97233383073146
86.1344966892402	41.24827983368521
81.16810684163588	35.78960921282037
83.17240056166017	4.403286793621595
76.46777338226536	21.784081529214824
78.50754148408282	22.258178365012615
71.28854019433194	23.162896853585558
75.52770816560621	18.98297717266568
6.166409582732944	56.863112775155166
8.179570422990581	8.69189516970553
0.9605691332396924	9.596613658278475
3.3018665298691827	33.38427121111715
95.18928691028286	30.870248939894754
90.29384730147983	89.13241682902306
92.45777278914346	52.61797958209386
23.131950063278328	23.35853591479487
25.003213376363277	45.74564128935897
18.378405031218062	11.062379348694476
20.160985340250008	3.2984365857671585
13.066142911560261	66.21462246682809
17.35852245552429	60.325330193188094
10.7514498260607	91.07227788002187
12.551767325989228	49.738546219807816
94.49789377218106	15.87754505974318
96.83032404857721	56.450097798832715
89.77982459712892	35.441809223854314
84.74248598593826	65.2622986177814
86.8177284695489	97.59681470857575
80.11310276536905	15.977609444168968
82.17060658286815	81.88191590746504
12.232852246285795	22.780243041905216
16.480888813008363	1.815426699519517
9.78513170427681	2.411326248861884
11.798294019749394	53.24010864341225
4.659108613818187	2.0807704557274733
6.521504806669803	41.25277101654243
1.7413554634796187	79.31130295962453
31.335712428149936	3.1159144933683067
33.18924150076822	59.07281024043413
26.050056094837014	7.913472052749341
28.15190288957756	88.89330258479113
21.482751567190885	39.134516575380914
25.68644515667199	3.094177639464464
18.556129821404035	34.14994426552884
20.631370829799707	66.48445888110822
49.72022227956223	56.02810045679582
44.88685988846735	95.79600056695315
47.24589595120837	86.01386922250506
39.94707730242286	39.982644387335746
42.0577926926117	5.177579733126663
35.37090417932844	87.98858409621818
37.153483013145426	80.22464133329086
20.516433445406992	49.473566419435876
24.83541730050094	92.22958858704332
17.61641601075006	93.13430707561626
19.60297106466281	95.31777355370426
12.88060964480134	47.268360137014156
14.698662860411494	71.3648366290834
9.874170539979849	94.3478445034198
39.52173907733992	16.443084919658414
41.45508403377787	20.335923990466505
34.741589734149734	54.501613912310596
36.74588345417403	23.11529149311182
29.41159042359535	44.22364740294593
33.7926559220423	68.48540326679735
26.86631680687011	10.488580609091958
28.879477647127732	61.31736152842737
58.14569805542619	12.163097903882834
60.50473411816722	2.3809665594347518
53.38328737834755	16.651837999248247
48.64747953718388	69.78589106064614
50.403454059870946	13.376636806901315
43.36182320387095	74.58345009524213
45.42819561681833	24.702859897072386
76.9115560359001	36.32478938330847
79.27059062342616	26.54265656364543
72.22009117197788	5.5343665134520545
74.02040719669147	63.20063485323799
67.34238727885649	30.226744030078645
69.34668099888079	97.84042161087986
64.49558289210427	72.17811356875387
47.50378950643414	19.822844629718276
49.242026838224625	95.98337927326023
42.12944721863829	93.46935552682287
46.46616973984377	3.655587321928579
39.41567028839549	81.64729579652025
41.31354086304028	53.679717087546734
34.19209412322062	67.95058852736024
65.75527042612205	27.508459862123637
68.1320422045447	83.15653666995887
60.87756653300066	52.20083590353526
62.91733315960317	52.674932739333045
55.82249220612838	16.591117145179016
58.29681853448224	85.60534837946977
53.29495430508475	48.28625850360837
55.308115145342384	0.11504089815873164
84.973422348814	86.64049241711061
86.80921275532073	77.1671800118931
80.04250688300284	14.042241051242339
82.02906341213055	16.225709004545273
77.22230828259549	5.638925031164991
69.98556832673307	40.11343389223965
71.97212633107574	42.29690184554259
2.6729064411255545	61.68277114427607
4.455485274942552	53.91882985656371
98.70194024288229	41.622674765678276
1.7239711538031621	75.66656049876282
94.0282140450716	76.26246152332014
95.7753199723104	36.63809950539627
88.79576928444845	79.35064796519603
51.72019862155943	30.05938417653184
54.034893182273954	5.201728763338051
47.05534101919705	47.91427574792286
48.77584116009095	58.64460223918148
41.805159067677295	84.57225256230046
46.070932825296445	30.03764584741305
39.339701334771725	97.77312614175885
41.11341157314042	7.794080040297362
70.39737064755042	24.07002751846607
72.39279577212642	9.468600285518143
67.55943338103152	49.23650039567548
60.84593908140339	83.40219179273453
62.903444374117434	50.30649825603059
55.59575712988364	21.060168607112125
57.68873532917589	19.82489432540477
89.20757013005083	63.307241591422446
91.58434190847348	19.95531839925769
84.28552325968796	72.92409356408837
86.5381361770495	66.56070592986555
79.55858548918755	10.273252914450353
81.83780271767898	52.55517824625999
74.87598922071362	61.69793485834309
7.155373419699616	63.37245362834891
9.425722052742769	23.439274146409414
2.330879624053024	86.35546002747034
4.743127259483799	74.86395609030215
96.7014964034838	37.07077085385792
98.57276119178371	59.45787622842203
91.8326611058107	44.978251709018686
95.89445716811913	79.49623575311598
78.93813963945713	59.00138754429191
81.22622546339686	84.4984176898507
74.1402516301554	31.629706909445808
76.25096702034425	95.82464373045168
71.40873750901602	53.377439026859875
64.14539471723864	39.206633446687114
66.15855555749627	90.03541584123748
95.73517680648496	47.40981922269793
97.81041781488062	79.74433531349229
92.9681883035524	37.297132085115436
94.70642416012792	14.45766672865738
87.86877099943867	85.61188925801348
89.63361264235907	12.417738342802846
84.88893768096204	82.33668659045159
15.492164716295608	88.35640441315947
17.505325556553245	40.18518680770983
12.122114673309106	31.616592891065274
13.957905079815847	22.143279010632813
6.880799842022685	51.48967451919203
9.186624332073954	43.41691281703413
2.1272562851773777	39.19351795309162
33.45098198618989	55.94356079184316
35.5439616606971	54.70828503492084
28.82159876562067	6.658871618230741
30.80815381953343	8.842341046748643
23.6955741999471	6.328315825096331
28.050033912049162	80.94475577248537
21.123694796876972	22.947933114779982
22.968353798832002	95.68972404809666
5.958824697480256	76.90424695677774
8.344465071351197	16.767430053577083
1.0811208043588567	2.5966244734043205
3.5288413463678427	22.96554126644765
97.50037280584044	36.001136949338836
90.5119535225302	95.4985791201745
92.83551372826311	53.85602852072984
23.146077113803017	19.777288964931017
25.15037083382732	87.39096654573224
20.068690720610157	3.135934821343533
22.498674071722558	57.07464051167362