94.22548098905905	37.364245821242214
85.79148802375197	60.79961072704264
17.920104624902045	50.81734913852802
17.920104624902045	50.81734913852802
20.030820015090885	16.012283009103985
20.030820015090885	16.012283009103985
12.847293107133176	48.7774207526735
12.847293107133176	48.7774207526735
16.660769972104383	58.272471487009796
16.660769972104383	58.272471487009796
9.734432332147147	0.27564735408944463
77.42879522803639	11.741284259902688
77.42879522803639	11.741284259902688
7.783704541247684	91.73806582241966
7.783704541247684	91.73806582241966
9.681573640677511	63.77048711344613
9.681573640677511	63.77048711344613
4.4136530230462245	34.99825577554042
4.4136530230462245	34.99825577554042
6.59531865203636	63.91402815610951
6.59531865203636	63.91402815610951
70.06825224276288	45.9897943703409
70.06825224276288	45.9897943703409
71.61137899947597	95.41802458661671
71.61137899947597	95.41802458661671
64.71164567064866	86.06651341972882
64.71164567064866	86.06651341972882
68.53399113106815	78.77667044302922
68.53399113106815	78.77667044302922
97.95984773265083	24.494291990754263
97.95984773265083	24.494291990754263
92.69192711501954	94.7220591776336
92.69192711501954	94.7220591776336
94.58979621444936	66.75447899344512
94.58979621444936	66.75447899344512
94.58979621444936	66.75447899344512
87.61911559725067	92.68213226699402
87.61911559725067	92.68213226699402
91.5035412258082	66.89801856089353
91.5035412258082	66.89801856089353
84.53285913339455	92.82567183444243
10.089880437304123	46.450775712543205
10.089880437304123	46.450775712543205
3.1191983448904685	72.37842751087715
3.1191983448904685	72.37842751087715
34.25668354148884	45.61126926089673
34.25668354148884	45.61126926089673
36.36740040689264	10.806206081902602
36.36740040689264	10.806206081902602
31.170428552847678	45.75481030356009
31.170428552847678	45.75481030356009
33.28114394303653	10.94974564935101
33.28114394303653	10.94974564935101
26.09761703507882	43.71488339292053
26.09761703507882	43.71488339292053
20.829696417447522	14.942650579799857
20.829696417447522	14.942650579799857
23.0113605712227	43.85842296036895
23.0113605712227	43.85842296036895
5.540665981774706	6.887497029309632
5.540665981774706	6.887497029309632
9.921731480221656	31.149254368376013
9.921731480221656	31.149254368376013
2.4544109931335547	7.0310395471879685
2.4544109931335547	7.0310395471879685
2.4544109931335547	7.0310395471879685
4.5651263833223945	71.22597341776392
4.5651263833223945	71.22597341776392
98.65194810840784	64.05793167939395
98.65194810840784	64.05793167939395
91.1136788577334	75.21887982342773
91.1136788577334	75.21887982342773
93.29534153629362	5.134652203996812
93.29534153629362	5.134652203996812
93.29534153629362	5.134652203996812
25.3618794445206	13.646655444023247
25.3618794445206	13.646655444023247
27.543545073510746	42.562429299807306
22.27562445587945	13.790196486686625
22.27562445587945	13.790196486686625
22.27562445587945	13.790196486686625
39.861962192160405	92.34295363833631
39.861962192160405	92.34295363833631
32.96222886333309	82.99144247144842
32.96222886333309	82.99144247144842
36.775707203519254	92.48649320578471
36.775707203519254	92.48649320578471
29.59218029556154	26.251630949354233
29.59218029556154	26.251630949354233
29.59218029556154	26.251630949354233
31.70289568575038	90.44656629514515
31.70289568575038	90.44656629514515
62.840380882348754	63.67940804516471
62.840380882348754	63.67940804516471
55.8696987899351	89.60705984349866
55.8696987899351	89.60705984349866
59.754125893707595	63.822947612613135
59.754125893707595	63.822947612613135
59.754125893707595	63.822947612613135
52.78344232607898	89.75060088616203
52.78344232607898	89.75060088616203
54.39751932159337	4.899668137215999
54.39751932159337	4.899668137215999
49.69718733743783	89.89414045361045
49.69718733743783	89.89414045361045
32.5368921134651	59.451881528556136
32.5368921134651	59.451881528556136
34.12436332263462	24.955635813577633
34.12436332263462	24.955635813577633
34.12436332263462	24.955635813577633
29.424029863264117	10.950108129972081
29.424029863264117	10.950108129972081
31.03810538356355	25.099176856241
31.03810538356355	25.099176856241
24.067424766364855	51.02682865457494
24.067424766364855	51.02682865457494
18.870452912319895	85.9754343514474
18.870452912319895	85.9754343514474
18.870452912319895	85.9754343514474
20.981168302508735	51.17036822202336
20.981168302508735	51.17036822202336
50.12322984974607	39.00463868020581
50.12322984974607	39.00463868020581
53.94557678538052	31.714794228291247
53.94557678538052	31.714794228291247
47.0458434565532	22.363284536618323
47.0458434565532	22.363284536618323
41.777922838921896	92.59105172349764
41.777922838921896	92.59105172349764
41.777922838921896	92.59105172349764
43.95958699269709	22.50682410406673
43.95958699269709	22.50682410406673
36.42131774202265	33.66777077288556
36.42131774202265	33.66777077288556
40.873332004055925	22.65036514673011
40.873332004055925	22.65036514673011
69.66065120857651	87.88044453016187
69.66065120857651	87.88044453016187
69.66065120857651	87.88044453016187
71.53191599687644	11.267549904725959
71.53191599687644	11.267549904725959
66.90253130109227	60.98286073111355
66.90253130109227	60.98286073111355
59.36426205041782	72.14380739993237
59.36426205041782	72.14380739993237
61.545926204193	2.059581255716412
61.545926204193	2.059581255716412
56.27800558656171	72.28734844259573
56.27800558656171	72.28734844259573
56.27800558656171	72.28734844259573
58.45966974033689	2.203120823164833
58.45966974033689	2.203120823164833
82.3338106699429	60.26515699301164
82.3338106699429	60.26515699301164
82.3338106699429	60.26515699301164
84.45339613079501	8.675197152551702
84.45339613079501	8.675197152551702
79.25642427675005	43.62380284942415
79.25642427675005	43.62380284942415
81.3671396669389	8.818738195215069
81.3671396669389	8.818738195215069
53.62666170567708	4.756491050388648
53.62666170567708	4.756491050388648
53.62666170567708	4.756491050388648
58.00772572890907	29.01824543902511
58.00772572890907	29.01824543902511
50.54040671703593	4.900032093052028
50.54040671703593	4.900032093052028
52.65112210722477	69.09496743884294
52.65112210722477	69.09496743884294
47.45415025317981	5.043571660500437
47.45415025317981	5.043571660500437
76.80905809117614	85.04035617344732
76.80905809117614	85.04035617344732
80.69348371973369	59.25624541777674
80.69348371973369	59.25624541777674
80.69348371973369	59.25624541777674
73.73166874755337	68.39900202985983
73.73166874755337	68.39900202985983
75.62953932219816	40.43142184567135
75.62953932219816	40.43142184567135
70.36162017978181	11.659189032550684
70.36162017978181	11.659189032550684
63.4618868509545	2.3076793408777583
63.4618868509545	2.3076793408777583
63.4618868509545	2.3076793408777583
65.00501508288257	51.73590808193859
65.00501508288257	51.73590808193859
96.70121884229341	56.5203516229391
96.70121884229341	56.5203516229391
98.24434707422147	6.948581839214893
98.24434707422147	6.948581839214893
91.31800795904928	47.951756231079585
91.31800795904928	47.951756231079585
91.31800795904928	47.951756231079585
86.40483115934968	40.783715967924564
86.40483115934968	40.783715967924564
87.94795939127773	90.2119447089854
87.94795939127773	90.2119447089854
81.04822458723547	80.86043501731248
81.04822458723547	80.86043501731248
84.86170292742162	90.35548575164877
84.86170292742162	90.35548575164877
15.287558053789338	36.073107299373824
15.287558053789338	36.073107299373824
15.287558053789338	36.073107299373824
10.019638911372999	7.3008744862531465
10.019638911372999	7.3008744862531465
12.21017018538151	19.431753155786332
4.671902409922029	30.59269982460516
4.671902409922029	30.59269982460516
8.840120142395008	61.69194163369215
8.840120142395008	61.69194163369215
1.8694395251963125	87.6195934320261
1.8694395251963125	87.6195934320261
1.8694395251963125	87.6195934320261
3.4835165207107046	2.768660683080057
3.4835165207107046	2.768660683080057
87.80641474532518	24.555736330850667
87.80641474532518	24.555736330850667
80.33909425823708	0.4375229848775827
80.33909425823708	0.4375229848775827
82.49415262566738	79.7079823994142
82.49415262566738	79.7079823994142
77.22623200803609	50.935749586293525
77.22623200803609	50.935749586293525
77.22623200803609	50.935749586293525
79.12410258268088	22.968169402105058
79.12410258268088	22.968169402105058
72.15342049026722	48.895821200439
72.15342049026722	48.895821200439
4.282038566632258	38.91355813670943
4.282038566632258	38.91355813670943
6.392753956821098	4.108493482500349
6.392753956821098	4.108493482500349
6.392753956821098	4.108493482500349
1.1957821027761373	39.05710065458777
1.1957821027761373	39.05710065458777
3.3153660884132803	86.46713933891286
3.3153660884132803	86.46713933891286
94.84804560132518	62.34892451772481
94.84804560132518	62.34892451772481
90.14771214195467	48.34339683411927
90.14771214195467	48.34339683411927
92.04558271659945	20.37581664993079
92.04558271659945	20.37581664993079
92.04558271659945	20.37581664993079
21.832903396335	85.60589603336254
21.832903396335	85.60589603336254
26.28491618315333	74.58849040720709
26.28491618315333	74.58849040720709
18.74664693247889	85.74943560081097
18.74664693247889	85.74943560081097
20.901705299909192	66.01989501534759
20.901705299909192	66.01989501534759
20.901705299909192	66.01989501534759
15.704733445864242	1.9685007122200373
15.704733445864242	1.9685007122200373
8.734051353450589	27.89615398576894
8.734051353450589	27.89615398576894
10.631921928095373	98.92857380158047
10.631921928095373	98.92857380158047
41.68958976565911	25.225472227857768
41.68958976565911	25.225472227857768
41.68958976565911	25.225472227857768
43.871253919434295	54.14124460842686
43.871253919434295	54.14124460842686
38.603334777017956	25.369013270521137
38.603334777017956	25.369013270521137
31.71247004363893	98.2326069173824
31.71247004363893	98.2326069173824
33.25559680035202	48.66083860887315
33.25559680035202	48.66083860887315
28.62621357978281	98.37614796004577
28.62621357978281	98.37614796004577
28.62621357978281	98.37614796004577
30.169341811710876	48.80437817632157
30.169341811710876	48.80437817632157
86.42790370784843	65.57434104022673
86.42790370784843	65.57434104022673
81.72757172369288	51.56881483183614
81.72757172369288	51.56881483183614
83.34164724399231	65.71788060767514
83.34164724399231	65.71788060767514
83.34164724399231	65.71788060767514
76.3709666267936	91.64553388122405
76.3709666267936	91.64553388122405
80.22878646900628	17.2161072090911
80.22878646900628	17.2161072090911
73.329051664964	7.864598992633133
73.329051664964	7.864598992633133
5.386720977742693	33.16149741891043
5.386720977742693	33.16149741891043
5.386720977742693	33.16149741891043
7.284591552387479	5.193918709936919
7.284591552387479	5.193918709936919
0.31391093518878255	31.121570508270864
0.31391093518878255	31.121570508270864
4.198335088531369	5.337458277385329
4.198335088531369	5.337458277385329
96.236521591566	14.480214889468423
96.236521591566	14.480214889468423
97.8505985870804	28.62928361573734
97.8505985870804	28.62928361573734
97.8505985870804	28.62928361573734
93.15026660292484	14.62375593213179
93.15026660292484	14.62375593213179
23.008534571031785	44.574672350341714
23.008534571031785	44.574672350341714
25.119249961220625	9.769607696132631
25.119249961220625	9.769607696132631
20.206071686306057	2.6015659577626504
20.206071686306057	2.6015659577626504
20.206071686306057	2.6015659577626504
21.74920139344907	52.02979469882348
21.74920139344907	52.02979469882348
14.849466589406795	42.678285007150556
14.849466589406795	42.678285007150556
9.62588894901697	28.981576262775594
9.62588894901697	28.981576262775594
11.736604339205808	93.17651160856651
32.52449175538564	52.38209029629165
32.52449175538564	52.38209029629165
32.52449175538564	52.38209029629165
34.71502302939415	64.51296749060988
34.71502302939415	64.51296749060988
27.17675377871971	75.6739141594287
27.17675377871971	75.6739141594287
31.62876656553804	64.65650853327325
31.62876656553804	64.65650853327325
14.113730474063543	12.610058533468246
14.113730474063543	12.610058533468246
16.29539462783872	41.525830914037336
16.29539462783872	41.525830914037336
16.29539462783872	41.525830914037336
11.027474010207435	12.753599576131613
11.027474010207435	12.753599576131613
3.843947102249725	45.51873584448617
3.843947102249725	45.51873584448617
5.954661017223607	10.71367119027709
5.954661017223607	10.71367119027709
0.7310848520487281	96.01696244590212
0.7310848520487281	96.01696244590212
0.7310848520487281	96.01696244590212
2.9127490058239167	25.932736301686166
2.9127490058239167	25.932736301686166
33.970418318602604	51.22963620317842
33.970418318602604	51.22963620317842
27.07068498977529	41.878125036290534
27.07068498977529	41.878125036290534
28.613813221703346	91.30635525256633
28.613813221703346	91.30635525256633
23.70063494678879	84.13831351419634
23.70063494678879	84.13831351419634
23.70063494678879	84.13831351419634
25.82021893242592	32.54835219852146
25.82021893242592	32.54835219852146
18.352898445337818	8.430138852548357
18.352898445337818	8.430138852548357
49.97815491637729	48.493743883555744
49.97815491637729	48.493743883555744
51.592231911891695	62.64280965939474
51.592231911891695	62.64280965939474
51.592231911891695	62.64280965939474
44.62154834426308	88.57046293294364
44.62154834426308	88.57046293294364
48.50597544803558	62.78635217727308
48.50597544803558	62.78635217727308
41.535293355621924	88.71400250039207
41.535293355621924	88.71400250039207
43.43316245505175	60.7464223162036
43.43316245505175	60.7464223162036
38.20958628987688	47.049715047043584
38.20958628987688	47.049715047043584
38.20958628987688	47.049715047043584
67.56449265265826	28.046498084775507
67.56449265265826	28.046498084775507
71.44891975643075	2.262387329104929
71.44891975643075	2.262387329104929
64.4782376640171	28.190039127438872
64.4782376640171	28.190039127438872
66.0923146595315	42.339106378492836
66.0923146595315	42.339106378492836
66.0923146595315	42.339106378492836
61.391981200160984	28.333580170102252
61.391981200160984	28.333580170102252
54.21732288765157	44.313822727420906
54.21732288765157	44.313822727420906
55.76044964436467	93.74205146848173
55.76044964436467	93.74205146848173
41.15429810778044	80.24996710146044
41.15429810778044	80.24996710146044
42.69742781492346	30.678195842521276
42.69742781492346	30.678195842521276
42.69742781492346	30.678195842521276
35.79769448609614	21.326686150848353
35.79769448609614	21.326686150848353
30.529773868464844	91.55445333772767
30.529773868464844	91.55445333772767
32.71143802224003	21.470227193511732
32.71143802224003	21.470227193511732
25.501303852722486	5.590050495833813
25.501303852722486	5.590050495833813
25.501303852722486	5.590050495833813
29.31478219290864	15.08509975495516
29.31478219290864	15.08509975495516
58.74063879449131	59.802722777895156
58.74063879449131	59.802722777895156
53.47271817686003	31.030491439989447
53.47271817686003	31.030491439989447
55.65438085542024	59.946263820558535
55.65438085542024	59.946263820558535
55.65438085542024	59.946263820558535
48.116111604745804	71.10721048937735
48.116111604745804	71.10721048937735
52.568124391564126	60.08980338800695
52.568124391564126	60.08980338800695
45.038725211552936	54.46585634578987
45.038725211552936	54.46585634578987
46.93659431098278	26.4982761616014
46.93659431098278	26.4982761616014
78.5618522572372	66.56188119260878
78.5618522572372	66.56188119260878
78.5618522572372	66.56188119260878
71.09453029493415	42.443664896205775
71.09453029493415	42.443664896205775
73.20524568512299	7.63860024199669
73.20524568512299	7.63860024199669
68.008275306293	42.58720593886914
68.008275306293	42.58720593886914
70.11899069648183	7.782139809445099
70.11899069648183	7.782139809445099
70.11899069648183	7.782139809445099
64.895413056092	93.08543106507014
64.895413056092	93.08543106507014
94.03747460332931	80.91970152325258
94.03747460332931	80.91970152325258
96.14818999351817	46.114636869043494
96.14818999351817	46.114636869043494
90.95121961468817	81.06324256591594
90.95121961468817	81.06324256591594
93.06193500487701	46.258177911706866
93.06193500487701	46.258177911706866
93.06193500487701	46.258177911706866
85.59461304257395	22.13996161530386
85.59461304257395	22.13996161530386
80.8942810584184	8.13443540691327
80.8942810584184	8.13443540691327
82.5083580539328	22.28350118275227
82.5083580539328	22.28350118275227
65.56977476573746	67.21886407664144
65.56977476573746	67.21886407664144
65.56977476573746	67.21886407664144
69.73799544864036	98.31810441051348
69.73799544864036	98.31810441051348
62.199726197965916	10.479051079332294
62.199726197965916	10.479051079332294
64.38138887652613	39.39482345990138
64.38138887652613	39.39482345990138
59.11347120932476	10.622592121995673
59.11347120932476	10.622592121995673
52.21373640528248	1.2710809551077886
52.21373640528248	1.2710809551077886
52.21373640528248	1.2710809551077886
56.07155624749515	25.841657233404746
56.07155624749515	25.841657233404746
85.42646408549149	6.83844027113667
85.42646408549149	6.83844027113667
87.32433318492131	77.87086156216316
87.32433318492131	77.87086156216316
82.05641404250498	49.098628749042476
82.05641404250498	49.098628749042476
82.05641404250498	49.098628749042476
75.15668071367766	39.74711905736955
75.15668071367766	39.74711905736955
76.69980894560572	89.17534779843038
76.69980894560572	89.17534779843038
72.0704257250365	39.89065862481797
72.0704257250365	39.89065862481797
73.6135524817496	89.31888736587881
73.6135524817496	89.31888736587881
4.0482762035656155	18.25161520256795
4.0482762035656155	18.25161520256795
4.0482762035656155	18.25161520256795
97.78035706114927	88.47938238944727
97.78035706114927	88.47938238944727
0.6782261605791026	60.51180368047376
0.6782261605791026	60.51180368047376
92.7075455433804	86.4394554788077
92.7075455433804	86.4394554788077
96.59197117193796	60.65534324792218
96.59197117193796	60.65534324792218
96.59197117193796	60.65534324792218
89.6212890795243	86.58299504625613
89.6212890795243	86.58299504625613
21.723301369544448	27.95541901649409
21.723301369544448	27.95541901649409
23.904965523319625	56.87119287227814
23.904965523319625	56.87119287227814
16.366696272645186	68.03213954109695
16.366696272645186	68.03213954109695
20.534915480333126	0.13137987496898784
20.534915480333126	0.13137987496898784
20.534915480333126	0.13137987496898784
13.56423338791947	26.059031673302933
13.56423338791947	26.059031673302933
15.178310383433862	40.208100399571855
15.178310383433862	40.208100399571855
10.47797692406335	26.2025727159663
10.47797692406335	26.2025727159663
92.03388812096024	37.87696270136938
92.03388812096024	37.87696270136938
92.03388812096024	37.87696270136938
94.15347210659738	85.28700138569448
94.15347210659738	85.28700138569448
88.95650172776737	21.235607082566936
88.95650172776737	21.235607082566936
91.06721711795622	85.4305409531429
91.06721711795622	85.4305409531429
83.88368873478356	19.19567869671241
83.88368873478356	19.19567869671241
78.61576959236722	89.42344735880668
78.61576959236722	89.42344735880668
78.61576959236722	89.42344735880668
80.79743227092743	19.33921973937578
80.79743227092743	19.33921973937578
12.899446036162557	59.71164370961374
12.899446036162557	59.71164370961374
15.010161426351397	24.90657905540466
15.010161426351397	24.90657905540466
7.5428394640483365	0.788362759001658
7.5428394640483365	0.788362759001658
7.5428394640483365	0.788362759001658
2.842507479892782	85.78283655061107
2.842507479892782	85.78283655061107
4.740376579322609	57.815256366422595
4.740376579322609	57.815256366422595
96.20210732864817	68.97620303524141
96.20210732864817	68.97620303524141
1.6541215906814577	57.958795933871
1.6541215906814577	57.958795933871
30.44144079520205	24.188875317302756
30.44144079520205	24.188875317302756
30.44144079520205	24.188875317302756
32.63197354442552	36.31975251162098
32.63197354442552	36.31975251162098
27.36405292679423	7.547521173715273
27.36405292679423	7.547521173715273
20.464319597966913	97.1960100068274
20.464319597966913	97.1960100068274
24.277797938153068	7.691060741163683
24.277797938153068	7.691060741163683
17.094271030195358	40.4561984847332
17.094271030195358	40.4561984847332
17.094271030195358	40.4561984847332
19.20498642038421	5.651133830524116
19.20498642038421	5.651133830524116
50.30699723518941	46.02355632554712
50.30699723518941	46.02355632554712
43.40726390636209	36.672046633874196
43.40726390636209	36.672046633874196
44.95039213829014	86.10027685014998
44.95039213829014	86.10027685014998
44.95039213829014	86.10027685014998
40.32100891772094	36.815587676537575
40.32100891772094	36.815587676537575
41.86413567443403	86.24381641759841
41.86413567443403	86.24381641759841
34.680608766476325	20.00895563638288
34.680608766476325	20.00895563638288
20.003508466305753	41.79603128415349
20.003508466305753	41.79603128415349
21.617585461820156	55.94510001042242
21.617585461820156	55.94510001042242
14.655771964854793	65.0878566225055
14.655771964854793	65.0878566225055
14.655771964854793	65.0878566225055
18.540197593412326	39.303744391619965
18.540197593412326	39.303744391619965
11.569515500998673	65.23139618995393
11.569515500998673	65.23139618995393
6.372543646953713	1.1800018868263717
6.372543646953713	1.1800018868263717
8.483259037142565	65.37493723261728
8.483259037142565	65.37493723261728
8.483259037142565	65.37493723261728
37.62532205959484	53.20920621558477
37.62532205959484	53.20920621558477
41.43879892456605	62.704256949921074
41.43879892456605	62.704256949921074
34.51245980939386	4.707432817000729
34.51245980939386	4.707432817000729
36.12653680490825	18.85650006805469
36.12653680490825	18.85650006805469
36.12653680490825	18.85650006805469
31.426203345537736	4.850973859664096
31.426203345537736	4.850973859664096
23.958882858449634	79.73275756326109
23.958882858449634	79.73275756326109
26.069598248638474	44.92769290905201
26.069598248638474	44.92769290905201
57.4820099041339	91.82878241008
57.4820099041339	91.82878241008
59.02513813606196	42.25701262635579
59.02513813606196	42.25701262635579
59.02513813606196	42.25701262635579
52.134273402682936	16.12060774843201
52.134273402682936	16.12060774843201
46.86635278505164	86.34837641052628
46.86635278505164	86.34837641052628
49.04801693882683	16.26414879109538
49.04801693882683	16.26414879109538
43.78009632119553	86.49191597797471
43.78009632119553	86.49191597797471
43.78009632119553	86.49191597797471
45.96176047497071	16.407689833758756
45.96176047497071	16.407689833758756
74.74908115470626	81.63776774197555
74.74908115470626	81.63776774197555
69.8359028797917	74.46972600360557
69.8359028797917	74.46972600360557
71.990961247222	54.74018394292724
71.990961247222	54.74018394292724
64.4526905213326	65.90113061174605
64.4526905213326	65.90113061174605
64.4526905213326	65.90113061174605
68.90470478336589	54.883724985590604
68.90470478336589	54.883724985590604
61.36643553269144	66.04467165440943
61.36643553269144	66.04467165440943
63.54809968646663	94.96044403497851
63.54809968646663	94.96044403497851
48.30341075282031	2.980817503663921
48.30341075282031	2.980817503663921
48.30341075282031	2.980817503663921
41.128753915525856	18.96106006098257
41.128753915525856	18.96106006098257
43.23946930571471	83.15599393155853
43.23946930571471	83.15599393155853
38.042497451669746	19.104599628430993
38.042497451669746	19.104599628430993
55.6288351879507	97.65735530486572
55.6288351879507	97.65735530486572
50.92850320379516	83.65182909647513
50.92850320379516	83.65182909647513
52.54258019930955	97.80089634752909
52.54258019930955	97.80089634752909
81.89748656209092	78.797679385261
81.89748656209092	78.797679385261
81.89748656209092	78.797679385261
85.78191219064847	53.01356862959043
85.78191219064847	53.01356862959043
78.82009869368311	62.15632524167352
78.82009869368311	62.15632524167352
80.71796926832789	34.1887465327
80.71796926832789	34.1887465327
75.45005012591155	5.416513719579331
75.45005012591155	5.416513719579331
75.45005012591155	5.416513719579331
68.55031532186928	95.06500402790641
68.55031532186928	95.06500402790641
72.36379366205544	5.560053287027741
72.36379366205544	5.560053287027741
2.7896487884231562	50.277674834752794
2.7896487884231562	50.277674834752794
4.332777020351211	0.7059065262435408
4.332777020351211	0.7059065262435408
98.70339232456705	50.42121587741616
98.70339232456705	50.42121587741616
98.70339232456705	50.42121587741616
91.49325963026446	34.541039179738256
91.49325963026446	34.541039179738256
93.03638786219251	83.96926792079908
93.03638786219251	83.96926792079908
88.4070046416233	34.68458022240162
88.4070046416233	34.68458022240162
89.95013287355135	84.11281043867743
89.95013287355135	84.11281043867743
73.07362975349407	11.55390407838066
73.07362975349407	11.55390407838066
73.07362975349407	11.55390407838066
67.80571061107773	81.78167126525999
67.80571061107773	81.78167126525999
69.99624336030121	93.91254993479318
69.99624336030121	93.91254993479318
64.7283227426699	65.14031712167251
64.7283227426699	65.14031712167251
66.6261933173147	37.172736937484025
66.6261933173147	37.172736937484025
66.6261933173147	37.172736937484025
59.65551122490105	63.10039021103293
59.65551122490105	63.10039021103293
90.78412930126608	53.1181256720884
90.78412930126608	53.1181256720884
92.89484469145492	18.313061017879317
92.89484469145492	18.313061017879317
85.42752272915186	93.19484767190623
85.42752272915186	93.19484767190623
85.42752272915186	93.19484767190623
89.8085882275988	18.456602060542693
89.8085882275988	18.456602060542693
82.31466195416583	44.69307279810722
82.31466195416583	44.69307279810722
84.21253105359565	16.725494089133708
84.21253105359565	16.725494089133708
79.51219906944011	2.7199664055281554
79.51219906944011	2.7199664055281554
9.370467037547039	32.670882823738076
9.370467037547039	32.670882823738076
9.370467037547039	32.670882823738076
11.48118242773588	96.86581816952899
11.48118242773588	96.86581816952899
6.284212048905877	32.814423866401455
6.284212048905877	32.814423866401455
8.40379603454302	80.22446402594151
8.40379603454302	80.22446402594151
3.20682418049806	16.173068247599005
3.20682418049806	16.173068247599005
3.20682418049806	16.173068247599005
95.2361420880844	42.100721521147904
95.2361420880844	42.100721521147904
97.13401118751423	14.133141336959437
97.13401118751423	14.133141336959437
29.191680500292932	39.430039763236735
29.191680500292932	39.430039763236735
31.37334612928307	68.34581361902079
31.37334612928307	68.34581361902079
23.83507687860863	79.50676176305457
23.83507687860863	79.50676176305457
23.83507687860863	79.50676176305457
19.205692182824457	30.222071114227187
19.205692182824457	30.222071114227187
20.79316339199397	94.72582539924869
20.79316339199397	94.72582539924869
13.822481299580316	21.653477197582628
13.822481299580316	21.653477197582628
17.990700507268254	52.75271900666962
17.990700507268254	52.75271900666962
17.990700507268254	52.75271900666962
77.21909158024799	57.06960511520109
77.21909158024799	57.06960511520109
79.40075573402316	85.98537897098515
79.40075573402316	85.98537897098515
74.13283659160683	57.21314615786447
74.13283659160683	57.21314615786447
67.23310178756455	47.86163646619155
67.23310178756455	47.86163646619155
67.23310178756455	47.86163646619155
71.05544724798405	40.57179053906203
71.05544724798405	40.57179053906203
64.1557153943717	31.220280847389105
64.1557153943717	31.220280847389105
65.69884362629975	80.6485110636649
65.69884362629975	80.6485110636649
97.11125528179517	28.54960056469289
97.11125528179517	28.54960056469289
90.14057171416655	54.477252363026835
90.14057171416655	54.477252363026835
91.75464870968096	68.62632108929576
91.75464870968096	68.62632108929576
91.75464870968096	68.62632108929576
87.05431672552541	54.62079340569021
87.05431672552541	54.62079340569021
88.64178793469492	20.124546215496743
88.64178793469492	20.124546215496743
81.74205460586761	10.773036523823828
81.74205460586761	10.773036523823828
13.799723918646306	36.06993642531607
13.799723918646306	36.06993642531607
15.697593018076132	8.102356241127604
15.697593018076132	8.102356241127604
15.697593018076132	8.102356241127604
8.726910925662478	34.03000803946155
8.726910925662478	34.03000803946155
12.61133802943498	8.245897283790983
12.61133802943498	8.245897283790983
5.640654461806369	34.17354908212493
5.640654461806369	34.17354908212493
0.4525526784246592	52.33725959274653
0.4525526784246592	52.33725959274653
0.4525526784246592	52.33725959274653
2.563268068613499	17.532194938537444
2.563268068613499	17.532194938537444
31.421536036720425	47.48310988153241
31.421536036720425	47.48310988153241
35.80260005995242	71.74486722059879
35.80260005995242	71.74486722059879
28.619073151994712	5.510003488953335
28.619073151994712	5.510003488953335
30.162201383922763	54.938235180444096
30.162201383922763	54.938235180444096
30.162201383922763	54.938235180444096
25.53281816335355	5.653544531616714
25.53281816335355	5.653544531616714
18.038890414705612	31.890016744396195
18.038890414705612	31.890016744396195
20.149605804894463	96.08495061497216
20.149605804894463	96.08495061497216
4.975867110049444	67.82616111843573
4.975867110049444	67.82616111843573
4.975867110049444	67.82616111843573
7.086582500238295	33.02109646422665
7.086582500238295	33.02109646422665
98.90305559228058	65.78623273258121
98.90305559228058	65.78623273258121
93.63513497464929	37.01399991946053
93.63513497464929	37.01399991946053
95.81679912842446	65.92977377524458
95.81679912842446	65.92977377524458
90.55774710624146	20.372645775873046
90.55774710624146	20.372645775873046
90.55774710624146	20.372645775873046
92.73941126001665	49.288418156442134
92.73941126001665	49.288418156442134
22.526730464537238	15.518496064658931
22.526730464537238	15.518496064658931
17.89734724396802	65.23380836626147
17.89734724396802	65.23380836626147
19.440475475896076	15.662037107322309
19.440475475896076	15.662037107322309
19.440475475896076	15.662037107322309
12.256948567938368	48.42717632610678
12.256948567938368	48.42717632610678
16.638014066385317	72.68893071474325
16.638014066385317	72.68893071474325
9.144086317737383	98.92540145230777
9.144086317737383	98.92540145230777
11.325748996297602	28.841173832876862
11.325748996297602	28.841173832876862
42.38341978429126	54.138073734369115
42.38341978429126	54.138073734369115
42.38341978429126	54.138073734369115
35.48368498024899	44.78656404269619
35.48368498024899	44.78656404269619
39.29716332043514	54.28161477703249
39.29716332043514	54.28161477703249
32.11363641247743	87.04675104538704
32.11363641247743	87.04675104538704
34.22435180266627	52.24168639117796
34.22435180266627	52.24168639117796
34.22435180266627	52.24168639117796
29.036248544069615	70.40539690179956
29.036248544069615	70.40539690179956
58.39115490685099	51.40218141474644
58.39115490685099	51.40218141474644
60.00523190236538	65.55125014101536
60.00523190236538	65.55125014101536
55.30489991820983	51.545720982194844
55.30489991820983	51.545720982194844
56.91897691372423	65.69478970846377
56.91897691372423	65.69478970846377
56.91897691372423	65.69478970846377
49.948294821310576	91.62244150679773
49.948294821310576	91.62244150679773
45.03511654639601	84.45439976842773
45.03511654639601	84.45439976842773
46.622587755565526	49.958154053449235
46.622587755565526	49.958154053449235
29.675137347136864	12.678409183159346
29.675137347136864	12.678409183159346
29.675137347136864	12.678409183159346
33.559564450909356	85.89429842748876
33.559564450909356	85.89429842748876
26.588880883280744	12.821950225822723
26.588880883280744	12.821950225822723
21.391910504450742	47.77055592269517
21.391910504450742	47.77055592269517
23.502625894639593	12.965491268486092
23.502625894639593	12.965491268486092
16.319098986681883	45.73062753684065
16.319098986681883	45.73062753684065
16.319098986681883	45.73062753684065
20.141444447101374	38.44078308492609
20.141444447101374	38.44078308492609
49.567299573469086	83.15840463265113
49.567299573469086	83.15840463265113
51.11042780539715	33.58663632414189
51.11042780539715	33.58663632414189
46.481044584827934	83.30194567531451
46.481044584827934	83.30194567531451
38.94277385893854	94.46289234413332
38.94277385893854	94.46289234413332
38.94277385893854	94.46289234413332
41.12443801271372	24.378666199917372
41.12443801271372	24.378666199917372
35.85651739508242	94.60643338679671
35.85651739508242	94.60643338679671
37.72778218338234	17.99354023657576
37.72778218338234	17.99354023657576
67.15363878496501	62.71116178430081
67.15363878496501	62.71116178430081
61.885718167333714	33.93892897118013
61.885718167333714	33.93892897118013
61.885718167333714	33.93892897118013
64.0673823211089	62.85470135174922
64.0673823211089	62.85470135174922
58.799461703477604	34.082468538628554
58.799461703477604	34.082468538628554
60.981127332467736	62.9982423944126
60.981127332467736	62.9982423944126
53.44285660657834	74.15918906323142
53.44285660657834	74.15918906323142
53.44285660657834	74.15918906323142
84.86413685752206	5.275384853223509
84.86413685752206	5.275384853223509
86.9748522477109	69.47031872379947
86.9748522477109	69.47031872379947
79.5075317606228	45.35210390261142
79.5075317606228	45.35210390261142
83.88859578385478	69.61385829124788
83.88859578385478	69.61385829124788
76.42127529676668	45.49564494527479
76.42127529676668	45.49564494527479
76.42127529676668	45.49564494527479
78.53199068695554	10.69058029106571
78.53199068695554	10.69058029106571
73.33501883291058	45.639184512723205
73.33501883291058	45.639184512723205
56.14811929780793	65.55161262163642
56.14811929780793	65.55161262163642
58.25883468799677	30.746547967427347
58.25883468799677	30.746547967427347
58.25883468799677	30.746547967427347
53.06186283395182	65.69515218908484
53.06186283395182	65.69515218908484
55.17257822414066	30.890087534875754
55.17257822414066	30.890087534875754
49.9756063700957	65.83869323174821
49.9756063700957	65.83869323174821
43.00492427768204	91.76634650529712
43.00492427768204	91.76634650529712
44.619001273196446	6.91541375635108
44.619001273196446	6.91541375635108
76.25312633968421	30.194122125892644
76.25312633968421	30.194122125892644
76.25312633968421	30.194122125892644
78.15099543911404	2.2265419417041734
78.15099543911404	2.2265419417041734
70.61272766365457	13.387490085737948
70.61272766365457	13.387490085737948
65.9833429678704	63.102799436910566
65.9833429678704	63.102799436910566
67.52647119979845	13.531031128401327
67.52647119979845	13.531031128401327
60.626737870971134	4.179521436728401
60.626737870971134	4.179521436728401
60.626737870971134	4.179521436728401
64.44021473594233	13.674570695849736
64.44021473594233	13.674570695849736
93.83946555118014	9.746879277542325
93.83946555118014	9.746879277542325
95.73733612582492	80.77929909335384
95.73733612582492	80.77929909335384
90.46941550819362	52.007066280233175
90.46941550819362	52.007066280233175
90.46941550819362	52.007066280233175
83.56968217936631	42.65555658856025
83.56968217936631	42.65555658856025
87.38315904433752	52.15060584768158
87.38315904433752	52.15060584768158
80.4834257155102	42.79909763122362
80.4834257155102	42.79909763122362
82.02655394743826	92.22732784749942
82.02655394743826	92.22732784749942
82.02655394743826	92.22732784749942
14.731627777512358	80.22687325181916
14.731627777512358	80.22687325181916
7.193358526837919	91.38782139585292
7.193358526837919	91.38782139585292
9.091227626267756	63.420241211664454
9.091227626267756	63.420241211664454
4.390895642112202	49.414713528058904
4.390895642112202	49.414713528058904
6.004972637626595	63.563782254327826
6.004972637626595	63.563782254327826
6.004972637626595	63.563782254327826
98.03428906999798	89.49143552787673
98.03428906999798	89.49143552787673
82.86055037515297	61.23264308091039
82.86055037515297	61.23264308091039
85.01560874258328	41.50310249544702
85.01560874258328	41.50310249544702
79.74768812495198	12.730869682326349
79.74768812495198	12.730869682326349
79.74768812495198	12.730869682326349
81.64555869959678	83.76329097335282
81.64555869959678	83.76329097335282
74.67487808239808	10.690942771686771
74.67487808239808	10.690942771686771
69.47790622835312	45.639548468559234
69.47790622835312	45.639548468559234
71.58862161854196	10.83448381435015
71.58862161854196	10.83448381435015
1.4468895866488851	40.78540023256007
1.4468895866488851	40.78540023256007
1.4468895866488851	40.78540023256007
5.8368236805441285	48.262259434945676
5.8368236805441285	48.262259434945676
97.36950171824107	24.14404608897259
97.36950171824107	24.14404608897259