77.4327074511367	56.51483893470072
81.29052729334936	81.08541373778272
81.29052729334936	81.08541373778272
11.645436606560647	62.0821982507296
11.645436606560647	62.0821982507296
11.645436606560647	62.0821982507296
13.259512126860093	76.2312640265686
13.259512126860093	76.2312640265686
8.55917866748958	62.22573781817801
8.55917866748958	62.22573781817801
1.3756517595318707	94.99087556174753
0.639915644188619	64.9226490880652
2.8215797979637967	93.83842146863431
2.8215797979637967	93.83842146863431
94.28331054728936	5.9993681374531205
94.28331054728936	5.9993681374531205
98.73532333410768	93.98196251129767
98.73532333410768	93.98196251129767
91.19705260821829	6.142909180116488
91.19705260821829	6.142909180116488
91.19705260821829	6.142909180116488
18.252860642029408	93.12071920574735
20.37244315245158	41.53075789007246
20.37244315245158	41.53075789007246
15.175472773621589	76.47936506215987
15.175472773621589	76.47936506215987
17.28618816381043	41.67429893273582
17.28618816381043	41.67429893273582
12.089216309765469	76.62290462960829
12.089216309765469	76.62290462960829
12.089216309765469	76.62290462960829
5.118534217351815	3.5505564279422304
5.118534217351815	3.5505564279422304
7.016404791996611	74.5829777189687
7.016404791996611	74.5829777189687
38.11841708201676	15.955400213991712
38.11841708201676	15.955400213991712
40.2291324722056	80.15033555978263
40.2291324722056	80.15033555978263
40.2291324722056	80.15033555978263
32.761810509902546	56.03211926337963
29.675554046046432	56.17566178125796
22.704873428847737	82.10331210437694
22.704873428847737	82.10331210437694
26.873092636535663	14.202553913463936
26.873092636535663	14.202553913463936
9.358055069846218	61.15610538887388
9.358055069846218	61.15610538887388
9.358055069846218	61.15610538887388
11.548587819069688	73.28698405840707
11.548587819069688	73.28698405840707
6.280667201438391	44.5147512452864
6.280667201438391	44.5147512452864
98.38093387261108	35.163240078398516
98.38093387261108	35.163240078398516
3.194412212797239	44.658290812734805
3.194412212797239	44.658290812734805
95.29467888396992	35.30678112106188
95.29467888396992	35.30678112106188
95.29467888396992	35.30678112106188
96.83780564068302	84.73500986212272
96.83780564068302	84.73500986212272
29.223611509833574	82.99078639711824
29.223611509833574	82.99078639711824
22.323878181006258	73.63927670544533
22.323878181006258	73.63927670544533
23.867006412934312	24.067505446506154
23.867006412934312	24.067505446506154
19.237623192365096	73.78281627289373
19.237623192365096	73.78281627289373
19.237623192365096	73.78281627289373
20.780749949078192	24.21104648916953
20.780749949078192	24.21104648916953
13.881016620250875	14.859536797496606
13.881016620250875	14.859536797496606
44.938685933029575	40.15643669898886
44.938685933029575	40.15643669898886
46.83655650767436	12.188856514800392
46.83655650767436	12.188856514800392
46.83655650767436	12.188856514800392
39.874744485923955	21.331613126883475
36.78848654685289	21.475152694331893
31.59151469280793	56.4237598664193
31.59151469280793	56.4237598664193
33.70223008299677	21.61869521221022
33.70223008299677	21.61869521221022
33.70223008299677	21.61869521221022
62.56049952631866	51.56961015520518
62.56049952631866	51.56961015520518
66.70211294766172	34.02353899825972
66.70211294766172	34.02353899825972
59.731430855248064	59.95119079659366
59.731430855248064	59.95119079659366
61.34550785076245	74.10025804764761
61.34550785076245	74.10025804764761
56.64517439139194	60.09473036404207
56.64517439139194	60.09473036404207
56.64517439139194	60.09473036404207
49.17785390430384	35.976515542854024
49.17785390430384	35.976515542854024
51.28856929449269	1.1714494134299849
51.28856929449269	1.1714494134299849
36.114830599647675	71.91265991689356
36.114830599647675	71.91265991689356
38.22554451462157	37.107595262684484
38.22554451462157	37.107595262684484
38.22554451462157	37.107595262684484
31.050887677327108	53.08783782000314
31.050887677327108	53.08783782000314
25.78296705969581	24.315605006882457
25.78296705969581	24.315605006882457
27.964631213470987	53.2313788626665
27.964631213470987	53.2313788626665
22.69671059583969	24.459146049545836
22.69671059583969	24.459146049545836
24.878374749614878	53.374918430114924
24.878374749614878	53.374918430114924
24.878374749614878	53.374918430114924
53.66569542935043	19.60499633833172
53.66569542935043	19.60499633833172
49.03631073356625	69.3203071647193
49.03631073356625	69.3203071647193
50.90757552186616	91.70741401449835
50.90757552186616	91.70741401449835
43.36930479597676	3.8683606833171797
43.36930479597676	3.8683606833171797
43.36930479597676	3.8683606833171797
47.82131905801005	91.85095358194677
47.82131905801005	91.85095358194677
40.28304980733561	4.011900250765589
40.28304980733561	4.011900250765589
42.46471396111079	32.927675581764596
42.46471396111079	32.927675581764596
73.52238327388949	58.22457400804189
73.52238327388949	58.22457400804189
66.62264994506218	48.87306431636897
66.62264994506218	48.87306431636897
66.62264994506218	48.87306431636897
70.44499540548166	41.583219864454406
70.44499540548166	41.583219864454406
63.26146849752395	74.34835613280896
63.26146849752395	74.34835613280896
65.3721838877128	39.54329147859988
65.3721838877128	39.54329147859988
60.17521203366784	74.49189717547233
60.17521203366784	74.49189717547233
60.17521203366784	74.49189717547233
89.53011987166418	55.48868168841921
89.53011987166418	55.48868168841921
91.14419686717856	69.63774893947317
91.14419686717856	69.63774893947317
86.44386340780807	55.632221255867634
86.44386340780807	55.632221255867634
88.03133314176263	21.13597554088913
88.03133314176263	21.13597554088913
88.03133314176263	21.13597554088913
80.84780623380492	53.901113284458646
80.84780623380492	53.901113284458646
76.14747424964936	39.895585600853096
76.14747424964936	39.895585600853096
77.76155124516376	54.04465285190706
39.11738506061786	38.193019014906085
32.14670149298925	64.12067228845498
32.14670149298925	64.12067228845498
26.95859970960754	82.28438132386162
26.95859970960754	82.28438132386162
29.06931509979638	47.47931666965255
29.06931509979638	47.47931666965255
21.885786716623713	80.24445441322206
21.885786716623713	80.24445441322206
21.885786716623713	80.24445441322206
25.699265056809878	89.7395036723434
25.699265056809878	89.7395036723434
55.12512018317759	35.45712669528341
55.12512018317759	35.45712669528341
56.668248415105644	84.8853569115592
56.668248415105644	84.8853569115592
52.03886519453644	35.60066773794677
52.03886519453644	35.60066773794677
44.54493744588851	61.83713847551131
44.54493744588851	61.83713847551131
44.54493744588851	61.83713847551131
46.655652836077344	27.03207234608727
46.655652836077344	27.03207234608727
41.74247456116278	19.864030607717275
41.74247456116278	19.864030607717275
43.28560279309083	69.29226082399308
43.28560279309083	69.29226082399308
72.71145939467351	15.009882371718119
72.71145939467351	15.009882371718119
72.71145939467351	15.009882371718119
67.44353877704222	85.23764955859745
67.44353877704222	85.23764955859745
69.63407300148064	97.36852822813063
69.63407300148064	97.36852822813063
64.36615238384935	68.59629541500996
64.36615238384935	68.59629541500996
66.54781506240958	97.51206779557906
66.54781506240958	97.51206779557906
66.54781506240958	97.51206779557906
59.00954581173514	9.673014464397871
59.00954581173514	9.673014464397871
90.42195746723056	56.574105440640814
90.42195746723056	56.574105440640814
92.5326728574194	21.769039311216776
92.5326728574194	21.769039311216776
85.0653523703313	96.65082596524368
85.0653523703313	96.65082596524368
89.44641786877824	21.91258182909511
89.44641786877824	21.91258182909511
89.44641786877824	21.91258182909511
81.9524901201303	48.149052566659634
81.9524901201303	48.149052566659634
84.1341542739055	77.06482494722873
84.1341542739055	77.06482494722873
78.86623513148915	48.292592134108055
78.86623513148915	48.292592134108055
61.70593990751643	17.850333209053733
61.70593990751643	17.850333209053733
61.70593990751643	17.850333209053733
63.816655297705275	82.04526855484465
63.816655297705275	82.04526855484465
58.619683443660314	17.993874251717102
58.619683443660314	17.993874251717102
60.7392659540825	65.40391441125716
60.7392659540825	65.40391441125716
55.542295575252496	1.3525186329146588
55.542295575252496	1.3525186329146588
48.57161348283884	27.28017190646356
48.57161348283884	27.28017190646356
48.57161348283884	27.28017190646356
50.18568900313828	41.429239157517536
50.18568900313828	41.429239157517536
81.81094694939272	81.49284418852491
81.81094694939272	81.49284418852491
83.70881604882254	53.52526547955139
83.70881604882254	53.52526547955139
76.17054827336307	64.68621214837022
76.17054827336307	64.68621214837022
76.17054827336307	64.68621214837022
71.54116357757889	15.401522974757802
71.54116357757889	15.401522974757802
73.12863331153345	79.90527578456434
73.12863331153345	79.90527578456434
66.15795269433475	6.832927582898285
66.15795269433475	6.832927582898285
70.0423783228923	80.04881682722771
70.0423783228923	80.04881682722771
70.0423783228923	80.04881682722771
0.3972846856736738	61.04559986495963
0.3972846856736738	61.04559986495963
2.295156735533428	33.07801968077116
2.295156735533428	33.07801968077116
96.02723611790213	4.305788342865439
96.02723611790213	4.305788342865439
89.1363713845231	77.16938346494166
89.1363713845231	77.16938346494166
92.94984824949431	86.66443272406299
92.94984824949431	86.66443272406299
92.94984824949431	86.66443272406299
86.05011492066699	77.31292303239007
86.05011492066699	77.31292303239007
87.59324315259505	27.741151773450902
87.59324315259505	27.741151773450902
20.289448387220865	32.52559678966637
20.289448387220865	32.52559678966637
12.751179136546424	43.686543458485204
12.751179136546424	43.686543458485204
12.751179136546424	43.686543458485204
14.64904971119121	15.718963274296721
14.64904971119121	15.718963274296721
9.948716251820708	1.7134370659061282
9.948716251820708	1.7134370659061282
11.536187460990224	66.21718987571268
11.536187460990224	66.21718987571268
4.636454132162908	56.86568018403975
4.636454132162908	56.86568018403975
88.3917651985166	63.88605070229524
88.3917651985166	63.88605070229524
88.3917651985166	63.88605070229524
90.57342935229178	92.80182455807929
90.57342935229178	92.80182455807929
85.30550873466048	64.02959174495861
85.30550873466048	64.02959174495861
87.20337930930526	36.0620130359851
87.20337930930526	36.0620130359851
80.23269869210657	61.98966483431904
80.23269869210657	61.98966483431904
80.23269869210657	61.98966483431904
75.04459395829495	80.15337386972568
75.04459395829495	80.15337386972568
77.1553093484838	45.34830921551661
77.1553093484838	45.34830921551661
7.013578791805683	75.29922710894148
7.013578791805683	75.29922710894148
11.394644290252634	0.5609814975779497
11.394644290252634	0.5609814975779497
11.394644290252634	0.5609814975779497
3.9273223279495744	75.4427666763899
3.9273223279495744	75.4427666763899
6.038037718138415	40.63770202218081
6.038037718138415	40.63770202218081
1.1248594432238468	33.46966028381083
1.1248594432238468	33.46966028381083
92.63093464500582	59.706131021375356
92.63093464500582	59.706131021375356
94.74165003519467	24.901066367166276
94.74165003519467	24.901066367166276
94.74165003519467	24.901066367166276
26.87026663634475	14.918801828221744
26.87026663634475	14.918801828221744
28.98098202653359	79.11373717401266
28.98098202653359	79.11373717401266
23.784010172488628	15.06234434610008
23.784010172488628	15.06234434610008
16.813329555289933	40.98999614443402
16.813329555289933	40.98999614443402
18.711200129934728	13.022415960245556
18.711200129934728	13.022415960245556
18.711200129934728	13.022415960245556
13.452148107751722	66.46528796087401
39.79174677026332	12.326452026477401
39.79174677026332	12.326452026477401
41.33487500219138	61.75468076753823
41.33487500219138	61.75468076753823
34.43514314857902	52.40317107586531
34.43514314857902	52.40317107586531
38.24861853833526	61.89822033498664
38.24861853833526	61.89822033498664
31.038485844032675	46.018045112523694
31.038485844032675	46.018045112523694
33.220149997807866	74.93381749309279
33.220149997807866	74.93381749309279
33.220149997807866	74.93381749309279
17.975462539376505	81.95418801134828
17.975462539376505	81.95418801134828
11.07572921054919	72.6026797948903
11.07572921054919	72.6026797948903
14.889206075520397	82.09772905401165
14.889206075520397	82.09772905401165
7.989472746693081	72.74621936233873
7.989472746693081	72.74621936233873
7.989472746693081	72.74621936233873
9.532600978621135	23.17444957861452
9.532600978621135	23.17444957861452
4.62829129915486	98.22151265399367
4.62829129915486	98.22151265399367
33.9831991371512	79.2182956917256
33.9831991371512	79.2182956917256
35.5972761326656	93.36736441799452
35.5972761326656	93.36736441799452
35.5972761326656	93.36736441799452
30.896942673295083	79.36183673438896
30.896942673295083	79.36183673438896
32.511019668809475	93.51090398544294
32.511019668809475	93.51090398544294
25.540336101180863	20.438557258991843
25.540336101180863	20.438557258991843
20.343365722350875	55.38716148064933
20.343365722350875	55.38716148064933
22.21463051065078	77.7742683304284
22.21463051065078	77.7742683304284
22.21463051065078	77.7742683304284
51.569536873432156	58.771052843375266
51.569536873432156	58.771052843375266
55.45396397720466	32.98694061248975
55.45396397720466	32.98694061248975
48.48328040957605	58.91459241082369
48.48328040957605	58.91459241082369
43.286310030746044	93.8631995829111
43.286310030746044	93.8631995829111
43.286310030746044	93.8631995829111
45.39702542093489	59.05813345348706
45.39702542093489	59.05813345348706
37.92970345863183	34.93991863229901
37.92970345863183	34.93991863229901
42.31963755252707	42.416777834684616
42.31963755252707	42.416777834684616
71.46170057497935	30.251048292867065
71.46170057497935	30.251048292867065
73.00482733169244	79.6792770339279
73.00482733169244	79.6792770339279
73.00482733169244	79.6792770339279
68.37544411112324	30.394589335530434
68.37544411112324	30.394589335530434
60.8371748604488	41.55553600434925
60.8371748604488	41.55553600434925
63.01883753900902	70.47130838491834
63.01883753900902	70.47130838491834
57.75091839659268	41.69907557179767
57.75091839659268	41.69907557179767
57.75091839659268	41.69907557179767
59.90597676402298	21.969534986334295
59.90597676402298	21.969534986334295
42.74568154005026	90.52727606127998
42.74568154005026	90.52727606127998
37.477760922418966	61.755043248159296
37.477760922418966	61.755043248159296
39.659426551409105	90.67081710394335
39.659426551409105	90.67081710394335
39.659426551409105	90.67081710394335
34.391505933777815	61.89858429082267
34.391505933777815	61.89858429082267
36.57316861233804	90.81435814660672
36.57316861233804	90.81435814660672
29.034899361663594	2.9753048154255355
29.034899361663594	2.9753048154255355
60.739973191737704	89.97485317017518
60.739973191737704	89.97485317017518
62.28310142366577	40.40308191123603
62.28310142366577	40.40308191123603
62.28310142366577	40.40308191123603
55.099574515708056	73.16821965480554
55.099574515708056	73.16821965480554
59.480640014155	97.42997551865696
59.480640014155	97.42997551865696
52.01331805185194	73.31175922225395
52.01331805185194	73.31175922225395
54.124033442040776	38.50669456804487
54.124033442040776	38.50669456804487
54.124033442040776	38.50669456804487
48.92706306321079	73.45529878970237
48.92706306321079	73.45529878970237
78.32631240323363	69.52760737139495
78.32631240323363	69.52760737139495
82.13978926820482	79.0226595809462
82.13978926820482	79.0226595809462
74.95626236024711	12.78779584930076
74.95626236024711	12.78779584930076
77.06697775043597	76.98272971987672
77.06697775043597	76.98272971987672
77.06697775043597	76.98272971987672
71.87000737160596	12.93133689196414
71.87000737160596	12.93133689196414
64.89932380397735	38.858987215083125
64.89932380397735	38.858987215083125
66.51340079949173	53.00805594135205
66.51340079949173	53.00805594135205
98.14752586597952	76.28676578610856
98.14752586597952	76.28676578610856
98.14752586597952	76.28676578610856
0.7616028614939102	90.43583303716254
0.7616028614939102	90.43583303716254
92.79092076908026	17.36348631071144
92.79092076908026	17.36348631071144
87.87774249416569	10.19544309712649
87.87774249416569	10.19544309712649
89.42087072609374	59.62367331340229
89.42087072609374	59.62367331340229
82.52113739726643	50.27216362172937
82.52113739726643	50.27216362172937
82.52113739726643	50.27216362172937
86.33461426223764	59.7672128808507
86.33461426223764	59.7672128808507
69.43150830626539	37.56299355452148
69.43150830626539	37.56299355452148
64.23453645222044	72.51160072660889
64.23453645222044	72.51160072660889
66.34525184240927	37.706534597184856
66.34525184240927	37.706534597184856
66.34525184240927	37.706534597184856
59.16172493445156	70.47167086553941
59.16172493445156	70.47167086553941
62.97520179942276	79.96672307509066
62.97520179942276	79.96672307509066
56.075468470595446	70.61521338341774
56.075468470595446	70.61521338341774
57.61859670252351	21.043442124478577
57.61859670252351	21.043442124478577
57.61859670252351	21.043442124478577
89.32367053259762	9.042990479228228
89.32367053259762	9.042990479228228
81.78539980670821	20.203937148047046
81.78539980670821	20.203937148047046
83.9670639604834	49.119709528616134
83.9670639604834	49.119709528616134
78.69914481806707	20.347476715495464
78.69914481806707	20.347476715495464
80.5970139174969	91.37989800652194
80.5970139174969	91.37989800652194
80.5970139174969	91.37989800652194
73.6263333002982	18.3075498048559
73.6263333002982	18.3075498048559
5.754951376663224	8.325286741126327
5.754951376663224	8.325286741126327
7.910008268878578	87.59574468044798
7.910008268878578	87.59574468044798
2.6420891264622384	58.82351334254227
2.6420891264622384	58.82351334254227
2.6420891264622384	58.82351334254227
4.823753280237416	87.73928719832632
4.823753280237416	87.73928719832632
96.28548402956298	98.90023386714513
96.28548402956298	98.90023386714513
91.37230575464842	91.7321906535602
91.37230575464842	91.7321906535602
93.48302114483727	56.92712599935111
93.48302114483727	56.92712599935111
23.341290588159147	86.87804241756103
23.341290588159147	86.87804241756103
23.341290588159147	86.87804241756103
27.73122320683943	94.3549030951616
27.73122320683943	94.3549030951616
20.26390124453637	70.23668827397356
20.26390124453637	70.23668827397356
22.37461663472521	35.43162361976447
22.37461663472521	35.43162361976447
17.17764625589521	70.38022931663693
17.17764625589521	70.38022931663693
17.17764625589521	70.38022931663693
10.206964163481555	96.30788111497088
10.206964163481555	96.30788111497088
12.104834738126339	68.34030093078239
12.104834738126339	68.34030093078239
95.86014580448004	75.36067292425285
95.86014580448004	75.36067292425285
98.01520417191034	55.63113086357452
98.01520417191034	55.63113086357452
92.81823379308035	90.57973803566192
92.81823379308035	90.57973803566192
92.81823379308035	90.57973803566192
85.84755022545174	17.507388358780922
85.84755022545174	17.507388358780922
87.46162722096612	31.65645708504984
87.46162722096612	31.65645708504984
82.76129523681057	17.65092940144429
82.76129523681057	17.65092940144429
84.6591643362404	88.68335069247078
84.6591643362404	88.68335069247078
84.6591643362404	88.68335069247078
14.446486491190905	54.913428600687574
14.446486491190905	54.913428600687574
9.825968915640075	87.84384424082428
9.825968915640075	87.84384424082428
11.36909714756813	38.27207445710009
11.36909714756813	38.27207445710009
4.469363818740813	28.920564765427162
4.469363818740813	28.920564765427162
4.469363818740813	28.920564765427162
8.282842158926979	38.415614024548496
8.282842158926979	38.415614024548496
1.3831073548847046	29.064104332875573
1.3831073548847046	29.064104332875573
32.44077666766339	54.361004234367826
32.44077666766339	54.361004234367826
34.33864724230818	26.39342405017936
34.33864724230818	26.39342405017936
34.33864724230818	26.39342405017936
27.412308127135987	67.39659991725901
27.412308127135987	67.39659991725901
31.225786467322152	76.8916506515953
31.225786467322152	76.8916506515953
24.326051663279877	67.54014095992238
24.326051663279877	67.54014095992238
25.86917989520793	17.96837117619818
25.86917989520793	17.96837117619818
21.239796674638715	67.68368200258575
21.239796674638715	67.68368200258575
21.239796674638715	67.68368200258575
50.02711587915932	33.91375991080255
50.02711587915932	33.91375991080255
51.924984978589144	5.946181201829039
51.924984978589144	5.946181201829039
47.23352158988188	74.15575833197262
47.23352158988188	74.15575833197262
48.84759858539628	88.30482705824154
48.84759858539628	88.30482705824154
48.84759858539628	88.30482705824154
41.876916492982616	15.23247738136053
41.876916492982616	15.23247738136053
36.67994463893767	50.18108455344795
36.67994463893767	50.18108455344795
38.790660029126514	15.37601842402391
38.790660029126514	15.37601842402391
23.616919859066545	86.11722892748749
23.616919859066545	86.11722892748749
25.727636724470344	51.312164273278405
25.727636724470344	51.312164273278405
25.727636724470344	51.312164273278405
18.517504030167757	35.431986100385544
18.517504030167757	35.431986100385544
13.320532176122796	70.38059179725799
13.320532176122796	70.38059179725799
15.431247566311637	35.57552714304891
15.431247566311637	35.57552714304891
7.963927079223534	11.457312321860856
7.963927079223534	11.457312321860856
7.963927079223534	11.457312321860856
12.344992577670485	35.71906818571228
12.344992577670485	35.71906818571228
41.20326054577741	65.66998312870724
41.20326054577741	65.66998312870724
43.313975935966255	30.86491847449816
43.313975935966255	30.86491847449816
38.4007976610517	23.696876736128182
38.4007976610517	23.696876736128182
30.87139700582555	18.072928218696145
30.87139700582555	18.072928218696145
30.87139700582555	18.072928218696145
33.05306115960073	46.988702074480194
33.05306115960073	46.988702074480194
27.78514054196943	18.216469261359524
27.78514054196943	18.216469261359524
29.966804695744617	47.132241641928616
29.966804695744617	47.132241641928616
61.024474008523306	72.42914154342087
61.024474008523306	72.42914154342087
61.024474008523306	72.42914154342087
54.12474067969599	63.0776333269629
54.12474067969599	63.0776333269629
55.9960054679959	85.464738701527
55.9960054679959	85.464738701527
50.72808485036461	56.69250588840633
50.72808485036461	56.69250588840633
52.90974900413979	85.60827826897543
52.90974900413979	85.60827826897543
52.90974900413979	85.60827826897543
45.37147827825039	96.76922493779423
45.37147827825039	96.76922493779423
77.06768498809116	2.55366847879475
77.06768498809116	2.55366847879475
78.61081322001922	51.98189869507054
78.61081322001922	51.98189869507054
71.71107841597696	42.63038752818266
71.71107841597696	42.63038752818266
75.53342387639644	35.340544551483056
75.53342387639644	35.340544551483056
75.53342387639644	35.340544551483056
68.34989696843873	68.10568081983762
68.34989696843873	68.10568081983762
70.46061383384253	33.300614690413575
70.46061383384253	33.300614690413575
65.26364197979758	68.24922186250097
65.26364197979758	68.24922186250097
22.73504869147919	78.18169878117058
22.73504869147919	78.18169878117058
22.73504869147919	78.18169878117058
26.619474320036723	52.39758655028505
26.619474320036723	52.39758655028505
19.648793702838027	78.32523982383395
19.648793702838027	78.32523982383395
42.59173653601824	17.801274975665812
44.20581353153265	31.95034370193473
44.20581353153265	31.95034370193473
37.235131439118994	57.877995500268675
37.235131439118994	57.877995500268675
37.235131439118994	57.877995500268675
32.04702965573728	76.04170601089028
32.04702965573728	76.04170601089028
34.15774504592612	41.23663988146623
34.15774504592612	41.23663988146623
26.974216662753452	74.00177762503576
26.974216662753452	74.00177762503576
30.78769352772466	83.496829834587
30.78769352772466	83.496829834587
30.78769352772466	83.496829834587
60.213550129307336	29.214451382312053
60.213550129307336	29.214451382312053
54.94562951167603	0.4422185691913738
54.94562951167603	0.4422185691913738
57.12729366545121	29.357990949760463
57.12729366545121	29.357990949760463
49.633367392018236	55.59446168732499
49.633367392018236	55.59446168732499
54.01443141525023	79.85621755117641
54.01443141525023	79.85621755117641
54.01443141525023	79.85621755117641
46.830904507292516	13.621355294745925
46.830904507292516	13.621355294745925
48.374032739220574	63.04958403580677
48.374032739220574	63.04958403580677
80.0702379738464	67.83402757680727
80.0702379738464	67.83402757680727
72.53196872317196	78.9949742456261
72.53196872317196	78.9949742456261
72.53196872317196	78.9949742456261
74.71363287694713	8.910748101410144
74.71363287694713	8.910748101410144
69.45458085476413	62.35362010203861
69.45458085476413	62.35362010203861
71.63624500853932	91.2693924826077
71.63624500853932	91.2693924826077
66.36832586612297	62.49716114470198
66.36832586612297	62.49716114470198
66.36832586612297	62.49716114470198
49.20803064215025	32.05490221964766
49.20803064215025	32.05490221964766
51.31874603233909	96.24983756543858
51.31874603233909	96.24983756543858
46.121774178294146	32.19844178709608
46.121774178294146	32.19844178709608
48.23248956848298	96.393377132887
48.23248956848298	96.393377132887
40.73856329505001	23.62984787045152
40.73856329505001	23.62984787045152
40.73856329505001	23.62984787045152
36.10917859926583	73.34515869683909
36.10917859926583	73.34515869683909
37.65230683119388	23.77338743789993
37.65230683119388	23.77338743789993
66.79436837843122	11.607657896082381
66.79436837843122	11.607657896082381
71.1754324016632	35.869413759933806
71.1754324016632	35.869413759933806
71.1754324016632	35.869413759933806
63.70811338979005	11.751198938745748
63.70811338979005	11.751198938745748
65.8188287799789	75.94613428453667
65.8188287799789	75.94613428453667
60.63072404616728	94.10984331994331
60.63072404616728	94.10984331994331
53.660043428968585	21.037495118277253
53.660043428968585	21.037495118277253
57.544469057526115	94.25338436260668
57.544469057526115	94.25338436260668
57.544469057526115	94.25338436260668
86.8993754203075	75.25016887555356
86.8993754203075	75.25016887555356
88.79724599495229	47.282588691365085
88.79724599495229	47.282588691365085
83.52932685253595	18.510355878244404
83.52932685253595	18.510355878244404
76.62959352370864	9.158846186571491
76.62959352370864	9.158846186571491
76.62959352370864	9.158846186571491
78.21706325766318	73.66259899637802
78.21706325766318	73.66259899637802
73.51673127350765	59.65707278798744
73.51673127350765	59.65707278798744
75.13080679380708	73.80614151425635
75.13080679380708	73.80614151425635
5.485716107018372	54.80292307677332
5.485716107018372	54.80292307677332
0.5725378321038043	47.63488133840334
0.5725378321038043	47.63488133840334
0.5725378321038043	47.63488133840334
2.1156660640318696	97.06311302989408
2.1156660640318696	97.06311302989408
94.21593125998959	87.71160333822117
94.21593125998959	87.71160333822117
98.03827672040909	80.42175741109165
98.03827672040909	80.42175741109165
91.13854486679672	71.07024771941872
91.13854486679672	71.07024771941872
91.13854486679672	71.07024771941872
75.89385593315042	78.09061971288916
75.89385593315042	78.09061971288916
78.0755200869256	8.00639209345826
78.0755200869256	8.00639209345826
70.53725083625116	19.167338762277076
70.53725083625116	19.167338762277076
74.7054700439391	50.26658057136407
74.7054700439391	50.26658057136407
67.7347894267404	76.19423236969801
67.7347894267404	76.19423236969801
67.7347894267404	76.19423236969801
69.34886494703983	90.34330109596694
69.34886494703983	90.34330109596694
64.69287594012575	91.41329600589214
64.69287594012575	91.41329600589214
93.48019514464633	57.64337538932389
93.48019514464633	57.64337538932389
95.66185929842152	86.55914924510795
95.66185929842152	86.55914924510795
95.66185929842152	86.55914924510795
90.39393868079023	57.78691643198726
90.39393868079023	57.78691643198726
92.29180925543501	29.81933624779879
92.29180925543501	29.81933624779879
85.32112716302136	55.746988046132735
85.32112716302136	55.746988046132735
80.13302390442469	73.91069855675434
80.13302390442469	73.91069855675434
82.24373929461353	39.10563390254525
82.24373929461353	39.10563390254525
82.24373929461353	39.10563390254525
14.372357370978564	29.123370838815678
14.372357370978564	29.123370838815678
16.483072761167406	93.3183061846066
16.483072761167406	93.3183061846066
9.015752274079302	69.20008988820358
9.015752274079302	69.20008988820358
4.315418814708802	55.194563679812994
4.315418814708802	55.194563679812994
4.315418814708802	55.194563679812994
6.213289389353586	27.226983495624523
6.213289389353586	27.226983495624523
97.67502013867914	38.38793016444334
97.67502013867914	38.38793016444334
3.100427139152601	77.72521009704047
3.100427139152601	77.72521009704047
31.958696582474488	8.67612651525039
31.958696582474488	8.67612651525039
31.958696582474488	8.67612651525039
34.069411972663325	72.87106333625627
34.069411972663325	72.87106333625627
28.872440118618368	8.81966755791377
28.872440118618368	8.81966755791377
21.901759501419672	34.747319356247715
21.901759501419672	34.747319356247715
23.79962860084951	6.7797406472742034
23.79962860084951	6.7797406472742034
18.54057805388146	60.22261264790266
18.54057805388146	60.22261264790266
18.54057805388146	60.22261264790266
20.72224073244168	89.13838502847175
20.72224073244168	89.13838502847175
5.477553274010335	96.15875702194221
5.477553274010335	96.15875702194221
97.57781994518302	86.80724733026928
97.57781994518302	86.80724733026928
0.1209481771110732	37.23547607133012
0.1209481771110732	37.23547607133012
0.1209481771110732	37.23547607133012
94.49156348132689	86.95078689771769
94.49156348132689	86.95078689771769
96.03469171325496	37.37901858920844
96.03469171325496	37.37901858920844
88.85116480529724	70.144154857563
88.85116480529724	70.144154857563
21.520764253578193	26.283282482101136
21.520764253578193	26.283282482101136
21.520764253578193	26.283282482101136
23.063892485506244	75.71151269837692
23.063892485506244	75.71151269837692
16.164157681463973	66.36000448191896
16.164157681463973	66.36000448191896
19.977636021650138	75.8550537410403
19.977636021650138	75.8550537410403
13.07790269282282	66.50354404936738
13.07790269282282	66.50354404936738
7.809982075191522	37.7313112362467
7.809982075191522	37.7313112362467
7.809982075191522	37.7313112362467
9.7167212452846	91.97883586580737
9.7167212452846	91.97883586580737
39.07162760806599	72.97562037875424
39.07162760806599	72.97562037875424
42.956054711838476	47.19150962308367
42.956054711838476	47.19150962308367
35.98537261942482	73.11916142141762
35.98537261942482	73.11916142141762
35.98537261942482	73.11916142141762
37.59944961493922	87.26822867247158
37.59944961493922	87.26822867247158
32.89911615556871	73.26270098886603
32.89911615556871	73.26270098886603
25.431795668480614	49.14448616767798
25.431795668480614	49.14448616767798
27.303058981565563	71.53159301745704
27.303058981565563	71.53159301745704
58.92831692782	12.595196573249462
58.92831692782	12.595196573249462
58.92831692782	12.595196573249462
60.5423939233344	26.744265299518393
60.5423939233344	26.744265299518393
53.57171035570579	52.67191709785234
53.57171035570579	52.67191709785234
48.37473850166083	87.62052279472479
48.37473850166083	87.62052279472479
50.485455367064624	52.8154581405157
50.485455367064624	52.8154581405157
50.485455367064624	52.8154581405157
45.28848351301966	87.7640623621732
45.28848351301966	87.7640623621732
47.408067498656806	36.17410252171326
47.408067498656806	36.17410252171326
30.24777227468408	5.731845071873897
30.24777227468408	5.731845071873897
24.979853132267742	75.95961225875322
24.979853132267742	75.95961225875322
27.161515810827975	5.875384639322318
27.161515810827975	5.875384639322318
27.161515810827975	5.875384639322318
19.623246560153532	17.036331308141133
19.623246560153532	17.036331308141133
24.075259346971855	6.018925681985686
24.075259346971855	6.018925681985686
16.536990096297416	17.179872350804512
16.536990096297416	17.179872350804512
18.692048463727716	96.45033029012617
18.692048463727716	96.45033029012617
18.692048463727716	96.45033029012617
50.10446011922315	44.35142126636912
50.10446011922315	44.35142126636912
42.56619086854871	55.51236793518794
42.56619086854871	55.51236793518794
44.74785502232388	84.42814179097199
44.74785502232388	84.42814179097199
39.479934404692585	55.65590897785132
39.479934404692585	55.65590897785132
41.66160003368273	84.5716813584204
41.66160003368273	84.5716813584204
41.66160003368273	84.5716813584204
36.393679416051434	55.799448545299725
36.393679416051434	55.799448545299725
65.81953454241915	1.5170700930247805
65.81953454241915	1.5170700930247805
67.37153136979549	34.16040512304972
67.37153136979549	34.16040512304972
62.4583545700959	26.992364859894685
62.4583545700959	26.992364859894685
62.4583545700959	26.992364859894685
64.56906996028474	91.18729873047066
64.56906996028474	91.18729873047066
57.101747997981676	67.0690839092826
57.101747997981676	67.0690839092826
52.401414538611164	53.06355622567705
52.401414538611164	53.06355622567705
54.01549153412556	67.21262347673101
54.01549153412556	67.21262347673101
54.01549153412556	67.21262347673101
83.4147408741484	63.2849320584236
83.4147408741484	63.2849320584236
87.22821921433456	72.7799827927599
87.22821921433456	72.7799827927599
80.04469230637685	6.545119061114449
80.04469230637685	6.545119061114449
82.1554076965657	70.74005440690537
82.1554076965657	70.74005440690537
76.95843584252074	6.688660103777828
76.95843584252074	6.688660103777828
76.95843584252074	6.688660103777828
69.98775375010709	32.616311902111775
69.98775375010709	32.616311902111775
73.87218085387958	6.832201146441196
73.87218085387958	6.832201146441196
56.92472897023596	68.55245627615132
56.92472897023596	68.55245627615132
58.547676036413606	65.91662981616938
58.547676036413606	65.91662981616938
58.547676036413606	65.91662981616938
53.847342577043094	51.91110213256382
53.847342577043094	51.91110213256382
46.66381566908538	84.67623987613334
46.66381566908538	84.67623987613334
48.20694390101344	35.10447009240914
48.20694390101344	35.10447009240914
43.57756068044423	84.81978091879671
43.57756068044423	84.81978091879671
45.12068743715733	35.248009659857544
45.12068743715733	35.248009659857544
45.12068743715733	35.248009659857544
74.51993677718016	31.320318241550133
74.51993677718016	31.320318241550133
69.32296639835016	66.26892393842259
69.32296639835016	66.26892393842259
71.43368178853902	31.4638592842135
71.43368178853902	31.4638592842135
64.2501548805813	64.22899555256805
64.2501548805813	64.22899555256805
64.2501548805813	64.22899555256805
68.0636317455525	73.72404628690435
68.0636317455525	73.72404628690435
61.16389841672518	64.37253659523142
61.16389841672518	64.37253659523142
92.22156772950389	89.66943649672368
92.22156772950389	89.66943649672368
94.4032304080641	19.58520887729277
94.4032304080641	19.58520887729277
86.87383122805292	13.961260359860734
86.87383122805292	13.961260359860734
86.87383122805292	13.961260359860734
91.32584401487125	2.943854733705286
91.32584401487125	2.943854733705286
83.78757328898185	14.104801402524114
83.78757328898185	14.104801402524114
85.68544533884159	85.13722121833564
85.68544533884159	85.13722121833564
80.98511187947108	71.13169500994503
80.98511187947108	71.13169500994503
80.98511187947108	71.13169500994503
10.843381322792965	2.082609952940005
10.843381322792965	2.082609952940005
12.998438215008319	81.35306936747664
12.998438215008319	81.35306936747664
7.73051759737702	52.58083655435596
7.73051759737702	52.58083655435596
9.912181751152199	81.49661041014001
9.912181751152199	81.49661041014001
4.6442626087358585	52.72437759701933
4.6442626087358585	52.72437759701933
4.6442626087358585	52.72437759701933
96.46073570077814	85.48951386537388
96.46073570077814	85.48951386537388
98.571451090967	50.68445068637976
98.571451090967	50.68445068637976
83.39771092090702	22.425659714628384
83.39771092090702	22.425659714628384
85.50842631109587	86.62059358520435
85.50842631109587	86.62059358520435
85.50842631109587	86.62059358520435
78.04997441945606	45.7174850529804
78.04997441945606	45.7174850529804
73.34964096008555	31.711957369374847
73.34964096008555	31.711957369374847
74.96371795559995	45.86102462042881
74.96371795559995	45.86102462042881
67.9930358631863	71.78867641876275
67.9930358631863	71.78867641876275