4.43034485505755	15.343981825974259
96.53061005101527	5.992472134301333
98.40187483931518	28.37957898408039
98.40187483931518	28.37957898408039
93.13395422168388	98.60734617095972
93.13395422168388	98.60734617095972
23.559810823266556	44.324967718684775
23.559810823266556	44.324967718684775
27.37328916345272	53.82001845302106
27.37328916345272	53.82001845302106
20.47355435941045	44.46850876134814
57.881107033652256	30.78042137728152
50.413786546564154	6.662206556093464
50.413786546564154	6.662206556093464
54.79485056979615	30.923962419944885
54.79485056979615	30.923962419944885
47.336398678156336	89.02085093729102
47.336398678156336	89.02085093729102
49.44711406834517	54.21578628308194
49.44711406834517	54.21578628308194
34.55716895263056	82.84034935130308
20.89073122670031	10.363900698979403
50.24563758948169	90.36068521192627
50.24563758948169	90.36068521192627
52.14350816412647	62.3931050277378
52.14350816412647	62.3931050277378
46.87558754649518	33.62087221461712
46.87558754649518	33.62087221461712
49.05725170027036	62.53664607040117
49.05725170027036	62.53664607040117
41.518980974380966	73.69759273922
41.518980974380966	73.69759273922
36.88959775381175	24.412903565607575
36.88959775381175	24.412903565607575
38.44159458118809	57.056237120417556
38.44159458118809	57.056237120417556
67.86745118277078	2.7738601433575543
67.86745118277078	2.7738601433575543
71.68092657252701	12.268910877693859
71.68092657252701	12.268910877693859
64.4973996645693	45.034048621263366
58.29828242572716	95.67581479012773
87.72413902730983	41.39343633785278
87.72413902730983	41.39343633785278
89.2672672592379	90.82166655412857
89.2672672592379	90.82166655412857
84.35408898432333	83.65362481575859
84.35408898432333	83.65362481575859
77.38340689190967	10.581276614092536
77.38340689190967	10.581276614092536
78.99748241220911	24.730345340361467
78.99748241220911	24.730345340361467
74.29715042805357	10.724817656755913
74.29715042805357	10.724817656755913
75.92009601901624	8.088989721559011
75.92009601901624	8.088989721559011
58.972647085802535	69.80924632648409
58.972647085802535	69.80924632648409
53.775673756542616	5.757852023356538
53.775673756542616	5.757852023356538
53.775673756542616	5.757852023356538
55.88638914673147	69.9527858939325
55.88638914673147	69.9527858939325
48.70286223877376	3.717925112716971
48.70286223877376	3.717925112716971
52.51634057895991	13.212974371838317
52.51634057895991	13.212974371838317
45.616607250132596	3.861464680165392
45.616607250132596	3.861464680165392
76.7186180649378	44.2338871751884
76.7186180649378	44.2338871751884
78.82933345512664	9.428822520979315
78.82933345512664	9.428822520979315
71.3620144432535	84.31060769979126
71.3620144432535	84.31060769979126
75.74307699127053	9.572363563642682
75.74307699127053	9.572363563642682
68.55955008331283	42.3375013072122
68.55955008331283	42.3375013072122
70.10267831524088	91.76573152348799
70.10267831524088	91.76573152348799
93.36489058455962	20.985538495073964
88.09696996692831	91.2133056819533
88.09696996692831	91.2133056819533
80.9134430589706	24.9784434255228
80.9134430589706	24.9784434255228
83.02415844915946	89.17337877131372
83.02415844915946	89.17337877131372
15.126172214394565	30.545801266336724
15.126172214394565	30.545801266336724
17.307834892954784	59.46157364690581
17.307834892954784	59.46157364690581
9.769565642280345	70.62252031572464
9.769565642280345	70.62252031572464
9.769565642280345	70.62252031572464
5.140182421711139	21.337832617327177
5.140182421711139	21.337832617327177
6.683310653639193	70.76606283360297
6.683310653639193	70.76606283360297
98.49978227046653	4.5312005771724815
98.49978227046653	4.5312005771724815
3.880847768913466	28.792954965808946
3.880847768913466	28.792954965808946
85.44562756125865	23.68244976496116
85.44562756125865	23.68244976496116
87.55634295144749	87.87738511075207
87.55634295144749	87.87738511075207
82.35937109740253	23.82598933240958
82.35937109740253	23.82598933240958
75.38868900498888	49.753641130743524
75.38868900498888	49.753641130743524
75.38868900498888	49.753641130743524
79.27311463354643	23.96953037507295
79.27311463354643	23.96953037507295
72.30243254113277	49.89718217340689
72.30243254113277	49.89718217340689
74.20030311577756	21.929601989218423
74.20030311577756	21.929601989218423
6.302315405797714	62.30202595945639
6.302315405797714	62.30202595945639
98.3316318381691	88.22967775779033
98.3316318381691	88.22967775779033
0.9457088336834941	3.37874648405925
0.9457088336834941	3.37874648405925
95.24537684952794	88.37321880045371
95.24537684952794	88.37321880045371
96.85945384504234	3.5222860515076704
96.85945384504234	3.5222860515076704
89.88877175262868	29.449937849841614
89.88877175262868	29.449937849841614
89.88877175262868	29.449937849841614
22.30118340812411	76.35102882608456
22.30118340812411	76.35102882608456
23.8531787602855	9.99436238089454
16.95344543145818	0.6428526892216132
16.95344543145818	0.6428526892216132
16.95344543145818	0.6428526892216132
20.766923771644347	10.137903423557907
20.766923771644347	10.137903423557907
13.867188967602072	0.786393731884992
13.867188967602072	0.786393731884992
8.59927130040069	71.01416091876432
8.59927130040069	71.01416091876432
10.78093397896091	0.9299332993334015
10.78093397896091	0.9299332993334015
39.5682531834815	66.16001268276516
39.5682531834815	66.16001268276516
43.70986808003952	48.613940050604725
43.70986808003952	48.613940050604725
36.810133275997245	39.26242888371684
36.810133275997245	39.26242888371684
38.353261507925296	88.69065909999263
38.353261507925296	88.69065909999263
33.723878287356094	39.40597140159517
33.723878287356094	39.40597140159517
26.185609036681644	50.56691807041399
26.185609036681644	50.56691807041399
28.367271715241873	79.48269045098309
28.367271715241873	79.48269045098309
13.122585732025476	86.50306244445353
13.122585732025476	86.50306244445353
30.74439785009961	97.91623737588482
25.804613788840165	42.102881196267404
25.804613788840165	42.102881196267404
27.915329179029005	7.297815066843363
27.915329179029005	7.297815066843363
20.448008691940903	82.17960172087028
20.448008691940903	82.17960172087028
24.829074190387853	7.441356109506741
24.829074190387853	7.441356109506741
17.361752228084793	82.32314128831868
17.361752228084793	82.32314128831868
19.472467618273633	47.518076634109605
19.472467618273633	47.518076634109605
50.60108569463867	37.53581357038003
50.60108569463867	37.53581357038003
43.63927219767331	46.678571657678084
43.63927219767331	46.678571657678084
45.53714277231809	18.710991473489614
45.53714277231809	18.710991473489614
40.269222154686794	88.93875866036893
40.269222154686794	88.93875866036893
42.45088630846199	18.854531040938024
42.45088630846199	18.854531040938024
37.182965690830684	89.08229822781735
37.182965690830684	89.08229822781735
66.60882229241336	34.79991977554239
68.15195052434142	84.22815146703314
68.15195052434142	84.22815146703314
63.49596151742733	85.29814637695834
63.49596151742733	85.29814637695834
65.39383061685716	57.33056766798483
65.39383061685716	57.33056766798483
57.85556284139768	68.49151433680366
24.47468472889125	47.62263515182254
28.359111832663743	21.838522920937006
57.71401819544513	2.8353059586689286
57.71401819544513	2.8353059586689286
57.71401819544513	2.8353059586689286
59.328093715744565	16.984374684937848
59.328093715744565	16.984374684937848
54.67210470883047	18.054371070078005
54.67210470883047	18.054371070078005
47.13383545815603	29.21531921411179
47.13383545815603	29.21531921411179
49.03170603280081	1.2477390299233089
49.03170603280081	1.2477390299233089
44.331372573430315	86.2422098711028
44.331372573430315	86.2422098711028
45.9454495689447	1.3912785973717292
45.9454495689447	1.3912785973717292
75.30035740694105	81.3880631103186
75.30035740694105	81.3880631103186
70.10338555289609	17.336667331976102
70.10338555289609	17.336667331976102
70.10338555289609	17.336667331976102
72.21410094308493	81.53160267776703
72.21410094308493	81.53160267776703
67.02599768448826	0.6953131883886169
67.02599768448826	0.6953131883886169
69.1367130746771	64.89024853417953
69.1367130746771	64.89024853417953
61.95318616671939	97.65538627774905
61.95318616671939	97.65538627774905
93.01085547949809	23.952286179241295
93.01085547949809	23.952286179241295
95.19251963327328	52.86805855981039
95.19251963327328	52.86805855981039
87.65424890738387	64.02900522862922
87.65424890738387	64.02900522862922
87.65424890738387	64.02900522862922
92.07965738307229	4.366285161226342
92.07965738307229	4.366285161226342
84.61233689598417	79.24807034003828
84.61233689598417	79.24807034003828
86.72305228617303	44.443005685829206
86.72305228617303	44.443005685829206
81.80987401125846	37.27496247224427
81.80987401125846	37.27496247224427
64.294836444569	84.2285139476542
64.294836444569	84.2285139476542
66.47650059834419	14.144286328223304
66.47650059834419	14.144286328223304
61.20858145592785	84.37205351510262
61.20858145592785	84.37205351510262
61.20858145592785	84.37205351510262
63.39024413448807	14.28782737088667
63.39024413448807	14.28782737088667
58.131192112305065	67.73069937151514
58.131192112305065	67.73069937151514
51.23145878347775	58.37918967984221
51.23145878347775	58.37918967984221
52.774587015405814	8.807418420903057
52.774587015405814	8.807418420903057
84.18699867090123	55.708509397146
84.18699867090123	55.708509397146
86.29771406109008	20.90344474293692
86.29771406109008	20.90344474293692
78.83039357400197	95.78522992174888
78.83039357400197	95.78522992174888
74.17440309187293	96.85522483167408
74.17440309187293	96.85522483167408
75.71753132380098	47.28345652316482
75.71753132380098	47.28345652316482
68.81779947018863	37.93194683149189
68.81779947018863	37.93194683149189
72.63127485994488	47.42699609061323
72.63127485994488	47.42699609061323
2.773337882397155	35.261265073580724
2.773337882397155	35.261265073580724
4.884053272585995	0.45620041937164146
4.884053272585995	0.45620041937164146
98.68708141854104	35.40480611624409
98.68708141854104	35.40480611624409
91.72526939679064	44.547562728327186
91.72526939679064	44.547562728327186
95.60969355013322	18.763451972656608
95.60969355013322	18.763451972656608
88.63901293293452	44.69110377099055
88.63901293293452	44.69110377099055
90.25308845323396	58.84017102204452
90.25308845323396	58.84017102204452
22.878344924273442	98.9037760530519
22.878344924273442	98.9037760530519
15.694818016315732	32.66891379662141
15.694818016315732	32.66891379662141
17.237946248243787	82.09714253768225
17.237946248243787	82.09714253768225
12.581957241329695	83.1671389228224
12.581957241329695	83.1671389228224
14.196032761629128	97.31620764909133
14.196032761629128	97.31620764909133
14.196032761629128	97.31620764909133
7.225350669215475	24.243859447425276
7.225350669215475	24.243859447425276
91.05161197437047	94.9850684756739
91.05161197437047	94.9850684756739
93.1623273645593	60.180003821464815
93.1623273645593	60.180003821464815
85.9788004566016	92.94514156503432
85.9788004566016	92.94514156503432
89.79227732157281	3.4401922993706244
89.79227732157281	3.4401922993706244
82.90141258819378	76.30378742144684
82.90141258819378	76.30378742144684
77.63349197056249	47.53155460832617
77.63349197056249	47.53155460832617
79.81515612433766	76.44732698889526
79.81515612433766	76.44732698889526
9.602475328858262	42.677406372327006
9.602475328858262	42.677406372327006
14.05448811567658	31.66000074617156
14.05448811567658	31.66000074617156
6.5162203402170995	42.82094741499038
6.5162203402170995	42.82094741499038
8.414089439646926	14.853367230801906
8.414089439646926	14.853367230801906
3.7581004327328444	15.923363615942062
3.7581004327328444	15.923363615942062
95.2198311820584	27.08431028476088
95.2198311820584	27.08431028476088
33.69833114467159	77.11706141068738
33.69833114467159	77.11706141068738
35.80904653486043	42.31199675647831
35.80904653486043	42.31199675647831
94.05416496012569	61.265429048901375
94.05416496012569	61.265429048901375
87.08348286771204	87.19308084723532
87.08348286771204	87.19308084723532
90.96790997148453	61.408968616349796
90.96790997148453	61.408968616349796
83.99722640385592	87.33662041468374
83.99722640385592	87.33662041468374
85.90396557394901	42.58414651945937
85.90396557394901	42.58414651945937
80.63604495631772	13.811913706338686
80.63604495631772	13.811913706338686
11.061901557900386	58.529536729278696
11.061901557900386	58.529536729278696
12.605029789828441	8.957765470339528
12.605029789828441	8.957765470339528
7.975645094044266	58.6730762967271
7.975645094044266	58.6730762967271
7.975645094044266	58.6730762967271
9.518773325972331	9.101305037787949
9.518773325972331	9.101305037787949
2.6190399971450153	98.74979682132998
2.6190399971450153	98.74979682132998
96.35112085472868	69.9775640082093
96.35112085472868	69.9775640082093
98.22238564302859	92.36466938277341
98.22238564302859	92.36466938277341
28.648240769396295	38.08229093049846
28.648240769396295	38.08229093049846
32.4617176343675	47.57734314004971
32.4617176343675	47.57734314004971
32.4617176343675	47.57734314004971
25.56198430554019	38.22583197316183
20.29406368790889	9.453600635256107
20.29406368790889	9.453600635256107
22.47572784168407	38.3693730158252
22.47572784168407	38.3693730158252
22.47572784168407	38.3693730158252
14.946327186457921	32.74542449839316
14.946327186457921	32.74542449839316
19.114546394145858	63.844664832265195
48.46945423214219	44.84144934521208
48.46945423214219	44.84144934521208
50.083531227656586	58.99051807148099
50.083531227656586	58.99051807148099
45.38319776828608	44.98499038787544
45.38319776828608	44.98499038787544
45.38319776828608	44.98499038787544
37.91587728119798	20.866774091472443
37.91587728119798	20.866774091472443
40.02659267138682	85.06170943726336
40.02659267138682	85.06170943726336
34.82962081734186	21.010316609350767
34.82962081734186	21.010316609350767
36.700885605641766	43.397421983914874
36.700885605641766	43.397421983914874
19.753435197213108	6.117677113624984
19.753435197213108	6.117677113624984
14.556464818383107	41.0662842857124
14.556464818383107	41.0662842857124
16.667180208571946	6.261218156288362
16.667180208571946	6.261218156288362
11.470208354526997	41.20982385316081
11.470208354526997	41.20982385316081
13.580923744715838	6.40475919895173
13.580923744715838	6.40475919895173
6.1224718530760285	64.50164919151283
6.1224718530760285	64.50164919151283
37.747728324115506	5.565254222520196
37.747728324115506	5.565254222520196
39.6455988987603	76.59767403833173
39.6455988987603	76.59767403833173
32.1073281728709	87.75862070715056
32.1073281728709	87.75862070715056
36.55934243490418	76.74121360578015
36.55934243490418	76.74121360578015
29.02107318422974	87.90216027459897
29.02107318422974	87.90216027459897
31.20273733800492	17.817934130383012
31.20273733800492	17.817934130383012
31.20273733800492	17.817934130383012
25.934816720373632	88.0457027924773
25.934816720373632	88.0457027924773
55.334067535611425	84.11800842373997
55.334067535611425	84.11800842373997
57.23193663504125	56.15042971476645
57.23193663504125	56.15042971476645
51.96401749262491	27.378196901645772
51.96401749262491	27.378196901645772
54.1456816464001	56.29397075742982
54.1456816464001	56.29397075742982
48.8777610287688	27.521737944309148
48.8777610287688	27.521737944309148
41.978027699941485	18.170228252636225
41.978027699941485	18.170228252636225
43.530024527317835	50.813561807446206
43.530024527317835	50.813561807446206
75.2262282867287	55.598005348446705
75.2262282867287	55.598005348446705
76.76935651865675	6.026234089507549
76.76935651865675	6.026234089507549
69.58582961069905	38.79137330829201
69.58582961069905	38.79137330829201
64.8854976265435	24.78584562468647
64.8854976265435	24.78584562468647
64.8854976265435	24.78584562468647
66.49957462205789	38.93491287574043
66.49957462205789	38.93491287574043
59.52889252964424	64.86256467407438
63.413318158201776	39.0784539184038
63.413318158201776	39.0784539184038
46.51021072701457	16.874233116859624
46.51021072701457	16.874233116859624
41.242290109383276	87.1020017789539
41.242290109383276	87.1020017789539
43.14016215924302	59.134421594765435
36.16947859161441	85.06207339309938
36.16947859161441	85.06207339309938
36.16947859161441	85.06207339309938
40.05390422017195	59.27796116221384
40.05390422017195	59.27796116221384
33.083223602973256	85.20561443576274
33.083223602973256	85.20561443576274
34.69730059848765	0.35468168681671775
34.69730059848765	0.35468168681671775
66.33142418976045	23.63339153157324
66.33142418976045	23.63339153157324
66.33142418976045	23.63339153157324
58.86410370267236	98.51517523517023
58.86410370267236	98.51517523517023
60.97481909286121	63.71011058096114
60.97481909286121	63.71011058096114
56.0616422931616	56.54206884259116
56.0616422931616	56.54206884259116
57.6047690498747	6.970299058866954
57.6047690498747	6.970299058866954
50.70503572104738	96.61878789197908
50.70503572104738	96.61878789197908
50.70503572104738	96.61878789197908
81.80704801106754	37.991211862217035
81.80704801106754	37.991211862217035
83.91776340125638	3.186145732792993
83.91776340125638	3.186145732792993
78.72079154721142	38.134752904880415
78.72079154721142	38.134752904880415
80.83150693740026	3.32968825067133
80.83150693740026	3.32968825067133
80.83150693740026	3.32968825067133
73.64798002944255	36.09482599424084
73.64798002944255	36.09482599424084
68.38005941181126	7.322593181120165
68.38005941181126	7.322593181120165
70.5617250408014	36.23836556168926
70.5617250408014	36.23836556168926
0.3490442453219904	2.468443469906049
0.3490442453219904	2.468443469906049
4.809925627588613	73.66614265749975
4.809925627588613	73.66614265749975
96.27165637691418	84.82708932631857
96.27165637691418	84.82708932631857
98.45332053068935	14.742861706887654
98.45332053068935	14.742861706887654
93.18539991305805	84.97063036898193
93.18539991305805	84.97063036898193
86.00187300510035	18.735768112551447
86.00187300510035	18.735768112551447
88.11258839528918	82.9307019831274
88.11258839528918	82.9307019831274
72.9122439140993	6.026598045343566
72.9122439140993	6.026598045343566
75.09390806787448	34.942371901127615
75.09390806787448	34.942371901127615
69.82598745024319	6.170139088006945
69.82598745024319	6.170139088006945
62.92625412141587	95.81862939633402
62.92625412141587	95.81862939633402
64.46938235334393	46.24685813739485
64.46938235334393	46.24685813739485
59.55620407842936	39.07881639902487
59.55620407842936	39.07881639902487
59.55620407842936	39.07881639902487
61.666919468618204	4.2737517448157885
61.666919468618204	4.2737517448157885
90.52518743672513	34.22466963824067
90.52518743672513	34.22466963824067
85.83372404801788	3.4342467683842557
85.83372404801788	3.4342467683842557
87.44780104353227	17.583314019438227
87.44780104353227	17.583314019438227
80.47711895111861	43.510965817772174
84.36154457967616	17.726855062101595
84.36154457967616	17.726855062101595
77.39086101204755	43.65450538522058
77.39086101204755	43.65450538522058
79.2887330619073	15.68692667624707
79.2887330619073	15.68692667624707
11.390745351927443	56.05934917127008
11.390745351927443	56.05934917127008
4.420063259513789	81.98700096960403
4.420063259513789	81.98700096960403
8.304488888071333	56.20289021393344
8.304488888071333	56.20289021393344
1.3338053204427214	82.13054348748234
2.9478823159571137	96.27960926332136
2.9478823159571137	96.27960926332136
97.24755033180158	82.27408305493077
97.24755033180158	82.27408305493077
27.38961335425385	70.10835203789824
27.38961335425385	70.10835203789824
28.932741586181905	20.53658225417405
28.932741586181905	20.53658225417405
28.932741586181905	20.53658225417405
24.31222548584602	53.466997894310765
24.31222548584602	53.466997894310765
25.85535224255913	3.895228110586554
25.85535224255913	3.895228110586554
18.95561891373181	93.54371694369868
18.95561891373181	93.54371694369868
13.687699771315472	64.77148560579296
13.687699771315472	64.77148560579296
13.687699771315472	64.77148560579296
15.869362449875691	93.68725798636206
15.869362449875691	93.68725798636206
0.6246764666593047	1.7076299798325003
0.6246764666593047	1.7076299798325003
2.495941254959213	24.094735354396597
2.495941254959213	24.094735354396597
94.59620645091694	14.743227137938641
94.59620645091694	14.743227137938641
89.32828583328563	84.97099432481797
89.32828583328563	84.97099432481797
89.32828583328563	84.97099432481797
91.5099514622758	14.886766705387052
91.5099514622758	14.886766705387052
83.97168073638638	26.047713374205866
83.97168073638638	26.047713374205866
88.42369499841966	15.030306272835471
88.42369499841966	15.030306272835471
18.21101420294026	80.26038713148218
18.21101420294026	80.26038713148218
20.108884777585043	52.2928069472937
20.108884777585043	52.2928069472937
20.108884777585043	52.2928069472937
15.417419913662833	21.5023840774373
15.417419913662833	21.5023840774373
7.950099426574731	96.38416925624924
7.950099426574731	96.38416925624924
10.060814816763571	61.5791031268252
10.060814816763571	61.5791031268252
4.863842962718611	96.52770882369767
4.863842962718611	96.52770882369767
4.863842962718611	96.52770882369767
6.9745583529074615	61.72264416948858
6.9745583529074615	61.72264416948858
38.103177904487445	51.740381105759006
38.103177904487445	51.740381105759006
30.893043734969904	35.86020440808109
30.893043734969904	35.86020440808109
33.003759125158744	1.05513975387201
33.003759125158744	1.05513975387201
27.806787271113794	36.00374545074447
27.806787271113794	36.00374545074447
27.806787271113794	36.00374545074447
29.917502661302635	1.1986807965353887
29.917502661302635	1.1986807965353887
22.450182174214532	76.08046450013238
22.450182174214532	76.08046450013238
54.07543864525401	17.14406953113976
54.07543864525401	17.14406953113976
55.68951564076841	31.29313825740868
55.68951564076841	31.29313825740868
55.68951564076841	31.29313825740868
48.71883354835476	57.22078858052767
48.71883354835476	57.22078858052767
52.895921351490976	71.53513667857875
52.895921351490976	71.53513667857875
45.35765210081654	82.69608334739758
45.35765210081654	82.69608334739758
47.53931625459172	12.61185572796667
47.53931625459172	12.61185572796667
42.27139563696043	82.83962291484599
42.27139563696043	82.83962291484599
42.27139563696043	82.83962291484599
25.394895467333054	10.280718029764197
25.394895467333054	10.280718029764197
29.20837233230426	19.775767288885532
29.20837233230426	19.775767288885532
22.308637528261986	10.424257597212605
22.308637528261986	10.424257597212605
24.17990379177685	32.811364446991675
24.17990379177685	32.811364446991675
24.17990379177685	32.811364446991675
18.911983174145554	4.039131633870992
18.911983174145554	4.039131633870992
12.012249845318237	93.68762194219808
12.012249845318237	93.68762194219808
13.555378077246292	44.11585068325891
13.555378077246292	44.11585068325891
45.25158183665716	48.90029274904447
45.25158183665716	48.90029274904447
46.79471006858521	98.32852444053522
46.79471006858521	98.32852444053522
46.79471006858521	98.32852444053522
39.89497821497285	88.97701474886229
39.89497821497285	88.97701474886229
34.635926192789846	43.41988674949076
34.635926192789846	43.41988674949076
36.533796767434644	15.452306565302287
36.533796767434644	15.452306565302287
29.563113199806033	41.379958363636234
29.563113199806033	41.379958363636234
29.563113199806033	41.379958363636234
33.44754030357853	15.595846132750696
33.44754030357853	15.595846132750696
62.80244814157486	95.59263064569758
62.80244814157486	95.59263064569758
67.04161463763417	91.41271096477769
51.79692865441779	98.43308148303318
51.79692865441779	98.43308148303318
53.978591332978006	28.348855338817227
53.978591332978006	28.348855338817227
48.71067071534671	98.57662252569656
48.71067071534671	98.57662252569656
50.892334869121896	28.49239490626565
50.892334869121896	28.49239490626565
43.398408595688906	54.72886564383017
43.398408595688906	54.72886564383017
43.398408595688906	54.72886564383017
38.69807513631841	40.72333943543958
38.69807513631841	40.72333943543958
60.13336706979365	61.63156362599221
60.13336706979365	61.63156362599221
89.27542861703097	49.46583260895969
89.27542861703097	49.46583260895969
91.38614400721981	14.660767954750607
91.38614400721981	14.660767954750607
86.18917215317487	49.60937512683802
79.21849006076121	75.53702692517197
79.21849006076121	75.53702692517197
80.80596126993072	41.04077973497851
80.80596126993072	41.04077973497851
80.80596126993072	41.04077973497851
76.17657657414655	90.7560905613661
76.17657657414655	90.7560905613661
77.7197048060746	41.18432077764188
77.7197048060746	41.18432077764188
7.861767828526895	29.01858976060937
7.861767828526895	29.01858976060937
3.1614343691563827	15.01306207700382
3.1614343691563827	15.01306207700382
4.775509889455817	29.16212932805778
4.775509889455817	29.16212932805778
4.775509889455817	29.16212932805778
96.81369786770541	38.30488594014087
96.81369786770541	38.30488594014087
1.6981234962629577	12.520775184470295
1.6981234962629577	12.520775184470295
93.72744287906426	38.4484284580192
93.72744287906426	38.4484284580192
78.55370270900428	10.189637486267822
78.55370270900428	10.189637486267822
80.66441809919314	74.38457283205874
80.66441809919314	74.38457283205874
80.66441809919314	74.38457283205874
73.48088971602047	8.149709100413297
73.48088971602047	8.149709100413297
77.29436805620662	17.644761309964547
77.29436805620662	17.644761309964547
70.39463472737931	8.293250143076666
70.39463472737931	8.293250143076666
71.98210593654882	72.79700442809816
71.98210593654882	72.79700442809816
71.98210593654882	72.79700442809816
67.28177247717832	58.79147674449262
67.28177247717832	58.79147674449262
96.14004192050021	88.74239316270254
96.14004192050021	88.74239316270254
98.25075731068905	53.937328508493465
98.25075731068905	53.937328508493465
93.33757903577448	46.76928677012347
93.33757903577448	46.76928677012347
94.88070579248759	96.1975155111843
94.88070579248759	96.1975155111843
94.88070579248759	96.1975155111843
87.98097246366027	86.84600729472635
87.98097246366027	86.84600729472635
82.72192191669222	41.28887929535482
82.72192191669222	41.28887929535482
84.9035860704674	70.2046516759239
84.9035860704674	70.2046516759239
16.9612553832461	95.50155010220121
16.9612553832461	95.50155010220121
16.9612553832461	95.50155010220121
19.14291806180632	25.41732395798525
19.14291806180632	25.41732395798525
11.60464881113188	36.57827062680406
11.60464881113188	36.57827062680406
6.691470536217314	29.410230363649042
6.691470536217314	29.410230363649042
8.802185926406153	93.605164234225
8.802185926406153	93.605164234225
8.802185926406153	93.605164234225
1.3082611281881333	20.841633496574566
1.3082611281881333	20.841633496574566
5.760273915006464	9.824229345634077
5.760273915006464	9.824229345634077
34.54759311952705	75.05430725385087
34.54759311952705	75.05430725385087
36.7292587485172	4.970079634419961
36.7292587485172	4.970079634419961
31.461338130885903	75.1978468212993
31.461338130885903	75.1978468212993
31.461338130885903	75.1978468212993
24.277811222928193	8.962984564868806
24.277811222928193	8.962984564868806
26.388526613117033	73.15791991065973
26.388526613117033	73.15791991065973
21.20042187930541	91.32163042128131
21.20042187930541	91.32163042128131
23.31113874470922	56.51656576707223
23.31113874470922	56.51656576707223
23.31113874470922	56.51656576707223
81.55625716997447	75.46999658428034
81.55625716997447	75.46999658428034
74.58557360234586	2.397648382614286
74.58557360234586	2.397648382614286
76.19965059786026	16.546717108883215
76.19965059786026	16.546717108883215
71.4993186137047	2.5411894252776643
71.4993186137047	2.5411894252776643
73.39718771313454	73.57361071630416
73.39718771313454	73.57361071630416
73.39718771313454	73.57361071630416
65.90326143970157	0.8100799786537185
65.90326143970157	0.8100799786537185
97.52851791074103	40.873683534446144
97.52851791074103	40.873683534446144
0.1425949062554278	55.022752260715066
0.1425949062554278	55.022752260715066
92.17191281384177	80.95040553426396
92.17191281384177	80.95040553426396
92.17191281384177	80.95040553426396
96.05633844239932	55.16629182816347
96.05633844239932	55.16629182816347
89.08565634998567	81.0939451017124
89.08565634998567	81.0939451017124
90.98352692463045	53.12636491752391
90.98352692463045	53.12636491752391
85.72447490244744	7.5692369181523755
85.72447490244744	7.5692369181523755
16.150331504030127	52.28685994109239
16.150331504030127	52.28685994109239
16.150331504030127	52.28685994109239
19.963808369001324	61.781910675428676
19.963808369001324	61.781910675428676
13.064075040174005	52.430399508540795
13.064075040174005	52.430399508540795
14.60720327210206	2.8586297248165953
14.60720327210206	2.8586297248165953
9.977818576317897	52.57394202641913
9.977818576317897	52.57394202641913
9.977818576317897	52.57394202641913
2.4395508008584152	63.73488869523795
2.4395508008584152	63.73488869523795
4.310815589158324	86.12199406980206
4.310815589158324	86.12199406980206
36.00701934856918	90.9064361355876
36.00701934856918	90.9064361355876
37.550147580497246	41.334666351863405
37.550147580497246	41.334666351863405
37.550147580497246	41.334666351863405
30.65041425166993	31.983156660190478
30.65041425166993	31.983156660190478
25.38249510925359	3.210923847069796
25.38249510925359	3.210923847069796
27.56415778781381	32.12669622763889
27.56415778781381	32.12669622763889
22.29623717018251	3.3544634145182166
22.29623717018251	3.3544634145182166
24.202976340275598	57.6019909945088
24.202976340275598	57.6019909945088
24.202976340275598	57.6019909945088
7.255527407061885	20.322246124218907
7.255527407061885	20.322246124218907
2.058555553016925	55.27085182109137
2.058555553016925	55.27085182109137
4.169270943205776	20.465785691667328
4.169270943205776	20.465785691667328
95.70194898090271	95.34757087047927
95.70194898090271	95.34757087047927
95.70194898090271	95.34757087047927
1.083014479349656	20.609328209545655
1.083014479349656	20.609328209545655
92.61569399226155	95.49111191314265
92.61569399226155	95.49111191314265
94.48695878056147	18.87821728770675
94.48695878056147	18.87821728770675
27.112215251600947	58.94182231871414
27.112215251600947	58.94182231871414
19.64489328929789	34.82360749752608
19.64489328929789	34.82360749752608
19.64489328929789	34.82360749752608
21.755608679486727	0.018542843316998403
21.755608679486727	0.018542843316998403
16.558638300656728	34.9671470649745
16.558638300656728	34.9671470649745
18.66935369084558	0.16208241076541896
18.66935369084558	0.16208241076541896
13.472381836800617	35.11068958285283
13.472381836800617	35.11068958285283
13.472381836800617	35.11068958285283
42.83615827024524	98.32257743433388
42.83615827024524	98.32257743433388
44.73402884489004	70.35499872536037
44.73402884489004	70.35499872536037
39.466108227258744	41.58276591223971
39.466108227258744	41.58276591223971
41.64777238103392	70.49853829280879
41.64777238103392	70.49853829280879
34.10950165514452	81.65948496162761
34.10950165514452	81.65948496162761
34.10950165514452	81.65948496162761
29.480118434575306	32.37479578801519
29.480118434575306	32.37479578801519
31.023246666503372	81.80302600429098
31.023246666503372	81.80302600429098
60.42249600652621	77.87533311076861
60.42249600652621	77.87533311076861
64.59071668942909	9.974573444640644
64.59071668942909	9.974573444640644
64.59071668942909	9.974573444640644
57.0524459635397	21.13552011345946
57.0524459635397	21.13552011345946
59.234110117314884	50.05129396924351
59.234110117314884	50.05129396924351
53.966190974898545	21.27906115612284
53.966190974898545	21.27906115612284
47.06645617085627	11.927551464449913
47.06645617085627	11.927551464449913
50.87993451104242	21.422602198786205
50.87993451104242	21.422602198786205
50.87993451104242	21.422602198786205
34.01230146164839	31.07880065223859
34.01230146164839	31.07880065223859
23.671569326248225	0.2666409284783444
23.671569326248225	0.2666409284783444
25.28564632176263	14.415709654747275
20.585314337607073	0.41018197114172317
20.585314337607073	0.41018197114172317
22.19939133312147	14.559249222195684
22.19939133312147	14.559249222195684
22.19939133312147	14.559249222195684
51.5986406731443	10.631557803888272
51.5986406731443	10.631557803888272
46.33072005551302	80.85932499076759
46.33072005551302	80.85932499076759
48.228590630157804	52.89174628179408
48.228590630157804	52.89174628179408
41.25790853774415	78.81939808012802
41.25790853774415	78.81939808012802
41.25790853774415	78.81939808012802
45.14233416630168	53.03528584924249
45.14233416630168	53.03528584924249
38.171652073888026	78.96293764757644
38.171652073888026	78.96293764757644
69.30027162546803	68.98067605906182
69.30027162546803	68.98067605906182
71.4198541358902	17.39071474338693
71.4198541358902	17.39071474338693
63.952533648802095	92.27249992219888
63.952533648802095	92.27249992219888
63.952533648802095	92.27249992219888
68.33359767203409	17.534255786050295
68.33359767203409	17.534255786050295
61.15007076407638	50.29939352961981
61.15007076407638	50.29939352961981
62.69319899600443	0.7276222706806431
62.69319899600443	0.7276222706806431
58.063815775435216	50.442933097068234
58.063815775435216	50.442933097068234
58.063815775435216	50.442933097068234
86.8511349799558	16.673012480499974
86.8511349799558	16.673012480499974
89.00619187217116	95.94347041982164
89.00619187217116	95.94347041982164
83.80922149334116	31.892077591909057
83.80922149334116	31.892077591909057
85.91993688353	96.08701146248502
85.91993688353	96.08701146248502
78.73640997557229	29.852149206054534
78.73640997557229	29.852149206054534
78.73640997557229	29.852149206054534
73.468489357941	1.0799163929338547
73.468489357941	1.0799163929338547
75.65015351171618	29.995690248717903
75.65015351171618	29.995690248717903
60.405466053284826	37.016062242188355
60.405466053284826	37.016062242188355
62.595998802508305	49.14693943650658
62.595998802508305	49.14693943650658
55.05772807661891	60.30788610532541
55.05772807661891	60.30788610532541
55.05772807661891	60.30788610532541
50.42834485604969	11.023196931712986
50.42834485604969	11.023196931712986
51.97147308797775	60.451427147988774
51.97147308797775	60.451427147988774
44.787946180020036	93.21656341634333
44.787946180020036	93.21656341634333
49.16901020325203	18.478319280194754
49.16901020325203	18.478319280194754
49.16901020325203	18.478319280194754
78.02727817135896	48.42923717361963
78.02727817135896	48.42923717361963
80.18233653878926	28.699695112941303
80.18233653878926	28.699695112941303
74.91441739637293	98.92746229982062
74.91441739637293	98.92746229982062
68.01468259233064	89.5759526081477
68.01468259233064	89.5759526081477
71.82816093251681	0.07100334248400209
71.82816093251681	0.07100334248400209
71.82816093251681	0.07100334248400209
64.6446340245591	32.836141086053516
64.6446340245591	32.836141086053516
66.75534941474794	97.03107495662948
66.75534941474794	97.03107495662948
97.88396601589803	87.04881336811486
97.88396601589803	87.04881336811486
90.92215251893266	96.19156998019794
90.92215251893266	96.19156998019794
90.92215251893266	96.19156998019794
92.53622951444706	11.340637231251916
92.53622951444706	11.340637231251916
87.8358975302915	96.33511102286133
87.8358975302915	96.33511102286133
89.4499745258059	11.484178273915283
89.4499745258059	11.484178273915283
82.47929243339225	37.41183007224923
82.47929243339225	37.41183007224923
14.89170261367271	84.31291957327723
14.89170261367271	84.31291957327723
14.89170261367271	84.31291957327723
16.434832320815723	34.74115126476797
16.434832320815723	34.74115126476797
9.508493205643529	75.74432565663267
9.508493205643529	75.74432565663267
13.392918834201074	49.96021490096209
13.392918834201074	49.96021490096209
6.422235266572461	75.88786669929604
6.422235266572461	75.88786669929604
6.422235266572461	75.88786669929604
1.225263412527501	11.836472396168496
1.225263412527501	11.836472396168496
3.335980277931299	76.03140626674445
3.335980277931299	76.03140626674445
85.17568505395859	45.589148816905094
85.17568505395859	45.589148816905094
88.98916191892978	55.08419955124138
88.98916191892978	55.08419955124138
82.09829718555076	28.947794673317606
82.09829718555076	28.947794673317606
82.09829718555076	28.947794673317606
83.64142541747883	78.37602341437844
83.64142541747883	78.37602341437844
79.0120421969096	29.091334240766017
79.0120421969096	29.091334240766017
71.47377147102021	40.25228090958485
71.47377147102021	40.25228090958485
73.65543562479539	69.1680547653689
73.65543562479539	69.1680547653689
73.65543562479539	69.1680547653689
5.713104937574086	94.46495319164619
5.713104937574086	94.46495319164619
7.610975512218872	66.49737448267267