34.92193187567216	-3.5834489922366632
56.19467095437316	-0.6387226807947162
70.27209254452752	-12.482819241760943
59.08858563760709	10.710892734034553
56.423671946206795	3.40335487632884
65.00492352908431	1.2675220478867608
34.22663314567416	11.411225698070778
72.02802768924312	9.855085690384616
58.22457720500211	7.749444789943401
57.62244008486592	0.25445726759947007
60.42743608392199	8.347834295751106
46.764700703910464	-0.3151296247282165
47.245454105298634	8.65660821837888
74.98760873975695	-5.8358035871628395
66.539944661393	13.258083652920835
55.93548130581642	-2.8756338069053804
66.72999483949255	-13.631180355668015
49.38414467360995	11.44795203071463
55.63005811808537	-7.091753113389432
65.82918352935711	9.70170538693534
44.77678819610669	5.937332491108263
50.6229744096294	-7.275407756597756
58.66594360407805	5.496578022027897
48.2255090943141	10.610809510957544
46.08148577267351	10.354524255688007
48.86994513735178	20.980541600140132
38.45315993536828	6.661924587324519
73.06136417688245	3.7782640682663917
37.22818849477913	-12.11856440028264
59.957540384099914	10.343120588464867
48.499158735333374	4.198600729915011
68.26998107134294	7.568795070616305
63.2752526185063	9.119761075170556
54.98594530985554	16.65978689498597
38.60961466121813	11.555819644263144
29.264833374549717	12.106545611118408
52.79560894748611	20.373543384644208
39.582426754858716	-5.87076094851389
59.006487149005835	19.375539760619642
46.54805752268888	22.7098023272018
56.6186408228885	6.941800895508969
46.088840780530106	-8.95171601668433
66.41044650897592	5.994689073642524
60.132602205767554	7.980592658774299
32.64877820345934	-1.598187875982834
63.38667592698702	19.23684251375773
42.1758063469965	-3.3283564688116023
43.68402539714774	5.431670215623694
52.842122400525994	8.23835831894939
42.7963633955337	13.659296767763283
47.710761090131236	17.752225290854106
43.39448602840833	22.26129673287769
61.71889286914523	19.50095569540685
40.87368775583074	9.714743064955982
51.59176190818306	-7.802137227057818
63.808301388481546	24.88069134319154
66.71529147698482	1.7706621869752945
67.78944793674027	-0.5844902497268603
61.07185678048872	4.843907203638423
85.9234700199025	-4.157668550446788
55.77515443788899	-1.0586925578245445
56.672080417777536	16.19327585899285
75.81498837369588	14.763061922380846
56.77044029692385	4.800623373208618
53.86952372698624	13.549335181990024
69.77342120012636	-2.2959890249709485
58.577330036538235	-0.3027607888009882
49.591793081423006	13.421840165809023
35.808286905201015	-1.7664116865049397
71.12253891927313	13.751536907794119
52.24380566468582	1.5512859270940158
56.432825602731484	13.343632196315262
63.47104880305685	1.6613569245600015
61.21971034393796	12.221272068922872
44.048526225624585	9.95686834266037
48.89401298535781	-1.0532928670056467
53.87647144503977	2.078024040695568
36.74623987925618	16.319516021336725
49.965177881353355	-9.626129788896776
55.55569735560028	-5.7798575223537885
40.17607924734104	8.589725498714541
56.08231525428992	18.616740629471852
38.14334099672644	16.43299392491365
63.52402732794326	1.1216940788370788
41.5289269796514	16.128814755698976
42.950376000395764	11.757085151829056
49.041881173919485	14.918557700307204
32.35479159192594	7.582581948917788
58.48790160718335	21.517314599342992
59.27936457516459	3.550187511675343
63.43956957597479	-7.284927861194097
38.49082627979145	14.44583459591768
55.94833923569746	5.170742029138456
64.83444439959365	15.477003900486581
51.15694170497967	-0.035452933118908625
60.262374656956	10.595618622650255
47.45606593226279	9.40888494251399
51.34917826048538	10.274453228864916
63.24439472581579	15.322741165820272
39.93521156589246	13.984812552324573
74.02118032147939	9.970096817528004
53.52953382851458	-12.361651637318069
36.64194640131103	4.031328886289881
62.889960286015935	22.316497755315538
58.490881141603595	4.418193246397198
75.32352276121482	9.577341810817853
54.1663463316402	14.433265427383496
52.33669996221811	-9.19535420474141
70.10801371477152	-0.9465171378911297
43.53280400399676	-2.793642169511932
57.58156752302013	15.165554279512193
53.57712005609819	-1.0502747599999491
66.01360207148235	24.053766311868568
60.55744500185705	-3.9634475507410407
40.70748743847188	-3.903775663388844
46.671128132518255	-7.96010367274258
28.73473091210213	11.0114993327435
43.20808103612888	4.737828840687673
52.59850803967579	6.176822754561727
69.34300753847462	14.573956136766345
43.26790429712665	6.196628962076506
55.9539928992604	3.1283596668019626
59.209057611745216	25.75603443924175
57.89914738524969	30.592483900983854
51.32149567021538	9.316526933951799
43.74638391234103	5.686645028228387
40.99747029706837	6.350847745103404
57.0653686650988	23.156956262457115
63.34819269460363	25.9713837571014
44.45263203916633	18.52930786765745
47.10654401311924	30.573943904328438
61.548377033146124	-0.21410554629482625
55.76638911622485	9.82219189914965
67.01470452923739	21.225202220517794
54.219675951499326	12.197074924672355
60.111519534140925	3.8456806103368395
57.183346830718385	-5.569107382183896
56.306451025586526	8.83881773168813
66.10783079251229	14.961526343639914
57.10321626221744	5.406558309561239
61.758438968019945	-0.4065657722715077
43.77125861549645	14.40147247581237
49.947431926630735	-1.5539438076686523
38.68921794154477	1.8853138711917543
54.894198365766876	3.413705354040255
53.047761312752016	8.784949873517597
74.43990614846463	1.4120771348175243
56.2310317664527	22.02996367161342
43.78813864493638	17.50705401375386
54.51264110099596	12.315603998692085
59.37748736196734	14.21829034638442
70.13396664490699	-4.589562923714563
30.880564045711626	16.71826318932601
39.042870419079485	10.580483455058861
59.9878755085268	1.5058460747065272
41.82118535442682	3.75228664491713
63.16678002454772	15.746578039275475
45.55474838678661	-2.10497143886535
44.74394542840279	7.43998404094792
32.758243820537636	18.783725935644075
46.12687023135515	2.3123694102836954
56.29803147343215	13.141664732306907
52.90806257025718	15.843415424441254
41.07645239877017	11.377930535689458
61.28386430692888	15.551238746630268
47.34003889174004	5.355092351034174
35.585183380520476	21.898512507243836
50.309397018572696	26.947590584756227
42.8108757326365	19.10691269641415
51.25150354750753	4.1980455629383675
64.60006220482339	0.15904585975752372
67.2771366331283	13.783486141179562
62.45919760212687	-14.530578794602896
50.92125451577076	0.5833369490351483
57.32339790707538	6.048061046540353
64.9852882581653	13.646710148156641
70.07597714352909	18.719025453223576
48.94278344327398	-0.7585917117484815
51.73300951128136	11.562744720296031
60.15644944161496	-2.1805158940492255
37.51708838033087	6.818390610561881
46.82305289190931	16.920568812755484
68.6752141530202	6.258033957300533
50.85721498246576	15.802417806270526
58.32906289191249	-0.7327197352272314
51.23121888831173	5.476895384514993
78.05079423902204	10.753430272070815
64.06611724471729	9.630207943412328
58.92915415948547	4.659200463777852
41.998547860656515	3.0204322857773995
57.53653094253497	23.440796484728267
60.90268168611602	14.097947340524446
32.488801472979176	24.87560949089815
67.91775429345493	0.820758361142766
55.2830545911995	18.433567638423046
44.98648925302013	19.025321763760324
51.50720481756855	6.666002960697625
59.70500502900679	1.0560124425299549
50.51185106778123	13.762110747591198
61.622217726062345	16.53959276330716
31.200713056388164	-6.9957655853632215
71.61609283314488	9.513883972865683
60.07041173355266	26.230170014492373
59.26771453003498	15.450334562788855
34.126111313681676	17.879766318830228
53.125158239893246	16.852009626422372
73.19628468235058	5.0846188703275015
54.166561268929804	19.1740544933799
62.09767390336892	-0.5391671418973019
61.5963591654105	13.030490036372374
62.47010255384163	-2.907130847590743
63.36644786245471	17.086852506119826
43.90194679600532	12.714407749469665
49.38359877143871	-0.3526542771990808
61.153019410845424	5.8746592481796185
50.413565678041245	6.838257202142956
41.70474806571066	4.531379454072178
65.17738195578235	8.123279567795105
51.3296605264216	8.180824782420824
40.135671180135475	11.02806923973898
45.16338693058719	9.025560565041319
64.690446299024	23.809976366757542
58.299202869783755	27.971543642248836
37.07418463543972	19.02790195892282
35.699083198119176	14.824973951148667
68.81799657221984	7.196519163526557
52.17649273420139	24.748474759946742
64.46619414050508	6.003157400607908
58.92427934536771	15.445554083511105
59.45427551111445	1.0635187484119983
60.68789189140076	13.454573571203131
38.34187267136042	5.932759497651443
63.12974150407328	-2.0438992865252086
55.993207087047715	2.270431185615978
58.01885216268458	8.048985526739198
63.75887924260694	26.163699238917218
48.62440632670398	-6.701367424061166
53.91250546328636	-2.052083531622772
56.77496794339705	10.814893891637258
60.89900951440784	8.706432125437026
44.605682238104286	11.464718695622242
68.35311344050261	-3.971361915758017
58.509389123031426	24.277869443292207
47.75000619136604	8.950656081416247
76.04022315148991	5.232555437696041
58.64377702243171	12.886595397425658
52.782550267402826	18.456157863980827
40.7187856805577	1.3917947431653275
79.21604283801945	-5.837963921230015
57.047776645584236	28.03068083210485
52.94282178958773	33.413732991076145
46.278557883289345	44.42885719042246
69.49599041412473	41.47721159519393
56.48944134122337	23.525044425829165
38.84691531149341	29.821512939534806
65.99161032856526	36.05316389389571
46.50925259539673	40.46128451522617
43.87108763173902	36.18931203666426
54.51163523766112	29.909953380431094
54.02533868857405	40.08957011186267
47.47521714399028	26.51576906516504
52.72900376120593	18.862151444699027
50.77143875121231	31.551434614117007
57.36940984528671	23.700846322528264
51.24470982942183	23.5994353166585
37.63722583243727	43.46259875471086
55.83281074714883	31.273175922430685
57.75613762817137	27.20423573175245
62.38150759966161	23.726978965197432
32.66886401596624	33.52068276953692
53.882578179309796	39.76235270226997
32.53380902000592	20.892742185132185
51.40494179575811	45.36487085447237
69.99722035551642	43.23524763354921
32.778795808285906	38.85523098907693
62.922229295326986	35.74014558646713
60.26954203959262	36.07309770023958
59.00964872802665	25.507018397972107
47.99903516306509	36.032779521054735
58.78545974680026	39.21197356055
53.48973046348972	37.86436245554387
41.75829842416833	27.63381888039314
52.592247368496814	39.21503042980488
54.999544853313495	22.05578963559873
51.45737721442981	27.386752659528604
49.961798812937545	33.75318863341339
60.04726267140811	42.80394608637772
63.26140973321122	31.7544204288769
65.85557380174319	42.59497527492224
48.86015315982866	30.450933283403465
37.39692402900023	45.8845422682073
71.21937292474445	53.33306109757996
48.45791847859356	38.92966137352396
45.99143518229918	51.94741079431584
31.716808567199738	21.351090198715443
48.34830743424889	46.98287189719566
39.422822127232095	29.957963246854863
51.45204257772197	43.586851800684244
27.994848893014964	18.260828762208764
53.15319917409675	36.77125302974003
67.52414789672277	29.614332314969474
49.55382020756773	58.970732034904714
46.28305957302672	57.395890008224484
41.42788915549377	40.71294928574309
50.23273136048603	36.663085817404315
62.03001629537751	49.34510838207952
65.65890514222525	27.66467944570267
59.51317149882415	24.78694569069699
38.98618796540874	37.75214768047631
67.17313888744229	33.0992218535723
30.319212260220944	36.660040050179035
58.91526058448079	20.09690696846331
47.39376614277787	1.5288312916799498
43.00846392477984	47.91269249953501
46.93546037083041	36.19602863631533
72.31444414723555	24.36316216734413
51.45790819880747	52.09584260212314
48.1563216378775	55.60099769079791
66.00636214700084	46.935117895192974
52.45975661490188	55.76141250797771
58.12804473341131	50.82385087827491
31.269762270601266	50.93416575280647
51.808118619212536	34.20443072975066
46.30484894446986	30.523446083599055
57.34766362739191	23.66533496348843
49.34599937371745	38.04529621159388
54.521616456934424	17.937239821384374
48.80886833286192	42.9593247511055
52.282760592018306	23.443610592999427
49.118885483390265	34.18336708085351
43.35245302434686	42.96965990786955
58.70352878251265	14.380617259197258
50.03775055361107	23.207148683538172
48.01396657331246	26.49474189859064
53.8337475361945	19.95405881065924
39.81431307558002	24.508993688111865
36.5375878472512	24.264965980946123
44.9864307107031	46.5409554148133
62.67094165319838	50.66514990090517
56.94226604156287	42.09539739083499
65.50923986345208	21.127760545520836
38.339139549017055	47.892583083324624
47.16347377308543	22.303092519788432
24.81030569748074	42.01874457107262
55.5434889758383	42.279333611041025
71.46630271787636	34.82309543011192
35.977026393998585	27.754893550913927
46.61695314910899	38.63979024471678
53.358438068115426	34.30886656681381
55.85218381475861	41.39465290016195
54.62195124889116	58.85090191586571
41.51872616350136	40.395696704875434
55.270898935563	32.80906192336525
51.676812874767464	25.102868484319387
69.98576911755086	24.950939390755497
39.725241785246105	35.711095087884836
59.650524445986	29.581668826057623
63.088290254677744	42.4140235277375
54.547190904056784	31.722401564548647
53.05851315462173	23.74823005281268
45.37955343824585	41.39241372532451
76.39477320783155	45.52618560227469
41.49198184119318	42.03175012883762
43.889758480279966	40.690677611822814
39.430517412693135	36.19658697383059
58.21284974410336	37.81623192724733
56.939423144704904	28.578587219142793
36.91400334315146	46.88474709088187
37.44866989367391	41.044926581391245
60.022789354861786	47.164406054860436
42.67890057509544	31.840994608357757
43.94557932608722	20.43228571954417
38.63434098127104	42.40104871703018
47.239385062439624	40.66063543093728
31.114294165408467	52.28508276962887
44.81856769183143	30.1182825733295
62.56591017183302	49.81227702204555
51.672648433873654	34.03554295740856
44.468104863745744	18.06104637108195
57.090493841365564	24.31435136715078
44.164313104481664	28.05321239805224
49.178135060394325	57.57404899652741
53.31331576940376	55.20260625888937
50.813958072766546	30.597788375866998
56.2081136684971	34.18138314516797
31.931453591152398	16.37445317306144
56.57725221306643	39.106936618043456
52.722770964971616	0.7567439521946682
56.39840688733658	41.21179336300437
57.52295277388917	26.177232652387026
50.53841389537299	36.458430059375374
50.85896817166852	36.30635964504594
39.425979465834985	35.06435954502095
47.120538863751314	44.422892550299366
48.49752429290236	21.830235811151404
40.11486992469443	26.648621974895804
73.84058235740862	34.291625528514835
42.17245626974659	22.93159955936804
43.40879155526093	35.63157246231187
45.7105059759014	32.19851676497682
66.49439235636613	43.889210222834265
34.73456778633231	41.724265177308176
47.51531339166608	48.457401830988175
38.80968436868936	20.191477828334943
50.7288403950754	19.654563752578838
71.38149057714519	37.04007256293764
59.114672582294496	41.90126806796597
47.32402276393309	37.52740976493191
66.3594815148259	42.32334998235368
60.6764804401229	28.89037352849946
37.2363326082297	51.423823711800075
53.658214156306784	22.041533095519114
75.4723876259962	17.814552087236894
65.18425790135021	25.915283666832806
48.825247157363755	32.340298830072925
47.20272058298041	57.2605909714551
65.71920383296586	31.431014472601614
74.45734098686344	35.428628285985226
62.47581273920039	34.03901340381024
32.55970665387207	56.80509511203273
63.90427934784345	12.406905766026117
61.5422275101098	22.214767204255658
53.22621213941057	29.613042213959183
50.74056738191607	36.5532312173199
37.61607862540638	40.734391491889546
56.27786248731266	26.17399641814316
62.371889581273145	35.45600249765518
52.200597419335004	37.50352273180399
54.34759764219526	37.308422334785014
38.23877381914256	36.80211530640707
54.19703356683396	23.135052398586687
57.55878184311335	52.40110342363305
63.090283175890285	49.05857678854693
37.936160674048445	22.54806475188043
45.9741381023936	51.71744444950869
59.99740727275548	20.405575685077054
43.449995172872335	52.7113245474616
53.92396474350154	33.76982555742867
63.00175684793475	30.867658383672435
47.87100525271828	29.962977918518686
48.54262092150853	55.95783810167315
37.226952533177496	37.216710505985944
72.55757815382775	45.63142943351227
48.11797864521432	34.77211058921204
43.7820038916414	30.40203104202026
33.25728772564124	36.53195082142682
44.92031924539839	53.45759881878159
27.644517800769606	33.43787740989196
58.35318022601253	49.93549441651303
39.812231082051625	33.43614988560433
44.40479170805355	18.85822396561334
60.4421756649929	49.75354627751861
44.68018225438636	18.931709871811865
60.91564919395549	18.576797726357952
56.61613135866482	44.66672795505643
56.76905426790972	25.770355954156898
60.080619388113604	45.63723734848504
66.58334088280206	21.51604976855758
47.62417322449395	25.137829209730057
35.98869260452234	31.76055320254221
61.56920300189882	47.795046178959474
73.93614592358237	48.13910387407618
48.95989409746688	41.256246485959295
46.6198775438259	24.812876350069992
51.40650262329147	48.180893773202094
43.72142098205073	37.09267742860042
47.40875683086679	7.995339740544196
43.76492135611865	43.01745003979178
53.929016712760415	29.405806884566854
41.29387052924014	36.692028661603715
56.242736025741095	28.070298276242763
43.73585041271952	35.963767604685174
46.466787210810594	33.50078339425856
56.052650534970766	25.80172533643066
59.66633421654984	10.865107743105941
33.10754258395755	28.62000844638905
59.46392024662774	25.46191968809044
39.3542129238957	33.6387029386703
56.04827051001884	25.846685459624492
47.84124170503134	47.88846163067445
40.476904606037984	23.617505606570695
44.83654004254357	52.14651886562892
39.84245163601524	52.19029341379875
40.0464137664632	25.83640959471557
38.591600175057266	46.26501239096683
49.448268970886126	45.71811946465418
39.68114702535348	45.23907775595519
62.600346989471646	33.26644883286092
31.716712687514782	23.405470410457482
62.4441559912623	24.66340862440135
61.57361673527939	57.36763722602931
46.388998561688894	48.128440200544034
60.68944582984445	33.99028849980662
36.24870595508108	30.649251539153205
33.21811470270889	31.407914837504336
58.09340401433848	38.60885384560239
60.01071790463222	40.55318533869798
26.91986934462495	34.21570740750147
46.06622801203504	32.62295940054148
38.135543432339475	17.180372199600342
65.17782144644744	-0.2034391347021085
39.9358542915018	33.94624750941855
62.876262317839675	24.659951839299524
72.17396516871598	39.93054488270212
73.8481564893564	37.65711498383175
36.18505879734634	27.59111226718243
66.19747256314709	32.89045403037465
56.28297437725009	15.137307908421272
41.6641347372574	3.174410876879982
66.56578996817363	21.043210851192484
50.91778432269818	29.22501584644003
66.93712287168486	30.78933433321241
63.853327839091016	20.68260841339914
39.01045852863774	23.395494845863265
54.24928689449097	12.251274053395754
64.17044952084	36.541992118265256
47.161605662739674	10.764478562156954
46.6491109454306	30.46099797185992
45.408403113160176	16.92475562056232
58.54495587507686	36.31879969750561
59.91116149570851	5.782197485212556
48.50299784179979	22.315147428789956
38.84013267029768	13.24292572804179
46.17076440919235	21.048678764238925
66.12386041082925	17.67480460824777
72.96538857649595	16.250102455624095
50.53555914584766	9.032164236010845
73.78943277122428	33.98593631810135
46.5251776359411	11.382551580508254
52.907465177722415	21.599460557865072
35.925000139278936	34.040033670753004
49.95494855334387	14.867645104754061
47.809189351188884	31.209649809788488
47.46459555551036	11.97886966671746
57.27196307617173	28.424082764922847
63.52086475767626	28.259568664375397
64.41539736715207	23.558006238251565
43.57960346804865	37.077511325963485
62.986718472056666	29.543493574715473
60.5205877907831	30.076497613590313
40.2015296940751	38.870021805240945
45.53504185457757	12.459581878313404
62.08664828489744	34.9891392343593
51.95615513997872	28.17855853595055
59.64866553941067	28.60173703948096
68.93889314706725	17.24813245649969
50.95763750087479	16.30371217621316
64.69168231017267	45.55903977586169
49.8623042897357	32.56971589449455
44.392493479748936	42.82720125549096
60.84856437890598	4.8269380217939215
68.44961419188792	25.67575692405336
51.4237910351893	34.93463382706057
50.67345200600855	36.00299278141634
65.62471781666989	26.583642910419464
53.8613696725946	40.703161143687595
63.15318579803849	8.290770661325782
39.59241504727471	27.703793328139984
48.34365567841933	15.95512061781788
51.00173001100288	12.786457200825803
52.98618233227911	26.776690796721944
48.76767283455291	22.45021732167254
67.23020043142559	20.715926781323066
33.02353924031823	30.95506076764924
54.26664815492867	38.87933427336569
45.402987186075435	23.03362179183073
53.442337119741254	37.43056252338499
53.43224156347585	13.55232113755346
57.18963607707324	4.24424233784865
67.71000785894735	27.930677219975863
40.573816354809594	25.24402640895042
60.88203513791636	25.311418990471772
40.943190443335766	23.13090585405112
46.36699655107735	28.9381310703102
52.426784976922534	25.288348933014937
71.99733090181938	37.71125169310752
56.72453371806028	24.740337891433708
39.835855111588316	9.75994566550703
51.918224540846154	28.90575712972828
55.01010605511445	26.01254866171623
55.72984125488998	25.601087748400438
37.88990162766651	18.075576598891296
41.51901298372546	21.082749652827726
53.2945203261551	21.60053187592009
45.90054232678053	31.336171323292707
50.6609328580371	26.240263797314988
61.06910769366766	28.298430688204295
66.57619198222231	20.914750396167147
48.9812067979531	15.534600960982917
41.39518142248056	1.7186503798052613
37.89547667083497	34.69328074558301
42.672068035684184	16.098287195363543
49.9063356686917	27.379913137875256
62.32003015319597	33.05390479034291
54.634754732955955	17.72317477776277
59.786120940996646	27.622100663943115
49.86047292573099	25.411866880553035
40.92799168052761	18.565044767752457
65.34659678108821	34.05740641654097
69.050421794558	22.514992022633027
55.57912462640264	31.77947236484731
67.72916386985423	9.688010436817338
36.72316711265893	33.852385755678824
49.77291304962273	31.05632331030208
46.37682491027627	16.653937749625406
35.40178307375134	20.36790655091835
41.0063197140812	6.29662231727437
46.41274136241771	20.888478816584495
61.99453360286614	36.49184823449691
33.90111831783237	40.154172343192
43.36610751055787	26.29504804480193
49.21330286796051	18.749176211046972
42.19448389290483	10.818135420432654
40.63985919324292	10.467340644321935
50.42712181256937	32.46576988296829
52.465151659558096	21.607895291394517
69.55880355255522	26.52048006730049
56.649756561521976	28.08494909454247
51.337127067354075	26.40208038819687
53.47776492670174	25.065106860609138
51.835051840429294	16.29307026189312
47.01876935924313	34.67634963266167
42.21385165492178	8.019803158534799
56.84184585224268	16.923745331579312
64.76846167445903	21.602918221905426
43.8737445012287	7.887364633268534
55.719927686936344	17.441573043465485
65.03057131331056	41.83953660893286
56.122082501051956	16.111716084011793
81.62457045516946	24.327105817623742
41.291542046695454	27.33327528622708
32.24046227088196	15.120009935495714
50.75541726191771	22.8181103436651
54.94714141340879	25.940298360862457
53.491326057931836	12.595816250619912
48.50529438631627	30.899247993908723
56.10112989939833	26.326688132907037
50.819113550022	37.05736018666164
58.77125573643651	27.30726471900782
43.784269895020614	30.47911466337196
44.31908182203843	42.714916024654336
57.74023206650989	27.545085398055875
29.013642690647224	32.17661334557321
51.986927693918965	34.941805492368616
47.327879385968984	24.94858936782129
49.320116777780925	22.282058882089082
41.149231255118295	22.16423845460349
62.17527242239985	24.57345087669552
44.80720496057705	38.641461005864336
35.240811086005664	19.433531726910196
55.15412149743624	46.518920803446164
48.00039956623723	22.642313324236767
57.3168191477124	7.976977005695341
36.976314814808184	30.107955963858977
66.04438982901664	41.28474544823957
44.04725105711372	0.6261018978606252
53.358897752556615	35.38944577660453
54.31336502976352	4.785050898926805
58.487345881316045	12.37795358916706
54.226445581807944	2.3354032539116183
53.363579323961865	26.939541620236117
57.2739430727318	35.73778148730994
49.70915201821598	22.964554009484985
55.37360302201096	44.732801070135324
67.35745110454869	12.70057240962422
50.19020329038919	15.480168364834611
43.91140767408339	29.9940601814654
42.63917573266362	21.786810818899802
70.76432481950098	29.74248677422073
62.08701028283769	7.8282671893990585
58.243712970005156	35.80954962569578
47.27623107314852	35.95528679194081
54.58233626908371	21.362436501236786
49.89505218155272	27.633647161927247
61.95000225968579	6.2999461863152355
42.44645366811737	29.456140271174675
39.47022802984769	19.378503902153156
49.66926866488738	29.464666369973326
52.89372188539138	19.67652833634383
56.67183589372125	36.02231199428488
41.90027785023007	26.985751934245844
53.06891277445364	25.062482916329273
56.36495349797639	34.049865148217
55.339688723921704	22.87349513663237
43.27230749593377	16.06034161187462
44.63338192862096	11.839092697117538
43.5941165840031	-0.7303479397717361
53.06698583363433	30.7448913477216
71.16893193942468	10.419754969841472
30.89373760052293	48.02705081774734
50.23901559857024	38.574580035824205
43.24932242410598	14.898004185418458
41.91483242035242	37.09944663618481
70.4528965348415	23.573272766479196
45.74111562034985	44.40013656692993
58.306539061379155	45.78371420197492
41.74601805649388	15.421683501041171
56.755604281131916	22.464971660300133
47.64880002672791	10.54328441976074
40.609156644881395	22.848707805290204
62.36167786457399	48.54605520124208
54.196103518364986	2.421107041144211
33.36259154486156	25.213590487935438
53.17565111034451	28.58379134478896
50.622317751831325	26.1447348429691
41.958176349786065	24.944033025581017
43.58579328066264	8.414009752899647
85.13581936524687	37.691546766299524
35.64336241094859	34.518336377060386
56.80075274384453	23.155985350135882
50.932713304375206	10.033639486203763
52.64404308727495	30.593240172775992
40.072531526306264	25.511238910387725
71.02500240360666	46.03848903574223
55.24580043276765	27.891087810857677
47.8045251077773	10.207514302764126
46.803176515036704	22.47125992147556
48.61310443818941	28.885434760656963
64.01388804875083	33.449490391897356
68.15345153604937	37.76883198537141
46.4774103869333	11.972940661834423
42.58224655154845	28.769339084730547
77.47131074959312	17.055635303885268
59.31626549291297	17.124016535109213
44.2669877033799	17.460213249377833
42.13165291139259	31.28884706136865
63.531130739171594	21.33501587160942
71.82236098080757	24.12318367790495
37.23134736506455	31.25191225444358
47.868964142236905	10.412961139112404
55.32014415756418	0.5036614176810907
47.12617645010107	17.348814587877484
49.012549614695004	26.19133746608288
68.85759465116135	15.709746925830402
61.54863552653169	17.713606793683297
53.41775288160928	36.974949685438354
47.000674994886296	4.093582692737041
56.56595298926234	28.302320799023047
51.10293212762032	30.436852296165547
49.51986850094788	12.503429779291624
47.639738831401075	19.457134860827658
38.78060464956046	21.446610202790797
58.46906070118127	38.083368148606056
58.52761766366603	14.071049398780314
40.5729545109881	29.389371679321922
56.04775831560697	42.9044627424342
43.80446760851663	26.079087493578836
57.42130440582601	30.85854223606433
42.26686886199083	28.465110874121514
52.16099369556746	21.965648495161137
65.49945217276516	8.006630343258546
30.098746104524704	-8.24706177116697
38.372474793108125	4.5196551975290795
22.421907631557325	-3.0306381239774716
27.817055450463023	-0.1474103406853633
29.39312060997714	22.3591102138381
20.630132176102833	-1.4067753965697118
39.26762990499547	6.1183978742543506
30.783471894613378	20.163739998307456
30.64723975611384	2.6030164469945873
20.547297576079785	7.014403664683771
48.969288071434356	17.613552896774188
23.830262301313006	14.245390470952998
44.64455177605632	13.456020247180735
51.50060427012567	11.589054055847797
28.04082823132324	7.053540741031206
31.383005711754457	-3.680257948339932
38.463190732591556	13.527600592067081
34.83303823765028	19.659709988479328
40.698700881063935	7.065177917280595
40.00770666133161	-3.879070403311662
25.90733604172595	0.25062131539935883
44.24328140271576	7.930757420206717
27.64016970803938	16.476271467747132
28.318276432514104	5.4128254913354255
25.56604937947467	10.155157358953915
37.34120306675059	31.25341750700187
44.09238236503926	3.081565626227901
18.247882019329634	-2.194285162043826
45.20626083296027	24.476733535891256
40.06725212928405	16.999351647837983
27.57265599148017	26.00796798562699
19.10115690938338	19.671633724243165
40.88609838766776	24.114029440431576
29.986520024938145	7.566663186503786
17.947857447547413	-2.3119436052826394
34.5721826553017	14.04185275904381
39.29417577892697	6.876226169970117
59.29563422613165	14.635872650492722
35.352480613769714	0.3234286413752674
22.79869279672709	9.511084689079878
21.23171764355216	22.688569152352812
38.45319758799655	18.860474031086362
49.018268236330215	16.021020078066492
35.88032457198735	10.040456770669348
32.10307647686102	-2.853630844344204
22.613342572102383	11.476431921550075
30.238012566425482	26.523529188768947
35.125680401126964	12.414962702399755
39.203989835543	-0.12728142726087555
46.24391630860844	19.489425951864533
49.53116321952684	9.341610953480167
43.41123941323305	18.033789386013638
22.729441083579736	20.703320725562534
45.0677172044672	21.051417727946312
40.69260783394077	9.687176023943742
38.06778000123868	5.492616834256075
47.77456526960759	-3.407461028217897
36.72597011497233	13.68648282771068
37.42563435994162	23.97509100557211
62.98914831610823	14.711830814850128
32.95535858447166	21.473915763244626
39.84841936736005	-2.647276143324902
25.333210904239827	15.137717702708013
28.18841106905789	7.825333998600515
36.5723226521825	17.847306057505442
25.185517395091992	7.541491406554615
19.16405775653771	13.915518386960562
23.12636530167338	14.487261131746582
40.53324717935729	12.733742445585353
39.019326991954664	-10.127241491588707
33.04182662442784	9.386415550113107
39.29750921880399	24.615690612367587
51.85506622474555	6.255180337680739
20.601940955420286	11.048453176179551
42.41309178166252	-3.017578709005269
44.2006946140882	8.602432347319539
32.761182792024584	14.428231719118727
33.5774107259881	8.006032465265148
26.52364405017446	15.631996024304804
31.921069450203568	14.395377356166453
43.13863844233734	5.765082682092044
36.933403825908506	3.6746385145231324
37.19238892866417	-9.232499182672969
48.514048349105735	6.950285977878535
41.68506299268874	0.5433813912972809
17.47290249416245	6.092576405338612
43.65309675146618	20.31993952073913
47.362008595702825	1.1005779830013562
25.80959338086389	4.226934466766077
49.997642589161394	-4.443241823544621
42.55744511068562	24.892617588008598
28.57714401692897	15.026340206644402
25.76883755146862	1.2336174805301816
36.26391392686587	18.43884179038585
48.60890120094702	8.07991568178749
37.738822606735425	3.2819955531464657
50.13599280589381	19.11299065329208
46.46694471471338	8.372848880352315
37.92144127244257	-4.640971004220988
19.795089352086666	31.617578609253677
32.037180085027885	18.789147184805003
46.14478327937536	20.99039512139045
44.9777656741519	19.69030357288071
25.014407099441527	-4.127401908080461
32.5498308970832	-4.242896962943025
17.38688965262088	10.822575432821179
35.63171510751055	-1.1790866528195156
36.34180511631188	18.812904927737833
36.07532459889626	-6.4340242866943225
41.80469004479421	18.755358011925665
43.951330284826476	-2.8739298803081077
42.23039389884156	11.826557399057975
44.83712604185445	-1.2148513372085965
36.78153282258098	0.347550909154279
47.90294868856569	30.912587320320938
16.772950097107838	16.000814219838784
53.81337493446876	-8.194530186012207
26.327539060814324	15.266128239397318
45.67145613260786	8.268351549678234
25.210736341288094	-0.09863552274128473
46.96134449511678	17.10260088932194
43.45853625804894	23.864961874980978
34.61608640827795	12.030257191499691
29.84020075460967	8.61944097343394
34.713990778800984	7.756959695106117
40.96694631082772	-4.569703081053966
15.289118968558373	20.609480715744972
42.84248161838458	7.976806664569679
29.644782943535137	2.801207582711678
46.248124703961956	19.387620641432235
43.73140055180231	3.4884532098392667
25.162317286899288	24.985609313270338
27.840295901333313	14.602713167879802
45.273239058996644	0.21280830281781427
44.51340891193684	19.218515851181444
41.26582908136305	12.301314085130354
37.1703799941797	8.070727875675258
30.574869313574638	17.305567344047276
28.626790701588938	14.437354336016888
36.382254621525625	-7.914382730288148
57.07901764232197	-6.792314013777316
43.372868144614515	6.0071453904366745
31.02362204054776	19.629679397892772
14.342167082787835	11.987764905093478
34.50588206086305	5.354337113131579
33.65840355639563	9.939563988874148
46.475082034973056	12.831679103896189
28.70315337607857	0.7469857843123382
53.615819188548414	9.649218772462511
20.087306111406853	10.692292622441947
43.17067906924941	6.77007992499145
30.52077972849488	24.78598560296797
24.541812156202848	5.964383195963643
50.21127476840106	8.344071015209078
37.10424926597646	20.68133317311259
48.242306371203014	5.532765458081419
33.19133966015193	4.281618684575532
51.2454157151806	-0.9047683730162746
42.360280113769	5.1246771253201695
28.26305351983747	3.8208208767958185
34.32346880160241	11.635498765686936
37.40890090213749	11.397866519047009
31.77691295070705	9.973671288913161
39.18467880864207	25.28460416605332
40.3573254051909	21.116251634674818
40.96597536313038	18.049124276420393
38.2716361117658	3.559788906192
34.91994197787343	-4.605982226620027
43.67123079723772	15.109483645592979
28.450307063853415	16.361712989778663
34.235051678417385	10.271791818603926
37.16677986003333	26.300731535161425
28.402063540318057	-0.2227442769874628
32.3447416020183	-8.18307148177139
36.96086024668265	13.824595738142987
29.956901207913482	-4.135077832642109
31.42360501410466	8.778412564690102
19.828257534125537	11.916406460047957
44.3741753203351	24.93836245760754
45.42285584219363	13.1498642347672
32.1915848271941	24.569896062072267
59.35997913202259	12.81925435725394
29.909465013842635	26.60590467398361
55.32676458825837	16.229210313603247
32.76134691553086	11.263787640390548
23.333621970638873	-0.4644700994721376
34.74869066608968	11.706220803956644
22.619126308366248	6.37302765684842
49.058865925286625	22.13584786706091
33.659674027175676	20.597966494999234
47.54387780777936	10.329215693511992
39.76091039276335	12.184373782125085
27.516645818694887	3.1794483767370005
25.294471754292047	17.476429370343517
26.279181342346007	0.1968477015913237
41.279538605127655	16.311660541976885
50.79170534480153	17.73462747510667
35.387828378227915	15.341979597609203
42.000022584581636	23.53589554674818
40.04187154649125	14.969447474202688
48.498195031013765	28.483139857262103
35.52864354530293	-2.939344198986081
45.725174788206395	12.65059865069797
46.143275015685525	5.687849468531136
39.843142081919304	19.9931706763284
31.17944110908202	9.233492260890348
37.164178539783016	12.47683656740113
39.60925343296558	9.468368972837263
34.59238700418448	15.4648099397148
39.98285828991543	19.200245365238032
40.840185326948145	18.88866291089606
33.24345828505204	7.0464471218207505
29.210115806748803	1.5954857524556
29.966852512694366	3.019952092612596
39.37688929809984	-8.223242656534167
36.75443987080701	9.61984869320548
23.144038092980587	8.822292090404888
34.29260177058588	-3.914929471777075
44.836590737600915	1.1119021902610555
51.2657130986415	7.297144714671713
29.024015032193404	22.126686118684916
41.84876339968931	7.440298968133964
50.51795147933795	4.462759445638879
41.24158049384229	10.571819151056644
31.182327941864195	2.4868340220689404
19.436041054826614	24.378022626955506
28.438521807745296	6.382700477769134
33.739761717128374	2.2816817686996362
31.434746172110785	11.82080460016338
37.088935540382124	6.094868806865395
52.22546624065021	10.946593973931119
39.864360175599096	-15.683118927847778
32.2168214950985	21.559268404243134
37.37337609951294	-0.7742527502066601
38.20673698171223	17.446628332939145
31.991466729677796	17.135836725680104
41.31222580118472	23.639170397254013
30.6114927613321	8.03558561006389
39.65886949225409	15.81331081606971
40.999375508290164	-3.4750705924463006
37.86678309062058	13.044281577446027
47.17452772901507	-0.9707270245152291
39.05135490238916	18.299129390142753
49.95288219483153	9.313427654806107
46.943605430744896	9.340923899191695
18.826373922298778	11.577545121052
39.49678797024272	21.66823070906138
22.353897997247152	12.002050022274208
23.04623420742814	22.309620516680056