55.847166463792405	48.70145710578541
92.99833989229565	67.25828055317376
77.60911210435118	50.66142538387432
92.77202143237237	39.02249652350294
66.08915505243759	43.60609117770928
63.37027815761914	41.67902541479245
71.70697855139562	54.82849316970939
65.81561195130084	45.604459790582034
84.13973774730331	60.008089827170295
72.68746337215948	47.67131818215848
74.9184665405928	42.739637020009496
81.7412267210734	46.944098057973626
73.20150097356358	44.285592496445666
84.35038128003903	40.74121257619076
77.74608426417096	48.7804273331275
78.50226382077382	57.62378560778434
85.87158380125196	39.38813275872293
74.8538797262322	43.049738608902224
69.06671751673346	34.49446117458037
78.32356245113405	62.64618208574284
67.0474975184414	37.47010516635121
90.62885259297174	59.433258393350826
82.00367413223641	55.174321549197316
83.8018239152575	46.26113624942903
77.61094664628139	41.77299832826003
59.88599931755569	52.904629394811266
64.46073632639934	48.162227579543675
84.73783427743821	48.89505336553486
78.44846738883288	66.1354090991555
76.88391502478578	44.78419804364671
77.77923101918051	39.520855692932095
90.21760301064764	37.01819547587248
87.7683125724623	28.444404930998342
73.35910878626893	56.895315731786795
86.1658163999659	44.54829876372346
69.20001890762288	49.73346546067141
75.3944044380379	49.46575855814403
100.27430383731351	42.949560305319025
84.72603239736108	34.20346932086908
84.5104460035377	42.75409599962215
68.33644723238298	34.579505582380996
79.49896650753291	48.86948389394825
74.83681094638808	38.66271732097871
71.26260532383309	30.464840298359505
106.15048664478255	53.17969005373712
97.70616642996141	52.79751893455606
73.13666701226317	52.29809817658906
80.48638010663369	49.963599606208305
67.782653288981	46.848403997192875
84.030296260185	43.76781523400659
77.38611627009819	49.18754055241709
67.53488747725197	46.536500534767036
78.34997554924365	48.16918984598291
59.921704675930386	44.9503382922656
78.50848832437487	41.694259915769415
79.79144189558579	50.428798967192506
64.57603522104978	45.89980418661269
86.59843432413471	75.49008094144601
83.73561516862408	54.051415245568634
83.48431752184877	65.1806402926201
92.34934104208882	38.26065834372536
91.73930732913884	48.63835976778059
76.40063259808937	55.859221480388605
76.47203444383612	30.572787909717825
70.5844710539373	47.560497534522675
84.4769963739692	41.51604585204074
92.56061167141179	32.468658606976675
94.60545634142456	64.32022461662876
74.10936112295214	53.4793538306324
66.40863549494742	58.80167637431331
97.98179111850087	49.33965803911514
86.89429654914039	42.013955591182764
69.04580396733431	47.879370128464345
108.9662512905597	75.70550924956859
87.23057120788792	84.8807291598019
95.86507500251801	67.02595253138547
110.12163743403106	73.91575138037673
94.16494590906586	76.13508224670561
102.17945469018302	79.02649189277523
121.19776055967088	60.46147739303737
82.13365750410354	76.47002585029318
101.37824067985119	96.11233782774866
98.50350913649758	70.66661724005422
81.80235591032596	60.92417832800342
73.71139217691957	73.58973210184418
102.27404184611835	55.85274553160514
103.29597813621514	61.0776918461325
95.80597063745424	63.65995394448142
102.36082399582399	53.660861759613056
104.81442323393509	73.68180299752771
99.43853496952195	83.37717719792552
119.43228763138066	86.7088934883528
118.58495887327979	79.55084828002833
83.64866047441954	81.71643159300456
85.69144387655274	76.52757249709084
101.92467691903568	52.42643257952477
94.36828803923417	79.50795586036617
111.34507459485157	73.19631656816017
85.11421750883123	56.007690760720884
96.60248837426721	63.833016173181484
95.21813845984177	66.41753861230387
77.45330205681546	56.95957464742721
102.68580543979786	66.78344653500218
113.00154765267116	63.07109350307688
112.27924958737616	93.27608410075895
99.73548399302919	82.1914517844358
97.42600776531724	77.66131392308151
105.68600420598128	61.36148988022124
114.52505106098192	64.5088226637499
97.66079893455063	69.48737094258024
93.95945884542601	83.7376134384923
95.29086965217645	82.67173277872327
98.85035043419262	64.95857704319202
91.72270794348738	77.11534683560198
110.74947819656106	60.49208055905498
100.77495153072822	73.39868051301029
113.25313601998174	68.88215593533397
101.77560092044818	57.37646201106953
99.29261926023914	70.7318415784144
92.2600384904185	68.47509988815213
93.15934525968372	64.86469728683983
92.49287887428618	65.43674439632036
90.84114462720466	68.35334710715267
91.92541121571577	69.22454328038141
105.81750086774707	60.92064388976459
86.33451905983536	62.23409334242795
97.06439594867325	82.93386873381334
88.50366885359153	70.46256873901274
89.94641604746336	73.95502729294199
114.20165436021615	69.64529901283622
90.79527199787145	74.97250972337581
100.06181264477782	63.909029590673704
80.69845795686155	71.5864417718522
88.34379440613527	77.37042257626072
94.199689353658	77.7764196588777
98.8424928199509	47.58312105251234
96.54995585693246	74.0250234576987
108.04012558319761	58.81986209194694
93.1875341882257	67.26392091726913
100.16603604457468	71.82843554344511
101.45018173044798	74.36828404475412
108.89813078998837	62.764561234085335
93.98130709018444	78.38693158051734
97.59326871062375	70.01358400406971
82.44715561927468	76.7942951583556
108.95760928976783	66.47025881581385
20.252460935467024	42.92274323168499
56.176022310915215	22.357414765647672
52.38957908252628	28.723840963105495
40.708576231094774	18.071063310660346
34.27081257005543	30.640286806178253
24.545225651303646	28.117899077117087
34.657174477722265	14.936448652598779
31.05391938737214	7.753891433728345
40.348985242218106	22.496188033406224
16.876064702691206	22.5831734832232
44.899053357704375	26.7929808518741
33.903422909761964	23.08893049416239
30.556235120525095	2.226007412247725
36.995909615531154	23.912411490117467
30.59026567187561	8.433229201765906
32.51047445561292	23.348751253370875
33.236363578970206	28.275727488358648
38.93763331750593	17.58987425427926
59.4427175945757	16.156360585825976
42.09913202437601	1.2324640246669674
46.97181075161289	9.794276437217103
43.934079279390765	11.755100921963983
44.84203524542983	19.446681497862336
16.894611655544605	5.5678831623641045
53.43560857756561	13.982215088995938
30.289600794545482	35.533138342155056
38.84361270915321	22.581942856454194
44.30702331425493	-4.335295723220714
21.945062410391913	15.049598319150412
38.38957152082842	13.901420083435234
32.14460080690056	22.23728141986431
27.483197815452982	39.15376504830412
36.90028764884442	9.041556066012912
31.021821627686595	18.065166479084425
29.999322472082472	27.762224597076823
24.89105787973167	23.34519969090312
40.32911428019446	15.774508809770385
28.879563371841634	-0.2312062584098591
50.62641301669335	5.385656317807033
31.20199745920253	29.225121007158855
41.701151166746996	10.931940606544241
27.96393354993308	9.389778435599878
30.295331382103	12.395709437762756
42.79916159810134	21.94979696514727
46.19507880377897	15.522109751610863
35.45252530804983	23.101200748118274
39.072995804049036	20.692764180303428
37.55746528716924	20.506124414044915
48.02966503341443	24.06934531068693
34.69112405613866	4.71419427811775
46.36792577040647	14.735452736367712
39.96556150623742	25.38772382999307
31.97163412578461	6.672462298568297
31.73754880933107	23.82630697378874
58.185471688169365	14.246327340897885
38.409824727023526	29.72719781660722
45.26121868530007	27.5437183465581
37.70844430761754	23.873186113290615
36.68641571555093	10.263579331529616
15.215777870445365	18.616177261420685
42.817292924081904	31.156765650539825
36.309421232912065	9.91117691177734
18.62054748000143	11.405367871776736
37.44712125048027	24.946599461022696
2.5072836288095957	28.198888291770977
43.841866428645694	-9.90438458567893
36.61394984800286	14.241082861208962
30.662423725858183	2.4793337534601445
23.51911148669476	17.427636001276134
25.16553355102757	21.62032386412531
27.485816048572374	28.620401891806083
44.78642794558497	28.024155795263944
32.385145113280544	19.254545440358868
39.969133884022746	11.772549616928547
64.18408433961271	-3.0322338477636306
25.809800670727686	12.779101736368538
41.27467798023521	8.18333549108866
54.560446651795225	-7.627108771721518
51.67917655588376	4.574179677428077
47.604599079104155	-5.7923524899703045
49.92587066104227	-4.8323679944419355
40.551333153642695	-10.13374600839266
43.63273022565585	-2.738425046378822
50.19148229527206	-14.452924972555863
42.60984405766366	12.54492419414818
56.09807369008992	-0.7189492125191559
41.340932966856286	4.07941112970356
49.10941740070446	-18.650532290490354
39.9671983789031	-0.11958808561336531
45.273154529149586	-5.166442614513254
39.28569874034754	8.244352972140447
53.271126422808265	-3.860571824219943
73.56741763746187	-9.628974118468754
47.331223729311645	1.673302837316236
43.39769339777925	6.288396616547198
36.568793132574	-18.898253099531214
59.42412944682565	-6.171512594227707
31.86946625027832	-12.178639195697738
46.72589987700568	1.497149630940538
54.51884042813904	0.5019093535962269
68.7339011427122	-1.68889375734638
48.336464076863436	2.1042433193965726
41.28139165176987	16.4312637155408
43.510492578353194	15.6541775819367
48.83330299693482	-6.708532924656514
50.661747807526055	-0.5296182528421642
44.60479506978307	9.641290056680898
51.15883555233591	22.844544208708836
59.880828503106585	4.313844564831475
49.52970541661044	-2.494029271928743
25.864801899191775	-10.20778681439242
46.57298532290349	-1.1648992400557665
40.75054309288067	-10.74975907570575
37.60777694407578	11.506568763347275
39.18631934696576	2.527118217710453
52.13170574321019	-1.9019213852467596
47.65515239798606	-9.78041834186892
53.15210952349983	-11.776714029668234
41.95890116158748	4.976923895015027
45.56232156315424	-1.0485513478519253
54.46299025986542	-13.410958171909495
30.895420340886744	7.712217392214248
58.192964202281	3.516591055934338
51.60873450184131	-3.4336259287622948
36.83066977682181	3.3318402300403247
59.36033973580264	1.6224446590696402
39.012270878179464	5.050413815763563
68.20859950919237	-6.679895052489051
34.389804240861764	6.752788559183351
66.28212417112854	3.9280824019206375
42.06095694148357	17.325488925302707
37.172962668429534	-4.182367336411081
52.68911041267862	4.623551954115134
55.38130046092655	26.00090877719503
38.90413491987748	9.372687283779204
46.15069182997761	7.473169411481558
41.137759505951934	-5.748981170073271
33.65907972615154	1.8973371631450504
40.14491871879706	-0.7753121366388247
36.020127378218724	28.64222177051981
54.874257807271476	5.701231518685763
48.36777922999261	3.1130848752630076
49.69756327594396	-5.862229463978154
48.94031938788689	4.138447248527184
47.241014268386195	2.772317931498117
20.62152089351319	1.5602580432341515
52.085040371175694	2.2029931129774845