46.15622149930989	69.53712246869361
17.695785412691702	61.2095101171861
53.897033758283385	50.07077448065668
49.65318429898319	85.22018828613108
34.6208728604138	73.23425739585689
30.406053310128147	65.59351261517237
26.40114436676843	85.57496836023464
50.16501305394165	67.38318471587861
42.116433511379405	52.2374245072384
42.26181906446725	72.02871287499426
33.861467125225936	65.62206997089365
43.616179753135704	60.2489894090439
36.40997575967763	83.48000654497562
40.433472803320754	78.34160325212824
39.09445958403088	59.80313149000658
36.42082180175201	81.23423999843094
12.88174392303642	61.012972119309346
41.50056606921865	81.0817950737159
30.450454862973686	76.71651156435286
34.25516798289872	96.65768003455122
46.52078860226446	65.15064003729822
21.55229536914162	70.67862658578818
20.927872253847248	60.4108567328045
37.29768869405716	65.33358670782799
33.26689808355565	72.58276526344868
50.03495653306648	80.10110995886016
48.79928337211895	81.70855298558237
43.11608097261443	69.74841149979187
19.811001448689055	93.838514743558
36.99929597577595	80.3727859166728
28.469643320547846	59.7051489906757
33.882714060287825	65.04410573290137
50.37638547860486	72.4780993947778
33.94430490874735	70.01555265872753
54.53499807250111	46.71020925344771
31.594478577623274	73.10134149400253
40.107552984721906	68.58340439359576
39.36691673902233	75.18422327072115
31.68113926736167	73.92302291077485
39.75080334904441	83.41126343714623
29.25452891836042	66.53593079353382
48.95685970030564	61.63268835986417
27.087229611088073	72.82965238265221
44.06067125054364	63.24126134765546
22.375376446361166	68.16729722585606
22.96404768457784	85.65122538557002
19.04206861768432	63.877254345456635
34.80145127738185	71.63144962648818
37.14705811230233	78.71144326523913
48.02348361569554	70.27344987366206
51.61076164348762	68.83059212829338
42.79551998645396	58.442418139912554
31.734114631537622	59.39397928604512
28.07117832419914	70.70605027149564
63.03924860906508	66.2421968504594
19.749182805167177	54.966815969240244
41.36315115393134	62.54252674929476
42.58935824125518	92.93715275204774
35.46133456138747	74.85404372079176
31.102442150268818	74.21261889141786
27.22963241533126	55.280012875920676
48.49185131518595	72.78769979899006
33.62300930617346	72.50111970297459
37.699266382619356	83.41607564778533
42.59149042303905	73.8100630855775
51.420465571605334	67.54553388578205
31.45353992055637	74.58106626513981
38.88509460009372	71.03705805988983
31.235342311047674	83.54475219472634
36.18495339823955	81.02204604773156
38.731023310992455	67.17046461180952
38.87716869042809	65.52158537777123
16.460184232595864	83.93199559830077
41.306220882734735	51.321322632422
45.37290993811881	59.45277735358343
45.58916004715759	63.176328161881706
49.83109567724816	47.786736832677654
39.60351421466776	67.46424611127198
39.379163437647584	42.5820563831351
47.32687709396952	70.97034115230899
39.09316852747837	47.475910769554126
35.10965783823108	33.798891319748506
41.587662931976205	57.734295492652684
43.31941927496289	39.34294139575233
32.54627931120939	59.049655741770906
49.52074534131419	45.20617876516893
29.392305832149702	52.61375476746806
47.65342481230572	33.609448773804786
50.166407730682344	67.68064862436657
26.08183994803002	47.815175140956946
44.97818322835951	38.920673434842094
72.55927468653158	42.03146116931957
52.153866885477804	52.40052741853852
44.230793615554866	62.842899017732165
45.799091254032106	56.08387770436563
41.413492852554626	62.595602840381495
53.701156068591615	55.46255233139468
27.870498632629392	49.5083776752144
36.17196031592911	42.630189125134926
18.166938477573378	47.2416241213515
50.86424812007106	48.76260625394707
39.58749456931494	53.55120754840241
34.12236306230325	54.9797233361425
35.96485609535113	52.36097591474805
27.784070648800807	45.185009468068884
26.913401471612012	26.62786067937721
45.06147664175958	28.484034372615774
29.953096743526963	43.98297873164028
38.74882696599202	50.68357181084652
49.880325145931685	42.62224543814377
54.06854322739148	59.69982030520411
35.10488641244601	44.91924722894471
45.75736846839877	39.32299383002576
39.13157034908256	66.79542145389892
38.620058814181505	48.019794762525976
51.760168885624154	55.926463908870325
27.977208528899553	50.84428357086379
58.449159981063914	54.64538507151411
43.283227549575514	51.65487263790222
28.890800889362506	56.42298820895047
46.82952649149092	53.06544894100573
46.49794094431219	34.078927992208364
42.7764330813661	72.57949474091711
34.455876008158675	38.990091013284
43.520648277400106	47.09027201698904
52.3802835633343	61.20387587288023
34.618986670210695	58.76766370580668
27.24113914637833	46.04313087894771
40.40077631038421	64.1480413032753
50.49703850241771	51.55987986665246
37.42822841931515	55.42754634101894
42.15993320043058	54.99346914898503
30.910702879306534	56.98329138983053
41.82850159003753	55.80628708182273
33.241789493176455	51.839264727076205
24.45807766282517	38.80229353979966
31.174310004791046	57.14111311098069
31.256163869287708	51.66955464810309
37.35401157020983	55.2282886236074
37.520327079872516	49.1018183935857
31.523937012424902	60.86371705496843
43.86536472255074	39.137455662042285
28.83641309402023	44.575300768396126
50.80775625846714	48.17657446945344
48.98087874909725	46.12102584416262
54.41930231385363	50.86471791995767
11.46692929227032	74.74943326301373
14.46369315831774	79.05720422561197
18.542491839415042	85.47527834553266
17.350553752009326	61.47152863602739
11.369195006555778	93.06120194170236
12.82764599520722	90.08510586722454
-6.8996553381238215	84.71578707774695
30.225537130485503	74.60751390130888
19.95720586346146	55.93847177672939
26.113788525198203	83.89747597221202
2.879477602580007	81.62005235199727
12.585823950620906	76.58449835762684
17.321144338945963	65.43534679658512
12.299252100488406	77.40978656205621
21.420819785752222	80.61080785949159
7.388356423521612	67.3265961211921
11.439664008912791	86.13231393241283
13.820190052784046	99.78938939097665
17.843256182165476	72.82269767968128
21.504073705605073	90.34352301034342
25.37085027505219	82.33527940444151
2.267042870574917	82.96916435252196
19.463951379155244	55.15315514212707
15.090620093832806	77.85613306547039
11.411981842332027	64.3745321483835
35.859406634938885	80.64409556067302
1.8677465755268692	65.51838899048997
35.77160733209724	92.14719782818673
27.01173630763548	76.57699200682228
12.698445731333962	84.73334964092808
16.04233265299996	74.82487400896635
25.74702070362158	89.85853278663546
14.509708092920539	81.78434255285033
21.75967901426769	94.68399941399082
-2.807392058483849	77.27321053660637
28.347601519321024	93.80713322091572
0.2312630446324615	58.67655077627944
11.192589786665224	65.08555662429015
24.156326387397154	90.71088606616851
17.472125748100645	78.14139181567568
22.09376942819249	82.9566138114676
19.569955671807307	79.65155276598718
26.5671310898324	87.27826860364218
14.640290873742307	92.23565674396124
32.887059543608345	80.99946612290579
23.23720689044022	83.78050882595544
3.480719345713684	74.87570293330826
15.669753124785574	89.25758277595226
13.56603236186701	65.55359128700411
15.74131194028016	72.68124997584796
19.752579052102373	67.47449633327363
-1.743020497517243	87.89596098194855
15.973646380886937	65.0244057103573
16.34539686280217	74.73453856942453
26.260120090022657	85.19523778251339
27.163360423833936	80.19282792182203
-0.07446193687855818	83.66752636835575
19.2306604043852	78.33541576637599
0.46665510414647393	86.79290140628063
20.39906056236353	83.51338297701801
22.70822324070814	85.88935508021157
11.54087301504095	86.16482850347138
28.60032957661152	76.0369965689775
24.97632655059653	80.59808530356275
4.283098036976474	84.89346073080797
-8.752455780253314	81.14932018525407
18.37158999325679	84.69183959834248
36.077380379769124	84.89918575764769
5.123122255166969	82.06191008656648
21.09896783243088	92.25843985162668
26.033884196433494	84.72708790617963
30.248258706472363	80.65641635671771
3.894315568538218	114.64839193273897
46.02958906096662	39.60832379807036
50.41796157015152	18.54864450434801
52.108244815815105	45.45045690368462
41.97389088437193	55.821588837564384
36.84014932472884	34.98176575830272
53.79590658986937	43.098099113862844
43.04603532794798	38.430762197557016
46.334860508640986	31.310365731682708
42.40436859206725	35.92453247897519
53.92227128501728	34.90459138367236
38.256947221245234	34.65004940058595
56.24185746542707	20.875907046218032
37.96700375162521	35.30752354279069
48.72280053375735	26.304509606174175
64.37162554289412	11.8840840405229
48.303387163395016	31.9455409884111
52.60835141901103	40.253523381659434
43.883314798062514	46.51599804221058
38.49715838085058	30.889206133082176
43.78759016288642	23.185292328129247
42.15985265530622	21.842436137621
28.735177040591513	24.96296423422372
47.79889481217506	42.643824696862865
48.28415204135943	24.905479458189596
24.495006398539687	33.4018911387174
46.896947145139364	38.488366123394684
35.4403024813626	14.644718340068657
45.26067447482056	33.14412641774107
33.742322960887094	45.626846453181955
32.53647694476064	38.18955985562139
45.84342240316204	45.744549122474076
60.55746726677868	44.31763531394187
54.119953971675166	24.313557336308712
42.99152766574114	43.832814309132615
46.74524398411336	31.540142169027405
62.8697830324772	32.276736698973956
55.35964992503406	18.280792718552853
47.48748974101337	36.51914981803845
37.37056890225388	29.427863724854284
34.20988862587072	23.1755924718911
35.2623052234947	24.595908759911985
46.82447302481304	17.37494617166703
46.727949209682905	16.56102722066878
37.305178143453034	34.9880337664249
46.37519937525514	35.66025246703611
49.36065932729144	39.00428735711576
45.621915597007046	48.61332415618033
53.99275713800939	28.59351222259766
42.06132427293089	35.670963725271605
49.444752898930474	13.5622053859341
55.978992340817015	45.07776245783614
64.2575277004481	44.62984428202708
50.05758445246333	49.73570453598485
47.58029429146841	31.34328510823584
57.72658991309593	28.60860078335735
43.211839260779854	22.809479087147363
39.140026405625015	30.957803013423884
45.14974402986342	32.80603877866616
34.16625578295519	41.43939668623115
23.485133855472164	48.432084913331416
50.5025523783519	30.589094034551586
51.442954202643584	41.05522869777694
31.79603370688968	29.496551815078
46.64386784463033	31.570682605627532
58.285426341231954	39.61401471994617
31.216117245222126	35.57613287905053
56.281192680695	27.127616744704625
46.985961934033526	40.495205785759325
45.15112944495704	32.80302251072073
57.156113048262355	33.2115812632744
57.106335393347294	29.175159701415957
47.37712263061232	38.63545163933472
42.751766765375855	34.92390712013343
58.66135174295265	50.28142660652637