41.92211869963115	56.37587878292117
68.81156880472192	50.57353687532645
62.00052143037752	71.37307532114494
64.33294875634374	12.945628060234458
49.020883485827596	2.678233779258003
43.96580915895531	66.06851649611671
46.209553480868536	76.49002257292979
37.74008613376829	68.06496822373366
40.40952008676963	64.8115053605055
33.678288596244904	33.54698417963636
33.95321357992701	8.215233405859742
28.223433694865786	92.26663141087867
30.396229253192683	38.96729897769862
24.00200291448811	62.8767621945118
24.25032358704029	87.89969550427278
26.43198774081547	17.815467884841873
20.06436718845577	90.37024406768752
22.192818294326234	21.995389040976722
15.603485806189145	19.172546355308775
18.352737118225118	62.855023865392994
45.65013966350741	76.9475019150438
42.040637543417006	77.3998604217228
42.29782681141748	85.63789854523294
44.79875892611623	5.297444220771113
38.43113837375653	77.85222040361676
40.603933932083415	24.5528879704367
34.165364616137374	33.38682711850417
36.338158699249306	79.08749468532412
64.04351663515304	14.074792692220463
66.50897436805862	0.8739161623321633
59.582635252886426	41.87709350462677
62.323017969474094	3.3444662009618438
75.57263465976453	72.71099008229085
69.04538086455052	51.3938810928669
71.61726026762065	34.774263803183246
71.90992244219935	74.87272118168995
55.060026583701884	50.95912926264062
57.93343675679898	57.653074165212814
51.09578359610971	29.80729816978388
54.538195402778015	1.4098242444922922
40.58796262250242	70.05002302741104
59.46910939337421	74.00807561036056
61.75719669252889	0.5051057559193468
56.83514982216604	10.121959203800218
57.14554918764131	16.65062620980521
14.998304028384519	96.83260864447293
17.50810473853156	98.70725765854529
11.25577592699966	52.05839642012976
13.3664913171885	17.25333176592068
13.809918139173194	69.00856950294782
6.759420162939868	48.000277977539504
9.553012977002345	7.758279556369429
2.77743998445112	60.41823725718448
5.464611128349038	23.59498254623967
34.89933485016504	51.52770890771386
35.28068297922665	22.777212948497013
28.47850272511559	26.791856208064647
30.85527450353825	82.43993449111484
23.991015556504102	5.948844054438485
26.465341884857963	74.96307381351428
19.539002769685773	16.966249680593933
22.26164829537687	12.00341274943073
51.669767706062956	90.29082614487245
55.057554939946044	14.460848769679878
48.16669020656702	87.32444241654115
50.445907435058466	30.606367748350785
46.57070328316934	2.3910534348369965
48.69915586425476	33.0161984081262
49.09824118421295	69.69591207640764
78.88770577353073	20.232830987847482
81.76998601729109	10.141879228953854
72.9457763274741	79.11263528022198
75.58860449413056	27.213856500531463
68.9726662196486	74.74569789840113
71.53567702727042	74.91097727018331
71.83720632208245	98.22453946243915
65.31882259753169	60.12253381154939
67.50048527609192	89.03830619211848
97.65356375400464	44.39452099205816
97.91962014223846	35.847663929317434
91.40123346725778	96.74565827842767
88.11100078330591	86.9417886048608
90.14189881446012	5.20078062690944
83.83635843023846	59.261290505999064
86.30181616314404	46.060415451325724
67.50970822797531	35.038879647719156
70.12592913307192	33.49478790199617
63.65188691054768	10.468306319852113
65.94884280515066	19.18044127916004
66.35679524534218	39.07526123640558
60.20201950852655	5.792551474015645
62.71182021867358	7.667200488088012
53.9496921722096	58.14368876038517
56.47722859803826	26.448548877170765
86.3731178079505	72.56672260317039
88.68780941823512	47.709067189976594
88.95386580646893	39.16221012723588
82.40887482035834	51.414891510313645
85.0073614849883	83.44058866187743
79.59754481539927	26.226680303985443
79.88133691931472	83.110032868743
73.3718203149973	28.223133506817334
75.97030697962727	60.24883065838112
4.870771064963503	21.96843161732865
7.407177561455412	72.48839507264844
0.6227344982409356	42.93324795971435
3.1768781856294392	59.88342104253241
95.73830886968341	68.71735871538492
95.7471774651317	51.93246352913406
98.43434860902961	15.109208818189249
92.1997569883943	33.890557207272
92.57223504679266	21.92495643430602
23.343963920428802	6.031664243032621
25.48128509696253	19.87191403007096
18.891951133610483	17.04906986918807
21.490437798240436	49.074768495966794
21.765362781922537	23.74301624697522
15.246977582156829	84.64101059608545
17.845462771571835	17.666707747649237
11.26499740366808	97.05896987573044
11.575395293928391	4.587635406520463
94.13345335083741	0.5688649199316338
96.63438546553617	19.228409120254852
97.28178998283158	80.93105757351225
90.56829568320344	16.096748970571287
85.61964450171067	76.06828797720475
87.47317062389904	33.02518372427056
80.36946107497596	13.726263316367394
30.953536291124667	21.377024726058465
23.947378341702883	15.44425726939585
24.231173396048234	72.3276098341534
17.969975989068054	42.46364378198874
20.399959340180455	96.40235094753379
50.22489978650636	78.79968616354027
50.544166272214966	68.54345945850936
53.15152153229322	83.78425994860733
46.535581782596296	32.31610282169197
48.90348644078561	5.749076290993023
42.367362574908356	1.216861012604975
42.64228755859046	74.88511023882836
35.88445175693582	93.97527609192673
38.69578176189487	20.163488773469897
22.174022459769276	68.20877201270888
22.289314200597076	48.005134591447714
24.861193603667196	31.38551730176406
18.662076364825047	82.02728347062843
18.999080041430236	38.2012663930958
12.462957650767951	33.66905111470775
14.972758360914984	35.5437001287801
8.108499413880836	58.05260969210375
10.636035839709493	26.35746833367439
10.973042466744598	81.53145125614176
40.75363846061409	48.853263878617504
43.21022907328633	52.437284010195015
36.762791161892004	78.05611686929838
37.055453336470684	19.154574247805087
30.51933094580839	14.62235896941704
33.002524394395586	66.85169501745693
26.67037822382907	72.26689045529913
27.007383375649216	28.44087190255155
29.313206390485526	20.36811020039365
53.82588471715363	57.91769296017864
53.99438803067118	36.00468294619736
56.77911224928537	12.54757971127814
50.1631739748034	60.07942258436278
52.79713207079661	24.965538990923125
45.853057239942785	0.538503755289533
46.473855970893325	13.595837767299505
76.37861377625387	42.92911778226323
78.51593495278759	56.76936756930157
71.86451934608253	72.44079118738965
72.15718299587618	13.539247090681393
74.91530142814548	40.436832364944664
68.3259689400084	37.613988204061776
70.48102583222374	17.884447618598397
63.63450260087122	6.823566809420317
66.38375538812214	50.50604431950453
49.471777886271695	45.08672017942617
62.29570494547401	29.12821447601135
64.81437425106934	14.217969779047811
58.45562229415793	69.98784930042764
60.95655440885667	88.64739497596581
53.994740911891306	97.79015011283394
54.25192870467683	7.028188236344082
84.17442370093396	2.791677878806081
86.72856738832245	19.741852436839103
80.21904930879008	63.85495159969849
82.39184486711696	10.55561916651843
82.70224275737726	17.08428617252342
76.11291026924017	14.261443486855487
78.7025268632069	63.07203582467011
72.15753587709631	75.32471720774788
72.41472219466687	83.56275533125802
3.3815601681654464	94.40176756725077
5.882492282864197	14.061313242788954
98.05370771762321	68.4306405858942
1.6078514050117108	85.38081514392722
1.8473020069006423	28.188642164724126
94.26683516378193	8.580905768020285
96.89192761475675	89.25191588561653
90.30259217618976	86.42907319994859
90.74602047338942	39.184312412190685
74.28634133940186	68.73532934767366
76.7872734541006	87.39487502321184
70.3043611609131	81.1532901025336
70.55268035825033	7.17622193707963
72.75208022770714	2.522205420361963
66.10066757143201	18.193629038450037
68.67254844971708	1.5740117487663956
62.21624194287446	43.977739794120616
62.544378499246314	16.93661642762388
92.34271315922736	49.688640152812866
94.8259080830295	2.9179747256378077
88.27204702625568	31.955551294966433
88.56470920083436	72.05400719825818
91.07450991098139	73.9286576875455
84.73349514496658	96.1287468364236
87.27877023690678	30.863816580707486
78.4456919516415	17.619466343011513
80.81359513461587	90.05243981231257
11.540982506225511	59.08362355229347
14.077387527502472	10.60358700761324
7.638818211556434	19.437526155680715
7.825058715970571	62.95472724441268
10.44128109628215	61.41063254825978
3.5415477674548344	52.05912285658685
6.0602155978351995	37.14887668440836
98.57730477986267	30.907291763730107
0.22470929715808563	92.60993874177255
30.058518338932284	58.22238024674314
32.603793430872486	91.95744999102702
32.84324403276141	34.76527848703888
26.386937525918793	77.16900653239311
28.68389342052178	85.88114149170103
22.209849722782575	62.85465990955698
22.671013735663852	81.04010874929736
15.70920171391345	90.18286536138045
18.742246605079803	91.7486969114372
1.9899052965135735	81.2012579436284
2.326908973118761	37.375237915665856
4.810103896920916	89.60457396370576
97.52230070359585	11.09529347029366
1.0409700091911809	95.18504729811517
91.17241734213273	50.08027780542263
93.72655955430628	67.03045236345565
86.85343201182384	7.324255637815189
89.38983850831575	57.84422056834993
20.356676481814326	68.68323280434268
22.671368092098938	43.8255773911489
15.496708304374563	59.805819948467544
17.838007176219	83.5934789765212
24.471684116812508	2.4918457309348314
27.17659245160701	31.098799172273342
27.44264883984082	22.551942109532614
57.17890480689877	73.7982321384776
59.75078420996889	57.178613373579005
53.241266130436514	2.29171401165334
53.49845392322203	10.529753610378435
46.58098340349813	34.74803429120723
49.13512709088662	51.698207374025294
42.55466172298287	32.09046802689154
45.35712313249363	74.06357441947061
45.49902213488127	3.5052514394568637
3.325171189279607	35.041920908092116
5.905919187798018	1.6374084321576117
98.58264161267978	89.26770868374895
98.66245897171441	37.20365053227627
92.31257561025129	76.18863634262019
94.45876538223331	73.24398946819271
87.88716860977785	36.851357885238016
90.39696784470992	38.72600542409541
90.89360623938437	88.77187351883238
21.700809494813704	5.739000582555534
24.166267227719274	91.53812552788219
17.66561921885015	19.866330979705673
19.847283372625327	48.78210336027476
10.978730705566887	3.677335342797178
13.524005797507087	37.412403611866104
7.049962099767881	14.385922029722048
9.62184297805297	96.76630621525335
9.8612935799419	39.5741347112652
39.64189104902634	6.895947333740956
42.266982024786216	87.56695745133719
35.686516656882475	67.95922105463335
35.95257304511628	59.41236399189263
29.602691158868122	98.39734832702159
31.74001233540184	13.237598114059937
25.40786616483531	18.65279355190214
27.802373658939583	40.73108146245062
28.02408854514689	17.108700330964194
58.017530829775396	76.59302700820437
60.55393732626731	28.112990463524152
54.00894486494176	40.36567184660193
54.2395268713824	98.9583970040796
47.77435324430645	59.14702023568468
50.29302107468682	44.23677406350618
43.41989500741934	83.53057733786572
45.93856283779971	68.62033264090218
46.23122501237839	9.71879001940889
29.67399280367458	25.903655478866256
32.458717022288766	2.446553719162002
25.92259463162647	96.91433844077396
26.188651019860277	88.36748137803323
19.23570611834321	80.72534280386546
21.807585521413326	64.10572698939676
15.262596010517699	76.35840689725958
17.940897083752375	56.320047372565625
18.162611969959684	32.697666241079204
48.014156727415504	63.74031737354807
50.21355807208727	59.08629938161545
43.562143940597174	74.75772447491848
46.16063060522714	7.783420151267292
37.35415810630675	43.1843858300337
39.979249082066616	24.855397422844902
33.762394652327885	10.066953964210981
34.09053120869974	82.02583059771425
36.66241061176986	65.4062133080306
66.44300808085431	32.728025930506334
69.04149474548427	64.75372308207011
60.155204887529244	53.21874691230921
64.13718506601799	40.800786157449274
57.28214759565226	9.310269176373584
50.515443198549335	45.18533021572282
53.01637531324808	63.844875891261
46.497988638267415	25.742870240371236
46.817256599190976	15.486642060125364
48.9900506823029	61.18731110216027
42.436192575958984	90.22488619627394
44.92825461999447	26.669325582848025
75.00151573887257	34.08959705904543
75.20549195896834	44.03700630006071
68.27915284379614	85.04018216714037
70.75347917215001	55.05441192621616
64.2616982835142	65.59772219178878
66.8867892592741	47.26873378459998
67.48985079932805	93.89585816911166
60.58124887505244	2.329242188474646
63.135392562440934	19.279416746507668
92.98693731989675	50.32206787897655
93.27960096969039	90.42052525748325
87.08935085108159	25.277396240096756
89.29762079120165	3.838483061913269
82.8679200707039	94.88752702372987
83.01868619332487	7.544307382250316
85.98965091635318	27.60440376084811
79.3204995939665	76.84561922665286
79.7639264159512	29.600856963680002
10.367153451284768	35.620574786387884
12.885822756880092	20.710330089424335
5.879666282673269	14.77756263276172
8.212096559069415	55.35011684706622
67.6764441849623	1.198527899695174
70.40795830610169	78.4507957822811
1.1885557751861349	45.772608404756845
1.2417673478758884	44.06323728725169
4.026491566490073	20.60613405233248
96.25091857393885	73.26609175314752
98.82279945222392	56.646474463463875
90.00745835785524	9.832333853266187
92.79218257646941	85.37523061834696
86.18511289743574	17.122178305180746
88.35790845576264	62.82284734721566
19.236058999563337	43.510812920931954
19.386823646969344	55.1675932794524
22.127207838771973	16.634967451002435
15.653164141032768	92.60848586885837
17.985592942213966	34.18104008316286
9.445178306742328	61.035147223973595
11.555893696931179	26.230082569764516
4.993165519924008	72.052554325344
7.742415356745013	16.73503183542822
37.45206406224312	19.33600742312579
37.744726236821805	59.43446480163249
40.254526946968845	61.309113815704855
33.77161612899631	55.067528895026605
35.97988606911636	33.62861571684313
29.355077723971146	97.94535377617862
29.8428475231973	65.77611558195147
23.226907773500375	14.307958455036122
25.807655772018798	79.9034459791016
9.294765065341489	12.16383550730469
11.476429219116676	41.079609363088736
11.68927550987569	34.242123417853165
4.940306828454383	36.54739555991565
7.547660613317671	51.788196050013596
1.366280565372107	68.8601733215912
1.6057311672610388	11.6680003423881
94.09621308772866	55.78110098046244
96.25127293037393	36.05156039499907
27.253583810450724	78.75099188598837
29.789990306942634	30.270955341308163
30.029440908831564	72.07878531253498
23.457844136376103	35.68615077915037
26.10067230303257	82.78737199945985
19.13885880606721	91.93012861154294
21.639790920765947	11.589672811866155
13.072769023734484	88.79846698664441
15.520489565743471	10.167382304472788
44.990687669352646	69.96052792094355
47.54482988152619	86.91070247897656
40.973233109070726	50.51806942080692
41.24815809275283	25.18631569660038
43.78456458924474	75.70628062713511
37.23957360313415	87.95896053499793
39.838058792549155	20.984659161776662
31.031586293628752	56.38562336532811
33.55912419467238	24.69048348211371
63.33085306830853	8.797189815625353
66.10670869147441	2.1249832421719512
66.39050374581976	59.008334331714565
59.86324995060576	37.691226817505566
62.36418059008955	56.350771017828784
55.49992164305541	78.85968058115243
56.14732616035082	41.56232755919487
49.65554527171503	52.105637824767484
52.14760879096548	87.55007721134157
35.32431871881291	13.281801208754617
37.85185661985653	80.58665985032526
38.1533873898835	4.900220567366143
31.599526333109665	33.93779713669477
34.127064234153295	2.242655778265409
27.342621170938816	71.68750866533134
30.01205659915511	68.43404432688823
23.245350726837216	5.309106841452426
60.892354002967956	33.42884795339766
92.31363425391167	63.54504226817479
92.57969064214548	54.998185205434076
86.0346996560349	67.25086658851184
88.64205491611314	82.49166855382475
82.2655642930902	72.83133992292125
82.46067339295263	0.5636443501873958
75.64075742315995	38.148077982256744
78.04413351271252	43.44146923133941
61.59332297417325	56.20759393100144
64.30709990441605	68.02965218608908
64.39578585889898	98.1807003235805
58.090245474677324	53.24120872745517
60.245303842107624	33.51166814199179
54.152608273430026	80.73469355106081
54.2945058006027	10.176369095832117
47.75838193472545	5.644153817444068
50.63179358303751	12.338100195231219
80.01330573216377	41.980197674210565
80.46560262481171	76.95054170020181
82.96653473951045	95.61008442531008
76.48362244632295	89.36849950463183
78.62981221830498	86.42385410541932
72.04047825495293	83.60101141975137
72.51938093394574	68.21666841177509
65.54869736631713	94.14432021010903
68.14718403094709	27.170017361672812
97.94551869092813	59.922041086861796
1.5351352848948288	9.732631949461469
1.7302429095422993	36.464936376727614
94.36262383239756	10.019714034788215
96.98771480815743	90.69072415238445
90.44272234683189	3.9434055354622233
90.68217442393578	45.75123403147408
85.67144307430496	25.2170408170785
85.97297384433195	48.530601534119384
16.789045695209552	47.712833411591696
19.360925098279672	31.093217597123
12.993304545919983	4.647992304753677
13.312573982058503	93.3917641245078
15.831241812438869	78.48151942754427
9.224170658190236	10.228467114378049
11.414701932198748	22.359344308696276
4.922922518777915	32.902653099053936
5.188978907011723	24.35579603631322
87.8711958249819	82.3484914669974
90.43420810781868	82.51376936356462
83.86260986014825	46.121136305394955
84.09319334180385	5.71386146287263
86.61186264739919	89.80361381547918
79.75647229581334	95.52762819255196
82.64761965980702	68.65178272262243
73.87662154267979	36.91316765638541
76.03167991011009	17.183625595707078
6.785673068064617	34.860123776935396
9.579265882127094	93.61812535576532
2.936720346085294	92.50465378760254
3.238251116112271	16.818217455073334
5.464256771913952	60.80951390438813
97.86605421311361	74.77156640497105
1.5798326185713758	86.59362466005871
94.03484015724584	98.84630604313648
96.2342415019176	94.19228805120385
25.15244425336538	22.342100112864625
27.73319225188379	87.93758616171516
20.957617784117616	41.597543862530216
21.463126249455318	74.85851677101631
24.026137057077143	75.02379319236856
17.05545496466349	1.95144646591747
19.67167734497507	0.40735324497952485
12.789682682259295	56.48605170558993
15.42364225346747	21.372168112150256
44.973657716111276	29.10125852757825
86.84742713022186	45.97128725112416
79.91221941960139	4.759356829239707
81.55290220146065	67.5537385215411
74.93696245176372	16.085582869840703
77.11862513032395	45.001355250409794
7.890354003960106	29.108063059136395
10.38241899842551	64.55250244571046
10.861320202203375	49.16815943773418
3.952718277927766	56.601544932312116
6.497991894653008	90.33661320138104
98.97073809943902	69.01950568717204
2.5160117161642597	3.7545739562409732
92.84256814896825	84.38210889081458
96.46980598474026	50.35996001163387
27.33022081285934	64.61771595785189
29.90210169114443	47.99809719295328
21.11336638312062	49.82927249921797
23.454665254965057	73.6169315272716
16.918541389087807	69.08471772409851
19.543632364847678	50.755729316909715
19.765347251054983	27.133348185423284
13.406595294143575	82.90322770680311
15.99621188811029	32.7138215198327
45.776810832409694	0.03563414230843587
46.051734340876834	73.70388189331686
39.1697382029461	30.78258035392726
41.59972155405851	84.72128751947231
35.338524147078324	54.857321467307635
37.812850475432185	24.871551226383435
30.877642764811696	82.65962227971394
31.16143486872713	40.54297484447151
33.715578556115624	57.49314940250453
17.167214942860117	56.89311967571104
19.703619964137065	8.413083131030831
10.950359037906425	42.104677692292086
13.531107036424835	8.700165216357577
7.030459027555711	36.02836919296609
9.60233843062584	19.408751903282436
10.187664254998168	0.6056666602958508
3.3145352373007704	39.899471409870344
5.833204542896095	24.98922523769185
35.64040779832541	40.95635230141502
35.879858400214346	82.76418227264183
32.057512939794854	90.05402524934144
26.745249344922097	46.20626984269001
26.975832826577697	5.7989935249527305
20.528396390398324	31.4178263840561
23.03819562533041	33.29247687334341
52.45518215624983	94.79499360731933
54.89403410281052	32.94880411139855
55.42614687927814	15.855089985917111
48.916630274960724	59.96819062399144
50.956398376778196	60.44228893500419
44.81935835564418	92.58978732489759
45.129759196334405	0.11845433090257118
38.256630178637	39.41225908047708
40.81964246147379	39.577536977044275
70.59137133510994	23.684244785770883
73.1366449518352	57.419313054839805
73.3583598380425	33.79693339856834
66.80449878126866	62.83450849268201
69.58922595031275	39.37740673297775
62.92894322337437	71.83372553731668
63.62955783814458	32.82700139785398
57.049092470240836	13.219263525935178
59.23075662401602	42.13503738171922
42.84202477839984	36.40689282719532
45.00595174127844	98.89245558026613
45.44937856326313	51.64769479250823
38.478697946064436	77.57534806605715
40.89981270172855	49.298948942638084
33.929130609314896	75.22660074097203
36.59856456231623	71.97313640252894
29.636752540565823	81.11589301461203
74.76881349468125	0.784060050458552
77.47372182947576	29.391013491797054
70.91099365246859	75.21348524737654
73.5006102464353	25.024077585191172
66.50332236767677	2.306414942277696
66.87580042607513	89.34081564452667
96.62979358402966	8.017315300969956
0.35244058493569963	3.0544783698067413
92.78084233726528	65.6618453116371
94.98024368193705	61.007828794919426
95.2019570929294	37.38544766343299
88.8343365405697	10.940222371063678
91.4239531345364	59.75081470887831
84.8523578372959	23.35818165070865
86.95420315682149	5.338012182750432
68.23304251002413	58.037314889136994
70.96455663116352	36.289584246937885
64.16237785226741	40.30422603129056
66.8938919734068	18.556493913876494
67.26637150702011	6.5908946161254685
60.703643330012945	52.41336637170496
62.82322584043512	0.8234050560300542
57.48435793443244	7.330335208131203
87.22061242627542	58.57662376186125
87.54874898264728	31.53550039536451
90.11176126548408	31.700778291931723
83.73527359289103	22.04044966102822
85.81051460128671	54.374965751822565
79.29212792630604	16.272961576147765
79.54044712364326	41.29589341069381
72.9865875420844	70.33346998002243
76.79119581160731	96.61341590060958
7.642742044278085	28.656067033078454
9.762326029915227	76.06610719261852
1.1154867738491252	7.338958043654514
4.547618460188642	45.58450326199269
96.59467355867157	37.94236468782491
0.07786700725876872	90.17169926064986
92.79893388459695	93.8775235809869
95.37081328766708	77.25790629130326
23.845586266700256	52.65247914072193
27.792093538610793	8.37410060608039
21.22049529094037	70.98146754791073
21.53976325186393	60.725239367664855
15.925970362179154	92.56392176875758
18.45350678800782	60.868780410328235
12.600263296434113	50.899632840194144
95.17605706902476	13.311070505888642
95.78798720452703	43.15329822893451
98.33326229646723	76.8883679732184
91.79713990580493	72.35615417004531
94.38675649977164	22.166746507859934
85.55367968972132	8.922396270163961
88.16103347458461	24.16319823547688
81.65151539505223	68.27629739833625
84.17018470064757	53.366052701372716
14.63151420880845	30.944093504094326
14.817754713222588	74.46129311761133
17.150183514403775	16.03384733191583
10.773694366595794	6.3735201762272835
12.928752734026094	85.64397811554895
6.401498938812093	64.326869126125
6.9779546925211715	62.30867906938928
0.09595707937548092	19.387377529999675
2.712180934902019	17.84328430906173
32.82978355580662	40.339078378789885
35.002577638918545	86.03974594560982
35.46374312701479	5.225194785350213
28.856671972766154	35.972142472184
30.993993149299868	49.81239078400739
34.257972928127	72.75641465817837
27.242949333686845	83.60854386298156
27.677507560223248	53.14867678625957
30.258257033956617	19.74416431032507
59.67524356487604	81.24668104430097
62.211648586153	32.76664449962076
55.86176669990484	71.75163178517964
56.0657429200006	81.69904102619493
49.19261390230321	21.992844300554466
52.05715695516697	45.47168586459248
45.529903159952966	24.15457539995358
45.89351262290303	28.973871288453406
48.40331480826503	30.84852030252577
78.2016479930311	63.600544027714754
80.79126606221277	13.411136365529387
71.93158199060262	50.52147168658599
74.4945942734394	50.686749583153194
67.96734047822541	29.369640593729248
70.12239737044075	9.640098533050917
63.58627497977846	5.107883254662869
63.870068558908855	61.99123729463538
66.65479425273799	38.534135534931124
49.72508103520591	66.68460029213952
52.642835660759424	88.45406926345743
43.80088878004586	91.99461568722727
45.98255293382104	21.91038806779636
39.87212017424686	3.70320237415213
42.49721115000674	84.37421396696334
42.78100620435209	42.25756505650593
36.1739335748885	73.00451421855468
38.51523097151798	96.7921732466083
68.32243570216225	13.759300310331467
70.40654530600624	29.308921214874964
63.88815863102557	90.2069155639852
64.19855799650084	96.7355825699902
57.68017279673513	58.63357691910043
60.216579293227035	10.153540374420208
60.819640833280985	56.78066623414686
54.31012422896357	1.8937653970062391
56.87313356137045	2.059043293573439
86.73354986470449	16.316799239791457
88.83539665944502	97.29662829661828
79.99344977873147	1.8371747203881157
82.73383249531913	62.304547416723196
76.21544729555345	24.20254471626335
78.29068830394911	56.53705933184274
71.94967353793429	78.7371499559358
72.27781009430615	51.69602658943907
74.8053465201348	20.000885231009715
5.559339678089335	37.67738488745299
8.11348189026287	54.62755797027105
98.37795815492882	54.74935920860068
1.9054960559724297	23.05421932538628
93.98802406103357	47.27250000621507
96.63972229835328	77.58882456505874
89.66904020593962	4.51647783860764
91.99260188688748	61.87392723916299
96.3740187913396	48.92115174486595
89.35899519689944	59.77327947445419
92.32995991992776	79.83337732826693
85.8027046494988	58.51626686362803
86.05989244228432	66.75430498713817
79.17789630435358	23.83300492296353
82.12225524103702	94.24778833552885
12.920589901018047	27.999810585502875
13.19551488470016	2.6680583365112964
15.39491622937192	97.01404181979363
8.752370693330121	95.90057025163085
11.350855882745115	28.926265927979664
4.947762423807205	69.6206243310437
5.284766100412393	25.79460430308115
97.69543213706035	22.971761617413204
0.9214392680769962	66.963058066728
31.047910484429877	72.67395842542027
31.30509975243035	80.9119965489304
33.495631026438865	93.04287374324862
26.932902849431695	39.86534549882811
29.71762706804588	16.408242263908903
23.13716317535708	95.8005043919901
23.385480897479347	21.823436226536145
16.44140606662553	96.39640394133247
18.960073897005895	81.48615924436893
79.19061182999778	70.10988340569354
82.01081190562007	78.51320090098585
82.07289207375813	60.018934597229844
75.58997978057063	53.777348201336636
78.0554375134762	40.57647314666328
71.77650291559942	44.28229599178538
72.0869022810747	50.81096447300533
65.45322534048118	32.912596243376726
68.06058060055943	48.1533996839046
97.45096134513399	61.01060197663308
0.9607605800660614	62.88525099070544
1.23568703896312	37.55349874171386
93.6640887912927	1.1608671587591695
96.46655167601843	43.13397355133823
89.9659036671493	70.46217752794675
90.15214269634848	14.979377141463761
83.65149468747936	42.30758259328723
86.1967683042046	76.04265086235615
16.64922921691719	70.4055883265436
19.0792125680296	25.34429401687368
19.566983842470712	92.17505582264653
12.995385594800293	55.782421289261926
15.221392725816932	0.7737206890066356
8.676401739706346	13.026399121654492
11.212806760983307	63.546364052189226
2.7788137956762164	86.98173043320462
4.898399256528318	35.39176911752972
34.4661519100687	9.551067685241026
37.03803131313882	91.93145039555738
30.448697349786777	89.10860770988944
30.76796531071034	78.85237952964357
33.330976118332174	79.01765595099582
26.794853727669885	74.48544214782274
29.54410356449089	19.16791965790694
20.71989534988887	88.13867570917508
23.2296960600359	90.01332619846238
6.5749078261859255	92.8320387066792
9.341896329118473	3.944727319476661
9.590215526455697	28.96766062923766
3.098436113034864	39.51096941959532
5.528419464147277	93.44967510992541
96.13876800086669	32.960564084471535
98.70178028370348	33.125843456253705
92.13018351124802	95.7332089228691
94.27637328323003	92.78856352365658
25.979300253291992	96.48127235039813
27.939249520859875	50.01942733766862
21.145937862197105	37.24917393577043
36.08058031158827	85.48560357814652
29.544457920925975	80.95338977497345
30.005621933807255	0.13883713949886833
32.53315983485087	67.44369725628447
62.304888708487034	51.55040506501107
64.54863303040025	61.97191114182415
56.096902874196594	19.977066420126288
58.20761826438543	84.1720017659172
51.88434068926719	72.80230201750855
54.429614305992445	7.537370286577483
47.68064562457114	9.842640953424995
50.17271061903654	45.28708033999908
50.385553959365645	38.44959586997847
33.890401918799874	36.14019502567982
36.45341420163667	36.305472922247034
29.943896122104295	80.4185720851064
31.53136585605885	45.92232784534287
25.16374677891411	19.477102552973548
27.726757586535946	19.64238044954076
18.867074990140747	56.75271724581232
21.075343455045854	35.31380406762883
50.8115994221038	86.56009262135886
53.41008461151879	19.585791248137593
47.033596938925754	9.925462617234087
47.32625763828948	50.02391852052584
49.640950723789054	25.166263107332046
43.16690702604985	2.1397830004029506
45.83634097905118	97.88631866195985
37.09194864826883	15.793016561755291
39.65496093110562	15.9582944583225
69.009867293887	95.95507897126937
71.67930124688834	92.70161315761132
64.76183072716444	17.91989383844011
67.25389424641489	53.36433322501419
67.71505973451112	71.54978206475458
61.16119867773729	1.5873586340832058
63.36060002240906	95.93334064215058
56.84221482264335	57.831336466475776
59.40522563026518	57.99661288782803
86.90660587085819	82.03650165370908
89.81549042574845	21.59086433606288
84.39680516071115	80.16185263963672
86.57846931448633	10.077625020205808
77.89615715184203	8.49005661624524
80.13103287830695	35.69645935452413
73.53282884429166	49.65850890467715
76.05149814988698	34.748264207713596
59.370105604907096	87.92166374989796
59.964298549512755	52.3336833206605
62.536177952582875	35.71406750619182
56.000054086705624	31.181852227803766
58.55419777409413	48.13202531062183
51.62786013413689	89.13520117770148
53.96915753076637	13.922860205755114
48.29328447294355	64.2558074353889
48.5061292884876	57.41832149015333
78.52617735946099	66.54796408385589
80.80539606316738	9.829889415665534
74.10076888377257	27.210684151258764
76.62830678481619	94.51554279282941
69.34722532692727	14.914529060373315
71.90136901431578	31.86470066797643
65.0016342102735	22.513190976303505
67.46709341839403	9.312317396845122
95.0039480407802	65.21262394250778
97.62903901654008	46.883634060104015
91.27915565507696	85.8686213456629
93.60271586080987	44.22607074621825
94.03727408734628	13.766203669496257
87.4745459103391	59.58867542507574
89.77150180494208	68.30081038438367
82.60571061266599	67.4961562802365
84.91153510271727	59.42339752850853
15.851767289870976	21.61709532325386
77.56872635791042	60.10211874165999
80.18495021343696	58.55802404550709
73.65769641822297	37.24091358086819
73.92375280645678	28.694057993342422
4.6777430139813845	46.37055617457074
7.24075529681817	46.53583407113795
0.7312386925007525	90.64893470921228
2.8419540826896035	55.84386857978824
3.1346162572682883	95.9423274335099
95.51867650757137	44.47416883137959
98.28566501050392	54.58685744417704
91.57217071087578	88.75254736602113
92.1042834873434	71.65883324053969
22.893749551876137	22.195750676764575
25.45676183471292	22.361028573331783
18.87629646680917	2.7532907014129875
19.106878473249807	61.34601585889066
21.448175869879286	85.13367341172933
14.82336752473407	50.45041147106484
17.43072130959737	65.69121343637775
10.513250789873467	89.90949411720655
41.49110421883249	68.27045069495652
41.71281762982483	44.6480695634701
44.27582991266163	44.81334746003731
38.129922771294275	93.74574398661149
38.47579651856272	33.13482877239808
31.89533115065896	13.52709090047928
35.60238634546561	26.440885345040833
28.667177159630164	84.2289549231564
31.203583656122085	35.748918378476176
12.52676598656618	4.523746628823405
14.63748137675502	68.71868049939937
8.15457055878248	62.47709557872112
10.699844175507732	96.21216384779005
4.137115998500562	43.03463412815457
4.456382484209166	32.7784059479087
7.17902948511521	27.8155690167455
0.598562641996497	8.207831144826704
31.39904563720464	25.266692922808822
31.877946840982503	9.882351390047484
34.37001036023295	45.326790776621564
27.88709806704545	39.085204380728364
30.432371683770704	72.82027264979729
21.608163469168673	42.79102870106542
23.789827622943864	71.70680108163451
17.2625723525149	50.3896906169956
19.79897884900681	1.9096540723153874
49.579576318091256	68.23146817000608
51.894269403590826	43.3738127568123
52.16032579182463	34.82695569407158
45.62420192594738	30.294740415683535
48.142871231542706	15.384495718719984
41.801856465527884	37.58458634281305
42.0590442583134	45.822624466323184
35.52292186765111	41.2904106631501
37.704586021426294	70.2061830437192
67.86653161957234	8.77749970697809
68.14145512803948	82.44574893320147
70.32312075702963	12.36152131377056
63.849077059290416	88.33503973162651
66.3588762942225	90.20969022091383
59.84049256967175	52.107684570024055
60.10654895790556	43.56082750728334
53.56155649658002	55.81350889036111
56.16004168599501	87.83920604192488
39.744705529248925	33.46574852136852
40.0018947972494	41.70378812009361
42.25450623939596	35.34039753544087
35.66517227604391	32.517554849772935
38.37894773107175	44.33961458007555
31.56790035672736	65.13915302589403
33.847119060433755	8.421078357703685
27.009464424529526	79.57530088705978
72.69137682122411	47.579964900138116
72.93969601856134	72.60289673468415
65.99561971249256	48.17586444948048
68.60297349735585	63.41666493957844
62.21761575409957	70.54123149492578
64.26625245136532	54.23043314447273
94.13553587493269	51.70329537965484
94.36611788137334	11.296017586702593
97.15084357520247	86.83891582699833
90.18016148278882	13.766567625332275
92.88506981758331	42.37352254188574
85.95873070241112	83.37669693375044
88.45079274644662	19.821137795539478
79.63545312729289	72.00699718534179
82.1718596237848	23.526962115876525
65.88068085288488	31.164970512593175
68.21311112928105	71.73752472689768
68.48803611296314	46.40577247790609
62.19136284897482	83.6813856955299
64.66569065254365	53.69561692982065
58.120698191218096	65.94829831289843
60.32009953588986	61.2942803209658
51.566838609659214	94.98587488222705
54.422513067074696	36.249610157300964
84.28292789519377	50.50736462830402
86.48232776465058	45.85334811158635
86.63309388727154	57.51012847010679
80.31868343238663	29.355533535447282
82.49147899071353	75.05620110226722
75.86667064556832	40.37294063681769
78.607053362156	1.8403133331527606
71.6807142469838	42.84348920023241
71.99998220790737	32.587259544771584
2.718500984068715	18.4033399462183
6.257052865357822	53.23014292954617
98.3750567274271	10.308842865371531
1.9469361304972088	92.68922557568789
94.40194661960157	5.941905483550694
94.6680030078354	96.39504842080997
88.14961633285472	58.293044245135164
90.65054844755348	76.95258844545839
21.422277321189622	61.059296254184986
21.785888259354646	65.87859214268482
24.242475921596967	69.46261374947728
19.409116480932	10.230515334849576
19.5687497237863	5.102400507119161
13.05036452402059	66.0003948562294
15.267501584373978	27.776586491795058
8.7136420028151	56.814163061123686
11.312127192230108	88.83986021268746
67.30463270013384	15.156680139333345
69.86764498297063	15.321959511115514
64.6351987471325	18.410144477776445
64.90125513536631	9.86328741503572
58.001521806538996	0.5117791985777519
60.89266917053269	72.63593225343327
53.984068721472035	80.0693177480112
56.555948124542155	63.449701933542514
84.48301799622328	73.81461733373749
86.771103820163	0.3116474792962606
80.2349814295007	94.77943220090822
82.59401749224175	84.99730233167509
82.9664955506401	73.03170155870912
76.41263596908122	3.06927812803774
78.96677965646971	20.019451210855802
72.48386736328222	13.77786481496261
72.71444936972286	72.37058997244029
3.8763949678689156	10.941908110914145
6.120139289782139	21.363412712512257
98.74365014197414	11.703084081608752
1.9785243932241197	38.909486819887654
93.98123798968055	16.19182417697418
94.4246662868802	67.94706338921628
10.208541138435447	5.526712673071941
92.23448641887686	18.601654836749585
95.87059285009717	66.79460929610305
89.60052684766869	53.71553843018924
91.72897942875412	84.34068192826349
85.20172563354012	63.02357146362458
85.46778202177393	54.476714400883864
78.97600113313813	65.02002466645648
81.4414588660437	51.81915108699809