66.24840382267904	53.79019634532752
63.96141584635417	97.69918087526788
78.60776983277206	66.44912793562386
68.26505715799763	71.41132446647435
72.59501418899438	81.18322220687669
85.51248919811022	86.92445491607951
73.56606186465234	89.59061379917455
68.79581340334735	64.09434869247363
66.96677982299848	73.79540839957886
68.17316052466091	83.79239320190865
64.21227900210327	76.14070014759626
69.91030203069896	71.52231119022521
73.62936457204194	81.57933640723368
55.292039333186786	67.00048809418192
37.95427107254324	96.6098994598522
65.86328765073948	84.67972937038269
61.60409162699629	86.91225338535816
54.37968129560697	73.28831124789264
87.56028287112129	68.56566861181123
67.92999772850018	81.59783333718015
69.02582018922725	94.46028316379068
72.11428057590497	66.32051991999181
89.9069104020542	77.02169562100178
62.65747945328677	65.55500210335875
65.02507834987478	73.6854921054477
53.377187296958496	88.49640907654509
65.87656373565135	71.65824050329857
74.19296443707503	75.01771350171113
45.3870269450628	89.52883701615748
72.39638987683637	69.10112104407628
76.20560766590555	99.45906515135297
69.40781858910692	82.96575336934949
73.73657972406251	89.95900186812167
64.41461697540096	76.45418670088772
70.18328764121887	71.75549940981493
74.36973765834176	54.65599823546742
58.80797783114721	93.48642362303669
63.500297527409515	97.6574005641787
61.234843845648804	81.94222983080402
68.78192935992094	94.4072132882505
65.32633983156839	71.11558556767258
67.1257692751838	79.94493327740425
81.55650396971508	81.58770680731787
71.36585981237336	61.96305557036962
67.73681798676492	71.68376358559611
67.56427363195202	58.239836834112964
66.76399426732317	79.1559497585572
46.5999347361629	44.70932647392606
56.498983239303186	57.88480977005186
81.17879931649773	95.77861471129113
63.3325159430929	95.61042582375882
65.61897619040666	71.24840353756665
91.84801278659296	67.62593928926681
69.40717331710363	72.30509576830072
42.905018228552194	77.33881641772156
79.66825777749177	70.95157436583634
51.57422605995998	79.97087997870263
63.82172975377057	67.81646422265624
72.49108726849308	99.39721735322608
76.20090705171363	77.52857526763758
86.46671082230735	62.92294648293874
49.01307183728331	91.18597834528458
57.39615492922847	97.04935604600672
56.314743116251975	79.42729432979682
60.076635656920985	87.89678315060056
77.20722975202753	66.19814206359916
78.17963969726874	94.04701032073686
54.0733595034285	73.51330969250304
57.97312980391618	68.32810669913378
81.66025759795723	76.22759772908391
86.27846651657461	87.22312773621388
58.1460228526725	88.35615519068814
66.11631722544921	75.10082066314088
52.06550443864963	83.9656376443231
62.49980091342911	81.01629756396197
64.35323379033017	80.46308473178678
66.32256565780473	75.04100487016603
80.10228419278037	57.839142001367634
64.18464844137202	73.4369562955352
78.02490246974331	92.18855460505773
69.95555495802569	69.29378154710845
82.80313477980269	84.12495011118827
69.25042447929411	75.54183930681201
57.67405313679795	82.46221505125395
49.80256198729181	77.41405058993574
69.31423102427377	91.872946305672
61.89945598296921	89.84387486396378
59.93991293454732	69.44745659061105
75.91727103442396	78.06673430788591
51.42649976775843	88.38385166756693
50.07705164515484	88.51493458236752
60.44623833754505	73.05854083645247
72.83275710214163	78.41550526880084
82.236583650159	93.55157216032751
67.96763569433189	89.08629671845775
69.54825058222774	81.09364695100136
66.45695733497075	62.99142968674483
60.48313865013855	91.07570734159815
82.57309035387854	63.69934955027573
66.99873927455916	82.61874120052747
60.24124472630084	73.98345808063154
56.06152447651453	66.57218821010076
65.8414958272581	88.10631777010825
73.63537329725135	52.293258692391504
62.03401909467935	82.40446209001232
76.35848459697526	80.4749336932086
51.337646543451314	74.41169181255283
76.84556290291526	73.14458297566665
62.36195038440251	90.22854866509027
69.34959220446741	100.63322038002723
53.687619168444165	65.67523095606077
63.48692938126099	82.29415348315231
62.273466396265654	78.82322433846197
77.84117414594994	94.42731785527309
77.81094183275904	62.835815008347424
56.446042407367884	77.01427804389262
69.17713428567238	72.02043719236136
56.37597481449791	93.89136065940507
86.96878586523167	83.77330921385744
56.90457859988542	86.32563841914123
69.01561983889965	73.92861839791124
66.27529920536828	76.42549153753592
74.03046871276729	80.0903961982927
58.70815257075077	78.17673324910304
79.73643735945	97.78219373552773
79.7570625317956	79.30289913993033
69.39121934912251	73.02346817312755
57.151894228017504	81.01168827622435
61.58356828441075	74.46094125560316
64.67357769199224	70.54446006050009
59.6825340429194	68.63573914667958
72.12948808917542	76.35742156691285
60.99767396753536	96.4484636677246
78.79011819538297	72.54183157172925
72.87310647109508	68.90989991696601
57.821766564087305	55.381020575476114
82.78619353397025	74.20164140888603
81.17162944486964	62.46245461301689
78.38403602606147	55.50514539062268
56.978317959275145	75.16282881029808
58.71370951041142	61.36225099378768
63.12941320456728	81.69421118624236
64.1160666635642	85.70621565140227
71.41635762705712	71.94384921654807
58.347791576351085	70.63759959715493
61.42635284006469	81.91879044175626
58.92664334500864	69.50973731148378
42.278425998749825	74.47718424625512
61.57218365826755	77.20451427254815
60.696879361201525	73.6727224100584
78.98802292416536	82.15661568582209
69.58807719816768	72.90946780160795
76.70458118788028	78.36917709859688
69.09551040764796	74.77236770655266
15.494185569415729	70.42157521723549
-0.19241529576784266	59.63388819265439
11.810506538996972	83.88296909039205
-4.068701967889584	65.11166850597398
-17.13770165715861	59.84823399188478
6.6522660648366685	69.04107528925161
2.7426962510640034	68.19206492274698
25.510678012797023	68.87719029745135
13.327861990418537	80.1748635640196
-8.569529761489262	63.73607274163032
13.354330312322876	85.92475728142543
-17.12494225381625	67.13245528174839
-5.487574926812096	80.74765856339062
0.07792830793901917	67.40256037668031
16.69835927993693	55.39831306323694
4.567925489281838	62.297251847194175
8.48007743734884	66.56054631820217
7.905536198262533	91.10432181325294
8.372397104311501	78.93009589410094
13.389860313481137	70.8411500146592
1.6593650256340604	59.911175015226846
14.73195006324058	74.78813357994966
19.097092688665185	70.60148103466328
0.39052991908059465	71.01544857041235
-6.460217353144246	66.07862763755111
2.917375737903896	70.28184366984807
1.9935068038129424	77.98220280398974
1.2897438083107513	86.95770455360243
0.30320859653615706	72.46939138099748
18.701804285069727	74.25288039834743
28.434678730628306	74.00755248222042
11.993469107033519	83.98111049633272
-3.1402769237130848	83.6139580227049
12.418958884063013	73.46464344496128
7.471303018782598	89.55415421690017
11.708078963316224	67.90665715743943
-0.3829503244248249	75.46895771061298
-3.2488154208279614	78.34978675718806
7.675037414678141	72.8515662325312
1.099043985752627	72.02820174972734
-2.587540878840846	86.14770326828969
-2.6828323855190277	82.73599708979056
5.734169770485639	62.673639512240676
-4.6227715259820545	73.83410227067611
14.806315031528705	67.3725389646157
-2.6169092177271125	62.853374521752436
20.181843091281955	93.64335719137316
16.344947594365756	85.78088594403678
16.77571769817481	89.97609714273088
7.972745668947777	77.7672507840933
9.566036086785912	42.09006838670297
15.875653751794577	86.29414926653492
-5.918691908862305	50.911162093469834
1.084331156859574	52.82511939174506
7.017124414018005	71.90611626876293
29.226807124315734	74.53774404152755
20.11513950555337	74.47026821805905
16.750781496398407	89.56980048043214
12.902924394027993	80.01301883475463
5.840601771623581	73.30823895933655
3.382542193829464	66.59213714283322
9.747838129126068	76.19768862001109
-0.6648313720078347	84.24512396911676
11.67868866282043	68.51741747823445
-9.405998975524565	85.44472120908443
-13.11489540402731	61.08234808032968
-6.561822697887598	60.83986308170836
-0.10965610379288471	77.62533513261951
-12.312798100116696	75.59999452745691
-1.6572759972166713	52.873733194403314
9.8600544445496	71.29024461645223
4.837983354963539	74.22207341908263
13.752934808810302	89.19395355893441
4.144141295276211	72.37689483627615
4.507099270173599	64.72176995531568
-6.92336145076699	55.423872218943856
10.970299386992105	72.74375802622653
3.366255361904667	60.32089146288658
16.653008329079313	62.837182379741904
13.19029962397196	63.87700505457882
20.171198065744953	77.78373800041817
11.34545004755338	65.8423435417844
4.694131008840217	72.45600539272647
-0.6946406833472398	55.16004006301368
7.4340153972869425	57.11464757887468
12.47035606916744	77.17305004464676
26.93732219176077	48.4635349179395
-5.293202546275065	88.04391613174728
-13.212615384608798	68.21083271586629
3.047238606985843	88.07798831923118
9.653797245006647	73.13844541651919
15.342360333343631	91.50125825239266
-4.109715593490341	60.665572705447474
-2.9823586104757407	70.52973212367029
5.738064839524935	71.29625861329171
3.003504504221705	72.41297869908345
13.203904175864883	78.06199177507031
10.335924706714549	62.91715345767495
-0.5305029920449069	75.44506496243041
18.374616102538006	69.36944103199674
-2.707095205123819	67.48758100977564
7.313465305847916	78.15681591857334
19.05628147317588	63.02937364806888
1.4699490355256275	68.50450916024415
0.9143082797113848	59.58321343736067
10.804418141348693	62.76240893486664
-4.788478089358403	67.28583331541749
6.1165750406531	57.89161161111778
-6.919522441349152	58.923753768136685
3.1529774533022503	85.22170695689442
7.911442593112547	76.57325651754428
-0.41881946945253823	70.42898688251037
13.759262294372418	73.78652269220376
-4.27716984186873	79.09694041155109
13.611904942009028	76.88002072813036
19.27429015306862	73.50800101529217
26.315628892941703	74.52469685329093
-3.5272677282713296	64.30310040088212
8.59400947561782	77.72204200041797
9.256513834408988	66.84354487060536
1.2029568329514584	90.44102915729799
15.827229126349359	77.97564348351945
16.376121552541306	78.19219957424191
-4.606750714507532	64.8637476628006
4.415016338550789	68.18326157069535
14.583081487950484	69.66319192743727
16.276098996691633	82.76271961876904
6.7450536939845325	81.42874579242547
-2.7865911129066703	79.25466766000548
11.121920733040255	65.71371208406076
6.30511257741969	67.16598562332548
7.6126583004740755	49.43425291589111
7.031491451889233	65.2460223445773
20.649760283190272	54.080597930849684
0.6624057884581038	65.06008380327543
7.141468508821789	58.18850385816516
-0.3667813022433446	67.02205924655146
3.0559140558602316	54.52628619259018
17.370013531743332	59.92388948396841
14.444049979034896	87.14868523676256
5.2853319045892695	69.37426094651367
0.44867403097107417	71.83907919585882
13.333534118198784	71.15985445288604
20.92908809410747	61.40605782455452
10.590460667594535	59.001844123913855
0.051229878985740385	75.4333139750123
-8.683940556259081	73.79553191125241
8.261394143677075	68.23200936574199
4.532252392332977	82.68207246439695
-2.8220057970496057	63.29208507559188
-1.0386892174914788	76.21508267460969
3.2844929483466117	85.99169806875793
7.184049626911084	89.20666406201615
-9.181583055850748	86.45085134640823
54.086164576665176	19.864929312235276
48.5363599788766	44.24422943205076
67.7487536668014	29.34301445584493
76.48018834379944	30.757427904005866
61.421267625637135	19.687834865462357
58.690387645702394	29.08013744187428
44.17223444096644	25.153344736322254
42.445469401492545	38.02036521560832
63.46471530246599	35.0746930719651
79.57037712046974	51.641311747301515
65.86961196742396	38.357083246551866
74.25848678600074	20.975767800554046
37.62555610575673	20.2430265775917
65.53511079923105	38.96409311648486
55.42552144764053	30.013325509477273
61.848807987817445	42.82161702725043
73.75409608603044	21.986242036876142
61.59689384444524	35.82185904508367
48.63307117212375	25.50212176775435
67.86661389412808	31.64672992779084
70.02386018594932	46.90410086423618
40.395972113931975	19.51594725551508
54.97770367371001	23.256896115464077
82.40086727405969	32.802179192990145
46.49456827421079	40.80490500441629
55.26289102426098	40.95777929442902
65.29404403944108	27.00686228668908
62.26487152111317	25.7220312968014
58.41613041123791	27.86279696484561
65.1489949307306	27.890660690893434
57.55837162127685	36.8610773134376
67.14776541947462	22.795287546201425
71.4867361924458	31.609544372324237
63.34260446257122	22.333582555667043
66.14376206212626	37.50153247860731
57.47688665987331	22.751988691188817
52.408027440288684	32.05013130397612
62.48858354263173	39.10396065108622
52.56837311805164	24.543692750529573
55.367074537199805	41.97344864760304
39.4795774013895	22.226567242175314
57.066544116752496	46.37440387645928
67.02278195971542	22.096728930377836
67.68207250381562	38.985713812963624
66.94561999818227	18.367994577241966
66.50990240271872	13.798173160734487
52.79922580659249	16.30785263650671
50.4854281237998	30.720252157895334
48.92204000794486	27.731214332005226
94.69510383009481	27.25179273717701
41.05010217053312	3.2055505920885743
67.2149707668115	11.686445476587139
55.53426428209219	20.7153978676466
59.42092067101291	43.94353946244408
68.78905272337734	20.107549299857514
56.49283633613661	35.203430178907126
59.566792711350274	18.891589959576137
58.853152906534234	17.950586568329115
62.132626283151055	18.985107364343698
51.05521191283174	29.118510324700715
52.9688934462101	9.173409465940153
57.62701203332818	17.250897315477566
50.21078034054989	49.87408464306512
59.95178708497858	30.17791992122649
68.21035760163831	27.063920845092046
69.04613826331983	20.96341118640779
56.74377445021841	28.979167838888557
71.66121589283479	12.996138412502505
70.29985149839696	35.43552171969229
64.35974304775877	19.82125971135737
54.57925923000397	43.736587377218136
61.649313321545925	20.704506938223375
62.36165857198279	24.855397660978547
58.07817641219112	36.5679398216711
71.73594526156714	40.41228607830402
82.6391524716631	26.971426951380412
80.03279033286537	42.79539623584067
63.525597573486856	22.741407056104467
51.92954372746984	27.66528445230402
51.72185504164866	29.904722722040905
81.74114021896351	24.961361629294274
62.5343978505297	38.663794604822726
44.95158554200937	33.13593941577338
68.34348275259467	34.0313693731484
58.9557296428841	12.542185371286692
62.3761390705825	13.69888005413123
59.31442853310311	30.16605269984029
50.86306069231427	20.276295681826138
53.06799643718617	29.321908667686376
64.44962305236619	26.428668484435455
53.69660090561057	31.93170383158073
61.17293046088858	52.32164035171124
41.19671468591574	32.42456293694032
61.953739527187125	24.971751856446737
53.70704507689125	35.68186241492288
54.84313824635546	11.083437964252564
73.66842886223435	43.29997126658452
50.093961101202076	21.358460405204927
54.27874673245683	23.48417997345117
56.63437813307478	37.46652007253396
59.959474270652684	40.40047315204508
60.71556434302249	39.81511282494624
38.566467205584246	23.455506799800126
46.434830920914365	42.435335784211134
60.54434855698912	25.137402296082286
56.91016268986878	28.197200185104887
55.203010153373256	15.763279802558328
50.352283035962145	34.27868353486456
54.21490843912821	61.796850297605914
62.79225614572376	26.19396422948274
72.44541842655862	23.57933615084204
61.74121594179928	37.04230200090494
38.123883142764186	26.970969061551095
81.08699696242253	24.920499467455574
71.13681995621037	16.0442644774157
59.735993893806736	45.178814159084524
62.70888624266192	29.93375221250558
66.93704739599211	31.197360192563334
55.46497861149529	27.739075878357223
66.91532532216576	22.092199958301826
54.32411058972261	25.669773619504934
69.81030833989809	35.78919851794723
42.546144531867604	22.895586714093334
70.25927471443069	15.653292342767118
59.01256094035173	8.299339155023365
59.85077374495558	18.973858811689567
59.01748614019134	8.512794147173068
63.3035491945761	43.56448761077858
55.94012040754612	25.65376892487978
70.13955674208019	34.23344930592166
56.30113812412886	37.143521138773565
53.55794732780359	28.63822474651917
52.6982215790123	22.789193341534283
59.0065984337375	22.30806481957776
42.10751685082323	16.438882852941113
71.55942512650543	26.818961997005477
44.113920028386325	29.279501883280773
62.691030523490326	5.494240086721707
70.78696513415004	24.191791268709604
52.514934026928785	11.318401126507371
55.79799870104825	36.13447253824961
74.66924951253392	23.16883415982023
44.30318497966029	22.431459696385744
72.2195198189173	34.13215341777028
56.925210185091444	35.126112181633744
52.711479696875884	28.554713134211205
51.99711747649379	35.877813702766574
74.68527048683909	32.67970946478433
53.21999319195828	26.196613767894284
43.66882587963357	16.80177018939426
46.50613497312815	2.4923534694675205
51.1624067031188	34.00169055993315
65.84146632587714	35.568346118629876
53.26356322613916	36.70549982740715
33.09619964129405	68.46502182775477
33.94302392602796	46.19033199436392
20.438648960443015	60.97876576887232
26.00828452704473	55.949006674862076
27.133149011475716	57.83590943927333
29.52005675110865	64.8404842308801
42.839488034425585	55.9570722720137
48.577543903737265	61.94270759787627
34.0282937106123	62.40688074163656
24.533747639432153	65.19214512011898
24.40581301975132	44.67050559155554
35.11713370544169	59.887764278133815
40.64176256665269	64.77132860037409
30.327678099763467	58.956407716360324
25.754477488296835	57.471308835421084
26.320524150271975	54.41548072133004
30.984915090949947	49.227762545928016
23.09478685449683	72.73909869332229
20.895787364808257	56.335150193049536
24.75869969024063	62.96850613652579
28.566282690785542	46.2775528675766
37.244605590063	71.61860179672729
43.65663435885661	35.9687541907166
48.92780253988316	67.16130642864411
48.78891661206878	53.70260879355817
31.59995556394903	45.91607935642101
30.23983106227529	55.08561828419158
28.308419359294888	44.305006164157724
40.09924369293017	59.73969988258512
32.67499414628751	56.874264928925626
22.593079466462726	57.40822303435444
21.198131504070695	73.17758512743237
10.448605997691455	56.151652919164135
21.050135939423487	61.90580913673709
28.11216556789632	47.84876407397348
29.25794794033397	64.69695097461272
27.296532677009473	71.96411088045906
35.696572039350634	57.054916667660564
22.77336291625818	47.389333145993525
13.583477352475246	67.53796877443716
37.25578961072145	58.55775103762101
45.17261486374284	70.80928757558516
22.481374016852357	53.70800363792087
28.000654886500353	72.7039839692536
27.725104531250647	57.40901370729545
22.901248476851116	56.239593330251424
36.05253204688689	50.841169422915286
24.37732249862773	79.28657778953485
36.66902869738623	53.566326151155586
44.07000171640219	60.64425283321063
47.20199987519476	56.80732267238842
35.365078680995005	84.88836495234258
35.81594585877456	67.03073626443734
34.758811179458704	70.81068179067125
32.517566978548146	78.45330330615053
27.807000351529624	56.15362074875764
32.66390552809685	44.46541103997248
41.39408294224029	45.466642120880806
40.65740259761452	72.85104092950722
38.89628067848919	60.58196572190718
25.45753791993934	58.318821087054765
29.46061828801272	50.14830863665555
25.94873194484082	69.98315138475391
29.007034736744103	59.57595003677604
41.24367539546812	49.70284938922903
29.929015135310166	69.53342991988399
17.897968838709104	55.47861415830353
14.725549707523438	55.50382596485696
27.337802473083563	78.29214508691419
26.955657000285242	63.48084887581608
43.24618650833794	49.763991660451666
44.29774923710537	74.91994111562866
26.296060875178455	74.70982504583125
41.37857559288017	72.04457762131693
15.150908208498613	72.93396234555773
26.37947364166532	61.133098279290714
21.498522369570125	68.97571350449472
40.877596110950165	57.522632650727246
25.350287878333734	60.99957652712168
20.401792389904813	60.29337041654229
44.627952653339335	57.068651074904444
40.76826152676867	71.8657668030036
31.347234953875294	65.48456331918845
32.14396489204064	64.26103688555105
38.863675456159456	50.68628959324248
42.6473137149662	63.49345810031951
51.2960588036339	72.04034625769006
43.647217542210605	67.00856411189356
34.22627460001679	58.892343372827874
31.965595647136	64.42275517612417
22.238120353728128	54.72670453210922
39.41324963030899	64.46389420255589
33.15967700775285	48.843052826178834
31.25950992409502	49.60263669919674
12.263228133918759	65.04623396027368
34.6267862501616	53.6875608086533
39.73365279467643	66.80974951959405
17.314428524800952	39.64410904717477
29.853108902277388	45.22608191393052
21.034146227333956	43.52253603017664
21.139667473934242	66.70556407258593
29.639237065308706	58.85853276159069
39.508470193361774	61.1088028406873
45.3948782771491	60.74546266019216
24.67521797775177	70.3523787132068
28.866113492780556	65.62523746842997
35.13575681589625	76.5448515906572
41.93445928644712	63.55606729835162
34.51393918131867	65.23785131015102
13.188459059322092	60.41594026301126
43.15314473263757	58.768414720604966
35.14412131964685	64.12012570808466
43.220641422483844	65.27398621589604
45.599172952614545	69.10643288644033
49.262982659681754	57.62380635763049
32.98087518815891	64.60729239152651
46.102534583857626	51.64455150350747
31.043774830881446	68.8030033172591
19.903005846684866	63.459133480265166
37.556920709687596	61.50620282343184
30.560060153436485	52.95120306020615
29.331111700874093	61.288896514735065
29.826663943154323	64.28378015963494
28.2868340406835	70.9361395950619
30.255446980297855	69.92047277812524
44.165810876528006	67.19360004322982
45.006743063621606	64.96150002675708
20.3959329995322	70.33442665433401
20.770683789404174	65.77643824938694
31.16734601805551	60.40097567586979
42.50019925747994	57.98794120665165
49.78537977283119	47.60998843228683
11.136203347210728	64.01577090304089
44.6199866140167	60.075203525890764
38.63435467564077	70.59664610927106
15.88429029226133	58.32362770750859
3.227169364655765	58.58426930091969
27.632630660508873	52.19391290532851
22.386023210605977	59.44140719867239
39.92434386091009	67.7099998141886
27.856632012225123	56.18957195488036
31.823023997969944	66.60944849645492
21.082861055793046	64.46667586244655
46.130614239123624	67.32117600387973
21.491074959547426	40.23764015737906
22.070255139041258	48.96729839413005
45.654774305303576	59.35436561454827
30.635084825773525	66.89865148742255
30.011712295913604	72.15876320672623
31.362068270085793	71.3983990772107
8.686927713994823	53.97808618521475
20.46940955486785	49.80373455309092
43.80506935966163	73.65394880291856
29.294893234198668	61.55335194132484
35.3529597838192	65.24066408611449
37.452485636331716	69.01133596626893