88.98559644991532	6.518549735440595
71.35732010256535	9.959331654337642
74.31633545669497	23.94804079942429
109.16640243349744	3.188082626180634
82.95691424355789	16.14526341659296
91.58448646066452	19.862177020593
82.07898950444134	9.854879502258584
93.7620479756532	25.526021363699588
82.25103579745625	-0.9460423516975176
74.87252000940394	-11.009391170723433
90.07249817588564	15.490754582652652
91.64634560106776	1.614052538847453
86.19886058922492	7.477088097453524
75.07961096447248	4.978634147102754
73.86496076034105	15.345124480841447
84.79445104937197	9.468267456440282
78.8372000248279	19.77709938656447
78.84364925140878	31.468887759017484
88.22550048136137	15.457450980040539
77.33104562552731	4.190815499942834
92.76608914526649	11.116229521033482
72.49505200722001	8.623009179771213
88.22990410208256	29.37686537926283
85.23061201388228	-10.140627697490125
84.36183461328375	7.38073516183224
93.27778308403217	20.73620630297131
82.4339123967696	6.506716554766083
102.36387038221307	17.548545818019097
69.69973026737492	8.478441813952859
76.8803907074043	0.12872280536025826
73.19173878414561	9.553934183217239
73.39319252786272	3.966508078468541
67.33572455597778	8.802793752692526
92.85790109999718	22.547616075779636
61.87155472222068	4.76954105124319
65.6659772501771	16.260617937583003
56.21472139178783	-3.672062810675069
90.57269625153498	18.955179494083872
95.04524460413903	5.597494026501997
77.59373899097943	23.65061683279341
72.81710274352841	8.339526171437468
96.09093329901486	27.335326986867546
92.02938927058226	19.862328343755134
93.71093523581061	10.967579453045063
94.8104098314381	12.263398818525205
84.23315470681057	10.262018333737396
82.90946158521496	1.0112358028641744
89.54788628789917	12.787480099921238
104.43866608482604	31.605772973363457
87.58077718439077	8.882998879661601
89.82180825647377	9.32873771813698
74.05547283225569	6.636068555499017
82.37762988607521	6.268941516483151
80.62765511127297	9.563047106739585
91.28345719590403	21.023116746999683
92.77215430943818	2.8123564872572935
71.15873939785004	7.900080186702806
79.61016874186828	16.792952259765613
85.16153156463388	13.713253687297845
96.95324545094456	-0.926651437787779
88.4647353417286	5.3367656662389695
94.6896297453671	11.817174549576686
102.8003267708376	1.3350767215069634
76.10965424390834	17.235223115604978
73.89048544615287	8.380533781457437
87.06254808665774	7.474800419344364
86.32558573110255	18.458116066009445
79.34012763211156	16.367969509964432
84.55318883721901	10.651314830322464
92.54890522190217	4.992404262417112
77.67146473726955	21.52484032726711
66.92974820667263	15.828350401394841
99.01975714628968	11.513002992004012
90.09892160938162	22.77747126917827
93.80549836772762	20.858462848602912
72.47183201216254	16.21687349411423
88.77458695017111	17.452450022472437
97.36371576708316	13.687476525772864
93.30223974633849	-9.683821592361262
73.22336753630199	10.80061158676628
82.89978945958075	13.56559753923085
83.37549375355903	26.477786167166595
73.40678822580642	2.37509183949018
70.6936505337618	5.660809010676577
101.22201547134244	16.365718219136454
70.44998171774253	20.007644317815636
78.33718491093371	22.61812971929617
92.72666941619069	17.33655160056955
84.30455479093428	3.9707250626154043
84.0990233645422	31.437472462523765
91.78899648504823	8.464431106336313
83.25599096463759	2.587403891076548
80.57887589576767	6.116099244484023
73.87117812459597	19.483382111030636
76.67252128519988	17.46475176788386
68.24686227879663	-13.017052176933621
77.8900740229046	4.127720745240746
92.93168897195218	4.711734777422276
89.75351862681623	10.958674740560504
73.46599767903476	21.883272164361916
85.255490197807	13.407701432582407
80.91775431218385	15.809151624148724
77.64551289909713	-0.08884510272886459
79.21098883076192	9.629274809027898
82.57508921029199	21.646610664875567
89.42321287046352	17.246088572831493
98.51855691737485	12.38723009930708
91.49564645120401	22.81711023559525
79.63119478002585	14.367962384930877
66.0452961680412	15.437356749536274
91.5066099186016	13.128450164297428
91.96084243873393	35.43873913031035
83.9948216278591	13.750488803310851
75.21448588253207	-3.3478175055145485
84.20098193776758	3.8287667916258563
77.55006231425556	15.659500040679731
68.34874215146719	22.8715441617671
77.60549407137503	6.31533111326071
69.77459956433356	23.43705176338468
83.26818568310084	32.17719825204889
69.82412154675231	6.90286851217354
103.29907680512648	31.148848676928576
75.83742394156565	7.916818623041977
76.87242189333486	4.672040409629635
73.55792077456788	18.752177290262644
62.992412162470146	-1.6589601550403508
78.11458787246427	7.684211332010838
82.53031640408786	20.075886701769257
94.86701511437697	4.305968704921609
92.89428259330802	14.672074703726997
89.13745809708061	12.41316316657424
83.95907816843	24.368637545218533
102.22456951437196	9.960163015286838
97.62489796488757	16.240467253731044
86.7598046169574	20.394505465133967
83.69623786829621	1.9322645314563687
93.05409767953579	4.114195386986562
97.17672903910628	7.066696627575171
85.77176101733495	-1.4740102996156175
84.2958481483561	8.996110775024581
76.53831960882107	11.513303725511822
75.6775829801646	4.068268517869216
97.35983216777444	15.768034917021012
56.625865205928065	18.131435184525753
75.05555924590243	0.8902753789034534
84.93768575448362	26.547897590191326
86.47020465852924	-2.7426384757853395
82.17904645000182	14.935914217075227
105.42195344452523	11.575929416436027
98.90834377007519	13.75599565579726
84.04275261577583	6.837571096274497
76.56009623484866	26.199814133420197
82.00194165078936	21.211202992588795
94.8819785313778	-1.6779391766328136
92.78058050528065	-3.3323548357328434
101.87790093473963	20.75644344700875
85.86588921772076	7.245429472076336
94.48415482491318	2.954500011727607
92.31795779959742	20.543930583177715
88.04423262332627	22.895894289012833
73.05869703121263	31.883253757925964
71.43598009031834	20.56707132007677
80.25091224827565	14.381897340919352
81.25351189385574	12.059239536155758
68.78217092620672	3.093393973953665
82.37289162235139	5.651064109965659
71.46276079968305	-17.666498781596545
91.90160537150598	3.8885234391609984
73.58580071315444	16.673198440733035
75.15452094517802	19.502589196814235
99.41730020404749	18.681549364621883
68.88776053800045	-2.9923524428750845
77.38321224315426	9.228430882158753
94.33053141140113	9.533855558527653
78.19526968147957	15.099714888443291
79.68059523448005	14.18887235682726
93.12041078147706	19.51340443941664
96.36742571635821	9.555522849605191
79.84846809711529	14.786174769072163
86.95629191215295	9.035968572048825
98.85281909593726	11.782236339111446
72.39574834672318	34.88321570397807
72.50619843860564	14.738338442849475
68.58742705725545	18.74059126402978
68.9812948025768	12.416255766895425
82.08084887096017	14.58247975238195
76.98058840267477	7.386969643977159
96.41349941234877	6.352191236892336
80.01792632236508	14.313119670556198
78.94166718891503	19.125401983145903
89.2955124722225	2.4101527055003054
79.32553644843088	16.716686129817944
81.77315145900799	-0.28140383735798125
84.39155314067361	-9.670188912047706
82.58516029519024	36.227703560603175
69.2471571628891	-3.127725354151325
86.73407811820242	22.318608127491554
83.6712817989401	-3.8770006702949296
85.2070640144093	-3.6309236090806287
98.32399067078967	20.452070932133623
76.1024244390102	3.8957727816297325
82.98140723294387	8.628507161494618
101.64556572331469	27.748200498100786
89.9262345525207	-7.9378186375855435
99.51365723892454	20.60377532320927
88.01624975006423	-5.8978579223008545
68.98157555052626	7.9401759682553275
77.0846474788283	21.206343254597996
94.3750022712425	22.14247807097911
107.166615726738	24.700741123740535
98.25572084093007	8.423878699881229
55.705262964047705	16.47369831563524
77.34276351622019	7.928323142166062
65.30543986132265	16.506525752943237
98.97741559569211	8.13218487266775
81.66623418557921	17.50212056310923
96.58526089165287	2.0484629313699774
71.49252359222396	10.410809482134413
104.28368430959532	36.39709657431466
84.48541537383102	8.45629629468354
88.99913898374714	-2.3250246540520845
83.25078608730799	0.6132745559680632
77.88672362448406	-10.746962089904542
79.7410740966666	-0.07456318231434622
92.12699361064743	11.708638185059597
81.69722263474087	11.068326402880675
78.78599312578498	19.678090906787222
70.93455370800325	14.44429197266251
82.55086525836035	-1.4295845521073751
70.28294241273551	29.343880555106065
79.17073627384563	-1.3248782162439383
83.22483339920727	30.11448772757615
94.15721618611978	11.443484047634364
93.38871805146775	4.971101974682592
75.69029466350227	22.562913349304146
80.13798130431059	31.901972118338453
75.91816048280442	-1.3939269964173313
83.58752902489002	-0.46443421183715117
94.43267759868324	9.902014497725673
92.60797175399195	36.975136110917234
99.73596552892047	20.741296594704107
80.41672182988839	8.697582095988585
77.49620612841069	31.3871677563098
72.55357623580325	27.168650200143702
71.86442597239406	15.703731853036903
99.60024963176068	22.252709646547878
98.89917832098045	6.093184355625724
64.1603067615131	22.516502100808296
82.84268337719794	27.967541245626844
74.44065113716741	21.49042104768982
82.8604543312303	29.573777255386446
82.99722182383927	17.637840090363074
80.7691468043062	0.2541407900423849
83.30855257794579	8.753071953903392
84.05430530073866	24.69603712724405
94.61006395158306	20.286371614492975
92.09103890640729	16.3713310976674
69.94626101895541	8.797696529654377
89.99723168297714	-6.650874520808777
83.8120981329994	2.5707438728077143
84.53784787378999	23.414724541214355
76.67233740546745	6.327451755918938
103.74147830304743	23.299367216443752
80.02416121766349	3.3786786148732784
75.13127754741362	7.66055062026702
81.55863891128612	2.5692881353135846
86.86761721125042	11.925846558287747
66.32432821934282	-5.395028673305831
76.55552483796258	26.140067210218838
80.70512940063257	14.234046261559701
96.61837810368769	15.862051043960316
83.10064049497063	6.669237330071577
81.40406244583905	5.96869810744918
97.12559081921685	31.069642245821594
79.57890330213968	14.285975272221588
86.96196274493558	26.280976973882368
81.9534570604498	4.190051588829794
101.02216360320422	19.089753838021878
75.8358147035676	8.567472209081757
87.05602849064006	-5.532663126493322
72.2221404105614	18.381657878034368
94.47264260939922	10.19052324062978
81.62763286601883	32.12094146390495
96.42098948259547	-1.0317761743795018
101.61298849945598	-3.8573223058592596
68.9061488964163	16.486292344957153
77.38215027811063	22.609086895500727
84.0455245075762	22.81972649823488
81.04292455387608	14.964828592770507
77.1988763140352	22.08411118388419
87.16610557662526	30.946579666166173
78.45134463742326	22.062361815748865
91.42363550098005	2.8777617165620057
75.00927294363682	19.761755714450068
81.46366430304411	5.2792815241843725
79.91161017486142	32.21884944356216
75.48992737887703	10.004579483594544
89.46886138469283	28.633662075047265
89.06610842684103	13.138047295764155
86.57458491939965	8.59231448199995
76.10936190456405	-3.3443024597588273
77.38779887133018	8.409178353652987
87.9894014404115	17.357101381639875
71.16740179289053	19.21814065582793
85.79341966023232	18.561007904884075
92.1279502331309	5.743547664409957
89.49144117518031	8.603182969537992
101.79765832082829	0.6674708860419383
78.98909266544388	19.768919942487457
92.25013154929572	19.961037195450956
75.91497278063245	6.985378704962767
103.29139445932529	7.5815274016024405
93.5057680139083	12.137863255963738
84.74997570551507	30.137669669123866
80.51331363170546	19.764537305070462
76.8633136721313	13.050388258490782
77.13744038563628	10.835945510035149
104.74481105960257	33.16132447102237
92.71817278332169	14.443535832749381
98.79801298639843	7.726839079516315
94.50296421239545	35.153871918326885
100.4471936203778	7.682754919499667
82.38332276769835	7.883493973409284
86.08648630991274	17.533788298178237
66.94957108174319	3.56177316692661
86.69080439248494	4.994333163842894
77.2654501708852	14.14019301410477
79.57633963841829	-1.2797880545482911
88.42131918661836	3.5621322050333273
87.50997931450296	28.641056734941817
77.60194975872953	27.73950121410929
74.47480926791019	5.379452589236891
77.68592199588639	14.860846208519579
90.19241992996061	26.405093428179658
71.54325268875972	21.546364326662943
94.56477269178173	1.896251201411225
91.0916886233419	10.180483535176007
73.72531436715228	12.455630467548295
79.94991763513501	11.66997563744493
73.70612767681848	21.001501137932394
77.4296360722349	2.9643775054083843
83.76590466144042	-5.332049284066983
101.48187324758065	24.205701852178912
105.23316970877423	0.6777944931131312
71.74246155749772	19.507054883079896
78.1094718870707	17.406791379016273
76.45903475202353	12.372208448412923
91.51647952661844	1.20723593094848
106.80848059789328	28.838926960013417
82.13116519567025	24.535905723386442
65.73885944218006	23.02747389963953
81.8379245485433	17.561711978890898
82.5540944506128	13.956052946874479
83.06403191501215	27.1288804001891
76.37279842909315	5.894322267311954
75.38689826303752	14.14660322148734
87.51332397841145	17.921407644765303
98.77301271528742	5.163603940472369
82.85511859439254	10.63452878050681
92.46222311401196	6.517115479564406
84.82841970474576	13.481997475381068
79.00914794239172	13.854944996610513
79.41335873318714	15.998252422466223
70.98960691673943	13.341084968584317
99.1929403268881	4.909669289048757
65.18686737115567	26.564717577330967
82.1010296482473	13.871532917060431
86.44595714812488	2.8859127273010685
82.43650502602931	15.118558917482366
83.40025481559204	18.39261274216745
85.90341418240763	19.53194139269977
70.75980642741871	16.914001304948307
81.59721912483089	9.7373210381801
82.70839198293726	1.8885424943868596
78.77449050546157	19.650092547640426
97.9166288446025	12.234223739955485
88.63776040210544	19.443413831915137
85.85847250569405	13.664858738913484
74.5166464581643	6.166181173465229
98.87774325143359	20.223371335540037
88.36882004445492	16.334189255651175
91.36880609852437	13.80485403391702
73.62138724622284	2.5781308098792586
93.57710655512784	24.35180695320037
79.6685647446508	-1.5296244911075707
92.954419356076	24.76478660611885
66.57228485517074	21.180337863353444
72.43753426117327	35.21664387914288
78.45779384270186	12.246365959126422
73.55224697753047	-0.31963015115105087
84.377555502615	2.0270854504274727
88.23584078923965	-2.112341337352939
85.59120670909884	14.909331584335376
73.67400555524993	3.919398592593309
82.55196756865092	10.649022118303463
74.81952874315166	12.562450209459998
77.6061774281259	11.142170121613043
83.39848626219617	12.160841988327986
78.91697597257877	10.883777429272362
86.34822198509437	-2.7057366878183995
69.71315285684696	5.372454183185171
77.52730298086708	31.25970462462669
80.23988932255634	29.348667218396834
99.13073508495334	6.644158265743435
91.32895985585169	-3.329094895804378
83.98679619511272	6.437425234717441
88.90482776291077	32.7236371469127
98.90236811846383	10.759513348565312
81.84078268023609	20.125930794872488
97.64184121931724	2.9920842758043467
67.33928325505204	-10.676826578994287
89.44164674080216	4.352022326258943
81.68535047522839	5.99020879884804
76.27152579895163	28.25634380968757
78.83054454461801	14.039448795813907
77.65584383179922	5.9300746943645795
86.57474072126988	15.356249117757457
104.6903872758495	-2.4262097217151872
74.88999277128718	9.88489290248752
89.46588484923154	31.257392378513696
94.38146212625087	-3.1145546596119207
72.25985303107052	6.950933572410092
96.17414703157093	-0.8370532034207407
75.2749516609284	20.333011334116314
76.12048661290066	15.502280394154926
105.39540054372753	-13.652510883095818
86.34375925678378	16.367373582798347
90.58279085364633	6.178975611250561
98.8700715510378	0.7892608285729352
87.83413210992309	24.326701787160758
79.07047180897248	5.13021765721116
92.50438413765438	13.115184474960362
71.22655979712714	1.5595229797680972
74.7435427278677	0.3554936335743566
92.19726001182657	11.760103990650482
78.27896892684188	2.847796246843238
79.65192475790539	15.028311433841099
85.41428872797866	11.941881065484157
77.06512793556098	-0.5873271494187993
89.85513956446727	9.269454004022244
99.86679897473043	31.366990289376247
76.08570760529545	17.537154238213276
82.3330673533129	17.474859239076764
77.63349202949401	23.709114416041018
72.31667872099325	23.568407117537767
92.49051868122473	11.825242816189409
83.0326721351703	19.25241566408711
98.79310501044982	13.220987933049644
81.54096974341329	27.592222439499977
93.89138927373024	13.041643342195046
94.04496403968379	4.797666924933313
66.5149332805088	0.4451718580868711
92.84703642033789	7.608817166474054
95.97013581191506	15.817446788323661
80.08719691175406	14.905668731360208
83.24341633079227	9.778805903571556
78.87178310516909	3.730666177516218
80.04245611720202	15.633781825171482
90.62937306031203	11.171100385699585
81.54690509286229	12.994705067670516
98.37816421422318	0.39693129554591167
93.5627198889205	12.969633468366094
86.93567069781643	10.4282497466547
89.11921832998132	9.020640899085915
87.50112895803056	12.79385304914863
112.21496170767526	30.637438208386683
77.19067770874936	19.391552326015354
81.01825120968734	17.484572549152404
83.58714901626269	17.752196491554006
94.88301048035325	0.4164695075643703
78.12441056478652	1.1835012074461293
84.43258943748731	6.343880976157294
63.470544376787174	-6.079607616791041
76.71667607977577	19.585271710903008
88.36429920042234	-2.1398822480155246
91.50473495714449	23.7775737558309
96.65950490566586	18.825250330595544
99.97373485471418	24.5018403664752
90.09199413952263	0.9445198916160287
98.32957787799495	28.13318868805812
1.3382908751791138	-13.468228278033726
11.088365484833103	6.880170749377321
-0.08101084728423213	1.4995097694035575
-4.217055686965192	2.8924127216046625
22.21516337406843	-1.5170027254971146
2.6430395860846954	-5.160458461898795
-12.232347717884135	-3.668696227246361
4.958853627373404	8.556688936039377
-4.975497716837261	-5.752008702864693
10.303644168257845	11.648896661284752
9.50713401471577	5.97790435935982
12.381219341682105	1.2958107441013595
8.175056460146807	14.418306350195767
9.156885711465062	13.525977350230512
7.221025628271322	23.79209917079922
10.784301502470374	12.919902246348332
30.649019988386907	8.985157428792961
14.937149517238122	28.30103620086045
-5.438984862591908	11.97805639342598
6.0117216813241505	10.567621891067677
13.361584148943251	21.006041149939648
12.58081360901602	15.543190979230246
9.416435175169706	-3.8319934765097923
1.309110118363539	10.555441604836481
1.5954847279948483	18.071338652392384
19.208448949579722	13.247375021023679
8.59840443768817	15.650776199454366
12.728577335979944	15.378919306726154
4.722137867976247	11.742423472373451
16.402230351723688	9.930682997144725
7.268199783119031	10.954105336700266
14.779065480452607	3.5314449170616724
-13.700050281813024	2.5511483095321577
16.841177628155265	-0.23109344827447487
5.266051034377245	-0.14327459370116102
23.75341430155651	-9.308432514738618
19.925553732467197	20.077612947660633
8.789365049253462	-3.6413611937706527
6.568019738008391	17.878310353275566
-0.7616003940231133	16.909326391640853
24.576952585172933	7.335090863402808
6.912531297928693	-7.8854512321306895
18.252198231730908	8.960374402660555
3.9005147888320724	0.7061972824525382
14.373605191428979	10.344134508451852
1.1822735982365478	11.803965293262316
15.746250045974595	5.531550287494557
8.656646144720021	20.241855041182948
9.935985931879966	-5.687359643921038
11.057822585447225	17.650905033471844
-1.364871202713963	13.895586155306693
2.142907063660183	9.730727659167677
18.837425462839803	5.908037898591198
7.873871989689421	0.8266125363049666
13.801926389223645	24.818324319621524
19.449148383000367	18.489706620700144
11.890143449002068	4.569020967503918
13.744150199742968	-13.78162795085442
37.350637497226096	6.995814523212374
1.7820698243840098	4.992130907229422
7.400051257726057	14.051066804008208
13.819574319729028	12.557945250944995
2.4653562568549043	4.716693573940905
4.450452901082546	-14.859757817949701
7.600172567198721	6.169381250447788
-14.363217595882276	19.131802263153475
1.8725687845986396	19.790293368387374
0.6315366292786573	12.135025441447098
2.3150795507672752	5.3770743799644105
27.15524812824832	4.5099806725750575
2.3556536014392515	10.83495335604384
-4.135771153952082	16.765525207401375
10.030127119426336	4.264885869302454
1.2400535111630528	19.845716581618568
1.6784825056057526	14.89094663687592
-13.502122297092303	2.811942721199589
23.20643440136566	13.597655999277674
22.08337459061839	18.436283847286496
8.615329595970472	13.952040606932723
4.391134897749915	-4.34191087104487
13.24856400352553	29.26811767917396
19.549973625777767	-0.5296616666958283
15.029083280532056	17.508258883938566
16.085239445373087	2.2641265738325913
8.81960138841685	20.578465004408848
-2.0021013038650404	16.033574033809167
12.305187623169752	25.72944839290387
3.564348685955763	-7.55060618383882
15.261945894890207	15.552694829651669
-9.09067333635241	18.27774961511482
3.49030546092364	1.8828864488468282
15.905876890918911	6.821293282868636
14.180570862488537	11.904261572924009
15.806888787444763	3.6060688628579127
11.263151695233416	-0.1958250227809888
-4.098699291572326	25.42864796622529
10.883425198794848	22.595657812564475
5.160632357760255	4.963441475222634
14.197467644929828	12.800003627788222
1.4087517557173301	3.0532789352113667
4.35214091137348	-8.993580079646941
2.332875430928566	19.855610306830833
5.888428881328142	10.28351531812651
-12.920813466628758	13.772911699072043
6.246703263282304	25.48257099737856
-14.213771740966084	3.0510892254227002
12.032381692153846	14.428082353305179
-6.505651072616261	13.484565672078954
1.1169875377356213	2.2695077213967236
1.0155014393799746	-1.3564279865800657
-2.7496383781801823	18.00101897621702
7.219467608553717	28.500833060689075
9.392112946751235	11.296148789549262
-4.8799472331338825	-6.028246527907763
-0.9436448247204927	1.9942900272212913
-7.596282229451853	11.820969333065452
25.922062992101502	15.941758198693819
0.11823473610654034	11.422550321609299
-5.148584285707899	-11.878112114332081
-12.471237534737291	17.372757104014692
8.695733414600937	16.630975994708706
-1.5403901121388666	-4.663958414760286
2.913684092163197	16.807888834977263
5.411562696642416	5.280737207764593
-9.002636070160431	3.3819401787295806
12.718224868800366	20.99236488865877
6.353061686595353	7.453760008166515
7.574425971423107	6.416804812886865
13.728403573123789	18.910858733912
14.105937596065452	13.120081800280946
15.20775969402251	13.172042797239225
-2.3803275885338495	11.478185653118373
10.419541916378186	7.4443733559522105
5.68882095448359	19.238648719197755
15.638913568452264	13.950140373474119
12.315528660401231	13.129496789705113
4.984602068736855	5.245519529952114
2.6808149207689933	6.6775664351612205
8.031612205534175	6.039130055733004
2.115720429718955	-6.995960768378758
3.4055517531884623	5.1023226147559
4.2058884844608055	21.762603423687647
10.800323142584789	-5.1863925801912565
-2.588703398293826	39.13767617068337
-1.3776833751930164	6.46026523666067
6.932240658057933	-3.3318559636477634
16.154319240435882	1.7671690179387758
7.80492411568414	14.964012653105739
5.304102513050114	27.12919453647546
23.595075206572815	12.134051165602445
15.384890784457667	-9.117247362194318
19.028051864371616	-7.92062280969798
12.636842353889513	9.844662624289494
8.19531900966343	9.934662078474778
13.71357320230957	16.944158638787222
30.52811744302317	0.8182121789939458
26.70456946257774	9.445716942546948
8.146752450055956	10.40596744655585
5.384329963622878	5.120899117009555
-1.801364578986333	16.44340719883389
13.718660538713385	19.32796482711747
3.9196823902658346	23.798001073312655
18.094027565732205	8.639033282683156
-14.940494163147878	6.73341512822336
8.73268606910994	15.785286501809303
16.98383114496522	7.128301632414559
20.48411445332129	19.31973268321907
25.697128131816413	11.074145172722162
9.673214652775327	-17.80602319608402
-10.44505991234038	18.21968831346055
7.660769072746453	8.476595874824621
13.40675237141257	7.114728131666391
12.988861256986949	21.259147078382703
1.2135533243687506	20.276328983446557
5.533418268307813	13.130769280547373
9.551204577997101	-3.458028193513977
-13.242356871512229	14.063621588983096
10.682627560050069	13.966751554148193
-17.989899448703156	-2.548900580978339
8.468707139069052	13.77545042555293
6.1683878152902185	-3.7275174852654747
20.52177514559622	12.824244092532965
-1.0874040070494493	11.211494326770348
1.4014952923656017	28.642823197549113
21.24597116499985	23.225981981301622
-0.4735657981198038	8.278931823845866
-8.167257929639899	6.272451826867295
-1.6805733468947084	0.2958998430349027
19.358490511858477	-7.0574401373489035
5.620373793779405	22.097018293108285
3.327779405837221	9.377198836535683
5.325739868999739	3.5807744117757085
16.183339728449855	4.417616672744872
1.0768943737401626	7.790594458466027
6.07659147484461	1.4882984057634179
0.3666309303391886	20.284887056890604
3.683612142442847	-13.352977584038142
11.263306146457452	-6.277249931051896
10.81670878884401	16.494025929946723
8.78742649531728	-5.248309651970876
30.505002313665923	-2.2473784103835026
11.773991567029766	17.069253912689057
0.39927556869840775	1.762737786692182
-0.359063201755359	-6.334163728107507
-2.787892945965594	11.50274954323681
4.343466286744958	7.279122188048236
17.336149719690706	32.67141371810308
-1.424481781486402	21.210799773351226
21.843743546063408	33.97736840750841
-6.903891227422537	-3.9405314292767493
-2.077209831367118	-1.936672150695136
7.624182658477947	9.431083620950753
-3.5583001905712193	4.871336310657772
14.28187828166291	7.014833619381079
7.399893650915987	10.754297208335814
-8.694165009881573	4.157874388919858
21.908011383286517	4.876736971351592
-2.0067273103561236	15.87776670671175
-0.28186268249467705	10.808367464724384
11.937074429093316	6.191270485659343
18.17226163642732	7.009291113193623
2.1917859117859075	10.771639138341168
26.22808030049615	2.979876197554077
11.684464280946987	-19.5624175013797
7.499630017317295	5.576151636000325
-5.054570600619244	5.887013110668665
7.7922512608556715	12.957346486783202
-0.9605779301525592	15.34701385991978
15.521757369081026	-0.36285247042765256
12.568770882205975	3.820126173810805
-1.7736100665342684	9.812051426896435
20.24320285482734	12.912650840928642
-9.471884326738483	-5.920429903871474
26.50527916625371	9.4639348981135
11.569262023457899	10.506769171760613
17.37356785880469	13.52928702614804
3.617255539765509	42.42466745680167
-0.44238488873686777	-11.927002167604888
9.517575326594194	15.15929347429153
-6.801169869296376	34.109229201670594
17.036709282985438	12.520312217904676
12.65968207518586	8.53022604661855
13.65184543905571	4.569232447386318
2.5675196041637545	14.10924256905571
10.569112848232681	-0.46014054084603195
9.941831685630493	-0.0452481025768563
40.215432689447134	16.60844717336916
-5.852342677034383	0.6120974250700852
0.45483506182501365	5.152357037910839
3.316574724668179	10.100580891665897
-1.8358119558501356	-2.9585706674789485
16.6517327478719	12.15494334514688
14.868612257138937	1.3679969604436142
6.8662426995705985	-8.591059353866024
0.029378463822296474	-2.451089952227651
4.55367865252515	8.362055581913136
-12.979336037100126	3.0164329031022827
0.8845848664565512	21.02751221549388
4.02993613970648	-14.527980145405758
-9.01897947977108	9.41669817973964
8.052202736410552	11.138830717661328
9.171152430134653	-2.626372208579504
15.468457384708053	-11.745051928411582
15.650413773543992	-6.724722816958431
7.822827179010464	11.31302679919881
-1.424383407317932	-0.3273924767861285
-5.955808739444	6.900854945537568
11.034104810598047	26.604766352490884
28.063876067944065	5.902989588256334
15.511668112881374	23.963749504579134
16.918986176921777	3.2189024709698613
4.703747444906913	25.986766673971083
3.895014294906555	7.3978745346671015
3.676683021653476	5.955738221370208
2.2934151764319397	14.19958011063439
5.689666512261246	13.629864206234636
5.156260346159875	11.516437343057149
13.051875069944055	13.5810445197591
23.822133036058652	8.166542813509158
2.0645997534145195	20.32943678149828
-9.363226257117912	20.125782608682
-1.5707731266444336	7.4229400339686835
5.191709673432687	12.122375469951798
13.261921846730425	4.045791876769088
2.623220968593084	11.427603267863887
14.719945558480433	-20.705941532162413
-5.6871942080876385	29.52483594478447
5.683412976169626	12.810377114737314
13.291448888417541	6.954594854544872
-3.676255036236957	5.768636166350079
0.7728593988605938	24.55771341567887
1.9036075566214912	12.505638092292582
-1.5381448048114033	31.75545108540407
10.267208705120957	10.119789943235185
3.0572677377082282	5.992600769617972
4.564070372131587	14.797457706388673
7.8600650151165405	5.027185620371544
1.180233633744539	8.189799501000396
4.788118028099112	-0.992448540849205
13.500035186532934	7.446523824221449
-1.4735340446477894	3.5982289585218066
14.634875595696837	6.974474571601965
-19.915253369005367	24.09013609955562
0.8099328407066064	12.792622537080197
27.8740119592716	1.7647833920090763
9.514076932780094	27.85347456771013
11.219861735904896	-1.1383201733822474
2.7878099786766635	14.776870573386947
5.953505293850113	24.939204909494848
16.88952760265056	21.955644736688406
45.0395748723805	8.618526409601744
39.500513007133414	1.960795208229234
-1.148113553740047	14.508027331137317
13.902278256034279	7.001078965575672
1.539922650935142	13.455369672505409
3.3377034198283067	3.2928808935065117
-3.4598612280174317	-0.5209417097205069
5.973802155594363	-17.26094639464619
8.839898361281419	-5.4321856666552915
7.543384954420795	21.45078812068516
3.236445542048222	6.534781403592713
-2.9938271367376688	-3.790720946887758
7.352566822566061	8.601631363919749
-7.283703148517625	7.823690987542912
4.99667784733776	2.5308197759752673
12.517179492237272	8.702352627705082
-6.826801092245872	17.078677772609993
4.80525710859956	18.599303853839128
0.2221418530740813	-2.261426412989765
-0.22730410794893263	21.795366515423567
16.09259998144613	6.302669492214736
3.68577345547015	10.179601527979377
6.939114522427816	-13.561409036244926
4.154409684108897	18.1834650253896
4.643521065557539	8.897808259830414
15.900334231723633	10.60493054680849
5.84945422984959	19.789441349781633
0.8442391212188172	8.65104714059123
16.079864053899115	8.536711926323377
-5.656060928192805	-7.708840208561989
3.399433556306569	5.274073557124714
-3.4943564735823633	9.648434257194992
12.164103500551722	15.114184161822653
9.963833890365182	8.144320697896891
2.2131366274808855	8.089831537625521
8.423263180957033	17.936207764281406
16.725713300048003	14.348384379835911
11.348955050278978	9.612749065685614
-1.160862283191043	3.9728491143933065
1.6895167605747128	-0.7573280969152165
5.463989741251318	6.193734280530646
4.5915083395329965	3.466819707548604
10.921503768719061	-2.639631642382957
-1.5578322022968871	11.344675049530952
-12.101276786245766	18.49677602444992
21.77805730853897	8.375971094512337
12.408462279083	6.506519307260737
-1.0402541030610495	4.901280097345703
-5.434417900214544	22.168470815759342
1.9655048716377719	16.073481310415634
-3.3512382885017216	22.533052183577702
9.413539579347912	-3.229002688520552
-2.304642884752494	16.940439237907533
26.9595569897769	14.644523501945159
-2.7328132165690677	11.445190654211778
-7.653595796359062	10.906460452794828
11.406021629049615	8.792535926247085
0.2957889288631046	18.38441729414466
0.9071867366138191	-6.9919316667494975
14.36606762154361	15.245622012697895
3.749743947236841	-0.3119184769716785
-3.9493047743093035	2.1196546521993955
3.0929762369276714	-3.3821486306819164
1.6471686282441231	18.799964440178726
5.462563848420999	10.134226546409485
15.32019141350554	-2.872172193526266
-9.821273578769617	13.002535020583384
7.5076347968498895	-0.8516934371226395
14.261783273918912	-10.086025775153482
12.611909026180216	20.82301868717271
-12.515947587862083	-7.093766126328509
12.095551663042038	9.531312353916565
11.02107791910459	17.38637412333828
28.211534958516953	9.815042641515108
9.108397700907787	24.542722074682665
-8.8979897576415	10.574787019838686
4.425997150734744	14.212533080686097
9.501969248794694	25.096039712794656
13.876593305328523	-1.2638789016059668
20.2450440041803	4.580002664181676
4.549432326616737	1.7768224779473858
18.18630918052839	17.53979526782603
0.947037974081141	-4.538616207173764
-1.895110569712151	2.564525829660308
-0.9610547316794351	2.21717755137447
7.370820896958649	11.922671491471334
15.521123011389413	21.691872748846784
14.111253298381207	9.082104455442497
8.48612139743727	0.03893610201334674
17.608494083652495	7.025323366978381
-0.4578087656985925	20.408636317892608
-12.338417555011134	4.823369519697926
19.735131171165914	20.440376574716346
-8.183536988803038	-5.24048641177756
24.91335244250319	-21.66493411956688
7.158862910546801	15.821602864316606
9.23403736686209	9.772115932710616
0.4781787486329687	15.34095975234888
6.967112255404688	-11.130218602403884
0.15325808357035875	0.15364845328615573
-8.635841739732161	26.500201281101184
-10.018148102725803	-3.6190150180243794
-1.2119587348537388	-5.162744523898578
7.7032333529485335	-6.644534098015642
-9.549975184270508	-1.3478906310257486
4.6602025341949815	0.3267448548339704
3.1276725054927654	10.474432443457445
-12.716329133125868	2.318063356570243
8.64369712573143	12.283518878035514
-0.08402254871775927	3.3470471041895538
19.666220409041664	-8.417299226128845
3.1549640638082748	5.109533008602775
24.62381395493285	26.682666563212926
-5.344968189399231	12.328582980866667
-6.419664914447293	12.434518343101669
-1.0330583163884084	-0.9311061194916856
30.03957387841451	10.295208244483236
14.109673163895925	21.93211817287274
14.673994439789233	21.33044770420932
-0.13630176877633282	21.177994913722216
7.502214598952493	15.46238886356007
29.889140551480946	-0.23105140338230967
7.057238317635008	-4.313477708292709
-3.515974178313713	0.9340172845398858
14.275552372878618	8.511486659134746
-6.847945370736304	6.064147209189192
1.6564929473260737	12.63248098322046
20.502019953006812	-9.646308602111874
6.352745891205668	-0.0960597783100372
23.14814812808425	0.8890585001486286
25.430885384571035	4.442213300005303
6.152608879180317	-1.666951631255948
6.4799251443317	13.55385630648127
11.394758821696445	26.432630550755675
-4.952034920664215	19.037414206728315
-13.410603455386866	6.715066423339669
7.166109615932955	19.32892159296049
-7.2164871198142615	12.429101770276123
14.303511557763866	-9.964218596900457
6.744244955715688	-5.72375886171416
15.3575662722821	-1.3697986790797518
-9.728490529506868	17.234424984560015
9.143165977103067	29.40691501804109
-5.42223202045684	10.356213470469887
21.449619556850507	6.251424720934057
-12.165623017665979	3.8632246548256246
-0.16894478335008944	7.110246406751088
14.986787209629274	7.087891949005344
8.750606081674967	16.12698797666852
-14.51101420464525	13.511113991853993
5.582201513938379	-2.9498389983010505
27.829577556071502	-10.350291045966488
-2.166931359549328	15.056610657875165
19.5068866284474	11.137720907612053
10.952621713808522	10.800087526147312
21.381216630011593	-2.9007469415944698
-6.783190178378077	6.457772534982601
29.130410150178445	1.3292688888277286
4.328018290878769	12.595869304108305
-0.955681094448626	-13.213460609439052
9.675782818432332	-0.05464217643363334
0.49502192635459785	1.9418463496018443
13.448102332148567	12.188323660083089
-5.522995512785832	-2.1009098600552427
-2.515068063396675	2.6551959316866993
5.22169018973329	15.504264466974242
7.4201448217964	-9.19120239835035
8.943743010531607	8.392759981566138
13.140413754722804	13.14376290266248
-1.9735863186103932	16.09844768952101
22.12868566689917	12.697893407799867
20.19656681788998	21.192159629010543
42.03188994780266	8.85668620420773
37.24482878424287	18.42626082303684
21.073496380198893	23.30977210769975
29.037764502704256	12.036783937734885
21.087887872222446	6.771757706732064
17.884842749868476	10.948196192084785
20.564904605313913	14.661574687343146
30.622701372075245	28.167615922215695
31.48568250894049	21.854349137589463
25.257140495149528	13.401875505814683
2.130089556856973	23.543550719938917
3.2706845014911927	33.753693753698556
29.700668770577906	13.277493642543597
26.708709859783394	22.817161443006334
25.523897491708894	23.941129909281326
20.876881090284613	24.48192968823482
8.265499118918846	20.019142000398695
25.960974179002918	26.21502722285716
28.52499668496427	25.243625949647843
18.254417461492114	25.76984778878159
13.520275983408952	8.582810064096359
28.271578384830278	11.342285627262592
34.84482795160581	25.744538254091076
20.324876667151926	18.26324171280714
22.784877477892408	8.407013630520213
15.26972810408913	17.11630466997482
26.965479340340988	43.32643619755217
24.699458944284675	19.75229244856638
8.713815732117615	3.2917650753730925
22.38601343797833	17.743198921326808
22.44518185785465	29.235307318508667
27.787289069746272	29.314019069208
16.75647465506107	25.76696588241562
25.208106834073817	11.38863357312397
20.789551319849842	24.578239948343217
24.864966165922194	13.68978825798142
25.428625982676163	17.072541307986565
16.02753663489418	28.008975124668616
28.54188415638229	8.622634766565278
26.60227138157782	27.466768368058442
32.25442526575706	22.48768152008697
16.898117148640573	30.56220282900654
21.847869645524973	17.22572538915436
20.16682004834856	28.99236969455744
23.82958222303628	6.561724436097949
21.815235162977434	11.403137270187338
19.706526060676715	15.574733412502702
31.88701288781656	19.371464934931435
33.71952297496844	9.421289955333899
55.65016918258945	26.358375337009633
29.131853487037922	-5.0231124124268405
42.24094590604417	25.354555265407164
32.3401081980377	9.810612766720746
40.016560782016	24.558060678968474
28.548379121163872	11.540878805257273
41.249241148105796	15.982507630227667
43.76478882518484	24.184616400583188
20.832588236230727	21.210311139409605
33.04008792638752	29.854454926897542
10.832762565974708	15.255239455868619
31.553404240912997	21.092267045922327
25.38911172816889	19.53595336864726
25.696288407399507	23.350631170295788
6.600603260245194	18.89344447608823
30.94217042515132	18.38976061736039
39.300769441986965	8.805913383308667
15.450507596188723	4.986194937037592
15.762737132944508	32.395528710033844
20.955648984110958	43.96990874440828
25.784185657002563	15.280059295438031
14.677811090515826	34.79718397450377
22.86598615800441	33.382952242176515
19.008801622058215	26.22025457327048
43.23706400254201	3.0225461246629557
42.19362584209847	37.870626308505024
28.63482709808326	20.347822026892665
35.97664462577399	44.466444000951014
43.59269566764476	34.570818887029766
30.224073069619102	25.199725040196768
33.063009534103955	18.88525151998593
26.56019853825982	13.014157534916194
31.667130767236955	22.338097987176646
12.65220086250104	36.87334658798791
43.61892921234515	10.658830823874782
21.930519950612684	33.040388799469895
19.138729019935752	33.14499119988308
21.318025091799182	30.578902931012625
38.976060466751406	20.375225408278414
32.200484806618235	9.983340555246455
21.853622351282283	19.07673504889379
29.981851437639534	25.889324228563254
11.161869918271908	28.654240722506422
20.666723809814755	15.006141210359118
35.51083158140971	31.299340692352708
23.122277289795537	23.199245379100933
23.856799722413445	13.314763240767398
18.207776696368278	21.41254516740754
37.84242369682787	9.918509092975885
24.348410353753653	19.965412635390027
14.857937576903023	16.171507720401134
11.823144268416398	26.93986670865781
19.054026084351364	39.46126779785871
25.478665012495583	1.315643490990201
25.726190200995	22.537075944042307
16.96138521029029	27.57119147134155
27.999637422519307	10.490284473491325
16.418359113545762	11.398807240811278
25.34132816178105	15.568324568541959
20.861790013014566	29.88850076977144
9.155751180793414	23.834223701320745
17.7324825992673	14.735453179688365
17.10017666861456	12.16542275405563
30.77016296962641	46.76524612020958
35.78241299217922	32.39023266172852
25.559153415976198	10.145134693292242
6.121302465987743	-6.532088205695551
26.44311478850168	15.286499988028838
4.87946855862268	13.527548278104156
1.678689217474009	36.628993494143266
26.61899594601192	14.863442161342963
28.72723150126518	11.382596705992254
26.238857594553387	19.801747890090095
17.192995053017782	16.343132602340177
12.045740468556742	-1.054952496440869
30.51886960319792	34.122564884903724
21.132835387251692	12.60294782908391
12.976421544717473	13.97476954449601
15.36534068826175	13.168293921612719
11.887345306560837	7.523702200549597
28.782446751455048	2.9179589218453685
44.01509419157047	8.917822584163567
43.52403031179735	4.585186499810934
21.14700814226056	12.198649480026756
22.193559100454838	19.118416820194742
8.363264400707873	21.543262945755465
14.576839966185874	23.572476212988075
25.293448637316136	20.901072374131996
36.61586652641162	20.331005888132683
33.51755219346509	5.8606524092453665
24.017701279948874	30.426930477917622
23.524363236613745	11.383119209555735
18.249123740767512	28.502071299499452
45.07754149164075	6.573692157838295
8.427689806437499	16.0883818754464
19.662393077429407	23.516325059639797
29.750118479256457	12.106187719885916
25.47198265703736	14.89913132903498
31.941371116440077	25.669840405832684
21.576790749970364	24.42371891262789
41.41420454615236	28.22342298406184
7.508035864142215	27.47042255680864
24.214381373317675	18.953412171817664
29.85923041438468	20.960787935263113
16.289656082541626	5.049564316081323
46.76150122429326	30.236539349209977
6.722528540817528	21.853825616666214
34.29404575059185	3.7728452113847517
27.420254358794384	56.3896036765691
22.612707342987836	11.179424837239043
28.394518354979517	45.51603176689796
34.02869483120615	13.812529037208925
25.194889317318022	18.09277347920031
20.79138196234242	35.35338891138554
31.531991415382876	0.8004583111591614
5.369969691136564	19.994824554583598
10.542161887057679	17.497755189928633
3.146672742068233	19.019199931034805
34.275396735529114	28.84727294497045
42.53105357749794	13.316357904059029
41.92543885315095	24.357784360791214
13.908150018113625	22.980384687023843
29.124036300284658	24.77869782393254
17.240815373880952	21.231837062454726
2.5646239110074305	28.692555731063173
14.43702682910891	4.8860234356348204
31.49045645320392	9.885476271327025
-1.2939764087051877	19.382046406755553
23.74973621048092	24.986608938640835
11.460957113100472	9.099841949527384
11.39037752783963	-0.4529584556941586
48.65313597234896	35.26828441655357
42.209275841621405	15.106374689311762
22.692381423305534	27.424013528819643
27.134329432385183	18.253577381751224
31.5300114403033	37.24411380447752
19.230176710874854	30.631390018790558
33.12948502275259	23.12990795022042
12.864017153718141	37.20019364223907
6.400148076289504	21.415463207630015
32.70938203295815	38.30969694382612
18.596106308648775	16.690255413309398
21.344086084150767	16.31857182823899
35.90406559892274	18.41530596975385
27.313589355725416	17.896343666166985
11.334861616471121	-0.018413990772515376
37.23316499925345	6.862569257281198
21.6483265412087	18.982309661678862
33.335275214228844	2.033679402522562
20.47511516728399	14.274084683581226
23.321083840536428	38.21613741227088
16.363539900478045	25.883177859560067
44.619506748918774	23.472545554502016
13.78127666186679	20.93736177420065
19.74144565755549	31.233567298608783
29.256452483910866	-1.7081671591604177
21.193082327162813	27.93968865162836
25.976343087352582	23.292862729867693
30.764652260402517	17.42618878304034
31.31953872021221	32.11771304418599
34.43708575070839	9.602276839066148
32.907101100438396	18.40435075657287
24.72367428508291	7.092113075370543
18.72599070241733	11.88712793972425
27.68998791661457	26.17272867878606
27.680182273547857	13.787783757490175
27.763019471103277	6.495079593758982
22.384551472591316	19.790291400996654
16.842324484506292	24.834481259608726
14.176368532728235	0.7226674688520411
21.536526495558807	21.445760164935674
21.639555134195763	20.067183561014176
8.138204263683706	18.813153013751005
33.559064973157355	12.001026236508782
14.568103386509431	9.126796912916483
22.638763974147196	14.338366979155502
34.027601447841874	22.742875641256415
24.57398764517326	4.34976062739311
36.875054961205784	39.69367413048353
10.154963766456925	12.740140328494217
47.73739564909411	10.319402554353525
11.20826364608729	27.61548118219472
23.81832783592707	20.706672300609277
20.908896940141315	22.14143869413336
19.024259179283334	22.542433298218988
36.92501512568606	29.970714057651307
21.484968477547675	16.11593557142349
22.64991995929705	11.991407405625676
22.178213560724597	10.752199353601142
10.67975694130109	22.94115137179381
16.28623412355502	13.253442947959106
18.72135982960939	1.5751431869201227
48.56421281480577	18.8252962269552
20.226318045933144	12.999451071030402
32.33340682476281	23.61884790296846
29.535937615764194	15.755547501319079
24.358713637126513	26.054914224762285
20.820071201315603	38.8831540000359
20.88261557757108	28.82179245376708
25.29742985896298	16.059761697370554
26.18305282980392	12.205909960401883
21.373435236857848	36.28105904154452
19.563752993610304	8.141560458261633
27.041584704204446	17.36330004898121
35.06552073363374	15.84229173220831
39.99935436027337	17.9962049057731
5.813189409360334	14.097139935003467
20.739870961796274	22.964552860134077
48.75164101637283	37.38057565781101
27.866239188459918	33.86105865330219
42.66488430050963	29.422858674705818
25.09155219045445	20.25642429988204
36.62397170994214	6.898639546046338
18.529894442089656	18.331465027446647
12.658395081773369	39.74853190194065
38.1362207461359	24.138642862069048
14.08182809324168	25.877359906482212
36.98228897720964	25.51577487693939
16.20589017836155	16.04894327169435
20.18631931645843	22.751043317939576
30.563676262419225	28.332348310448626
21.227552182665075	18.930774233043618
29.634938537398693	25.250100827477347
36.56003309532524	18.090913428914824
32.72496010929667	36.18141034067642
3.535963140696996	28.55875062650027
12.990176397945529	21.343317943925967
23.20506794948298	20.339033553960633
14.06826271887687	29.611299756292873
11.522328136477016	28.158724619128037
15.065380366649647	2.208753256136866
13.985646636368314	9.911784577376933
24.0028387431025	18.9299547079614
5.2171897354219325	32.608601100182355
33.0220632117815	4.511019384318008
27.03558322213915	20.196089307735498
21.295347869878988	18.95905610340169
3.565668770651204	22.79925264655263
20.6191486880469	14.032059325156535
7.15387525421265	12.302212971146187
31.98887196665376	10.9516896561105
11.960118815191507	20.263128456074263
44.83199455399587	21.688100587932393
8.932423400130789	22.298062355170835
27.94055505378669	27.129140527425953
13.999109506074872	12.91138136479864
17.757355879936206	18.774687833731946
9.858328992607033	29.525981630585555
34.1750096130934	36.15998869246711
14.68967627785646	24.41131291906718
32.0807497138014	5.7886269072674
21.151708470187902	19.10489266643469
41.42922679256675	26.226455844560014
15.578298635561945	23.559124606179104
14.984020069987013	13.490829136363462
20.118648483722616	12.544047636818744
-0.6812823544707811	33.05880627120093
31.441845301844204	35.82479496076027
27.168909258682483	23.264023489339497
10.530821645621899	12.61311604649962
21.692761540681126	25.319692630508747
20.274006148024817	-1.0632888893031271
46.71606553386276	9.979686669233612
36.65654508480952	15.460448991831608
20.71595737459047	32.564540268849605
21.55556708144138	12.46757314034695
20.484415622671403	13.140894631732293
30.63432313845233	37.31013091634336
20.032545929322495	18.522626953635218
5.6825994104897255	25.069351978752923
34.88545212311887	11.228535900199173
5.435190569844327	28.179975439411216
33.817647480728645	20.52187085358637
40.81401065681936	29.460524939080848
32.753158930907766	18.927021058105787
10.438963705000772	31.015803096989195
6.1378151983085445	26.835463302464937
19.069259647738345	13.15601076862523
29.027161986756308	5.820706126873002
22.696391153111623	25.245071764374927
13.423003510286177	24.35297973981636
15.372999785630363	0.44715860637302285
31.15861824297116	22.125202772945602
16.6715997477593	12.817287453552648
21.594145319149085	18.68686489366212
17.916305612470126	28.385440447152867
20.338158068685352	6.608624782002739
12.495066561776083	25.573239996405096
1.2721841828243399	20.278005330455898
22.054906008901092	21.555813901106646
25.410091120334084	20.371801557157994
2.5591588310217865	6.4202307102859155
29.560363299192456	17.125741040592544
10.86438022563864	11.343395621382424
27.683624023996558	9.96695411685339
21.185939774613644	22.509747246333525
9.23511008480743	8.117599286201736
18.882601112254314	36.67574258765842
18.632351752630235	28.351293955703852
26.767893755198244	14.99807088293343
36.22081377765234	23.500453735406005
25.258006483719544	27.06369239284257
27.85663709403618	24.920724922705435
35.482729437154354	25.306154536209256
21.23500828772228	5.943157096357684
31.321263269811983	14.319334740263493
31.715638499865634	13.710193880079451
3.9963501879281935	21.633601138447947
11.019350980396975	42.9636044085085
25.865123648267385	24.18133830573727
32.87559358761574	5.6485908378163145
21.815991754222452	-0.2289552634712706
36.11505766702139	8.425947455501856
13.12474602207339	14.868004900503456
3.5581084806708	17.24243520636429
18.074738118141763	8.000384516511938
24.72037600804742	5.467090412278639
34.3056538484211	7.903334890751083
24.868169253544057	24.80825126839759
29.655972112472536	18.40015782270674
23.982707815813807	28.088078347746453
37.69029967019247	22.82790789908023
32.749750616628475	22.25896152847183
21.329676128549245	11.970569440561922
26.681718575307244	12.038579350516297
32.548377805424806	4.238764466464216
29.11626826781343	24.532021551052758
3.6129218696289698	9.18985136231263
25.615221278082537	10.52779829697104
21.824837957194077	37.13223405170251
36.579094931148006	9.911587697991973
24.197556184456133	32.37320252801946
34.201120878077404	21.85487921221408
17.060103303723942	17.17184756739836
25.07934766662362	5.288347483965442
19.864177231683865	10.562984777094346
27.58401668114523	8.470492788834296
15.241599781166757	24.97525157898265
22.913375223401793	28.93153005057149
35.94023303394397	14.658087820643495
16.11961305993382	8.45978767780058
21.150188658336848	20.965544395352033
9.33250295998673	37.32056409952502
20.278661233729906	30.665030705065394
33.802644871317106	8.990488075322776
38.373587659554595	12.70749485618828
16.394437334634535	31.038349802142296
29.499292452973222	19.00963948587115
23.53464646049891	12.667566314596893
35.34178194576561	22.272042493973462
13.503490987769322	27.017834382408306
44.61445577622017	31.444243769872177
6.229423260637951	30.118950824144353
24.562828008048033	21.2839257376322
31.363747698526343	14.097876395245368
13.012064106189687	2.617127606640448
13.042291837333172	20.77266811521586
22.383404225663732	5.185174721817166
-2.2357791537410776	16.0028525846723
33.779494393227836	22.626550412640405
16.478332820229774	20.477452165729872
34.647839692965476	9.853430688880689
24.946229359257437	20.007900707566012
34.12501565814816	28.320322367389792
33.261110212457766	35.28736316318178
19.21887471749123	13.643095174466112
10.389607579023671	6.478072214268284
24.127910663734838	10.821801976932697
30.10880292873391	26.37738569094305
4.997673049524977	19.279552108727806
17.280178676330692	13.03999532878568
16.51386864508604	28.600725714518436
26.075727449497734	14.33152321414945
26.336258276882617	7.1427909242166105
23.151106460749908	22.74358748445481
17.366913164874468	17.090468015705387
11.197993334936811	6.824166840174014
20.13948389218519	24.391498057785917
33.9417689709122	7.121319585732216
30.994146793837185	16.769210484473057
11.925830894215956	12.050834211397035
30.53277270160346	35.1158379458293
30.76352861306689	27.972483869454905
21.586148576170114	21.933331069122083
14.616414921690396	19.251258040362604
32.04104599810485	39.120525427416815
20.91741908146195	21.620073430047174
31.251412346768106	13.436546428626666
21.129225040953568	25.356472879048876
22.423003393040858	27.042953450658494
30.420125907589696	11.328698510408024
35.86307819649089	10.203365659150958
33.662174669330525	32.93246184878874
12.739689128275714	23.71706500003767
34.06282149338158	5.766614313887807
33.6207910808839	11.446017745790504
12.014110402735454	15.245433253700394
17.049694485039012	-0.4194580301327804
11.870896961146041	13.419514435584368
30.903919908032364	26.540420207611128
5.013980734188301	7.791184577027284
25.45619280287122	21.380213549663928
24.0431674014241	15.74586177438094
49.253934937644786	23.635720977611427
23.179357124329407	36.486977799703936
18.143975651905876	11.898414414183542
23.816350214500645	21.11514152817953
13.542365285388968	37.789625613687946
7.154858574131598	12.617067402628692
31.252055379133655	33.71100428785043
21.950520011884525	9.569014094879552
38.3011792287122	18.68917853482278
24.296366750343296	32.556292696477044
23.68338890958006	-3.1322715161065204
15.993107584403457	29.780032704177685
30.484593023420004	27.135686230457747
17.284010484831676	13.671380554716615
28.376238537215027	22.286249420465836
16.60489301696918	29.399053090769897
21.7172527242796	16.413147276702027
20.85181048358986	27.939962725770734
31.093332711573552	8.23831405473863
34.33129171945221	12.00336772923325
36.765470066593714	20.625795301765727
28.76581026247791	17.32315755636683
10.935213111062374	44.56994972389174
21.582145429231545	25.16398537303482
29.271150857232524	39.100316611702695
14.44696195654687	3.814458848435338
8.384597008862748	41.487128034137
5.218714272222778	28.159681351187814
-3.3762187332465485	9.251987400413014
9.642653158863094	30.214289939943185
-18.350197450787782	39.55706262660066
-0.25983644960808316	38.77414766408467
4.045035001818126	42.2840858533165
9.67537903968358	40.23331314043081
8.40296831608541	31.53875472020166
-13.472529779431136	61.16915885506184
-0.7900038354630285	25.113553662652066
7.567693184826769	41.01736953725684
4.379394334306569	33.330726097167286
-2.5591710231738807	42.92987225834775
9.622553928520908	45.1505790798952
13.434519239824294	30.159426049010015
-4.867954104686529	28.90008918111253
-5.944988268684565	35.01566215894555
12.06209003703737	41.801310614255755
8.343263641319401	31.127528737138913
-15.75144996494661	29.96145320846408
-11.140481899557532	30.196253831807155
-9.957688655939505	42.212949124991226
-3.424772313839874	27.01308979969339
-2.6154822445445305	28.27357058619092
13.015654910827024	65.32337031054419
-0.6726964317166235	38.88935434909328
-2.142726757612432	31.502623564945893
-1.2700760594280043	28.560086186711416
15.747921230790984	34.55477971227724
3.537814822570186	42.841411405804664
15.239076919710692	29.078164108192784
12.478693844397045	29.311581039163297
9.304358562606653	25.56064212490915
5.236928864369597	28.69184539820524
-1.4992470157530242	35.78343430940583
-2.5774430568204476	53.0748779666432
-12.812349300287645	52.5636297784705
-5.39314947649497	30.878900735699315
-0.7081142415398558	38.97793038158492
4.13242079669468	13.161985005063922
-11.983743185311688	35.05716726406788
-2.6148523814400866	35.777013829994395
5.634760109824763	34.54303179618466
2.2757914045198673	35.55726502335081
4.989700438007169	20.91427914254753
-10.404338774786174	35.538463872224774
25.98862919412739	29.38630129726684
11.321433122162942	34.186632198441465
16.34459196182258	47.844826699085665
-10.11451589609643	20.959001787527498
17.356542875170916	51.94690614897043
0.5807243846389651	33.29396482242255
2.404993309339679	15.879287181567971
-0.7364735508366085	31.694017909932832
-7.992778174355944	41.02522170147144
-19.779822440490577	29.39444195443656
3.505339815343753	34.645808940587266
-14.789614646512517	48.03324270489739
-6.913702414362149	55.1813334914949
15.803972514403677	20.558343307542177
10.511537823081655	27.809774665742154
-10.690268782666006	45.47470204656258
4.011010895807726	46.78900229328094
0.9314324528223221	45.385854385303524
14.638870937957634	52.54162739228882
8.76966263651323	43.772122036618335
10.704567186981745	41.48610232764665
0.855403383627337	29.261728202895615
15.899762265896374	32.652853087984276
-14.33113971206752	41.37121133952949
-7.077538121022476	30.07966002789876
1.1969346507076053	48.344457094121516
10.305120193054133	38.790167836734696
13.914668016400023	34.93802704862533
-6.513381952858497	46.01919639748394
2.5218831977990335	45.994471762704876
1.4765394308402897	28.159803790557035
-1.9545631870286342	45.44876507532443
-7.236423718747371	47.929520171232944
4.9639694078378955	57.167953720110845
-16.756959903070268	36.66708743990816
9.851231233688317	36.14649636741434
-0.5774442342727708	44.32823199519884
2.376855935975116	30.187928264662265
5.485890872809032	41.91740316441961
1.8073687392360003	41.80517240247586
16.00677596313733	39.36916281889691
-4.594476636477735	41.961001711791845
1.4087063802716095	26.88824087157856
-9.804645165425569	44.38025625664922
0.3153873094364388	17.73621830185673
6.901978173378431	25.234800797140796
-19.09339608686323	34.19505815536269
-7.461632455772245	28.216333591907667
-5.006538705571613	34.78502605104856
-22.35984277417741	34.09749109610974
8.749000763141234	37.57895124445879
-0.24906106994840527	34.054321484355
-19.91146162972322	27.455097826832493
13.396017719680751	29.979428315310575
8.69224085169881	31.99799824335702
0.1614605677972405	35.72350197064477
-3.035403429903999	35.718086255568856
-12.538477667423557	45.22103217011375
6.931372201458538	52.953266704005
12.205719789344567	22.453665917445612
8.252351112840131	23.780922295948848
12.985425575380287	43.38029666290002
-2.4889866611818565	40.53473177597643
14.487512537030938	34.103567233564405
3.7230678380403024	38.75426680060758
17.97348023502859	25.886366581146174
9.466227023044524	33.14134152409065
-9.961947267689965	35.47015064367349
4.809769764907582	44.92518197043739
3.1784231388729642	35.22445309811271
12.514097789916079	25.365860537960152
8.865055460062301	47.5205392676134
4.605225802264686	41.06542422345301
21.133931070248742	33.45177349347623
-7.562201612332114	42.19459431330711
7.821810379499981	32.56667900175531
-3.316668031889531	32.245859486061086
4.685625548756171	50.39218336567998
7.199232558579213	35.354315231357305
13.228183824840997	51.1757535104965
-15.262118327448961	50.893084812308715
-8.381402818531532	16.452956576562432
-0.919276969347099	32.76761599516116
-3.8086376544344764	31.864907154960882
5.451613634068834	30.07466668838509
2.236201285289446	45.28387001578612
4.133908164339889	42.05432029129826
1.5863171164813288	27.85638558454231
5.352781521751503	44.0500889766778
4.013677457900737	45.499778485556085
16.62859130171157	31.479763919279655
3.580886241439204	44.50549292641253
19.099228251483325	38.97699093306694
-11.754008452795212	37.18821084184351
6.967081101824244	24.7018403411467
-1.3287538299527952	8.498585313131166
6.888010677305457	31.79683312471999
-2.4457065883278766	27.528720450891363
5.386681012938944	42.41605048592621
15.772534757807168	49.78847046253972
1.0100386903512435	41.251614964463535
10.453366590509066	33.94630961269561
-1.5457813062040975	40.128992448844585
-5.92953372182223	27.63444747565869
-14.741591213763575	37.325279497209614
3.6809846112325797	29.65332125194356
-6.225788319650916	31.475948204903883
8.594391044242345	27.38726236298136
-34.06319816497137	50.07778708976545
1.0560848355145116	34.97234293896721
-5.626943167041693	48.68792259513929
-9.829283875340444	44.37667816061239
6.552875178606606	40.29356269814597
2.550692024627338	31.995217643342823
19.696759796743557	34.25791023940761
-10.279156096588814	21.280402707073527
-11.573309717725646	55.18379752513272
10.515018562321233	50.85723430063051
-3.6704872457701567	37.26641292336381
-4.289067071993366	50.02235083437063
3.4920380123173858	50.484006033003084
8.661692139269487	43.1226404071593
23.547300492145887	48.89376222830659
0.5251172854093109	33.40530601176134
11.05685414252253	40.10209537500761
7.030494490489948	35.07885470601751
-23.002180613809287	35.30666203499225
-8.050721329021401	49.28386625397215
-0.8047779896931972	34.84787941960607
6.906603165115139	44.48596612788812
11.083484478465133	25.704183874847363
-2.7320903958221763	32.415483584237634
7.149961748491815	34.03849445068794
25.254293017075447	38.32463944634271
-3.045373236059504	33.39665060625319
-24.898035199296416	22.375433128687693
-10.60995740762409	33.660213534826866
6.034070255895113	43.787187203707006
-2.5045178130085812	34.400942657811896
-16.119374435059093	48.32540527218841
24.86443628022458	16.443887392770623
4.288787729562362	60.6210121543707
4.455555617567061	48.69354998718088
9.426670103783032	9.232114868547622
2.2158889422416	38.970114477513896
-1.6789233610067908	28.587314385928714
-20.373910076212958	37.72294448514264
-12.812444557698006	38.10363079749755
-12.93070820841288	34.790322341249855
11.714518020431354	33.37516930609637
-12.08273121016448	28.201944036035663
-7.775468288822953	46.99035412099765
8.516289000300407	42.76416644432069
-5.7845400684081	37.43338002576743
3.667852984370054	29.01375471406002
24.00063865736771	16.849700729596755
0.7933073461654585	45.06953356552083
-4.2472573410601395	49.997076267692506
2.357150935496213	50.45418448327029
7.915670335914146	28.97089277851614
-4.558723472422122	23.66209689925194
-7.323366838000489	36.10397810487049
-7.463973012933293	45.143940798228584
3.276662963718949	55.19729879740032
-5.2652042671008426	20.137313951075143
-2.041992273357118	46.18847512845741
14.681615027636324	44.822285883034176
-6.775423601275881	35.10434275858872
-5.556478153457323	33.11462748825476
-5.0944301252056645	49.47348961979243
11.55664622619269	38.584177547713644
6.640095123717777	33.009056806200704
8.186279095576669	52.18422909089519
10.283943815964665	46.81292627593227
-2.006135838699963	23.466487697434
8.544690336711183	38.39958815757494
0.4817912867835674	26.532995109222334
-6.119083623097759	37.32707676048244
13.957566228397637	35.62483820502314
-12.577353785785574	26.117199778932644
4.525325485550745	38.26625592122225
10.296793530950165	37.57545793894353
5.929871687618157	50.584591064070494
8.93951539949895	51.85784261690401
-8.166396113775019	40.26596897679434
4.064675561850204	49.779189183172164
-2.4570424335512016	28.1227090439691
3.807996616630187	42.44282112444089
1.0257836407598562	33.156608943323945
14.114145811587553	48.86979844345183
6.666380307418043	12.84800102227831
10.528578982947948	57.638809720027794
-7.186080196024424	22.30612167549618
-1.6888870514468604	29.544163942775246
1.5088776535880297	43.48611309800073
1.0964188256459755	43.808958911793965
-16.62408614534978	31.703677075464803
-13.890521637758315	36.86835320233655
-5.4744768939875055	35.4730574822499
13.202266737809834	34.962676909052156
-15.401906885898294	33.08584111062747
-26.13993705697198	55.507915947582234
-7.4820197758856715	48.770154466382216
22.936608871831567	28.01560140307835
-5.571013048094461	27.63294031575674
29.921295728319343	29.956436584251858
9.60456749769828	29.964693636814907
-17.744465674808467	18.35387857724013
0.18222143685913506	39.06121916316743
-13.930707313174969	42.40154023360432
17.910819089194362	36.65098321255156
-21.470819681561018	40.60851385623578
-2.122508207462038	31.60593443286421
-0.6266853189075183	25.197564119320475
6.280449203555232	30.707581754171272
13.16801535893849	32.2162245538492
-7.194541299912775	41.167350757218365
-11.725632575807523	35.84137178995527
-13.090977441877387	29.18760924998559
8.647756279848625	49.314049421822304
-8.523649159258811	49.72126471221919
13.020150303607247	29.808854232730432
-2.4729239115013586	12.877004094470774
6.232869465944174	34.183368284454126
0.054939944992816514	21.05236006321052
0.6919782457545293	38.169349635457664
0.9128509816469131	24.46297662529996
22.33299401258339	32.25650947696898
-12.665865077574974	45.84235369439722
-18.210042317125087	47.818990811055926
-1.7844804745651457	45.16671446826702
1.6994851244414948	61.98634283022558
-2.3534057935834953	31.244071559972404
-3.732482497207595	47.28898695857187
15.998324262671176	32.38653959055181
2.3543164720242804	46.826330450041475
-19.82736669180914	54.67366244786649
4.4588274593450095	31.197347042770815
5.926765818776819	42.47021381226112
-0.5227975596589691	49.78842746589455
5.12349004368487	32.87027389883174
-0.7558935231023098	38.3701914678532
-11.039555572450817	21.620851027039024
3.336466677262341	54.24486734546686
-6.221906572596862	36.93169915863286
11.024864241876699	39.28317713591087
23.502613781983044	45.08407256425862
-3.765832632577645	46.78713870391209
-4.007964719713531	49.71291235932526
15.509006296969927	26.355234204069326
5.057449080237236	47.56084169013404
17.16601849337598	41.67040404422358
-5.097452770039728	30.547110975880337
22.482798734829544	52.361278740527034
-10.170415208203824	25.125557746164386
6.075098978868183	50.24594326287934
1.5111112163401161	44.52741549053485
5.061468938256562	41.647895005852654
9.398614500341782	23.4085092726571
2.107396803697061	24.93653818783328
-1.7990870404986818	24.569469493541398
-1.385943378603263	26.828762660889954
-7.678246568076155	18.886214684290433
5.853795981081538	48.62758158683803
-5.52785319314022	45.0383141244942
0.25247603886885717	17.186794347620893
10.353117771868291	45.933209807555905
-6.9050356881497095	45.20205575898494
-8.42378059536832	37.50385056763492
-7.86408411985828	41.76959617324692
-5.715270821736961	50.5801792964567
4.810002582400983	38.7383100252582
5.209075773975028	42.22946336391047
-8.271292145315396	23.19773858168259
6.147862568582526	22.838092105730475
0.4648874379625296	38.25844942252071
-1.6683442926629284	49.08045827475382
13.088547398110325	18.54365759376531
17.29455291957583	40.22556754766209
1.8321068050256015	21.726340771459498
-14.905018423814964	22.801546455230095
17.186188812970506	46.23042700755686
6.220192291219812	66.29026242177491
28.133624774438694	33.524665701428525
15.33270029623607	51.428250177037015
-5.816957542585538	34.882645093892606
9.456669462987765	30.06419616702165
6.573331730521877	52.51226180856489
-1.3069398943745019	40.441455430325554
14.8639295270922	31.844031374592106
0.5615819244138305	33.60576021507888
16.171573634579136	48.56362463960165
9.576784944003922	53.38970121922705
4.752886046662825	29.121371488371857
11.163757832126466	40.139688000030134
22.065701779585787	35.44077568041943
11.666502180393383	36.51149481892007
10.698845993150988	21.67365291214051
20.729127117179715	38.617152713177546
-1.4964332619604503	40.58561542495485
-8.381851638376308	24.553835305698005
0.231435919033683	41.57678126005729
11.698476506151955	35.29294520357914
11.9682227532489	59.30281447147782
11.256554088887603	37.39073051265359
7.020315975519575	38.06282019443144
-2.6495117892843556	32.10475173559857
-4.950771241335014	42.842606568477684
-0.5676834803186832	29.98429787668396
16.079704010587115	43.15310968808238
9.86374141988297	34.158189017816504
0.6613662392523287	25.560530060929583
0.3108244764827246	48.24301158882204
-4.76141236437658	38.80476638043662
8.676271711077236	44.04040587616377
-1.3432347734876267	26.1267867858121
-13.143325489729975	56.03421458506358
-1.6010718681659384	42.34943817460774
18.898462242423804	45.364272957374574
14.478169065639644	35.40433831478816
2.1401217392847727	12.018987732837047
-8.163030171226307	35.892576813245604
0.10923783973942314	37.153967218049665
-1.5329568580198356	58.21661571407628
-7.463224930567623	32.130791532614275
19.612153342951366	35.303797062747854
11.53469394825357	19.020228922665165
-8.820075311517238	24.84834302808963
0.3598724905423827	27.323608266161187
0.8958796225965576	35.569066614086296
-3.0096131023891752	30.765208079797468
-12.232704634494878	34.50440852820179
1.4255864317512752	49.31015078548474
2.792937555808635	26.338341252756038
-0.7153058250535378	47.44010946479257
-0.153623233288682	45.13954692401464
-2.1258469231333565	47.30940661535222
1.7036236597671448	41.314229880439754
3.722735170115464	50.19773776239427
11.957156508075299	31.71933651675195
18.621752426916643	36.39398753871731
10.008796280636503	27.576468468454557
-4.309611519506359	50.55219148274815
-8.383987590729193	35.31022911205406
-0.9182896539494654	47.101594506044464
15.601195977344057	30.627619240826423
-15.152019090204403	32.10404127254186
9.484172628496946	37.71402224804238
-4.67700125898044	51.16454985109999
-2.304562025630697	63.904140963280646
-16.255228333544878	46.701713750964934
-10.148179873909696	34.200499977656385
-0.0867410207716266	63.915740833886915
14.338914297334657	24.811815689551608
18.788989738729676	28.75459339263535
4.522750875742702	51.57776987261229
-18.242339201017096	34.01504621296773
-13.680400306894336	43.05418678782206
28.763854243101413	59.9362591206509
13.200462261231435	32.57853682478866
12.372035484528945	48.24665442029176
5.977297292299907	21.656307762178468
-13.361870447961676	31.39377437277602
15.595037780800167	27.156477684366052
-20.79753081102406	20.73606305539505
4.650993743802141	38.44032087244377
-1.045351064742059	46.29109972957925
14.050622028060756	40.82236507577305
1.0111861341659787	55.6401476513485
3.981830683347007	10.603464331948782
0.7291578031640303	46.74954439809348
-7.3839195948058105	47.50699367445883
-17.751314757120703	36.774726581223256
10.654776760300255	37.34737715452742
2.7538041758715455	41.95414465515372
2.6589501887896874	46.06339604405613
-15.964963675398026	36.78565208192169
-2.4325858436824044	40.76632281107222
15.096278594468247	53.00535564147836
-9.59166947233567	53.45323670507369
-0.6083125081855321	29.82751917094966
-0.5436795498717553	17.829329451331112
5.9402907620065255	30.56267380741905
-21.073658978181925	39.49018183546683
-0.5206818046291599	48.02857354585288
1.6143285108782348	39.07824434320392
8.092840050622105	37.85186878767866
-12.083493242406353	46.97686777370479
8.640081139494715	26.23151599376739
9.33601531018014	35.492263978867605
-6.667003711179609	21.2986009533574
-1.3062534213984693	42.598905240520914
16.691058417412826	45.93047867938048
-1.7311366864460829	35.4899559205108
-5.237543534498929	29.144982301825245
15.145336541032265	47.41218977009507
2.808510453755496	39.489412935571764
10.49929620326866	36.9954068487029
12.543062726142688	45.25295522139543
4.495296545622702	24.58104533406224
-10.532945218191472	38.47874290621317
-14.532540690333319	37.3993988591268
10.0884943327897	38.89704638042634
25.129948758533118	33.67976788801695
7.684052675795984	31.04748577856877
4.179945904630812	13.448440014029849
14.265814953723645	40.38691568937702
-6.62985889276861	39.04356936919697
-10.105082108491436	33.66726167182856
0.342154169787942	48.55154429050468
-8.835381880991617	31.176350467684998
0.8528359501776765	40.03730573523608
2.5217736736153293	47.380249766602915
-6.8168640999832775	33.94180729866982
6.2167078761712515	39.917732449620416
-2.0582265819696226	54.50821567047174
0.9577182427194899	27.644790000818293
-14.789669277063032	47.409880561077095
14.229507488468206	23.40187028847709
8.287924871150715	19.627937618735757
6.126817002644577	48.26881621165449
8.49544891719373	33.33118071087683
-9.265335861140215	33.48529906080697
-0.6922575446752322	56.85958358171874
-0.3675949425265168	31.750946730194826
2.2262768742329575	43.139388105101965
8.50780134204317	31.110484492620802
11.967597009457226	51.193654653299205
-14.518560604671	29.788623912014234
13.031405257475784	42.33593981535749
6.880627926529014	23.606794757240717
1.677992952127217	39.96231225826555
-18.67596745876564	32.129791941904216
6.750026623430199	55.990421645391784
4.07003646498148	44.691248272993164
1.1991978629150268	23.85632706706221