27.34681805482905	57.50464123149857
31.515038737731935	88.6038815653706
31.515038737731935	88.6038815653706
13.999999695827523	36.5574345159955
13.999999695827523	36.5574345159955
16.15505953847279	16.827890980102215
16.15505953847279	16.827890980102215
10.958087684427833	51.776498152189625
10.958087684427833	51.776498152189625
3.987405592014178	77.70414995052357
3.987405592014178	77.70414995052357
49.58063203422585	15.557765826110485
51.478501133655676	86.59018564192202
51.478501133655676	86.59018564192202
51.478501133655676	86.59018564192202
44.552162018483486	28.59336003378671
44.552162018483486	28.59336003378671
48.36564035866964	38.08841224333796
48.36564035866964	38.08841224333796
41.46590702984232	28.736902551665036
41.46590702984232	28.736902551665036
67.1669697705068	94.11052002733025
71.3351904534097	26.209761836417233
71.3351904534097	26.209761836417233
64.37337548122937	35.35251844850033
64.37337548122937	35.35251844850033
64.37337548122937	35.35251844850033
65.98745247674377	49.50158717476924
65.98745247674377	49.50158717476924
61.287120492588215	35.49605949116369
61.287120492588215	35.49605949116369
53.819798530285155	11.377844669975648
53.819798530285155	11.377844669975648
55.930513920474	75.57277854055161
55.930513920474	75.57277854055161
55.930513920474	75.57277854055161
40.756775225628985	47.31398904401519
40.756775225628985	47.31398904401519
42.86749061581783	12.508924389806108
42.86749061581783	12.508924389806108
35.65735792151524	95.62874621691323
32.57110145765913	95.77228725957661
27.37413107882913	31.72089295644906
27.37413107882913	31.72089295644906
29.48484646901797	95.91582830223997
29.48484646901797	95.91582830223997
29.48484646901797	95.91582830223997
58.34311443712491	26.8667447204499
58.34311443712491	26.8667447204499
53.64278245296936	12.86121703684435
53.64278245296936	12.86121703684435
55.54952162306243	67.10874314161998
55.54952162306243	67.10874314161998
48.011250897173035	78.2696898104388
48.011250897173035	78.2696898104388
48.011250897173035	78.2696898104388
52.46326515920632	67.2522827090684
52.46326515920632	67.2522827090684
44.924994433316925	78.41322937788722
44.924994433316925	78.41322937788722
47.106658587092106	8.329001758456302
47.106658587092106	8.329001758456302
78.16432937508576	33.62590313516352
78.16432937508576	33.62590313516352
78.16432937508576	33.62590313516352
71.26459457104347	24.274393443490602
71.26459457104347	24.274393443490602
73.1358593593434	46.661498818054696
73.1358593593434	46.661498818054696
67.8679387417121	17.88926600493402
67.8679387417121	17.88926600493402
70.04960289548728	46.805039860718075
70.04960289548728	46.805039860718075
64.78168375307095	18.032807047597398
64.78168375307095	18.032807047597398
64.78168375307095	18.032807047597398
94.20753887943866	62.75042859532245
94.20753887943866	62.75042859532245
95.75066711136671	13.178657336383282
95.75066711136671	13.178657336383282
91.1212838907975	62.89396816277086
85.48975233500119	29.30244241158027
80.78941887563067	15.296913252759762
80.78941887563067	15.296913252759762
80.78941887563067	15.296913252759762
82.40349587114507	29.44598197902868
82.40349587114507	29.44598197902868
65.45604693793136	91.1662371087388
65.45604693793136	91.1662371087388
69.3404725664889	65.38212635306822
69.3404725664889	65.38212635306822
62.369790474075245	91.30977962661713
62.369790474075245	91.30977962661713
57.14621283368541	77.61307088224216
57.14621283368541	77.61307088224216
57.14621283368541	77.61307088224216
59.04408340833021	49.645490698053685
59.04408340833021	49.645490698053685
52.073401315916556	75.57314102117267
52.073401315916556	75.57314102117267
55.957826944474085	49.7890302655021
55.957826944474085	49.7890302655021
85.31273478247041	30.785814778448973
85.31273478247041	30.785814778448973
86.92681030276987	44.9348835047179
86.92681030276987	44.9348835047179
86.92681030276987	44.9348835047179
82.22647831861431	30.929354345897394
82.22647831861431	30.929354345897394
74.76802495175954	89.02624433845848
74.76802495175954	89.02624433845848
76.87874034194839	54.22117968424941
76.87874034194839	54.22117968424941
71.96556354224877	47.05313794587941
71.96556354224877	47.05313794587941
71.96556354224877	47.05313794587941
73.50869177417684	96.4813681621552
73.50869177417684	96.4813681621552
3.9345483757595106	42.19898970988025
3.9345483757595106	42.19898970988025
97.66662775812821	13.426756896759585
97.66662775812821	13.426756896759585
0.8482904366884322	42.34253075254363
0.8482904366884322	42.34253075254363
94.62471427151357	28.64582200816866
94.62471427151357	28.64582200816866
94.62471427151357	28.64582200816866
96.7354296617024	92.84075735395957
96.7354296617024	92.84075735395957
89.5519027537447	26.605893622314134
89.5519027537447	26.605893622314134
21.609572066523384	51.902793523806395
21.609572066523384	51.902793523806395
23.791234745083617	80.81856590437548
23.791234745083617	80.81856590437548
23.791234745083617	80.81856590437548
16.252965494409175	91.9795125731943
16.252965494409175	91.9795125731943
20.704979756442455	80.9621084222538
20.704979756442455	80.9621084222538
13.175579101216307	75.3381584296068
13.175579101216307	75.3381584296068
15.357241779776526	5.253932285390861
15.357241779776526	5.253932285390861
15.357241779776526	5.253932285390861
10.08932116214524	75.4816994722702
91.92902741338747	45.03944054721587
91.92902741338747	45.03944054721587
91.92902741338747	45.03944054721587
94.03974280357632	10.234375893006789
94.03974280357632	10.234375893006789
88.84277094953136	45.18298158987924
88.84277094953136	45.18298158987924
90.9534863397202	10.377916935670155
90.9534863397202	10.377916935670155
85.72991017454532	95.6812081912952
85.72991017454532	95.6812081912952
85.72991017454532	95.6812081912952
78.83017537050304	86.32969849962227
78.83017537050304	86.32969849962227
80.37330360243111	36.7579272406831
14.896430648115375	48.853952087502016
7.429110161027273	24.73573726631396
7.429110161027273	24.73573726631396
2.7287781768717188	10.730209582708408
2.7287781768717188	10.730209582708408
4.351722292619456	8.094383122726477
4.351722292619456	8.094383122726477
96.38104167542076	34.022034921060424
96.38104167542076	34.022034921060424
96.38104167542076	34.022034921060424
1.2654673039782942	8.237922690174885
1.2654673039782942	8.237922690174885
30.62037366675967	88.23470720312177
30.62037366675967	88.23470720312177
32.51824424140447	60.267127018933294
32.51824424140447	60.267127018933294
27.250323623773166	31.494894205812617
27.250323623773166	31.494894205812617
27.250323623773166	31.494894205812617
20.35059177016081	22.14338598935465
20.35059177016081	22.14338598935465
24.208411612373478	46.7139593172217
24.208411612373478	46.7139593172217
17.237728044744866	72.64161111555565
17.237728044744866	72.64161111555565
18.851805040259258	86.79067984182457
18.851805040259258	86.79067984182457
50.477061511298736	27.854283397616992
50.477061511298736	27.854283397616992
50.477061511298736	27.854283397616992
43.29353607855598	60.6194211411865
43.29353607855598	60.6194211411865
44.83666283526909	11.047651357462298
44.83666283526909	11.047651357462298
40.20727813948491	60.76296218384988
40.20727813948491	60.76296218384988
41.75040637141297	11.191192400125665
41.75040637141297	11.191192400125665
41.75040637141297	11.191192400125665
34.859541638033946	84.05478752220189
34.859541638033946	84.05478752220189
19.6148541796026	91.07515804045738
19.6148541796026	91.07515804045738
21.796516858162818	20.990931896241428
21.796516858162818	20.990931896241428
16.52859771574648	91.21869908312075
16.52859771574648	91.21869908312075
16.52859771574648	91.21869908312075
18.426468290391277	63.251118898932276
18.426468290391277	63.251118898932276
11.455784722762663	89.17877217248119
11.455784722762663	89.17877217248119
6.232208557587785	75.48206195289126
6.232208557587785	75.48206195289126
8.413872711362963	5.3978358086753
8.413872711362963	5.3978358086753
37.201191915883555	70.6279137168921
37.201191915883555	70.6279137168921
37.201191915883555	70.6279137168921
41.65320617791684	59.610508090736644
41.65320617791684	59.610508090736644
34.114936927242404	70.77145475955547
34.114936927242404	70.77145475955547
36.01280602667223	42.80387457536699
36.01280602667223	42.80387457536699
31.312474042516673	28.79834689176145
31.312474042516673	28.79834689176145
31.312474042516673	28.79834689176145
23.845152080213612	4.680133545788355
23.845152080213612	4.680133545788355
25.964737541065716	52.09017223011345
25.964737541065716	52.09017223011345
57.093355617430745	42.10790916638388
57.093355617430745	42.10790916638388
59.20407100761958	7.302844512174797
59.20407100761958	7.302844512174797
54.00709767835968	42.251450209047256
54.00709767835968	42.251450209047256
54.00709767835968	42.251450209047256
47.03641706116098	68.17910348259616
47.03641706116098	68.17910348259616
48.93428616059081	40.21152329840769
48.93428616059081	40.21152329840769
43.710709995415925	26.51481307881776
43.710709995415925	26.51481307881776
45.82142538560477	90.70974989982363
45.82142538560477	90.70974989982363
45.82142538560477	90.70974989982363
74.67969335371171	21.66066631803356
74.67969335371171	21.66066631803356
69.97936136955616	7.655138634428009
69.97936136955616	7.655138634428009
71.59343836507054	21.80420588548197
71.59343836507054	21.80420588548197
64.62275479744193	47.731857683815925
64.62275479744193	47.731857683815925
64.62275479744193	47.731857683815925
68.79097548034483	78.83109949290291
68.79097548034483	78.83109949290291
61.26157334990372	73.20715097547087
61.26157334990372	73.20715097547087
63.44323897889386	3.1229248312549194
63.44323897889386	3.1229248312549194
48.19855004524756	10.143295349510412
48.19855004524756	10.143295349510412
41.2988181916352	0.7917856578374868
41.2988181916352	0.7917856578374868
41.2988181916352	0.7917856578374868
45.112293581391434	10.28683639217378
45.112293581391434	10.28683639217378
38.21256025256412	0.9353267005008655
38.21256025256412	0.9353267005008655
39.755689959707134	50.363555441561694
39.755689959707134	50.363555441561694
34.815905898447696	93.5501992619443
34.815905898447696	93.5501992619443
34.815905898447696	93.5501992619443
64.24176250003038	39.267822284884296
64.24176250003038	39.267822284884296
65.78488925674347	88.6960525011601
65.78488925674347	88.6960525011601
61.155504560959294	39.41136332754767
61.155504560959294	39.41136332754767
62.69863279288736	88.8395920686085
62.69863279288736	88.8395920686085
55.79889946406004	79.48808385215054
55.79889946406004	79.48808385215054
55.79889946406004	79.48808385215054
50.5309803216437	50.715851039029864
50.5309803216437	50.715851039029864
52.43771801652182	5.963375668590534
52.43771801652182	5.963375668590534
81.79262585451815	85.9601601815374
81.79262585451815	85.9601601815374
85.6770514830757	60.17604795065188
85.6770514830757	60.17604795065188
85.6770514830757	60.17604795065188
78.70636939066205	86.10369974898582
78.70636939066205	86.10369974898582
73.50939901183204	22.052305445858273
73.50939901183204	22.052305445858273
75.62011440202089	86.24724079164919
75.62011440202089	86.24724079164919
68.15279243971783	62.12902597046115
68.15279243971783	62.12902597046115
68.15279243971783	62.12902597046115
72.29440733627584	44.58295333830071
72.29440733627584	44.58295333830071
2.649313699057217	25.579734900817673
2.649313699057217	25.579734900817673
4.263389219356662	39.72880362708659
4.263389219356662	39.72880362708659
98.56305871041607	25.723277418696
98.56305871041607	25.723277418696
91.09573674811301	1.6050611222929971
91.09573674811301	1.6050611222929971
91.09573674811301	1.6050611222929971
93.20645213830184	65.79999646808392
93.20645213830184	65.79999646808392
88.00948175947184	1.7486021649563648
42.11970702361524	37.15637237528092
42.11970702361524	37.15637237528092
44.301371177390415	66.07214475585002
44.301371177390415	66.07214475585002
39.03345055975912	37.29991194272934
39.03345055975912	37.29991194272934
41.21511323831935	66.21568579851339
41.21511323831935	66.21568579851339
33.676845462859866	77.37663394254716
33.676845462859866	77.37663394254716
33.676845462859866	77.37663394254716
65.37304922227072	82.16107600833271
65.37304922227072	82.16107600833271
67.24431548578559	5.548181382896823
67.24431548578559	5.548181382896823
59.706044759896194	16.70912805171564
59.706044759896194	16.70912805171564
64.15805754671452	5.691722425560191
64.15805754671452	5.691722425560191
56.61978977125504	16.852669094379017
56.61978977125504	16.852669094379017
56.61978977125504	16.852669094379017
58.801453925030216	45.768441474948105
58.801453925030216	45.768441474948105
53.53353330739892	16.996208661827428
53.53353330739892	16.996208661827428
82.96825702921494	44.92893649851658
82.96825702921494	44.92893649851658
86.78173536940109	54.423987232852866
86.78173536940109	54.423987232852866
86.78173536940109	54.423987232852866
79.59820846144338	87.18912497642238
79.59820846144338	87.18912497642238
81.70892385163222	52.38405884699834
81.70892385163222	52.38405884699834
76.51195199758727	87.3326645438708
76.51195199758727	87.3326645438708
69.54126990517362	14.26031634220475
69.54126990517362	14.26031634220475
71.15534690068802	28.409385068473668
71.15534690068802	28.409385068473668
71.15534690068802	28.409385068473668
3.7806033717274876	68.47299009948105
3.7806033717274876	68.47299009948105
5.368073105682056	33.976742909287594
5.368073105682056	33.976742909287594
97.18454619772434	66.74187917764215
97.18454619772434	66.74187917764215
92.48421421356879	52.736352969251556
92.48421421356879	52.736352969251556
92.48421421356879	52.736352969251556
94.09829120908319	66.88542022030552
94.09829120908319	66.88542022030552
87.12760764145457	92.81307349385442
87.12760764145457	92.81307349385442
91.01203474522707	67.02896126296889
91.01203474522707	67.02896126296889
74.0734529322467	12.96432268164311
74.0734529322467	12.96432268164311
74.0734529322467	12.96432268164311
68.87648107820173	47.9129269033006
68.87648107820173	47.9129269033006
70.9871964683906	13.107862249091518
70.9871964683906	13.107862249091518
63.80366956043288	45.872999992661036
63.80366956043288	45.872999992661036
67.61714642540407	55.368050726997325
67.61714642540407	55.368050726997325
60.717414571791714	46.01653956010946
60.717414571791714	46.01653956010946
60.717414571791714	46.01653956010946
62.26054280371977	95.4447712516002
62.26054280371977	95.4447712516002
93.95674656313064	1.2292133173857573
93.95674656313064	1.2292133173857573
86.46282028969766	27.46568405495028
86.46282028969766	27.46568405495028
88.5735356798865	91.6606194007412
88.5735356798865	91.6606194007412
88.5735356798865	91.6606194007412
83.6603588801869	84.49257766237122
83.6603588801869	84.49257766237122
85.20348711211496	34.92080640343205
85.20348711211496	34.92080640343205
78.30375230807267	25.569296711759122
78.30375230807267	25.569296711759122
10.36142162085137	50.866195138036424
10.36142162085137	50.866195138036424
12.551954370074851	62.99707380756962
12.551954370074851	62.99707380756962
12.551954370074851	62.99707380756962
7.284033752443554	34.22484099444894
7.284033752443554	34.22484099444894
9.46569790621873	63.140614850232986
9.46569790621873	63.140614850232986
1.9274286555442912	74.3015615190518
1.9274286555442912	74.3015615190518
96.01425185584468	67.13351978068182
96.01425185584468	67.13351978068182
96.01425185584468	67.13351978068182
98.12496724603353	32.32845365125778
98.12496724603353	32.32845365125778
27.98323521414046	62.27937154468266
27.98323521414046	62.27937154468266
32.36429923737244	86.54112740853408
32.36429923737244	86.54112740853408
24.870372963939463	13.777598146098619
24.870372963939463	13.777598146098619
24.870372963939463	13.777598146098619
27.052037117714654	42.69337052666771
27.052037117714654	42.69337052666771
21.784116500083353	13.921137713547028
21.784116500083353	13.921137713547028
14.600589592125646	46.686275457116544
14.600589592125646	46.686275457116544
16.711304982314484	11.881210802907463
16.711304982314484	11.881210802907463
1.537566287469478	82.62242130637104
1.537566287469478	82.62242130637104
1.537566287469478	82.62242130637104
3.6571502731066103	31.03245999069614
3.6571502731066103	31.03245999069614
97.46017841906165	65.9810656875686
97.46017841906165	65.9810656875686
90.489496326648	91.90871748590254
90.489496326648	91.90871748590254
92.1035733221624	7.0577862121714645
92.1035733221624	7.0577862121714645
92.1035733221624	7.0577862121714645
87.40323986279189	92.05225705335096
87.40323986279189	92.05225705335096
89.30111043743668	64.08467834437744
89.30111043743668	64.08467834437744
19.088429641957262	30.314757727809194
19.088429641957262	30.314757727809194
14.459046421388056	80.03006855419677
14.459046421388056	80.03006855419677
16.04651763055757	45.53382136400331
16.04651763055757	45.53382136400331
16.04651763055757	45.53382136400331
9.07583406292896	71.46147463755221
9.07583406292896	71.46147463755221
12.960261166701452	45.67736240666669
12.960261166701452	45.67736240666669
5.989579074287797	71.60501420500064
5.989579074287797	71.60501420500064
7.887448173717635	43.637434020812165
7.887448173717635	43.637434020812165
7.887448173717635	43.637434020812165
38.94511748649632	68.93433392230442
38.94511748649632	68.93433392230442
32.054252753117304	42.79792904438063
32.054252753117304	42.79792904438063
35.86773109330347	52.292979778716926
35.86773109330347	52.292979778716926
28.96799776447615	42.941470087044
28.96799776447615	42.941470087044
30.511125996404203	92.36969882810484
30.511125996404203	92.36969882810484
30.511125996404203	92.36969882810484
25.88174130062003	43.085009654492424
25.88174130062003	43.085009654492424
54.66906050514062	9.315089037924174
54.66906050514062	9.315089037924174
56.56693107978542	80.34751032895066
56.56693107978542	80.34751032895066
51.91094207287132	81.41750523887586
51.91094207287132	81.41750523887586
51.91094207287132	81.41750523887586
53.45406882958442	31.84573545515165
53.45406882958442	31.84573545515165
46.554335500757105	22.494225763478724
46.554335500757105	22.494225763478724
41.28641488312581	92.72199295035804
41.28641488312581	92.72199295035804
43.468080512115954	22.637765330927145
43.468080512115954	22.637765330927145
28.223393053684596	29.658138799612544
28.223393053684596	29.658138799612544
28.223393053684596	29.658138799612544
30.121262153114433	1.6905586154240742
30.121262153114433	1.6905586154240742
23.15058006070078	27.61820893854306
23.15058006070078	27.61820893854306
17.962478277319068	45.78192092437962
17.962478277319068	45.78192092437962
20.07319366750791	10.976854794955576
20.07319366750791	10.976854794955576
12.60587170520485	85.85863997376754
12.60587170520485	85.85863997376754
12.60587170520485	85.85863997376754
16.9869372036518	11.120395837618945
16.9869372036518	11.120395837618945
45.84520517175873	41.07131225582888
45.84520517175873	41.07131225582888
47.95591908673261	6.2662476016197965
47.95591908673261	6.2662476016197965
43.01613797590309	49.45289142200238
43.01613797590309	49.45289142200238
43.01613797590309	49.45289142200238
35.548816013600025	25.33467660081434
35.548816013600025	25.33467660081434
37.659531403788876	89.52961194660526
37.659531403788876	89.52961194660526
32.462559549743915	25.478217643477706
32.462559549743915	25.478217643477706
34.57327641514771	89.67315151405367
34.57327641514771	89.67315151405367
65.70189301629779	79.69088992553905
65.70189301629779	79.69088992553905
65.70189301629779	79.69088992553905
58.731210923884134	6.618540248658039
58.731210923884134	6.618540248658039
60.62908149852892	77.65096153968453
60.62908149852892	77.65096153968453
55.37002947634592	32.09383501552796
55.37002947634592	32.09383501552796
57.551695105336066	61.009607396097046
57.551695105336066	61.009607396097046
57.551695105336066	61.009607396097046
50.01342437944667	72.17055406491586
50.01342437944667	72.17055406491586
81.70962961407248	76.95499613070142
81.70962961407248	76.95499613070142
83.25275784600053	27.383226346977207
83.25275784600053	27.383226346977207
76.35302451717321	18.03171665530428
76.35302451717321	18.03171665530428
80.49463941373124	0.48564254792889194
80.49463941373124	0.48564254792889194
80.49463941373124	0.48564254792889194
72.95636868784185	11.646589216747708
72.95636868784185	11.646589216747708
75.13803284161702	40.56236307253175
75.13803284161702	40.56236307253175
69.87011222398571	11.790131734626046
69.87011222398571	11.790131734626046
52.99361057914339	38.231223899114326
52.99361057914339	38.231223899114326
52.99361057914339	38.231223899114326
56.80708891932955	47.72627610866559
56.80708891932955	47.72627610866559
49.907354115287276	38.374766416992664
49.907354115287276	38.374766416992664
51.45048234721534	87.80299515805349
51.45048234721534	87.80299515805349
46.54617266774907	63.85005823343265
46.54617266774907	63.85005823343265
46.54617266774907	63.85005823343265
39.57549205055037	89.7777100317666
39.57549205055037	89.7777100317666
41.18956904606476	4.926777282820565
41.18956904606476	4.926777282820565
72.8148240418893	44.99038231382795
72.8148240418893	44.99038231382795
74.42890103740368	59.139451040096866
74.42890103740368	59.139451040096866
67.45822042020498	85.06710283843081
67.45822042020498	85.06710283843081
67.45822042020498	85.06710283843081
62.23464130460019	71.37039409405584
62.23464130460019	71.37039409405584
64.13251335445993	43.40281538508233
64.13251335445993	43.40281538508233
57.16183126204628	69.33046570820132
57.16183126204628	69.33046570820132
61.04625541538887	43.54635495253074
61.04625541538887	43.54635495253074
61.04625541538887	43.54635495253074
90.40116472860016	24.54313799026266
90.40116472860016	24.54313799026266
85.20419139934025	59.49174368713512
85.20419139934025	59.49174368713512
87.31490678952909	24.68667903292604
87.31490678952909	24.68667903292604
79.84758777765595	0.5684642117379854
79.84758777765595	0.5684642117379854
84.23752039633622	8.045324889338545
84.23752039633622	8.045324889338545
84.23752039633622	8.045324889338545
77.05399348837851	40.81046263290806
77.05399348837851	40.81046263290806
78.59712172030657	90.2386913739689
78.59712172030657	90.2386913739689
11.293325479717433	95.02313343975445
11.293325479717433	95.02313343975445
3.7550577042579523	7.184080108573275
3.7550577042579523	7.184080108573275
5.936720382818172	36.09985396435732
5.936720382818172	36.09985396435732
5.936720382818172	36.09985396435732
0.7131427424283351	22.403146695197307
0.7131427424283351	22.403146695197307
2.823858132617186	86.59808056577327
2.823858132617186	86.59808056577327
94.64033122465948	20.363216834127826
94.64033122465948	20.363216834127826
79.39564376622812	27.383590302813236
79.39564376622812	27.383590302813236
79.39564376622812	27.383590302813236
81.5773079200033	56.29936268338233
81.5773079200033	56.29936268338233
76.30938730237202	27.527129870261643
76.30938730237202	27.527129870261643
78.49105145614719	56.44290372604569
78.49105145614719	56.44290372604569
70.9527836806877	67.60385039486452
70.9527836806877	67.60385039486452
70.9527836806877	67.60385039486452
66.33226758035184	1.534266035001234
66.33226758035184	1.534266035001234
67.87539433706493	50.962494776062066
67.87539433706493	50.962494776062066
97.01745588430225	38.79676375902956
97.01745588430225	38.79676375902956
2.398521382749204	63.05851962288098
2.398521382749204	63.05851962288098
93.93120089566109	38.94030627690788
93.93120089566109	38.94030627690788
93.93120089566109	38.94030627690788
17.874145204056276	77.41634142873973
19.984860594245113	42.61127677453065
19.984860594245113	42.61127677453065
14.787888740200154	77.55988099618816
14.787888740200154	77.55988099618816
14.787888740200154	77.55988099618816
7.817208123001459	4.487534269737056
7.817208123001459	4.487534269737056
9.431283643300903	18.636602996005976
9.431283643300903	18.636602996005976
4.739818779378683	86.84618012614958
4.739818779378683	86.84618012614958
6.3538957748930756	1.9952473772035328
6.3538957748930756	1.9952473772035328
35.70880361288941	81.99203041493546
35.70880361288941	81.99203041493546
35.70880361288941	81.99203041493546
30.795625337974855	74.82398867656548
30.795625337974855	74.82398867656548
32.338753569902906	25.252218892841263
32.338753569902906	25.252218892841263
25.439020241075593	15.900709201168338
25.439020241075593	15.900709201168338
29.25249710604679	25.395759935504643
29.25249710604679	25.395759935504643
29.25249710604679	25.395759935504643
22.326157990874595	66.39893580258429
22.326157990874595	66.39893580258429
7.1524178208146285	38.14014483083291
7.1524178208146285	38.14014483083291
9.263133211003469	3.335080176623825
9.263133211003469	3.335080176623825
2.079606303045759	36.10021792019334
2.079606303045759	36.10021792019334
5.893084643231925	45.59526717931469
5.893084643231925	45.59526717931469
5.893084643231925	45.59526717931469
97.9933513144046	36.24375896285672
97.9933513144046	36.24375896285672
0.5364795463326627	85.67198770391755
0.5364795463326627	85.67198770391755
94.91596344599678	19.602403344054277
94.91596344599678	19.602403344054277
24.70328412573234	84.83248125227107
24.70328412573234	84.83248125227107
24.70328412573234	84.83248125227107
26.88494680429256	14.748255108055117
26.88494680429256	14.748255108055117
21.617027661876218	84.9760237701494
21.617027661876218	84.9760237701494
23.514898236521006	57.008443585960926
23.514898236521006	57.008443585960926
16.54421466889239	82.93609538429487
16.54421466889239	82.93609538429487
16.54421466889239	82.93609538429487
11.3472442900624	18.88470108116732
11.3472442900624	18.88470108116732
13.502302657492702	98.15516049570395
13.502302657492702	98.15516049570395
44.55997197027139	24.452058921981244
44.55997197027139	24.452058921981244
46.74163464883162	53.367831302550336
46.74163464883162	53.367831302550336
39.20336687337214	64.52877797136917
39.20336687337214	64.52877797136917
39.20336687337214	64.52877797136917
34.29018712324262	57.360736232999166
34.29018712324262	57.360736232999166
36.40090398864641	22.555671578790086
36.40090398864641	22.555671578790086
28.93358350155831	97.43745675760205
28.93358350155831	97.43745675760205
33.323516120238594	5.914317435202603
33.323516120238594	5.914317435202603
33.323516120238594	5.914317435202603
62.18178556356048	35.865233853412526
62.18178556356048	35.865233853412526
64.29250095374933	1.0601677239884868
64.29250095374933	1.0601677239884868
59.095529099704365	36.008774896075906
59.095529099704365	36.008774896075906
52.12484700729071	61.93642669440985
52.12484700729071	61.93642669440985
52.12484700729071	61.93642669440985
54.022716106720544	33.96884798543634
54.022716106720544	33.96884798543634
48.754796964304205	5.196615172315659
48.754796964304205	5.196615172315659
50.909855331734505	84.46707458685229
50.909855331734505	84.46707458685229
35.73611516167454	56.20828213988595
35.73611516167454	56.20828213988595
28.765434544475845	82.13593541343485
28.765434544475845	82.13593541343485
28.765434544475845	82.13593541343485
30.37951006477528	96.28500266448881
30.37951006477528	96.28500266448881
25.679176605404766	82.27947645609822
25.679176605404766	82.27947645609822
27.577048655264523	54.31189627190975
27.577048655264523	54.31189627190975
20.047646524823417	48.68794775447771
20.047646524823417	48.68794775447771
20.047646524823417	48.68794775447771
51.74385175944923	53.47238982026327
51.74385175944923	53.47238982026327
53.28697999137729	3.9006200365390598
53.28697999137729	3.9006200365390598
46.38724666254997	93.54911034486614
46.38724666254997	93.54911034486614
50.20072352752118	4.044161079202428
50.20072352752118	4.044161079202428
43.30099019869386	93.69265138752951
43.30099019869386	93.69265138752951
43.30099019869386	93.69265138752951
38.03307105627752	64.92041857440883
38.03307105627752	64.92041857440883
39.930940155707354	36.952838390220364
39.930940155707354	36.952838390220364
69.33019097094515	33.02514697191294
69.33019097094515	33.02514697191294
73.14366783591635	42.52019623103428
73.14366783591635	42.52019623103428
73.14366783591635	42.52019623103428
66.24393450708904	33.16868653936136
66.24393450708904	33.16868653936136
67.7870627390171	82.59691675563715
67.7870627390171	82.59691675563715
63.15767804323292	33.312227582024725
63.15767804323292	33.312227582024725
55.61940879255848	44.473174250843556
55.61940879255848	44.473174250843556
57.52614796265156	98.72070035561919
57.52614796265156	98.72070035561919
57.52614796265156	98.72070035561919
89.151405908906	39.7843039114116
89.151405908906	39.7843039114116
90.76547995399048	53.93337116246557
90.76547995399048	53.93337116246557
83.79479933679178	79.86102296079952
83.79479933679178	79.86102296079952
78.59782748274682	15.809630132886921
78.59782748274682	15.809630132886921
78.59782748274682	15.809630132886921
80.70854287293567	80.00456547867783
80.70854287293567	80.00456547867783
75.51157249410568	15.953169700335343
75.51157249410568	15.953169700335343
77.62228788429451	80.14810504612626
77.62228788429451	80.14810504612626
38.17881403843114	57.42386926337597
38.17881403843114	57.42386926337597
32.98184365960114	92.37247348503345
32.98184365960114	92.37247348503345
32.98184365960114	92.37247348503345
35.09255904978998	57.56740883082438
35.09255904978998	57.56740883082438
27.62523708748692	33.44919400963634
27.62523708748692	33.44919400963634
32.006302585933874	57.710949873487756
32.006302585933874	57.710949873487756
24.53898209884577	33.59273357708474
24.53898209884577	33.59273357708474
24.53898209884577	33.59273357708474
26.649697489034608	97.78766892287567
26.649697489034608	97.78766892287567
58.070977739978325	28.903863237652796
58.070977739978325	28.903863237652796
50.53270701408893	40.06480990647161
50.53270701408893	40.06480990647161
52.714371167864115	68.98058523747062
52.714371167864115	68.98058523747062
47.446452025447776	40.20835242434995
47.446452025447776	40.20835242434995
47.446452025447776	40.20835242434995
49.62811617922295	69.12412480491903
49.62811617922295	69.12412480491903
44.36019556159165	40.35189199179836
44.36019556159165	40.35189199179836
73.78605216317433	85.06951353952341
73.78605216317433	85.06951353952341
75.65731547625928	8.456620389302467
75.65731547625928	8.456620389302467
75.65731547625928	8.456620389302467
70.38939633384295	78.68438757618179
70.38939633384295	78.68438757618179
72.57106048761814	8.600159956750888
72.57106048761814	8.600159956750888
65.03278976172872	19.761106625569703
65.03278976172872	19.761106625569703
60.40340654115952	69.47641745195727
60.40340654115952	69.47641745195727
61.94653329787262	19.904647668233082
61.94653329787262	19.904647668233082
61.94653329787262	19.904647668233082
91.37238989945529	64.62226921595813
91.37238989945529	64.62226921595813
95.19473535987478	57.332426239258524
95.19473535987478	57.332426239258524
88.01120845191708	90.09756250761308
88.01120845191708	90.09756250761308
90.12192384210591	55.292497853404
90.12192384210591	55.292497853404
90.12192384210591	55.292497853404
84.92495198806095	90.24110355027645
84.92495198806095	90.24110355027645
77.95427137086226	17.168753873395445
77.95427137086226	17.168753873395445
81.83869699941981	90.38464311772486
81.83869699941981	90.38464311772486
64.89124806620609	53.10489972264993
64.89124806620609	53.10489972264993
64.89124806620609	53.10489972264993
66.47871780016065	18.60865253245648
66.47871780016065	18.60865253245648
61.56554100046105	11.440610794086492
61.56554100046105	11.440610794086492
54.59485743283244	37.36826406763541
54.59485743283244	37.36826406763541
56.208934428346836	51.51733279390432
56.208934428346836	51.51733279390432
51.50860244419128	37.511803635083815
51.50860244419128	37.511803635083815
51.50860244419128	37.511803635083815
53.122679439705685	51.66087236135274
53.122679439705685	51.66087236135274
82.47758580248706	32.65765539908465
82.47758580248706	32.65765539908465
77.28948254389039	50.82136738492121
77.28948254389039	50.82136738492121
79.40019793407923	16.016301255497172
79.40019793407923	16.016301255497172
79.40019793407923	16.016301255497172
72.21667102612152	48.78143899906669
72.21667102612152	48.78143899906669
76.03014789109272	58.27648973340298
76.03014789109272	58.27648973340298
69.13041456226541	48.92498004173005
69.13041456226541	48.92498004173005
1.1880838750441023	74.22187846800735
1.1880838750441023	74.22187846800735
3.3697465536043327	4.137650848576443
3.3697465536043327	4.137650848576443
3.3697465536043327	4.137650848576443
94.87582175538631	30.374121586140976
94.87582175538631	30.374121586140976
0.2568857786182941	54.635877449992385
0.2568857786182941	54.635877449992385
92.07335887066058	87.4010151935619
92.07335887066058	87.4010151935619
93.61648710258864	37.829245409837704
93.61648710258864	37.829245409837704
93.61648710258864	37.829245409837704
88.98710240680448	87.54455623622528
88.98710240680448	87.54455623622528
18.774423086540025	53.77463561965703
18.774423086540025	53.77463561965703
20.956087240315203	82.69040800022613
20.956087240315203	82.69040800022613
15.697035218132196	37.13328000085459
15.697035218132196	37.13328000085459
17.878699371907384	66.04905385663864
17.878699371907384	66.04905385663864
17.878699371907384	66.04905385663864
12.610780229491045	37.27682104351796
12.610780229491045	37.27682104351796
5.427251846318377	70.04195731187252
5.427251846318377	70.04195731187252
7.5379672365072175	35.23689265766343
7.5379672365072175	35.23689265766343
91.36422706644726	6.9781016859120575
91.36422706644726	6.9781016859120575
91.36422706644726	6.9781016859120575
93.47494245663609	71.17303703170298
93.47494245663609	71.17303703170298
85.98101618320311	97.4095077692675
85.98101618320311	97.4095077692675
81.3516329626339	48.12481859565508
81.3516329626339	48.12481859565508
82.89475971934701	97.55304881193088
82.89475971934701	97.55304881193088
75.71123428660425	31.318186555500382
75.71123428660425	31.318186555500382
75.71123428660425	31.318186555500382
80.09229830983624	55.5799424193518
80.09229830983624	55.5799424193518
9.950566277943162	85.53085883756172
9.950566277943162	85.53085883756172
12.061281668132013	50.72579418335265
12.061281668132013	50.72579418335265
6.873179884750304	68.88950469397425
6.873179884750304	68.88950469397425
6.873179884750304	68.88950469397425
98.90249779233665	94.81715501709323
98.90249779233665	94.81715501709323
3.7869234208941838	69.03304426142266
3.7869234208941838	69.03304426142266
95.81623985326557	94.96069753497157
95.81623985326557	94.96069753497157
97.71411190312533	66.9931173507831
97.71411190312533	66.9931173507831
97.71411190312533	66.9931173507831
29.77177974068906	92.29001577706039
29.77177974068906	92.29001577706039
22.8720478870767	82.93850608538747
22.8720478870767	82.93850608538747
24.459517621031257	48.44226037040897
24.459517621031257	48.44226037040897
19.759184161660755	34.43673268680342
19.759184161660755	34.43673268680342
21.373261157175147	48.58580141307233
21.373261157175147	48.58580141307233
21.373261157175147	48.58580141307233
14.402580539976451	74.51345173619131
14.402580539976451	74.51345173619131
45.81499219547188	22.414542712434276
45.81499219547188	22.414542712434276
47.35812042739994	71.84277292871006
47.35812042739994	71.84277292871006
40.458385623357664	62.49126323703714
40.458385623357664	62.49126323703714
40.458385623357664	62.49126323703714
44.28073108377715	55.201417309907626
44.28073108377715	55.201417309907626
37.38099775494983	45.849907618234695
37.38099775494983	45.849907618234695
32.113078612533506	17.07767480511403
32.113078612533506	17.07767480511403
34.29474129109373	45.993448660898075
34.29474129109373	45.993448660898075
34.29474129109373	45.993448660898075
16.779705199619226	92.94699866109305
16.779705199619226	92.94699866109305
20.947924407307166	25.04624047018005
20.947924407307166	25.04624047018005
13.97724231489351	50.97389226851399
13.97724231489351	50.97389226851399
15.564713524063027	16.47764655353549
15.564713524063027	16.47764655353549
10.93533030349381	66.19295590470811
10.93533030349381	66.19295590470811
10.93533030349381	66.19295590470811
3.397059577604412	77.35390257352694
3.397059577604412	77.35390257352694
5.5787237313796005	7.269676429310984
5.5787237313796005	7.269676429310984
36.63639304415829	32.56657633080324
36.63639304415829	32.56657633080324
38.534263618803074	4.59899614661477
38.534263618803074	4.59899614661477
38.534263618803074	4.59899614661477
31.56358152638942	30.526649420163672
31.56358152638942	30.526649420163672
26.375478267792765	48.69035845557031
26.375478267792765	48.69035845557031
28.486193657981605	13.88529380136123
28.486193657981605	13.88529380136123
23.289221803936645	48.83389949823368
23.289221803936645	48.83389949823368
25.399937194125485	14.0288348440246
25.399937194125485	14.0288348440246
25.399937194125485	14.0288348440246
54.25820663744738	43.97975126223452
54.25820663744738	43.97975126223452
49.55787317807687	29.97422357862897
49.55787317807687	29.97422357862897
51.45574375272165	2.0066448696554593
51.45574375272165	2.0066448696554593
43.96181600407372	28.243115607219984
43.96181600407372	28.243115607219984
43.96181600407372	28.243115607219984
48.34288150252067	52.504869995856446
48.34288150252067	52.504869995856446
40.87556101543257	28.3866551746684
40.87556101543257	28.3866551746684
42.9862764056214	92.58159052045932
42.9862764056214	92.58159052045932
74.11489448198644	82.59932745672975
74.11489448198644	82.59932745672975
74.11489448198644	82.59932745672975
67.14421238957279	9.526980730278652
67.14421238957279	9.526980730278652
69.04208148900261	80.55940054609019
69.04208148900261	80.55940054609019
63.78303094203457	35.002272546718636
63.78303094203457	35.002272546718636
65.96469509580974	63.91804492728774
65.96469509580974	63.91804492728774
60.69677447817845	35.145813589382016
60.69677447817845	35.145813589382016
60.69677447817845	35.145813589382016
43.820274308551085	61.586907229085256
43.820274308551085	61.586907229085256
45.36340254047914	12.015137445361056
45.36340254047914	12.015137445361056
40.73401784469497	61.730448271748635
40.73401784469497	61.730448271748635
42.27714607662303	12.158678488024423
42.27714607662303	12.158678488024423
35.06701190710549	95.27850031513155
35.06701190710549	95.27850031513155
35.06701190710549	95.27850031513155
30.43762868653627	45.99381114151914
30.43762868653627	45.99381114151914
31.980756918464326	95.42204135779492
31.980756918464326	95.42204135779492
61.40661204483204	41.139664380734935
61.40661204483204	41.139664380734935
65.22009038501821	50.63471363985627
65.22009038501821	50.63471363985627
65.22009038501821	50.63471363985627
58.320357056190886	41.283203948183356
58.320357056190886	41.283203948183356
53.05243643855959	12.510971135062677
53.05243643855959	12.510971135062677
54.959175608652664	66.75849576462335
54.959175608652664	66.75849576462335
47.98849204102405	92.68614903817225
47.98849204102405	92.68614903817225
51.872919144796555	66.90203828250168
51.872919144796555	66.90203828250168
51.872919144796555	66.90203828250168
81.22782698279289	47.898821320233594
81.22782698279289	47.898821320233594
82.84190397830729	62.047888571287565
82.84190397830729	62.047888571287565
78.14157051893679	48.042360887682015
78.14157051893679	48.042360887682015
70.67425003184869	23.924147541708916
70.67425003184869	23.924147541708916
70.67425003184869	23.924147541708916
72.54551334493362	46.31125291627303
72.54551334493362	46.31125291627303
67.84518136077807	32.30572523266748
67.84518136077807	32.30572523266748
69.45925835629248	46.45479395893639
69.45925835629248	46.45479395893639
98.81416471907386	27.451576996668315
98.81416471907386	27.451576996668315
98.81416471907386	27.451576996668315
93.61719434024386	62.40018269354076
93.61719434024386	62.40018269354076
95.7279097304327	27.595118039331684
95.7279097304327	27.595118039331684
90.53093787638774	62.54372373620414
90.53093787638774	62.54372373620414
92.65052038680992	10.9537638957442
92.65052038680992	10.9537638957442
85.4669934788522	43.718900164098756
85.4669934788522	43.718900164098756
85.4669934788522	43.718900164098756
70.22230749563582	50.73927215756921
70.22230749563582	50.73927215756921
72.40397017419605	79.6550445381383
72.40397017419605	79.6550445381383
64.8657009235216	90.81599268217207
64.8657009235216	90.81599268217207
69.31771371033992	79.79858705601663
69.31771371033992	79.79858705601663
69.31771371033992	79.79858705601663
61.779444459665484	90.95953372483545
61.779444459665484	90.95953372483545
63.93450282709579	71.22999018894215
63.93450282709579	71.22999018894215
59.021326027396185	64.06194992578713
59.021326027396185	64.06194992578713
87.80864523191677	30.29202783400392
87.80864523191677	30.29202783400392
89.990307910477	59.20780168978797
89.990307910477	59.20780168978797
89.990307910477	59.20780168978797
84.72238876806067	30.435568876667297
84.72238876806067	30.435568876667297
86.90405292183584	59.351341257236385
86.90405292183584	59.351341257236385
81.63613377941951	30.579108444115707
81.63613377941951	30.579108444115707
74.73640045059219	21.227598752442795
74.73640045059219	21.227598752442795
74.73640045059219	21.227598752442795
76.28839727796853	53.870933782467716
76.28839727796853	53.870933782467716
8.700807458249006	1.7720247587106748
8.700807458249006	1.7720247587106748
10.811522848437846	65.96695862928664
10.811522848437846	65.96695862928664
3.344202361349745	41.84874380809858
3.344202361349745	41.84874380809858
97.64386890197923	27.84321612449303
97.64386890197923	27.84321612449303
97.64386890197923	27.84321612449303
0.2579458974936356	41.99228485076195
0.2579458974936356	41.99228485076195
92.33160678232144	82.99546071784161
92.33160678232144	82.99546071784161
96.14508364729264	92.4905114521779
96.14508364729264	92.4905114521779
26.287146669744917	80.32477895993043
26.287146669744917	80.32477895993043
26.287146669744917	80.32477895993043
28.397862059933768	45.5197157809363
28.397862059933768	45.5197157809363
23.200890205888808	80.46832147780877
23.200890205888808	80.46832147780877
16.230208113475154	7.39597327614271
16.230208113475154	7.39597327614271
20.114633742032687	80.61186104525717
20.114633742032687	80.61186104525717
20.114633742032687	80.61186104525717
13.152821720282285	89.75461765734026
13.152821720282285	89.75461765734026
14.766897240581729	4.903686383609187
14.766897240581729	4.903686383609187
0.08979694041115849	26.690762031379798
0.08979694041115849	26.690762031379798
91.90626855723849	59.455899774949316
91.90626855723849	59.455899774949316
93.44939678916656	9.884129991225114
93.44939678916656	9.884129991225114
88.82001356859735	59.599440817612695
88.82001356859735	59.599440817612695
90.36314032531044	10.027671033888481
90.36314032531044	10.027671033888481
90.36314032531044	10.027671033888481
83.43680121013824	51.03084542575318
83.43680121013824	51.03084542575318
15.56542076171824	41.04858383723856
15.56542076171824	41.04858383723856
17.67613615190708	6.243519183029479
17.67613615190708	6.243519183029479
10.49260924394937	39.008656926598995
10.49260924394937	39.008656926598995
10.49260924394937	39.008656926598995
14.30608463370561	48.50370766093529
14.30608463370561	48.50370766093529
7.406351304878292	39.1521964940474
7.406351304878292	39.1521964940474
2.1384321624619638	10.379963680926735
2.1384321624619638	10.379963680926735
4.328964911685434	22.51084235045992
4.328964911685434	22.51084235045992
4.328964911685434	22.51084235045992
33.116284116206025	87.74092173389167
33.116284116206025	87.74092173389167
37.568296903024354	76.72351463252126
37.568296903024354	76.72351463252126
30.030027652349915	87.8844613013401
30.030027652349915	87.8844613013401
31.9278982269947	59.91688111715161
31.9278982269947	59.91688111715161
27.227564767624187	45.91135490876102
27.227564767624187	45.91135490876102
27.227564767624187	45.91135490876102
19.760245755751043	21.793138612358018
19.760245755751043	21.793138612358018
21.9153026479664	2.063598026894643
21.9153026479664	2.063598026894643
52.972971960745085	27.36049645317194
52.972971960745085	27.36049645317194
55.15463758973522	56.276270308955986
55.15463758973522	56.276270308955986
55.15463758973522	56.276270308955986
49.88671697210393	27.504038971050267
49.88671697210393	27.504038971050267
42.70319006414623	60.26917671461978
42.70319006414623	60.26917671461978
44.81390545433507	25.46411058519574
44.81390545433507	25.46411058519574
39.61693360029011	60.4127162820682
39.61693360029011	60.4127162820682
41.73651611071228	8.8227549663933
41.73651611071228	8.8227549663933
41.73651611071228	8.8227549663933
24.292428782824132	20.497144951796376
24.292428782824132	20.497144951796376
19.59209532345362	6.491617268190825
19.59209532345362	6.491617268190825
21.20617231896801	20.640685994459744