16.918862089803895	14.01174934715805
19.100524768364128	42.9275232029421
13.832604150732829	14.155290389821417
13.832604150732829	14.155290389821417
13.832604150732829	14.155290389821417
16.014268304508008	43.071062770390505
16.014268304508008	43.071062770390505
44.81045757969185	91.51624549235645
44.81045757969185	91.51624549235645
39.89727930477729	84.34820375398647
39.89727930477729	84.34820375398647
34.36365665534727	26.908298120673003
35.986600771095	24.272470185476102
35.986600771095	24.272470185476102
31.2862702621544	10.266943977085507
31.2862702621544	10.266943977085507
33.184139361584236	81.29936379289704
33.184139361584236	81.29936379289704
33.184139361584236	81.29936379289704
25.64586863569483	92.46031046171586
25.64586863569483	92.46031046171586
55.79894711360756	47.81652378644058
55.79894711360756	47.81652378644058
48.87260799843536	88.81969817830527
48.87260799843536	88.81969817830527
48.87260799843536	88.81969817830527
50.77047857308015	60.85211946933176
50.77047857308015	60.85211946933176
45.50255795544885	32.07988665621108
45.50255795544885	32.07988665621108
38.602823151406575	22.728376964538157
38.602823151406575	22.728376964538157
42.41630149159274	32.22342769887446
42.41630149159274	32.22342769887446
71.84215809317541	76.9410492465995
71.84215809317541	76.9410492465995
71.84215809317541	76.9410492465995
73.39415492055176	10.584384276624439
73.39415492055176	10.584384276624439
68.76476874955264	60.29969510301201
68.76476874955264	60.29969510301201
58.42403808936743	29.487533904036813
58.42403808936743	29.487533904036813
60.038115084881824	43.636602630305745
60.038115084881824	43.636602630305745
43.09066467645316	6.356857760015849
43.09066467645316	6.356857760015849
43.09066467645316	6.356857760015849
37.89369429762316	41.30546493210327
37.89369429762316	41.30546493210327
40.048751189838505	21.575924346639894
40.048751189838505	21.575924346639894
34.780830572207215	91.80369153351921
34.780830572207215	91.80369153351921
36.67870262206696	63.83611134933074
36.67870262206696	63.83611134933074
36.67870262206696	63.83611134933074
29.708019054438346	89.76376314766469
29.708019054438346	89.76376314766469
60.83663860601833	79.78150008393511
60.83663860601833	79.78150008393511
62.947353996207184	44.97643542972603
62.947353996207184	44.97643542972603
55.48890210456737	4.073325422287128
55.48890210456737	4.073325422287128
59.8699646525844	28.33508128613855
59.8699646525844	28.33508128613855
59.8699646525844	28.33508128613855
52.4026441654963	4.216866464950495
52.4026441654963	4.216866464950495
54.513359555685135	68.41180033552645
54.513359555685135	68.41180033552645
49.600182755985536	61.24375859715647
49.600182755985536	61.24375859715647
78.38750196050613	27.473837980588225
78.38750196050613	27.473837980588225
78.38750196050613	27.473837980588225
80.5691661142813	56.38961036115732
80.5691661142813	56.38961036115732
75.34558847389147	42.69290161678234
75.34558847389147	42.69290161678234
65.28865139283667	68.76409445777966
65.28865139283667	68.76409445777966
67.1865204922665	40.7965142735912
67.1865204922665	40.7965142735912
67.1865204922665	40.7965142735912
98.24419128026015	66.09341417508345
98.24419128026015	66.09341417508345
1.425853958820369	95.00918655565255
1.425853958820369	95.00918655565255
92.89645330359423	89.3852380382205
92.89645330359423	89.3852380382205
88.267070083025	40.100548864608086
88.267070083025	40.100548864608086
89.81019831495306	89.52878055609884
89.81019831495306	89.52878055609884
89.81019831495306	89.52878055609884
82.9104635109108	80.17726938921095
82.9104635109108	80.17726938921095
86.72394185109695	89.67232012354724
86.72394185109695	89.67232012354724
69.56364515190927	59.23006119849293
69.56364515190927	59.23006119849293
71.67436054209811	24.42499654428385
71.67436054209811	24.42499654428385
71.67436054209811	24.42499654428385
66.45078437692324	10.728287799908877
66.45078437692324	10.728287799908877
59.55105104809592	1.3767781082359514
59.55105104809592	1.3767781082359514
63.36452791306713	10.871828842572246
63.36452791306713	10.871828842572246
56.46479458423981	1.5203191508993301
56.46479458423981	1.5203191508993301
56.46479458423981	1.5203191508993301
58.00792281616787	50.94854789196016
58.00792281616787	50.94854789196016
89.42033447166328	97.8496388682031
89.42033447166328	97.8496388682031
82.44965237924963	24.777290666537052
82.44965237924963	24.777290666537052
84.07259649499736	22.141464206555117
84.07259649499736	22.141464206555117
79.37226451084182	8.135935047734607
79.37226451084182	8.135935047734607
79.37226451084182	8.135935047734607
80.98634150635621	22.28500377400354
80.98634150635621	22.28500377400354
74.01565941394256	48.21265557233748
74.01565941394256	48.21265557233748
6.144277490307593	38.23039250860791
6.144277490307593	38.23039250860791
8.254992880496435	3.4253278543988284
8.254992880496435	3.4253278543988284
8.254992880496435	3.4253278543988284
1.0714659725387246	36.19046559796834
1.0714659725387246	36.19046559796834
4.929285814751382	60.761038925835386
4.929285814751382	60.761038925835386
96.95860372233773	86.68869219938429
96.95860372233773	86.68869219938429
91.76163186829278	22.637296421041782
91.76163186829278	22.637296421041782
93.87234725848162	86.83223324204766
93.87234725848162	86.83223324204766
93.87234725848162	86.83223324204766
23.730615226588547	17.78314966025758
23.730615226588547	17.78314966025758
28.111680725035498	42.04490404889405
28.111680725035498	42.04490404889405
20.92815381707779	74.81004179246357
20.92815381707779	74.81004179246357
22.471282049005843	25.23827200873936
22.471282049005843	25.23827200873936
17.85076594866996	58.168686173661115
17.85076594866996	58.168686173661115
17.85076594866996	58.168686173661115
10.31249669799552	69.3296343176949
10.31249669799552	69.3296343176949
12.49415937655574	98.24540817347895
12.49415937655574	98.24540817347895
93.16321692948324	6.409319734397811
93.16321692948324	6.409319734397811
85.9530827599657	89.52914303671989
85.9530827599657	89.52914303671989
88.13474691374088	19.444915417288993
88.13474691374088	19.444915417288993
82.86682777132454	89.67268260416832
82.86682777132454	89.67268260416832
85.04849192509971	19.58845645995236
85.04849192509971	19.58845645995236
85.04849192509971	19.58845645995236
14.835811129620316	84.81853584338411
14.835811129620316	84.81853584338411
10.2064279090511	35.53384519455673
10.2064279090511	35.53384519455673
11.749554665764196	84.96207541083253
11.749554665764196	84.96207541083253
4.566029233021445	18.727213154402037
4.566029233021445	18.727213154402037
4.566029233021445	18.727213154402037
8.95596185170173	26.204072356787652
8.95596185170173	26.204072356787652
1.48863988939867	2.0858590108145543
1.48863988939867	2.0858590108145543
3.59935527958751	66.28079435660547
3.59935527958751	66.28079435660547
34.727974831167494	56.29852981766094
34.727974831167494	56.29852981766094
27.757291263538885	82.22618309120985
27.757291263538885	82.22618309120985
27.757291263538885	82.22618309120985
31.641718367311388	56.44207233553928
31.641718367311388	56.44207233553928
24.431584197793843	40.561894162646404
24.431584197793843	40.561894162646404
26.542299587982683	5.75682950843732
26.542299587982683	5.75682950843732
21.34532920915269	40.70543668052474
21.34532920915269	40.70543668052474
21.34532920915269	40.70543668052474
50.700235571934066	21.702218243041692
50.700235571934066	21.702218243041692
52.31431256744846	35.85128696931062
52.31431256744846	35.85128696931062
47.61397910807795	21.84575928570507
47.61397910807795	21.84575928570507
49.22805610359234	35.99482801197399
49.22805610359234	35.99482801197399
42.25737401117868	61.922478335092975
42.25737401117868	61.922478335092975
42.25737401117868	61.922478335092975
37.353064331712424	37.96954141047215
37.353064331712424	37.96954141047215
38.896192563640476	87.3977731019629
38.896192563640476	87.3977731019629
95.43854803890842	62.05108853062563
95.43854803890842	62.05108853062563
0.2520263790945849	71.54613778974696
0.2520263790945849	71.54613778974696
0.2520263790945849	71.54613778974696
92.35229305026726	62.194628098074034
92.35229305026726	62.194628098074034
87.08437243263597	33.42239528495336
87.08437243263597	33.42239528495336
89.23943080006627	13.692854699489983
89.23943080006627	13.692854699489983
82.05590389210856	46.457992443059496
82.05590389210856	46.457992443059496
85.86938075707977	55.95304170218083
85.86938075707977	55.95304170218083
85.86938075707977	55.95304170218083
16.29523735866244	1.670663249905885
16.29523735866244	1.670663249905885
17.838365590590495	51.09889494139663
17.838365590590495	51.09889494139663
13.20898089480632	1.8142057677842218
13.20898089480632	1.8142057677842218
5.670711644131881	12.975152436603038
5.670711644131881	12.975152436603038
5.670711644131881	12.975152436603038
7.8523757979070705	41.89092481717213
7.8523757979070705	41.89092481717213
2.5933237757240644	95.33379681780059
2.5933237757240644	95.33379681780059
4.49119435036885	67.36621810882708
4.49119435036885	67.36621810882708
33.84610071315022	48.36300114655899
33.84610071315022	48.36300114655899
33.84610071315022	48.36300114655899
28.649128859105275	83.31160684343146
28.649128859105275	83.31160684343146
30.759845724509074	48.50654218922237
30.759845724509074	48.50654218922237
25.562873870464113	83.45514788609482
25.562873870464113	83.45514788609482
27.717932237894416	63.725605825416494
27.717932237894416	63.725605825416494
20.179662987219974	74.8865524942353
20.179662987219974	74.8865524942353
20.179662987219974	74.8865524942353
51.59207316750045	22.78764347047826
51.59207316750045	22.78764347047826
53.70279003290425	86.98257881626918
53.70279003290425	86.98257881626918
46.235468070601186	62.86436251986617
46.235468070601186	62.86436251986617
50.61653356904814	87.12611985893255
50.61653356904814	87.12611985893255
50.61653356904814	87.12611985893255
43.14921160674508	63.00790356252955
43.14921160674508	63.00790356252955
45.25992699693392	28.202838908320466
45.25992699693392	28.202838908320466
40.07182521355221	46.366549418942064
40.07182521355221	46.366549418942064
23.124376280338506	9.086806023867128
23.124376280338506	9.086806023867128
25.022245379768332	80.11922583967866
25.022245379768332	80.11922583967866
25.022245379768332	80.11922583967866
19.754324762137035	51.34699302655798
19.754324762137035	51.34699302655798
21.93599039112717	80.26276540712706
21.93599039112717	80.26276540712706
16.668069773495883	51.490534069221354
16.668069773495883	51.490534069221354
9.768336444668567	42.13902290233347
9.768336444668567	42.13902290233347
9.768336444668567	42.13902290233347
11.355807653838083	7.64277718735497
11.355807653838083	7.64277718735497
42.9810626496626	47.7063807431474
42.9810626496626	47.7063807431474
44.878934699522354	19.738803509388834
44.878934699522354	19.738803509388834
37.34066397363296	30.899748702992703
37.34066397363296	30.899748702992703
32.71128075306374	80.61506100459523
32.71128075306374	80.61506100459523
32.71128075306374	80.61506100459523
34.25440750977684	31.043289745656068
34.25440750977684	31.043289745656068
27.35467418094952	21.691780053983155
27.35467418094952	21.691780053983155
31.177021116583976	14.401935602068585
31.177021116583976	14.401935602068585
60.602876242951695	59.119557149793636
60.602876242951695	59.119557149793636
60.602876242951695	59.119557149793636
55.33495710053535	30.34732433667296
55.33495710053535	30.34732433667296
57.23282619996518	2.379745627699446
57.23282619996518	2.379745627699446
50.262144107551535	28.30739742603339
50.262144107551535	28.30739742603339
54.14657121132403	2.5232851951478557
54.14657121132403	2.5232851951478557
47.17588764369542	28.45093699348181
47.17588764369542	28.45093699348181
47.17588764369542	28.45093699348181
74.8191654114611	80.93250130413416
74.8191654114611	80.93250130413416
70.11883195209059	66.92697362052861
70.11883195209059	66.92697362052861
71.732908947605	81.07604234679754
71.732908947605	81.07604234679754
64.77109545063963	90.21879895888063
64.77109545063963	90.21879895888063
64.77109545063963	90.21879895888063
49.59735675579461	61.96000798712924
49.59735675579461	61.96000798712924
51.70807214598346	27.15494333292017
51.70807214598346	27.15494333292017
46.511100291938504	62.10354902979262
46.511100291938504	62.10354902979262
48.62181568212734	27.29848290036858
48.62181568212734	27.29848290036858
48.62181568212734	27.29848290036858
41.438288774169635	60.063620643938094
41.438288774169635	60.063620643938094
36.17036815653833	31.291389306032375
36.17036815653833	31.291389306032375
38.352032310313525	60.20716168660147
38.352032310313525	60.20716168660147
67.18369449207557	41.512763663563966
67.18369449207557	41.512763663563966
71.56475999052252	65.77452100263035
71.56475999052252	65.77452100263035
71.56475999052252	65.77452100263035
64.09743802821946	41.656304706227345
64.09743802821946	41.656304706227345
66.2081534184083	6.8512400520182615
66.2081534184083	6.8512400520182615
61.294976618708695	98.68319831364828
61.294976618708695	98.68319831364828
53.756707368034256	10.844144982467096
53.756707368034256	10.844144982467096
53.756707368034256	10.844144982467096
55.94724011725773	22.975022176785323
55.94724011725773	22.975022176785323
87.00490795482146	48.27192060306262
87.00490795482146	48.27192060306262
89.18657210859665	77.18769445884666
89.18657210859665	77.18769445884666
83.9186529661803	48.415463120940956
83.9186529661803	48.415463120940956
83.9186529661803	48.415463120940956
77.01891816213804	39.063951954053074
77.01891816213804	39.063951954053074
78.56204786928105	88.49218217032886
78.56204786928105	88.49218217032886
73.64886959436649	81.32414043195888
73.64886959436649	81.32414043195888
75.75958498455533	46.5190757777498
75.75958498455533	46.5190757777498
5.591248641532338	27.8246777547123
5.591248641532338	27.8246777547123
5.591248641532338	27.8246777547123
0.9618624705332044	77.53998858109988
0.9618624705332044	77.53998858109988
2.504992177676228	27.96821879737567
2.504992177676228	27.96821879737567
94.6052588488489	18.616709105702753
94.6052588488489	18.616709105702753
98.41873571382011	28.11175836482409
98.41873571382011	28.11175836482409
98.41873571382011	28.11175836482409
91.2352088058624	60.87689758360857
91.2352088058624	60.87689758360857
93.35479279149953	9.286936267933662
93.35479279149953	9.286936267933662
78.18105262143956	80.02814677139725
78.18105262143956	80.02814677139725
71.21037052902591	6.955798569731187
71.21037052902591	6.955798569731187
75.09479763279842	80.17168633884565
75.09479763279842	80.17168633884565
75.09479763279842	80.17168633884565
68.1241140651698	7.099338137179597
68.1241140651698	7.099338137179597
69.73819106068419	21.248406863448526
69.73819106068419	21.248406863448526
65.03785907652863	7.242877704628017
65.03785907652863	7.242877704628017
94.17992062376597	94.07714816281046
94.17992062376597	94.07714816281046
94.17992062376597	94.07714816281046
95.76739183293549	59.580900972616995
95.76739183293549	59.580900972616995
91.06705837356498	45.57537476422641
91.06705837356498	45.57537476422641
92.68113536907937	59.724442015280374
92.68113536907937	59.724442015280374
85.71045327666572	85.65209528882927
85.71045327666572	85.65209528882927
80.51348142262076	21.60069951048678
80.51348142262076	21.60069951048678
80.51348142262076	21.60069951048678
82.6241968128096	85.7956348562777
82.6241968128096	85.7956348562777
12.766259835261883	73.62990383924517
12.766259835261883	73.62990383924517
16.588605295681372	66.34006086254558
16.588605295681372	66.34006086254558
9.688871966854066	56.988549695657696
9.688871966854066	56.988549695657696
9.688871966854066	56.988549695657696
4.420951349222767	28.216318357751973
4.420951349222767	28.216318357751973
6.602615502997945	57.13209073832106
6.602615502997945	57.13209073832106
98.06434772753846	68.29303740713989
98.06434772753846	68.29303740713989
3.516360514356794	57.27563178098444
3.516360514356794	57.27563178098444
32.30367971887738	23.505709689201236
32.30367971887738	23.505709689201236
32.30367971887738	23.505709689201236
34.174944507177294	45.89281506376533
34.174944507177294	45.89281506376533
29.54555981139312	95.6081258901529
29.54555981139312	95.6081258901529
22.007292035933638	7.769072558971739
22.007292035933638	7.769072558971739
24.188954714493867	36.68484641475579
24.188954714493867	36.68484641475579
24.188954714493867	36.68484641475579
18.92103557207753	7.9126136016351065
18.92103557207753	7.9126136016351065
21.102698250637747	36.828385982204196
21.102698250637747	36.828385982204196
5.858010792206401	43.8487594508896
5.858010792206401	43.8487594508896
97.68335247969698	59.829002008208256
97.68335247969698	59.829002008208256
0.7940678698858242	25.02393587878422
0.7940678698858242	25.02393587878422
0.7940678698858242	25.02393587878422
94.59709601584086	59.97254157565668
94.59709601584086	59.97254157565668
96.70781140602972	25.167476921447598
96.70781140602972	25.167476921447598
89.24049091894162	1.0492606250445844
89.24049091894162	1.0492606250445844
21.865747389981088	41.112865656051966
21.865747389981088	41.112865656051966
21.865747389981088	41.112865656051966
23.47982438549548	55.26193438232089
23.47982438549548	55.26193438232089
16.26969021597794	39.381756209428026
16.26969021597794	39.381756209428026
20.65075571442489	63.643512073279446
20.65075571442489	63.643512073279446
13.183435227336785	39.52529725209139
13.183435227336785	39.52529725209139
13.183435227336785	39.52529725209139
15.294150617525625	4.720232597882309
15.294150617525625	4.720232597882309
10.097178763480665	39.66883829475477
10.097178763480665	39.66883829475477
39.45208660147701	20.66562133248669
39.45208660147701	20.66562133248669
43.336510754819585	93.88151057681611
43.336510754819585	93.88151057681611
36.37469873306918	4.024267188899197
36.37469873306918	4.024267188899197
36.37469873306918	4.024267188899197
38.272569307713965	75.05668847992568
38.272569307713965	75.05668847992568
33.00464869008268	46.28445566680501
33.00464869008268	46.28445566680501
26.104915361255365	36.93294597513209
26.104915361255365	36.93294597513209
27.648042117968462	86.36117471619292
27.648042117968462	86.36117471619292
27.648042117968462	86.36117471619292
59.34424882780923	91.14561678197848
59.34424882780923	91.14561678197848
60.8873770597373	41.573848473469226
60.8873770597373	41.573848473469226
53.961037944565106	82.57702286533392
53.961037944565106	82.57702286533392
49.047859669650535	75.40898112696394
49.047859669650535	75.40898112696394
50.590986426363635	25.83720986802477
50.590986426363635	25.83720986802477
50.590986426363635	25.83720986802477
43.69125309753632	16.485700176351845
43.69125309753632	16.485700176351845
47.504731437722484	25.980752385903106
47.504731437722484	25.980752385903106
30.62822979288015	52.42184602560634
30.62822979288015	52.42184602560634
25.36031065046381	23.649613212485676
25.36031065046381	23.649613212485676
25.36031065046381	23.649613212485676
27.550841924472333	35.78049188201886
27.550841924472333	35.78049188201886
20.01257414901285	46.941438550837674
20.01257414901285	46.941438550837674
24.18079188148582	78.0406788847097
24.18079188148582	78.0406788847097
17.21011126428712	4.9683321582586135
17.21011126428712	4.9683321582586135
18.824188259801517	19.117397934097628
18.824188259801517	19.117397934097628
18.824188259801517	19.117397934097628
50.44944325562604	59.181002965105
50.44944325562604	59.181002965105
42.98212276853794	35.06278961913191
42.98212276853794	35.06278961913191
45.13718113596824	15.333247558453582
45.13718113596824	15.333247558453582
39.8692619935519	85.5610147453329
39.8692619935519	85.5610147453329
39.8692619935519	85.5610147453329
41.7671325681967	57.59343603635939
41.7671325681967	57.59343603635939
34.79644900056809	83.52108635947837
34.79644900056809	83.52108635947837
65.92506707693312	73.53882477096376
65.92506707693312	73.53882477096376
68.03578246712195	38.73376011675468
68.03578246712195	38.73376011675468
62.83881208829197	73.68236433841217
62.83881208829197	73.68236433841217
62.83881208829197	73.68236433841217
64.95839459871414	22.092405973167196
64.95839459871414	22.092405973167196
57.49107558684099	96.97418967676418
57.49107558684099	96.97418967676418
52.79074212747048	82.96866346837359
52.79074212747048	82.96866346837359
54.68861270211528	55.00108328418512
54.68861270211528	55.00108328418512
54.68861270211528	55.00108328418512
83.47593190663586	21.231161192401917
83.47593190663586	21.231161192401917
87.9279446934542	10.21375409103151
87.9279446934542	10.21375409103151
80.4340184200212	36.45022630381099
80.4340184200212	36.45022630381099
82.54473381021006	1.6451601743869513
82.54473381021006	1.6451601743869513
82.54473381021006	1.6451601743869513
77.3477619561651	36.59376734647437
77.3477619561651	36.59376734647437
70.37707986375145	62.52141914480831
70.37707986375145	62.52141914480831
72.27495043839623	34.5538404358348
72.27495043839623	34.5538404358348
57.03026150474992	41.57421095409028
57.03026150474992	41.57421095409028
59.21192713374006	70.48998333465939
59.21192713374006	70.48998333465939
59.21192713374006	70.48998333465939
53.944006516108765	41.717750521538704
53.944006516108765	41.717750521538704
47.05314178272974	15.581347118829887
47.05314178272974	15.581347118829887
48.596270014657804	65.00957585989072
48.596270014657804	65.00957585989072
43.96688531887363	15.724886686278296
43.96688531887363	15.724886686278296
43.96688531887363	15.724886686278296
45.51001355080169	65.15311542733913
45.51001355080169	65.15311542733913
74.652075098039	52.987385885521576
74.652075098039	52.987385885521576
69.95174311388347	38.981858201916026
69.95174311388347	38.981858201916026
71.5658186341829	53.13092692818495
71.5658186341829	53.13092692818495
71.5658186341829	53.13092692818495
64.6394795190107	94.13410132004964
64.6394795190107	94.13410132004964
68.45295785919686	4.6291535296008925
68.45295785919686	4.6291535296008925
61.55322453036954	94.27764236271302
61.55322453036954	94.27764236271302
92.61089384314825	20.574542264205274
92.61089384314825	20.574542264205274
94.50876294257807	91.6069620800168
94.50876294257807	91.6069620800168
94.50876294257807	91.6069620800168
87.53808232537938	18.534615353565698
87.53808232537938	18.534615353565698
91.42250795393691	91.75050312268017
91.42250795393691	91.75050312268017
84.4606929817566	1.8932597347632556
84.4606929817566	1.8932597347632556
86.07476997727099	16.042326985817226
86.07476997727099	16.042326985817226
86.07476997727099	16.042326985817226
81.37443799311544	2.036800777426634
81.37443799311544	2.036800777426634
11.232705961222365	31.987717195636556
11.232705961222365	31.987717195636556
13.343421351411216	96.18265106621251
13.343421351411216	96.18265106621251
8.430243076496648	89.01460932784254
8.430243076496648	89.01460932784254
9.973372783639661	39.44284101933329
9.973372783639661	39.44284101933329
9.973372783639661	39.44284101933329
3.0470336684674675	80.44601541119798
3.0470336684674675	80.44601541119798
96.8500618144225	16.394622583285386
96.8500618144225	16.394622583285386
98.9607757293964	80.58955645386135
98.9607757293964	80.58955645386135
83.78703850976633	52.33076548210997
83.78703850976633	52.33076548210997
83.78703850976633	52.33076548210997
85.89775389995519	17.525700827900888
85.89775389995519	17.525700827900888
78.71422551678252	50.2908385714704
78.71422551678252	50.2908385714704
73.44630637436619	21.51860575834972
73.44630637436619	21.51860575834972
4.5195660180293125	28.938877234547128
98.25164687561298	0.16664442142645852
98.25164687561298	0.16664442142645852
98.25164687561298	0.16664442142645852
91.06811996765526	32.93178216499597
91.06811996765526	32.93178216499597
93.22317685987062	13.202238629102682
93.22317685987062	13.202238629102682
87.95525624223932	83.43000876641192
87.95525624223932	83.43000876641192
90.1369203960145	13.34578114698101
90.1369203960145	13.34578114698101
90.1369203960145	13.34578114698101
22.194591184008157	38.642679573258306
22.194591184008157	38.642679573258306
15.294856379965882	29.291169881585382
15.294856379965882	29.291169881585382
16.837984611893937	78.71940009786117
16.837984611893937	78.71940009786117
11.924806336979369	71.55135688427623
11.924806336979369	71.55135688427623
11.924806336979369	71.55135688427623
14.044390322616511	19.961398519031256
14.044390322616511	19.961398519031256
6.577069835528399	94.84318222262824
6.577069835528399	94.84318222262824
38.20232630656788	35.90678725363563
38.20232630656788	35.90678725363563
39.81640330208228	50.05585450468959
39.81640330208228	50.05585450468959
32.845721209668625	75.98350630302353
32.845721209668625	75.98350630302353
32.845721209668625	75.98350630302353
36.73014831344113	50.19939554735297
36.73014831344113	50.19939554735297
29.759464745812515	76.12704734568692
29.759464745812515	76.12704734568692
31.630729534112422	98.514152720251
31.630729534112422	98.514152720251
26.433757680067462	34.462759892338426
26.433757680067462	34.462759892338426
26.433757680067462	34.462759892338426
82.90516439174907	44.395236811008026
82.90516439174907	44.395236811008026
86.78959149552158	18.6111245801225
86.78959149552158	18.6111245801225
79.81890940310792	44.538777853671405
79.81890940310792	44.538777853671405
81.4329863986223	58.68784657994032
81.4329863986223	58.68784657994032
76.73265293925179	44.68231742111981
76.73265293925179	44.68231742111981
76.73265293925179	44.68231742111981
69.55799462674238	60.662559978438466
69.55799462674238	60.662559978438466
71.10112138345549	11.090788719499306
71.10112138345549	11.090788719499306
3.797328093296259	15.875232260499809
3.797328093296259	15.875232260499809
5.340456325224314	65.30346247677561
5.340456325224314	65.30346247677561
5.340456325224314	65.30346247677561
97.44072152118204	55.951952785102684
97.44072152118204	55.951952785102684
92.17280237876571	27.179719971982003
92.17280237876571	27.179719971982003
94.35446653254088	56.09549382776605
94.35446653254088	56.09549382776605
87.1443338382383	40.215317130088145
87.1443338382383	40.215317130088145
87.1443338382383	40.215317130088145
90.9578107032095	49.71036638920948
90.9578107032095	49.71036638920948
21.38366582957722	94.42798793693453
21.38366582957722	94.42798793693453
16.115746687160883	65.6557565990288
16.115746687160883	65.6557565990288
18.29741084093606	94.57152897959791
18.29741084093606	94.57152897959791
10.75914159026162	6.732475648416727
10.75914159026162	6.732475648416727
10.75914159026162	6.732475648416727
15.211154377079952	94.71506854704631
15.211154377079952	94.71506854704631
7.681753721853804	89.09112150482925
7.681753721853804	89.09112150482925
9.579622821283632	61.12354279585572
9.579622821283632	61.12354279585572
41.20488076753808	2.1871463516481473
41.20488076753808	2.1871463516481473
41.20488076753808	2.1871463516481473
33.737558805235004	77.0689315304601
33.737558805235004	77.0689315304601
35.848274195423855	42.26386687625102
35.848274195423855	42.26386687625102
30.651303816593853	77.21247109790852
30.651303816593853	77.21247109790852
32.762019206782696	42.40740644369943
32.762019206782696	42.40740644369943
32.762019206782696	42.40740644369943
27.53844156639287	28.71069769932446
27.53844156639287	28.71069769932446
10.378146342420141	97.26843877427015
10.378146342420141	97.26843877427015
12.488861732608981	62.46337412006107
12.488861732608981	62.46337412006107
7.29189135377898	97.41197981693351
7.29189135377898	97.41197981693351
9.40260674396783	62.606915162724434
9.40260674396783	62.606915162724434
9.40260674396783	62.606915162724434
1.9352847816647707	38.48870034153639
1.9352847816647707	38.48870034153639
96.23495279750922	24.48317265793084
96.23495279750922	24.48317265793084
97.8578983884719	21.847346197948895
97.8578983884719	21.847346197948895
28.212804751253277	2.8441292356808177
28.212804751253277	2.8441292356808177
28.212804751253277	2.8441292356808177
32.38102395894121	33.94337104476781
32.38102395894121	33.94337104476781
24.842754708266774	45.104317713586624
24.842754708266774	45.104317713586624
27.02441886204195	74.02009009415572
27.02441886204195	74.02009009415572
21.756498244410665	45.247857281035046
21.756498244410665	45.247857281035046
21.756498244410665	45.247857281035046
14.85676491558335	35.89634758936212
14.85676491558335	35.89634758936212
18.714584757796008	60.46692239244412
18.714584757796008	60.46692239244412
48.0694940710073	41.463706905391
48.0694940710073	41.463706905391
49.96736317043714	13.496126721202522
49.96736317043714	13.496126721202522
44.69944255280584	83.72389390808185
44.69944255280584	83.72389390808185
44.69944255280584	83.72389390808185
37.799709223978525	74.37238421640893
37.799709223978525	74.37238421640893
39.342837455906576	24.800614432684718
39.342837455906576	24.800614432684718
34.71345423533736	74.51592378385733
34.71345423533736	74.51592378385733
36.265451062713716	8.159260289097233
36.265451062713716	8.159260289097233
36.265451062713716	8.159260289097233
65.69130618908143	52.876881836822285
65.69130618908143	52.876881836822285
60.42338557145013	24.104649023701604
60.42338557145013	24.104649023701604
62.32125614609492	95.13706883951313
62.32125614609492	95.13706883951313
55.350574053681264	22.06472211306204
55.350574053681264	22.06472211306204
59.23499968223881	95.28060840696155
59.23499968223881	95.28060840696155
59.23499968223881	95.28060840696155
52.264317589825154	22.20826168051046
52.264317589825154	22.20826168051046
37.06397310863527	44.30415626751165
37.06397310863527	44.30415626751165
39.24563726241045	73.2199301232957
39.24563726241045	73.2199301232957
31.70736801173601	84.38087679211452
31.70736801173601	84.38087679211452
31.70736801173601	84.38087679211452
35.875587219423934	16.480118601201504
35.875587219423934	16.480118601201504
28.90490512701028	42.40777039953546
28.90490512701028	42.40777039953546
30.518982122524683	56.55683765058942
30.518982122524683	56.55683765058942
25.81865013836913	42.55130996698387
25.81865013836913	42.55130996698387
54.68578522670939	55.71733267415789
54.68578522670939	55.71733267415789
54.68578522670939	55.71733267415789
56.79650061689823	20.912268019948808
56.79650061689823	20.912268019948808
51.59953023806824	55.86087224160631
51.59953023806824	55.86087224160631
53.710245628257084	21.05580758739723
53.710245628257084	21.05580758739723
46.52671872029937	53.820945330966744
46.52671872029937	53.820945330966744
46.52671872029937	53.820945330966744
41.258798102668074	25.048712517846063
41.258798102668074	25.048712517846063
43.440462256443254	53.96448489841515
43.440462256443254	53.96448489841515
74.54247454646341	94.33691034386807
74.54247454646341	94.33691034386807
76.65318993665225	59.531844214444035
76.65318993665225	59.531844214444035
76.65318993665225	59.531844214444035
69.1858679743492	35.41362939325599
69.1858679743492	35.41362939325599
64.48553599019364	21.40810170965044
64.48553599019364	21.40810170965044
66.38340656483844	92.44052300067692
66.38340656483844	92.44052300067692
58.845135838949034	4.601469669495744
58.845135838949034	4.601469669495744
63.297150100982314	92.58406256812533
63.297150100982314	92.58406256812533
63.297150100982314	92.58406256812533
92.09333937616616	42.029246765306226
92.09333937616616	42.029246765306226
94.27500205472639	70.94501914587532
94.27500205472639	70.94501914587532
89.00708143709508	42.17278633275465
89.00708143709508	42.17278633275465
82.10734958348273	32.821276641081724
82.10734958348273	32.821276641081724
82.10734958348273	32.821276641081724
85.92082644845394	42.316325900203054
85.92082644845394	42.316325900203054
78.73729954049622	75.08146364377257
78.73729954049622	75.08146364377257
80.84801493068507	40.27639898956349
80.84801493068507	40.27639898956349
65.64767044949517	62.37229505177965
65.64767044949517	62.37229505177965
65.64767044949517	62.37229505177965
58.7479356454529	53.02078536010672
58.7479356454529	53.02078536010672
60.291063877380964	3.449015576382513
60.291063877380964	3.449015576382513
55.66168065681175	53.164324927555136
55.66168065681175	53.164324927555136
57.20480741352484	3.5925551438309338
57.20480741352484	3.5925551438309338
50.021280505567134	36.35769288740044
50.021280505567134	36.35769288740044
50.021280505567134	36.35769288740044
81.64653845182158	76.42129791840782
81.64653845182158	76.42129791840782
83.2694825675693	73.78546998321093
83.2694825675693	73.78546998321093
76.29880047515564	0.7131232567598343
76.29880047515564	0.7131232567598343
80.1832261037132	73.92900955065934
80.1832261037132	73.92900955065934
80.1832261037132	73.92900955065934
73.21254401129954	0.8566628242082439
73.21254401129954	0.8566628242082439
68.01557215725458	35.80526704586575
68.01557215725458	35.80526704586575
70.12628754744343	1.0002023916566645
70.12628754744343	1.0002023916566645
0.26835056989570005	87.83447137462414
0.26835056989570005	87.83447137462414
0.26835056989570005	87.83447137462414
4.126170412108369	13.405047652921105
4.126170412108369	13.405047652921105
96.15548831969471	39.3326979760401
96.15548831969471	39.3326979760401
97.7695653152091	53.481766702309024
97.7695653152091	53.481766702309024
93.0692318558386	39.476239018703474
93.0692318558386	39.476239018703474
85.60191136875049	15.358024197515416
85.60191136875049	15.358024197515416
85.60191136875049	15.358024197515416
87.71262675893934	79.55295954330633
87.71262675893934	79.55295954330633
20.125038414434762	27.454049044334333
20.125038414434762	27.454049044334333
21.67703524181111	60.097384074359255
21.67703524181111	60.097384074359255
14.777301912983795	50.745874382686345
14.777301912983795	50.745874382686345
14.777301912983795	50.745874382686345
9.509382770567465	21.973641569565665
9.509382770567465	21.973641569565665
11.691045449127685	50.88941395013475
11.691045449127685	50.88941395013475
6.423124831496387	22.117181137014082
6.423124831496387	22.117181137014082
8.604788985271565	51.03295499279813
8.604788985271565	51.03295499279813
90.08975289379708	97.98650646820806
90.08975289379708	97.98650646820806
90.08975289379708	97.98650646820806
85.17657461888251	90.81846472983808
85.17657461888251	90.81846472983808
87.33163298631281	71.08892266915976
87.33163298631281	71.08892266915976
79.79336226042341	82.24987081319354
79.79336226042341	82.24987081319354
84.2453765224567	71.23246371182313
84.2453765224567	71.23246371182313
76.70710727178226	82.39341038064195
76.70710727178226	82.39341038064195
76.70710727178226	82.39341038064195
78.88877142555744	12.309182761211039
78.88877142555744	12.309182761211039
10.946440738336142	37.606082662703294
10.946440738336142	37.606082662703294
3.771780950611766	53.58632522002195
3.771780950611766	53.58632522002195
5.882497816015564	18.781260565812865
5.882497816015564	18.781260565812865
0.6855259619706038	53.72986478747037
0.6855259619706038	53.72986478747037
0.6855259619706038	53.72986478747037
2.796241352159444	18.924800133261286
2.796241352159444	18.924800133261286
96.5992694981145	53.873405830133734
96.5992694981145	53.873405830133734
26.954177336110828	34.87018886786566
26.954177336110828	34.87018886786566
28.56825433162522	49.01925759413458
28.56825433162522	49.01925759413458
28.56825433162522	49.01925759413458
23.628470270365778	92.20590141451717
23.628470270365778	92.20590141451717
25.73918566055463	57.400836760308096
25.73918566055463	57.400836760308096
18.27186369825157	33.28262193912004
18.27186369825157	33.28262193912004
13.571531714096013	19.277094255514488
13.571531714096013	19.277094255514488
15.185608709610406	33.42616150656846
15.185608709610406	33.42616150656846
15.185608709610406	33.42616150656846
44.540515072391784	14.422946019515328
44.540515072391784	14.422946019515328
48.42494070094933	87.63883526384477
48.42494070094933	87.63883526384477
41.463128679198924	96.78159187592784
41.463128679198924	96.78159187592784
43.36099777862875	68.81401169173938
43.36099777862875	68.81401169173938
38.09307863621241	40.04177887861869
38.09307863621241	40.04177887861869
38.09307863621241	40.04177887861869
31.193343832170147	30.69026918694578
31.193343832170147	30.69026918694578
35.0068221723563	40.18531992128207
35.0068221723563	40.18531992128207
18.130320527513966	66.62641503620027
18.130320527513966	66.62641503620027
19.67344875944203	17.05464377726111
19.67344875944203	17.05464377726111
15.017458277312981	18.124640162401267
15.017458277312981	18.124640162401267
7.8339313693552715	50.88977643075582
7.8339313693552715	50.88977643075582
7.8339313693552715	50.88977643075582
9.377059601283326	1.3180081222465718
9.377059601283326	1.3180081222465718
4.747676380714121	51.03331894863415
4.747676380714121	51.03331894863415
6.290804612642176	1.4615476896949813
6.290804612642176	1.4615476896949813
35.71665973900989	46.179169237420034
35.71665973900989	46.179169237420034
35.71665973900989	46.179169237420034
30.44874059659355	17.406936424299353
30.44874059659355	17.406936424299353
32.63927187060207	29.53781509383255
32.63927187060207	29.53781509383255
27.371351252970776	0.7655822807118688
27.371351252970776	0.7655822807118688
29.269223302830518	71.79800357173836
29.269223302830518	71.79800357173836
22.298539735201906	97.7256553700723
22.298539735201906	97.7256553700723
22.298539735201906	97.7256553700723
53.4271592867819	87.74339230634273
53.4271592867819	87.74339230634273
55.537874676970745	52.93832765213365
55.537874676970745	52.93832765213365
48.070552714667684	28.820112830945604
48.070552714667684	28.820112830945604
52.495959715141126	68.15739276354273
52.495959715141126	68.15739276354273
52.495959715141126	68.15739276354273
44.957691939681645	79.31833943236155
44.957691939681645	79.31833943236155
46.85556103911148	51.350759248173084
46.85556103911148	51.350759248173084
42.155229054955925	37.345233039782485
42.155229054955925	37.345233039782485
71.01349702306285	67.29614798277746
71.01349702306285	67.29614798277746
73.1242124132517	32.49108332856837
73.1242124132517	32.49108332856837
73.1242124132517	32.49108332856837
67.92724055920675	67.43969050065577
67.92724055920675	67.43969050065577
70.04682454484387	15.849729184980887
70.04682454484387	15.849729184980887
64.84985269079891	50.798334881853336
64.84985269079891	50.798334881853336
57.87917207360022	76.72598668018728
57.87917207360022	76.72598668018728
57.87917207360022	76.72598668018728
59.77704117303005	48.75840649599881
59.77704117303005	48.75840649599881
44.5323537145987	55.77877848946926
44.5323537145987	55.77877848946926
46.71401786837388	84.69455234525331
46.71401786837388	84.69455234525331
39.17574861769944	95.85549901407212
39.17574861769944	95.85549901407212
39.17574861769944	95.85549901407212
34.5197581355704	96.92549392399732
34.5197581355704	96.92549392399732
36.133835131084794	12.074562650266255
36.133835131084794	12.074562650266255
29.163153038671137	38.0022144486002
29.163153038671137	38.0022144486002
33.33137224635907	69.10145625768718
33.33137224635907	69.10145625768718
62.118692926094624	35.331534165903975
62.118692926094624	35.331534165903975
62.118692926094624	35.331534165903975
64.30035560465484	64.24730654647307
64.30035560465484	64.24730654647307
59.03243498702355	35.47507668378231
59.03243498702355	35.47507668378231
52.13270313341119	26.123565516894427
52.13270313341119	26.123565516894427
55.95504859383069	18.83372106497987
55.95504859383069	18.83372106497987
55.95504859383069	18.83372106497987
49.05531526500337	9.482209898091986
49.05531526500337	9.482209898091986
50.598443496931424	58.91044158958273
50.598443496931424	58.91044158958273
82.01085367721188	6.811529615395772
82.01085367721188	6.811529615395772
75.04017306001319	32.739182888944676
75.04017306001319	32.739182888944676
75.04017306001319	32.739182888944676
76.65424858031264	46.88825013999863
76.65424858031264	46.88825013999863
71.99825957339854	47.95824800035375
71.99825957339854	47.95824800035375
73.5413878053266	97.38647674141458
73.5413878053266	97.38647674141458
66.64165300128433	88.03496704974167
66.64165300128433	88.03496704974167
97.69932231406302	14.331865476018953
97.69932231406302	14.331865476018953
97.69932231406302	14.331865476018953
0.5971928887078094	85.36428676704544
0.5971928887078094	85.36428676704544
92.62651227150911	12.291938565379388
92.62651227150911	12.291938565379388
96.51093642485169	85.50782780970881
96.51093642485169	85.50782780970881
89.54025580765301	12.435478132827807
89.54025580765301	12.435478132827807
89.54025580765301	12.435478132827807
84.35215107384138	30.599190118664364
84.35215107384138	30.599190118664364
86.46286793924517	94.79412398924032
86.46286793924517	94.79412398924032
69.01877913614206	7.46851397464339
69.01877913614206	7.46851397464339
73.39984315937404	31.730269838494813
73.39984315937404	31.730269838494813
73.39984315937404	31.730269838494813
66.21631625141634	64.49540758206433
66.21631625141634	64.49540758206433
67.7594444833444	14.92363632312517
67.7594444833444	14.92363632312517
63.10345547643031	15.993634183480284
63.10345547643031	15.993634183480284
55.636133514127245	90.87541788707728
55.636133514127245	90.87541788707728
57.746848904316096	56.070353232868186
57.746848904316096	56.070353232868186
57.746848904316096	56.070353232868186
88.87546698068113	46.08809016913862
88.87546698068113	46.08809016913862
90.98618384608493	11.283025514929534
90.98618384608493	11.283025514929534
83.80265546291226	44.048161783284094
83.80265546291226	44.048161783284094
78.53473632049592	15.27593044537837
78.53473632049592	15.27593044537837
78.53473632049592	15.27593044537837
80.71639899905614	44.19170430116242
80.71639899905614	44.19170430116242
75.45734697687314	97.63457630179089
75.45734697687314	97.63457630179089
77.63901260586329	27.550348682359974
77.63901260586329	27.550348682359974
7.426331810383874	92.78042659057677
7.426331810383874	92.78042659057677
2.7969471145996994	43.495738892179304
2.7969471145996994	43.495738892179304
2.7969471145996994	43.495738892179304
4.340075346527754	92.92396763324015
4.340075346527754	92.92396763324015
96.15654843857004	26.689105376809664
96.15654843857004	26.689105376809664
1.5819569142584569	66.02638530940678
1.5819569142584569	66.02638530940678
93.04368618836907	77.18733197822561
93.04368618836907	77.18733197822561
93.04368618836907	77.18733197822561
95.22535034214424	7.103104358794698
95.22535034214424	7.103104358794698
27.28301965492294	32.400004260286956
27.28301965492294	32.400004260286956
20.38328632609562	23.04849309339907
20.38328632609562	23.04849309339907
24.196764666281776	32.54354530295032
24.196764666281776	32.54354530295032
24.196764666281776	32.54354530295032
17.01323628310911	65.30868157130487
17.01323628310911	65.30868157130487
19.12395167329795	30.503616917095798
19.12395167329795	30.503616917095798
13.935848414701292	48.667327427717396
13.935848414701292	48.667327427717396
73.7318266459418	67.75091866576399
73.7318266459418	67.75091866576399
75.3459036414562	81.89998739203293
75.3459036414562	81.89998739203293
75.3459036414562	81.89998739203293
70.64557165730065	67.89446118364233
70.64557165730065	67.89446118364233
72.25964865281505	82.04352695948134
72.25964865281505	82.04352695948134
65.28896656040139	8.971180233030239
65.28896656040139	8.971180233030239
60.349182499141946	52.15782257819788
60.349182499141946	52.15782257819788
60.349182499141946	52.15782257819788
61.96325949465635	66.3068913044668
61.96325949465635	66.3068913044668
91.31816733265268	47.303675817413676
91.31816733265268	47.303675817413676
95.20259296121021	21.5195650617431
95.20259296121021	21.5195650617431
88.23191086879656	47.44721538486209
88.23191086879656	47.44721538486209
83.03493753953666	82.39582255694951
83.03493753953666	82.39582255694951
83.03493753953666	82.39582255694951
85.14565440494044	47.59075642752546
85.14565440494044	47.59075642752546
77.96212749698275	80.35589269588003
77.96212749698275	80.35589269588003
81.78447295740224	73.06604971918041
81.78447295740224	73.06604971918041
12.210328083769955	18.783671266905465
12.210328083769955	18.783671266905465
12.210328083769955	18.783671266905465
13.75345631569801	68.21190148318125
13.75345631569801	68.21190148318125
9.124073095128793	18.92721230956884
9.124073095128793	18.92721230956884
1.585803844454353	30.088158978387657
1.585803844454353	30.088158978387657
3.7674665230145834	59.00393135895675
3.7674665230145834	59.00393135895675
97.49954738059824	30.231698545836068
97.49954738059824	30.231698545836068
97.49954738059824	30.231698545836068
0.3708121688981523	52.618805395615134
0.3708121688981523	52.618805395615134
29.796667295265866	97.33642694334019
29.796667295265866	97.33642694334019
24.528748152849538	68.5641941302195
24.528748152849538	68.5641941302195
26.710410831409757	97.47996798600356
26.710410831409757	97.47996798600356
26.710410831409757	97.47996798600356
21.442491688993417	68.70773517288289
21.442491688993417	68.70773517288289
23.624154367553636	97.62350902866693
23.624154367553636	97.62350902866693
16.094755187542447	91.99956051123489
16.094755187542447	91.99956051123489
1.2048085966128737	21.624122104241078
1.2048085966128737	21.624122104241078
3.315523986801714	85.81905745003199
3.315523986801714	85.81905745003199
3.315523986801714	85.81905745003199
94.8482034997136	61.700842628843944
94.8482034997136	61.700842628843944
0.2292689981605628	85.96259849269536
0.2292689981605628	85.96259849269536
91.7619470358575	61.844382196292365
91.7619470358575	61.844382196292365
93.87266242604635	27.039317542083282
93.87266242604635	27.039317542083282
93.87266242604635	27.039317542083282
88.67569057200139	61.98792323895573
88.67569057200139	61.98792323895573
18.791147808108786	1.176879255890749
18.791147808108786	1.176879255890749
20.901863198297637	65.3718131264667
20.901863198297637	65.3718131264667
15.704891344252676	1.3204188233391694
15.704891344252676	1.3204188233391694
15.704891344252676	1.3204188233391694
17.815606734441516	65.51535269391513
17.815606734441516	65.51535269391513
12.618634880396566	1.4639598660025372
12.618634880396566	1.4639598660025372
5.64795426319787	27.391610189121526
5.64795426319787	27.391610189121526
7.2708983789455965	24.75578372913959
7.2708983789455965	24.75578372913959
38.89615632520003	64.81938876014698
38.89615632520003	64.81938876014698
38.89615632520003	64.81938876014698
40.794025424629865	36.85180857595849
40.794025424629865	36.85180857595849
33.255756173955426	48.012755244777324
33.255756173955426	48.012755244777324
28.626371478171254	97.7280660711649
28.626371478171254	97.7280660711649
30.16949971009931	48.15629628744069
30.16949971009931	48.15629628744069
30.16949971009931	48.15629628744069
23.269766381271992	38.80478659576777
23.269766381271992	38.80478659576777
27.0832432462432	48.29983733010407
27.0832432462432	48.29983733010407
56.48249406148099	44.372144436581685
56.48249406148099	44.372144436581685
58.380364636125776	16.404565727608176
58.380364636125776	16.404565727608176
58.380364636125776	16.404565727608176
53.11244401849448	86.63233291448749
53.11244401849448	86.63233291448749
46.21271068966716	77.28082322281458
46.21271068966716	77.28082322281458
21.345644376717416	79.91252098056036
14.374960809088803	6.840172778894297
14.374960809088803	6.840172778894297
45.50358036066879	95.85790971516472
45.50358036066879	95.85790971516472
45.50358036066879	95.85790971516472
47.658637252884134	76.1283676544864
47.658637252884134	76.1283676544864
42.3907181104678	47.356136316580674
42.3907181104678	47.356136316580674
44.288588685112586	19.3885561323922
44.288588685112586	19.3885561323922
37.317905117483974	45.316207930726144
37.317905117483974	45.316207930726144
37.317905117483974	45.316207930726144
32.12093473865397	80.26481362759861
32.12093473865397	80.26481362759861
34.23165012884282	45.45975044860448
34.23165012884282	45.45975044860448
63.098788167613	58.62577020534859
63.098788167613	58.62577020534859
67.47985071563002	82.8875260692
67.47985071563002	82.8875260692
60.012531703756885	58.76931124801197
60.012531703756885	58.76931124801197
60.012531703756885	58.76931124801197
62.123247093945736	23.964246593802883
62.123247093945736	23.964246593802883
57.210068819031164	16.796203380217932
57.210068819031164	16.796203380217932
49.671799568356725	27.95715004903676
49.671799568356725	27.95715004903676
51.85346224691695	56.87292390482081
51.85346224691695	56.87292390482081
51.85346224691695	56.87292390482081
82.91113303491059	82.16982380631306
82.91113303491059	82.16982380631306
85.0661914023409	62.44028174563473
85.0661914023409	62.44028174563473
79.86921807308099	97.38888744250718
79.86921807308099	97.38888744250718
72.89853745588229	24.316539240841124
72.89853745588229	24.316539240841124
72.89853745588229	24.316539240841124
74.79640655531212	95.34896053186762
74.79640655531212	95.34896053186762
69.52848741289579	66.57672771874694
69.52848741289579	66.57672771874694
71.71015156667097	95.49250157453098
71.71015156667097	95.49250157453098
54.20398259542981	26.661156388475117
54.20398259542981	26.661156388475117
49.57459789964564	76.3764672148627
49.57459789964564	76.3764672148627
49.57459789964564	76.3764672148627
51.1177261315737	26.804697431138486
51.1177261315737	26.804697431138486
44.21799427796134	17.45318773946556
44.21799427796134	17.45318773946556
48.03146966771757	26.948236998586907
48.03146966771757	26.948236998586907
40.84794275975987	59.71337621737137
40.84794275975987	59.71337621737137
42.95865814994872	24.908310087947328
42.95865814994872	24.908310087947328
42.95865814994872	24.908310087947328
74.08727622631375	14.926047024217755
74.08727622631375	14.926047024217755
67.16093711114155	55.92922289129741
67.16093711114155	55.92922289129741
70.97441397611276	65.42427362563372
70.97441397611276	65.42427362563372
64.07468064728545	56.072763933960786
64.07468064728545	56.072763933960786
64.07468064728545	56.072763933960786
65.6178088792135	6.5009941502365765
65.6178088792135	6.5009941502365765
60.704632079513885	98.3329524118666
60.704632079513885	98.3329524118666
90.05953844229526	79.32973544959852
90.05953844229526	79.32973544959852
91.67361543780967	93.47880417586744
91.67361543780967	93.47880417586744
86.98215057388745	62.68838130601103
86.98215057388745	62.68838130601103
86.98215057388745	62.68838130601103
88.59622756940183	76.83745003227995
88.59622756940183	76.83745003227995
81.62554547698818	3.76510035539894
81.62554547698818	3.76510035539894
76.42857509815818	38.71370752748635
76.42857509815818	38.71370752748635
78.53929048834704	3.9086413980623185
78.53929048834704	3.9086413980623185
78.53929048834704	3.9086413980623185
8.681352035584354	90.74291185624476
8.681352035584354	90.74291185624476
12.49482890055555	1.237961115366094
12.49482890055555	1.237961115366094
5.568489785383357	42.241136982445745
5.568489785383357	42.241136982445745
0.371519406553366	77.1897426793182
0.371519406553366	77.1897426793182
0.371519406553366	77.1897426793182
2.482234796742206	42.384678025109125
2.482234796742206	42.384678025109125
94.01491283443914	18.26646320392107
94.01491283443914	18.26646320392107
98.39597685767114	42.52821906777249
98.39597685767114	42.52821906777249
81.23568163369842	12.08596014271817
81.23568163369842	12.08596014271817
82.77880986562647	61.51419035899397
82.77880986562647	61.51419035899397
78.15829524050554	94.44460452391573
78.15829524050554	94.44460452391573
78.15829524050554	94.44460452391573
70.6200259898311	6.605551192734555
70.6200259898311	6.605551192734555
72.80168866839134	35.521325048518605
72.80168866839134	35.521325048518605
67.53376952597499	6.749092235397923
67.53376952597499	6.749092235397923
69.71543367975018	35.66486609118197
69.71543367975018	35.66486609118197
1.773102992528873	60.961764517459265
1.773102992528873	60.961764517459265
1.773102992528873	60.961764517459265
93.58957608457116	93.72690226102878
93.58957608457116	93.72690226102878
95.7446329767865	73.99736167556541
95.7446329767865	73.99736167556541
90.47671383437017	45.22512886244473
90.47671383437017	45.22512886244473
92.65837798814536	74.14090271822877
92.65837798814536	74.14090271822877
92.65837798814536	74.14090271822877
85.1201087374709	85.30184938704761
85.1201087374709	85.30184938704761
17.81631397209673	90.08629145283315
17.81631397209673	90.08629145283315
19.359440728809826	40.51452166910895
19.359440728809826	40.51452166910895
12.175915296067075	73.27965941267847
12.175915296067075	73.27965941267847
16.56584791474736	80.75651861506407
16.56584791474736	80.75651861506407
16.56584791474736	80.75651861506407
9.0985259524443	56.63830379387601
9.0985259524443	56.63830379387601
11.20924134263314	21.83323913966693
11.20924134263314	21.83323913966693
6.012270963803138	56.78184483653939
6.012270963803138	56.78184483653939
35.36717732658451	37.77862934948627
35.36717732658451	37.77862934948627
35.36717732658451	37.77862934948627
39.25160443035702	11.994517118600735
39.25160443035702	11.994517118600735
32.041470260839475	95.11434042092283
32.041470260839475	95.11434042092283
34.15218565102831	60.309275766713746
34.15218565102831	60.309275766713746
28.95521527219832	95.25787998837124
28.95521527219832	95.25787998837124
21.984533179784666	22.185533261920142
21.984533179784666	22.185533261920142
21.984533179784666	22.185533261920142
23.5986087000841	36.3346005129741
23.5986087000841	36.3346005129741
8.9215098751285	58.121677635959685
8.9215098751285	58.121677635959685
10.535585395427933	72.27074488701365
10.535585395427933	72.27074488701365
3.564903303014279	98.19839668534759
3.564903303014279	98.19839668534759
3.564903303014279	98.19839668534759
97.66059362354801	74.24545976072676
97.66059362354801	74.24545976072676
0.20372185547605848	24.673689977002546
0.20372185547605848	24.673689977002546
92.30398852664874	15.322180285329619
92.30398852664874	15.322180285329619
96.11746539161994	24.81723101966591
96.11746539161994	24.81723101966591
26.54332199320262	69.53485256739097
26.54332199320262	69.53485256739097
26.54332199320262	69.53485256739097
21.275401375571324	40.7626197542703
21.275401375571324	40.7626197542703
23.430461218216593	21.03307916880691
23.430461218216593	21.03307916880691
16.246932835043925	53.798216912376425
16.246932835043925	53.798216912376425
20.06040970001512	63.29326617149777
20.06040970001512	63.29326617149777
20.06040970001512	63.29326617149777
13.160676371187806	53.941756479824846
13.160676371187806	53.941756479824846
14.70380460311586	4.369986696100636
14.70380460311586	4.369986696100636
46.40001131295664	9.15442876188619
46.40001131295664	9.15442876188619
38.861740587067246	20.315376905919965
38.861740587067246	20.315376905919965
38.861740587067246	20.315376905919965
41.04340474084242	49.23114928648906
41.04340474084242	49.23114928648906
35.78435271865942	3.6740212871175233
35.78435271865942	3.6740212871175233
37.68222329330421	74.706442578144
37.68222329330421	74.706442578144
30.711542676105516	1.6340929012629988
30.711542676105516	1.6340929012629988
61.84015927725559	90.65183131274839
61.84015927725559	90.65183131274839
61.84015927725559	90.65183131274839
63.950874667444424	55.8467666585393
63.950874667444424	55.8467666585393
58.75390281339948	90.7953708801968
58.75390281339948	90.7953708801968
60.864618203588314	55.99030622598771
60.864618203588314	55.99030622598771
53.37069193015534	82.22677696355224
53.37069193015534	82.22677696355224
53.37069193015534	82.22677696355224
48.457513655240774	75.05873522518226
48.457513655240774	75.05873522518226
50.56822904542961	40.25367057097317
50.56822904542961	40.25367057097317
33.12414171754146	51.92806055637625
33.12414171754146	51.92806055637625
37.50520426555848	76.18981494501271
37.50520426555848	76.18981494501271
30.037885253685342	52.07160012382467
30.037885253685342	52.07160012382467
30.037885253685342	52.07160012382467
32.14860064387419	17.266533994400632
32.14860064387419	17.266533994400632
26.960497385277524	35.43024598023719
26.960497385277524	35.43024598023719
19.98981529286387	61.35789777857113
19.98981529286387	61.35789777857113
21.887685867508655	33.390319069597616
21.887685867508655	33.390319069597616
21.887685867508655	33.390319069597616
52.94535518028736	58.687217495874904
52.94535518028736	58.687217495874904
55.12701785884757	87.60298987644401
55.12701785884757	87.60298987644401
49.859098716431234	58.830757063323325
49.859098716431234	58.830757063323325
42.95936538760392	49.4792473716504
42.95936538760392	49.4792473716504
42.95936538760392	49.4792473716504
44.54683512155848	14.983000181456939
44.54683512155848	14.983000181456939
39.846503137402934	0.9774739730663466
39.846503137402934	0.9774739730663466
41.74437371204772	72.00989378887787
41.74437371204772	72.00989378887787
70.5316929165683	38.23997317230963
70.5316929165683	38.23997317230963
65.90230969599911	87.95528399869721
65.90230969599911	87.95528399869721
65.90230969599911	87.95528399869721
67.44543792792716	38.383514214973005
67.44543792792716	38.383514214973005
60.545703123884884	29.03200452330008
60.545703123884884	29.03200452330008
64.36804858430438	21.742160071385513
64.36804858430438	21.742160071385513
57.46831673069202	12.390650379712598
57.46831673069202	12.390650379712598
57.46831673069202	12.390650379712598
88.52598456825575	37.687548805989884
88.52598456825575	37.687548805989884
90.4238566181155	9.719968621801415
90.4238566181155	9.719968621801415
83.45317305048688	35.64762189535032
83.45317305048688	35.64762189535032
87.33759867904443	9.863509664464793
87.33759867904443	9.863509664464793
87.33759867904443	9.863509664464793
80.36691806184574	35.79116146279874
80.36691806184574	35.79116146279874
81.95438927101524	1.2949142726052776
81.95438927101524	1.2949142726052776
77.32500310001612	51.010225098992855
77.32500310001612	51.010225098992855
59.80996700854162	97.9637765744028
59.80996700854162	97.9637765744028
61.70783610797146	69.9961978654293
61.70783610797146	69.9961978654293
61.70783610797146	69.9961978654293
57.007505599030864	55.99067018182374
57.007505599030864	55.99067018182374
58.621581119330294	70.1397374328777
58.621581119330294	70.1397374328777
51.65089902691664	96.06738923121165
51.65089902691664	96.06738923121165
46.462795768319985	15.231101217048202
46.462795768319985	15.231101217048202
46.462795768319985	15.231101217048202
48.57351115850882	79.42603656283912
48.57351115850882	79.42603656283912
79.70212923487385	69.4437720238946
79.70212923487385	69.4437720238946
81.81284462506271	34.638707369685505
81.81284462506271	34.638707369685505
74.629317717105	67.40384511325502
74.629317717105	67.40384511325502
69.36139857468865	38.63161230013434
69.36139857468865	38.63161230013434
69.36139857468865	38.63161230013434
71.54306125324888	67.54738468070343
71.54306125324888	67.54738468070343
64.04913497981589	93.78385541826796
64.04913497981589	93.78385541826796
68.43019900304789	19.04561128211939
68.43019900304789	19.04561128211939
97.28846844636978	48.99652917554427
97.28846844636978	48.99652917554427
97.28846844636978	48.99652917554427
0.399183836558615	14.191464521335188
0.399183836558615	14.191464521335188
94.48600556164405	7.023422782965208
94.48600556164405	7.023422782965208
86.9477363109696	18.184369451784026
86.9477363109696	18.184369451784026
89.12940046474479	47.10014183235312
89.12940046474479	47.10014183235312
83.87034991777675	1.5430138329815817
83.87034991777675	1.5430138329815817
83.87034991777675	1.5430138329815817
86.05201259633697	30.45878768876563
86.05201259633697	30.45878768876563
18.109681909115668	55.75568611504293
18.109681909115668	55.75568611504293
11.209948580288353	46.404176423370004
11.209948580288353	46.404176423370004
12.753076812216408	95.8324066396458
12.753076812216408	95.8324066396458
12.753076812216408	95.8324066396458
7.839900012516798	88.6643649012758
7.839900012516798	88.6643649012758
9.950615402705639	53.85929877185177
9.950615402705639	53.85929877185177
2.456687654057702	80.0957695094163
2.456687654057702	80.0957695094163
61.269393237583756	14.815905456139532
61.269393237583756	14.815905456139532
62.81251999429685	64.24413714763028
62.81251999429685	64.24413714763028
62.81251999429685	64.24413714763028
55.91278666546954	54.89262745595737
55.91278666546954	54.89262745595737
59.72626500565569	64.3876767150787
59.72626500565569	64.3876767150787
52.542738097697985	97.15281445864822
52.542738097697985	97.15281445864822
54.653453487886836	62.34774980443913
54.653453487886836	62.34774980443913
54.653453487886836	62.34774980443913
49.46534875407521	80.51145883984577
49.46534875407521	80.51145883984577
78.8202580672865	61.50824335279265
78.8202580672865	61.50824335279265
82.70468369584404	35.72413259712208
82.70468369584404	35.72413259712208
75.73400012821543	61.65178439545602
75.73400012821543	61.65178439545602
77.34807712372982	75.80085164650998
77.34807712372982	75.80085164650998
77.34807712372982	75.80085164650998
72.64774513957427	61.79532396290443
72.64774513957427	61.79532396290443
65.46421823161656	94.56046170647394
65.46421823161656	94.56046170647394
67.05168944078609	60.064215991495445
67.05168944078609	60.064215991495445
98.6769444366106	1.1278195472878707
98.6769444366106	1.1278195472878707
98.6769444366106	1.1278195472878707
1.291021432124996	15.27688827355679
1.291021432124996	15.27688827355679
93.3203408149263	41.20454007189073
93.3203408149263	41.20454007189073
88.12336748566639	76.1531457687632
88.12336748566639	76.1531457687632
90.23408287585524	41.34808111455411
90.23408287585524	41.34808111455411
90.23408287585524	41.34808111455411
83.05055596789752	74.11321738290867
83.05055596789752	74.11321738290867
86.87290290353197	66.8233729309941
86.87290290353197	66.8233729309941
17.298758029899695	12.540994478719153
17.298758029899695	12.540994478719153
12.030838887483355	82.76876166559848
12.030838887483355	82.76876166559848
14.212501566043574	12.684535521382521
14.212501566043574	12.684535521382521
14.212501566043574	12.684535521382521
6.6742337905840925	23.845483665416307
6.6742337905840925	23.845483665416307
11.126246577402423	12.8280765640459
11.126246577402423	12.8280765640459
3.5879773267279838	23.989023232864717
3.5879773267279838	23.989023232864717
5.459242115027892	46.37613008264378
5.459242115027892	46.37613008264378
89.85308910322871	32.88404424040752
89.85308910322871	32.88404424040752
89.85308910322871	32.88404424040752
82.31481985255427	44.04499090922635
82.31481985255427	44.04499090922635
84.49648400632945	72.9607647650104
84.49648400632945	72.9607647650104
79.22856338869815	44.188531951889715
79.22856338869815	44.188531951889715
81.41022754247334	73.10430433245881
81.41022754247334	73.10430433245881
76.14230692484205	44.332071519338136
76.14230692484205	44.332071519338136
76.14230692484205	44.332071519338136
6.293238542742613	15.381445316054768
6.293238542742613	15.381445316054768
8.403953932931454	79.57638066184569
8.403953932931454	79.57638066184569
3.2069820788864933	15.524987833933094
3.2069820788864933	15.524987833933094
5.317697469075345	79.71992170450905
5.317697469075345	79.71992170450905
5.317697469075345	79.71992170450905
96.85037698198724	55.60170688332101
96.85037698198724	55.60170688332101
92.15004352261673	41.59617919971546
92.15004352261673	41.59617919971546
93.76412051813112	55.74524645076942
93.76412051813112	55.74524645076942
23.879576279023567	93.93420246770444
23.879576279023567	93.93420246770444
28.260641777470518	19.19595833155586
28.260641777470518	19.19595833155586
28.260641777470518	19.19595833155586
20.793321290382416	94.07774203515285
20.793321290382416	94.07774203515285
22.904036680571256	59.272677380943776
22.904036680571256	59.272677380943776
17.707064826526295	94.22128455303118
17.707064826526295	94.22128455303118
10.7363842093276	21.14893635136513
10.7363842093276	21.14893635136513
10.7363842093276	21.14893635136513
14.620808362670186	94.36482412047961
14.620808362670186	94.36482412047961
43.98458479611481	58.57671197196066
43.98458479611481	58.57671197196066
45.882455370759594	30.609133262987143
45.882455370759594	30.609133262987143
40.61453475312831	1.8369004498664736
40.61453475312831	1.8369004498664736
40.61453475312831	1.8369004498664736
33.714801424300994	91.48538928297859
33.714801424300994	91.48538928297859
35.25792818101409	41.91362097446934
35.25792818101409	41.91362097446934
30.628544960444874	91.62893180085692
30.628544960444874	91.62893180085692
32.171673192372936	42.05716054191776
32.171673192372936	42.05716054191776
15.268567236400687	19.85294121558853
15.268567236400687	19.85294121558853
15.268567236400687	19.85294121558853
10.35538896148612	12.68489947721855
10.35538896148612	12.68489947721855
11.898517193414174	62.11312821827938
11.898517193414174	62.11312821827938
4.9987823893718994	52.761618526606455
4.9987823893718994	52.761618526606455
8.812260729558066	62.25666926094276
8.812260729558066	62.25666926094276
8.812260729558066	62.25666926094276
1.9125274007307485	52.905159569269834
1.9125274007307485	52.905159569269834
32.97019671350944	78.2020594707621
32.97019671350944	78.2020594707621
35.16072798751796	90.33293666508031
35.16072798751796	90.33293666508031
27.62246021205848	2.493884809114102
27.62246021205848	2.493884809114102
31.790679419746407	33.593125142986125
31.790679419746407	33.593125142986125
31.790679419746407	33.593125142986125
24.819997327332754	59.52077546610512
24.819997327332754	59.52077546610512
26.434074322847156	73.66984419237404
26.434074322847156	73.66984419237404
21.733740863476644	59.66431798398345
21.733740863476644	59.66431798398345
50.59200883158357	89.61523292697841
50.59200883158357	89.61523292697841
50.59200883158357	89.61523292697841
52.74706719901387	69.88569234151504
52.74706719901387	69.88569234151504
47.479148056597545	41.11345952839436
47.479148056597545	41.11345952839436
49.37701863124233	13.145880819420848
49.37701863124233	13.145880819420848
42.40633506361372	39.07353261775479
42.40633506361372	39.07353261775479
42.40633506361372	39.07353261775479
37.20936320956876	74.02213831462726
37.20936320956876	74.02213831462726
39.32007859975759	39.21707366041817
39.32007859975759	39.21707366041817
70.4486981513376	29.2348105966886
70.4486981513376	29.2348105966886
72.56828066175977	76.64484928101369
72.56828066175977	76.64484928101369
65.10096164988663	52.5266359350406
65.10096164988663	52.5266359350406
65.10096164988663	52.5266359350406
60.40062819051611	38.52110825143506
60.40062819051611	38.52110825143506
62.29849876516091	10.553529542461538
62.29849876516091	10.553529542461538
54.76022951448647	21.714476211280363
54.76022951448647	21.714476211280363
59.212242301304784	10.697069109909958
59.212242301304784	10.697069109909958
59.212242301304784	10.697069109909958
41.69720473461534	57.65061911010495
41.69720473461534	57.65061911010495
43.85226310204564	37.92107852464157
43.85226310204564	37.92107852464157
38.65529124800068	72.86968422151402
38.65529124800068	72.86968422151402
31.684610630801988	98.79733601984796
31.684610630801988	98.79733601984796
33.58247973023181	70.8297558356595
33.58247973023181	70.8297558356595
33.58247973023181	70.8297558356595
28.314559112600527	42.057524497753775
28.314559112600527	42.057524497753775
30.496224741590662	70.97329687832287
30.496224741590662	70.97329687832287
61.55389257915439	96.27019677981512
61.55389257915439	96.27019677981512
54.66302784577537	70.13379042667638
54.66302784577537	70.13379042667638
54.66302784577537	70.13379042667638
56.206154602488475	20.562022118167132
56.206154602488475	20.562022118167132
51.57677138191926	70.27733294455471
51.57677138191926	70.27733294455471
53.119899613847316	20.705561685615553
53.119899613847316	20.705561685615553
45.9363727058896	53.47069942918506
45.9363727058896	53.47069942918506
77.56162917692909	93.53430446019244
77.56162917692909	93.53430446019244
77.56162917692909	93.53430446019244
79.17570469722853	8.683371711246403
79.17570469722853	8.683371711246403
72.24936705727129	49.686547578326056
72.24936705727129	49.686547578326056
76.0628439222425	59.1815968374474
76.0628439222425	59.1815968374474
69.16311059341517	49.830088620989436
69.16311059341517	49.830088620989436
69.16311059341517	49.830088620989436
63.895191450998844	21.057855807868755
63.895191450998844	21.057855807868755
65.79306055042866	92.09027709889524
65.79306055042866	92.09027709889524
95.147968388425	73.08705866141221
95.147968388425	73.08705866141221
0.03239401698254796	47.30294790574163
0.03239401698254796	47.30294790574163
92.07058052001719	56.445704517824716
92.07058052001719	56.445704517824716
92.07058052001719	56.445704517824716
93.68465604031663	70.59477324409364
93.68465604031663	70.59477324409364
88.98432405616107	56.589247035703046
88.98432405616107	56.589247035703046
81.51700356907297	32.47103073930003
81.51700356907297	32.47103073930003
83.62771895926181	96.66596608509096
83.62771895926181	96.66596608509096
83.62771895926181	96.66596608509096
68.73777236833223	26.29052767809715
68.73777236833223	26.29052767809715
70.28090060026028	75.71875789437294
70.28090060026028	75.71875789437294
63.35456148508809	17.72193376145259
63.35456148508809	17.72193376145259
58.157589631043145	52.67053798311008
58.157589631043145	52.67053798311008
60.26830649644694	17.86547480411596
60.26830649644694	17.86547480411596
60.26830649644694	17.86547480411596
55.07133464240198	52.81408050098842
55.07133464240198	52.81408050098842
57.18205003259083	18.009014371564376
57.18205003259083	18.009014371564376
86.32411157982816	5.843284829746818
86.32411157982816	5.843284829746818
81.05619243741181	76.07105201662615
81.05619243741181	76.07105201662615
81.05619243741181	76.07105201662615
83.24672518663529	88.20192921094437
83.24672518663529	88.20192921094437
75.70845593596084	0.36287587976320246
75.70845593596084	0.36287587976320246
80.16046872277917	88.34547025360776
80.16046872277917	88.34547025360776
72.62219799688978	0.5064169224265702
72.62219799688978	0.5064169224265702
74.80386215066495	29.42218930299566
74.80386215066495	29.42218930299566
74.80386215066495	29.42218930299566
6.861532938658613	54.71909067970287
6.861532938658613	54.71909067970287
98.6780060307009	87.48422694805743
98.6780060307009	87.48422694805743
1.8330629229162465	67.7546848873791
1.8330629229162465	67.7546848873791
95.56514230528495	38.98245207425842
95.56514230528495	38.98245207425842
95.56514230528495	38.98245207425842
97.74680645906012	67.89822740525743
97.74680645906012	67.89822740525743
92.47888731664379	39.125994592136756
92.47888731664379	39.125994592136756
22.90474244301151	83.8436161398618
22.90474244301151	83.8436161398618
24.447870674939566	34.271844880922636
24.447870674939566	34.271844880922636
19.534692400024998	27.103803142552646
19.534692400024998	27.103803142552646
19.534692400024998	27.103803142552646
21.65427638566214	74.51384330209271
21.65427638566214	74.51384330209271
14.18695589857404	50.395627005689704
14.18695589857404	50.395627005689704
9.486623914418486	36.390100797299105
9.486623914418486	36.390100797299105
11.100699434717919	50.539168048353076
11.100699434717919	50.539168048353076
93.15325050150422	13.259424653278144
93.15325050150422	13.259424653278144
93.15325050150422	13.259424653278144
97.03767613006175	86.47531389760758
97.03767613006175	86.47531389760758
90.0669940376481	13.402965695941523
90.0669940376481	13.402965695941523
91.93825882594801	35.79007107050562
91.93825882594801	35.79007107050562
86.74128697190305	70.73867824259304
86.74128697190305	70.73867824259304
79.7706048794894	96.66632856571202
79.7706048794894	96.66632856571202
79.7706048794894	96.66632856571202
83.65503198326189	70.88221781004145
83.65503198326189	70.88221781004145
14.00993834604327	51.87900232298833
14.00993834604327	51.87900232298833
15.624015341557673	66.02806957404229
15.624015341557673	66.02806957404229
10.923683357402119	52.02254189043674
10.923683357402119	52.02254189043674
3.7490235696777434	68.0027844477554
3.7490235696777434	68.0027844477554
3.7490235696777434	68.0027844477554
5.292151801605798	18.431013188816234
5.292151801605798	18.431013188816234
0.6627671058216235	68.14632549041877
0.6627671058216235	68.14632549041877
2.205895337749689	18.574554231479603
2.205895337749689	18.574554231479603
31.63175193933236	63.292175779204655
31.63175193933236	63.292175779204655
31.63175193933236	63.292175779204655
26.363831321701063	34.51994444129893
26.363831321701063	34.51994444129893
28.54549547547624	63.43571829708299
28.54549547547624	63.43571829708299
21.335361305958696	47.55554012419012
21.335361305958696	47.55554012419012
25.14883964614486	57.050590858526405
25.14883964614486	57.050590858526405
18.249106317317544	47.699081166853496
18.249106317317544	47.699081166853496
49.30677563009623	72.99598106834574
49.30677563009623	72.99598106834574
51.48843978387142	2.9117534489148387
51.48843978387142	2.9117534489148387
51.48843978387142	2.9117534489148387
43.95016905798202	14.072700117733655
43.95016905798202	14.072700117733655
48.402183320015304	3.055293016363248
48.402183320015304	3.055293016363248
40.863914069340865	14.216239685182074
40.863914069340865	14.216239685182074
42.77065323943394	68.46376726517266
42.77065323943394	68.46376726517266
38.07031978006344	54.45823810635215
38.07031978006344	54.45823810635215
38.07031978006344	54.45823810635215
20.62623245217528	66.13262809175522
20.62623245217528	66.13262809175522
22.73694784236412	31.32756196233119
22.73694784236412	31.32756196233119
17.539974513104212	66.2761691344186
17.539974513104212	66.2761691344186
19.650689903293053	31.471103004994553
19.650689903293053	31.471103004994553
19.650689903293053	31.471103004994553
14.427113738118173	17.77439573583454
14.427113738118173	17.77439573583454
7.2435868301604645	50.5395320041891
7.2435868301604645	50.5395320041891
9.354302220349314	15.734465874765057
9.354302220349314	15.734465874765057
40.48291882149938	5.752204286250443
40.48291882149938	5.752204286250443
42.593634211688226	69.94713963204136
42.593634211688226	69.94713963204136
42.593634211688226	69.94713963204136
35.12631519981508	45.82892333563836
35.12631519981508	45.82892333563836
30.42598174044458	31.823397127247766
30.42598174044458	31.823397127247766
32.04005873595897	45.97246585351669
32.04005873595897	45.97246585351669
25.07824523899361	55.11522246559978
25.07824523899361	55.11522246559978
25.07824523899361	55.11522246559978
29.246464446681536	86.2144627994718
29.246464446681536	86.2144627994718
58.03378512641709	52.444542182903554
58.03378512641709	52.444542182903554
60.215447804977316	81.36031456347264
60.215447804977316	81.36031456347264
54.94752866256098	52.588081750351975
54.94752866256098	52.588081750351975
48.04779533373366	43.23657205867905
48.04779533373366	43.23657205867905
48.04779533373366	43.23657205867905
51.90561517594633	67.80714686176105
51.90561517594633	67.80714686176105
44.93493308353268	93.73479718488004
44.93493308353268	93.73479718488004
46.83280365817746	65.76721847590653
46.83280365817746	65.76721847590653
77.89047297095615	91.06411837739878
77.89047297095615	91.06411837739878
77.89047297095615	91.06411837739878
70.99073964212883	81.71260868572585
70.99073964212883	81.71260868572585
72.53386639884194	32.14083742678669
72.53386639884194	32.14083742678669
67.90448317827273	81.85614825317427
67.90448317827273	81.85614825317427
69.44761141020078	32.28437846945007
69.44761141020078	32.28437846945007
69.44761141020078	32.28437846945007
62.55674667682175	6.147973591526287
62.55674667682175	6.147973591526287
47.31205774317545	13.168344109781769
47.31205774317545	13.168344109781769
49.209928317820236	84.20076540080825
49.209928317820236	84.20076540080825
42.23924622540658	11.128417199142204
42.23924622540658	11.128417199142204
46.123671853964126	84.34430644347162
46.123671853964126	84.34430644347162
46.123671853964126	84.34430644347162
39.15299123676543	11.271956766590623
39.15299123676543	11.271956766590623
33.92941212116063	96.5752494974306
33.92941212116063	96.5752494974306
36.11107627493581	26.491023353214658
36.11107627493581	26.491023353214658
64.89839695467136	91.72110126143146
64.89839695467136	91.72110126143146
64.89839695467136	91.72110126143146
69.0666161623593	23.820343070518444
69.0666161623593	23.820343070518444
62.0959355451606	49.74799486885239
62.0959355451606	49.74799486885239
63.71000959024508	63.89706211990635
63.71000959024508	63.89706211990635
59.009677606089525	49.891534436300795
59.009677606089525	49.891534436300795
51.54235711900142	25.773319615112754
51.54235711900142	25.773319615112754
51.54235711900142	25.773319615112754
53.661941104638565	73.18335977465281
53.661941104638565	73.18335977465281
84.79055918100359	63.20109671092324
84.79055918100359	63.20109671092324
86.90127457119243	28.396032056714155
86.90127457119243	28.396032056714155
79.71774766323472	61.16116980028367
79.71774766323472	61.16116980028367
79.71774766323472	61.16116980028367
74.44982704560344	32.38893698716299
74.44982704560344	32.38893698716299
76.63148972416366	61.30470936773208
76.63148972416366	61.30470936773208
71.40791355898878	47.60800062335712
71.40791355898878	47.60800062335712
73.51862894917763	12.802935969148036
73.51862894917763	12.802935969148036
3.3768969172845567	42.75385238735796
3.3768969172845567	42.75385238735796
3.3768969172845567	42.75385238735796
97.676564933129	28.748326178967368
97.676564933129	28.748326178967368
0.5744340325588291	0.7807459947788972
0.5744340325588291	0.7807459947788972
92.03616625709935	11.941692663597713
92.03616625709935	11.941692663597713
96.48817904391768	0.9242870374422649
96.48817904391768	0.9242870374422649
96.48817904391768	0.9242870374422649
88.95877838869153	94.30033704479527
88.95877838869153	94.30033704479527
91.14044254246672	24.21611090057932
91.14044254246672	24.21611090057932
50.31461220414563	78.44870468300925
50.31461220414563	78.44870468300925
43.41487740010336	69.09719499133634
43.41487740010336	69.09719499133634
47.22835574028952	78.59224425045767
47.22835574028952	78.59224425045767
47.22835574028952	78.59224425045767
40.04482883233181	12.357381994027183
40.04482883233181	12.357381994027183
42.15554422252065	76.5523173398181
42.15554422252065	76.5523173398181
36.93196658213081	62.85560859544313
36.93196658213081	62.85560859544313
66.35782170849853	8.57323014316818
66.35782170849853	8.57323014316818
66.35782170849853	8.57323014316818
67.9009499404266	58.00146035944397
67.9009499404266	58.00146035944397
63.271566719857375	8.71677118583156
63.271566719857375	8.71677118583156
64.81469347657047	58.14500140210735
64.81469347657047	58.14500140210735
57.63116656861276	90.91013914567687
57.63116656861276	90.91013914567687
52.93083458445722	76.90461146207132
52.93083458445722	76.90461146207132
52.93083458445722	76.90461146207132
54.553778700204944	74.26878352687442
54.553778700204944	74.26878352687442
83.90868801341624	55.26556656460633
83.90868801341624	55.26556656460633
87.79311216675883	29.481455808935756
87.79311216675883	29.481455808935756
80.82243007434518	55.40910908248467
80.82243007434518	55.40910908248467
80.82243007434518	55.40910908248467
75.62545822030022	90.35771330414217
75.62545822030022	90.35771330414217
77.73617361048905	55.55264864993308
77.73617361048905	55.55264864993308
70.55264670253135	88.3177863935026
70.55264670253135	88.3177863935026
74.36612504271751	97.81283565262393
74.36612504271751	97.81283565262393
74.36612504271751	97.81283565262393
4.765374382740344	93.88514423431651
4.765374382740344	93.88514423431651
6.3794513782547355	9.034212960585437
6.3794513782547355	9.034212960585437
1.6791179188842233	94.02868380176493
1.6791179188842233	94.02868380176493
93.21179890701109	69.91047045579184
93.21179890701109	69.91047045579184
95.32251429719993	35.105404326367804
95.32251429719993	35.105404326367804
95.32251429719993	35.105404326367804
90.40933602228536	27.93736406321278
90.40933602228536	27.93736406321278
91.96133284966172	60.58069761802275
91.96133284966172	60.58069761802275
75.0848312048194	87.02179273294095
75.0848312048194	87.02179273294095
69.81691058718809	58.24955991982027
69.81691058718809	58.24955991982027
69.81691058718809	58.24955991982027
71.99857474096326	87.16533230038937
71.99857474096326	87.16533230038937
66.73065412333197	58.39309948726869
66.73065412333197	58.39309948726869
68.91231827710716	87.30887186783778
68.91231827710716	87.30887186783778
61.37404902643272	98.4698185366566
61.37404902643272	98.4698185366566
92.78646068192813	46.370909512899544
92.78646068192813	46.370909512899544
92.78646068192813	46.370909512899544
94.94151904935843	26.64136745222121
94.94151904935843	26.64136745222121
87.40324832346904	37.80231412104004
87.40324832346904	37.80231412104004
91.85526258550233	26.784909970099548
91.85526258550233	26.784909970099548
84.31699333482788	37.945856638918364
84.31699333482788	37.945856638918364
84.31699333482788	37.945856638918364
86.49865748860307	66.86162901948745
86.49865748860307	66.86162901948745
81.23073687097177	38.089396206366786
81.23073687097177	38.089396206366786
11.381667013657395	9.138770003083415
11.381667013657395	9.138770003083415
13.492382403846236	73.33370534887433
13.492382403846236	73.33370534887433
8.295412025016233	9.282311045746782
8.295412025016233	9.282311045746782
8.295412025016233	9.282311045746782
10.406127415205084	73.4772463915377
10.406127415205084	73.4772463915377
5.209155561160124	9.425850613195193
5.209155561160124	9.425850613195193
97.23847346874646	35.35350388674411
97.23847346874646	35.35350388674411
98.85255046426086	49.50257261301302
98.85255046426086	49.50257261301302
98.85255046426086	49.50257261301302
31.47780693530035	89.56617616880546
31.47780693530035	89.56617616880546
33.349071723600254	12.953281543369549
33.349071723600254	12.953281543369549
25.881749761297197	87.83506672218151
25.881749761297197	87.83506672218151
21.181417777141643	73.82953903857596
21.181417777141643	73.82953903857596
22.795494772656035	87.97860776484487
22.795494772656035	87.97860776484487
22.795494772656035	87.97860776484487
15.824812680242381	14.90625956317882
15.824812680242381	14.90625956317882
19.709238308799925	88.1221473322933
19.709238308799925	88.1221473322933
2.770656495819547	34.05751022618246
2.770656495819547	34.05751022618246
4.668528545679301	6.089930041993986
4.668528545679301	6.089930041993986
4.668528545679301	6.089930041993986
98.400607928048	76.31769722887331
98.400607928048	76.31769722887331
91.50087312400572	66.9661875372004
91.50087312400572	66.9661875372004
95.31435146419189	76.46123679632173
95.31435146419189	76.46123679632173
88.41461813536456	67.1097271046488
88.41461813536456	67.1097271046488
89.95774636729263	17.53795732092459
89.95774636729263	17.53795732092459
89.95774636729263	17.53795732092459
22.65395012670349	22.322400861925104
22.65395012670349	22.322400861925104
15.443817432400902	6.4422226890322385
15.443817432400902	6.4422226890322385
16.986945664328957	55.87045290530803
16.986945664328957	55.87045290530803
12.35756244375975	6.5857652069105646
12.35756244375975	6.5857652069105646
12.35756244375975	6.5857652069105646
13.900690675687805	56.01399394797141
13.900690675687805	56.01399394797141
7.00095587164553	46.662484256298484
7.00095587164553	46.662484256298484
38.05862665963918	71.95938268257578
38.05862665963918	71.95938268257578
40.2491579336477	84.09026135210897
40.2491579336477	84.09026135210897
40.2491579336477	84.09026135210897
34.981237316016404	55.318028538988294
34.981237316016404	55.318028538988294
36.87910936587615	27.350449830014774
36.87910936587615	27.350449830014774
29.908425798247535	53.278101628348715
29.908425798247535	53.278101628348715
24.711455419417533	88.22670585000623
24.711455419417533	88.22670585000623
26.822170809606384	53.421641195797136
26.822170809606384	53.421641195797136
26.822170809606384	53.421641195797136
55.68043877771331	83.37255761400706
55.68043877771331	83.37255761400706
60.06150427616025	8.634314953073442
60.06150427616025	8.634314953073442
52.567578002727274	34.87078421542301
52.567578002727274	34.87078421542301
54.46544710215711	6.903204031234537
54.46544710215711	6.903204031234537
54.46544710215711	6.903204031234537
49.76511511800155	91.89767782284395
49.76511511800155	91.89767782284395
42.29779315569849	67.7794630016559
42.29779315569849	67.7794630016559
44.40850854588734	32.97439834744682
44.40850854588734	32.97439834744682
29.234769851042326	4.7156059004804725
29.234769851042326	4.7156059004804725
31.345485241231167	68.91054272148635
31.345485241231167	68.91054272148635
31.345485241231167	68.91054272148635
26.1573819826345	87.07425175689299
26.1573819826345	87.07425175689299
19.186699890220847	14.001905030441891
19.186699890220847	14.001905030441891
21.084570464865642	85.03432484625343
21.084570464865642	85.03432484625343
15.816651322449301	56.262092033132745
15.816651322449301	56.262092033132745
15.816651322449301	56.262092033132745
17.998314001009522	85.17786441370184
17.998314001009522	85.17786441370184
46.78563468074507	51.40794379713358
46.78563468074507	51.40794379713358
42.156251460175866	2.123256098736131
42.156251460175866	2.123256098736131
43.74372119413042	66.62700890854266
43.74372119413042	66.62700890854266
36.77303910171677	92.55465923166166
36.77303910171677	92.55465923166166
36.77303910171677	92.55465923166166
40.9412583094047	24.65390251596361
40.9412583094047	24.65390251596361
33.402989058730256	35.814849184782425
33.402989058730256	35.814849184782425
35.584653212505444	64.73062156535151
35.584653212505444	64.73062156535151
66.64232252528413	90.02751999162881
66.64232252528413	90.02751999162881
66.64232252528413	90.02751999162881
59.74258919645682	80.67601029995589
59.74258919645682	80.67601029995589
63.56493465687632	73.38616584804133
63.56493465687632	73.38616584804133
56.665201328049	64.0346561563684
56.665201328049	64.0346561563684
58.20832955997705	14.46288637264419
58.20832955997705	14.46288637264419
53.29515128506249	7.2948446342742095
53.29515128506249	7.2948446342742095
53.29515128506249	7.2948446342742095
82.65005912305882	87.29162767200613
82.65005912305882	87.29162767200613
84.26413611857322	2.440696398275051
84.26413611857322	2.440696398275051
79.60814563644418	3.510692783415207
79.60814563644418	3.510692783415207
81.15127386837223	52.93892152447605
81.15127386837223	52.93892152447605
81.15127386837223	52.93892152447605
74.25153906432995	43.587413308018085
74.25153906432995	43.587413308018085
68.98361992191363	14.815180494897401
68.98361992191363	14.815180494897401
70.88149049655841	85.84760031070893
70.88149049655841	85.84760031070893
53.9340415633447	48.567856915633996
53.9340415633447	48.567856915633996
57.818465716687285	22.78374615996343
57.818465716687285	22.78374615996343
57.818465716687285	22.78374615996343
50.84778362427363	48.71139648308242
50.84778362427363	48.71139648308242
45.65968184089192	66.87510699370402
45.65968184089192	66.87510699370402
47.77039723108076	32.07004233949493
47.77039723108076	32.07004233949493
40.3030752687777	7.95182751830688
40.3030752687777	7.95182751830688
40.3030752687777	7.95182751830688
44.68414076722465	32.21358190694335
44.68414076722465	32.21358190694335
73.82620231446197	20.047852365125795
73.82620231446197	20.047852365125795
75.36933054639003	69.47608110618663
75.36933054639003	69.47608110618663
70.71334153947595	70.54607749132678
70.71334153947595	70.54607749132678
63.24601957717288	46.42786267013873
63.24601957717288	46.42786267013873
63.24601957717288	46.42786267013873
65.35673496736172	11.622799491144605
65.35673496736172	11.622799491144605
60.15976458853172	46.57140371280211
60.15976458853172	46.57140371280211
62.27047997872056	11.766339058593026
62.27047997872056	11.766339058593026
91.41254152595789	98.6006080415605
91.41254152595789	98.6006080415605
91.41254152595789	98.6006080415605
86.14462238354156	69.82837522843984
86.14462238354156	69.82837522843984
88.32628506210177	98.74414760900893
88.32628506210177	98.74414760900893
83.06723303991876	53.18702108485234
83.06723303991876	53.18702108485234
85.24889866890891	82.10279346542144
85.24889866890891	82.10279346542144
77.71062941823448	93.26374160945522
77.71062941823448	93.26374160945522
77.71062941823448	93.26374160945522
10.406833177645328	98.04818367524078
10.406833177645328	98.04818367524078
11.949961409573383	48.476413891516565
11.949961409573383	48.476413891516565
4.766434501615674	81.24155015987112
4.766434501615674	81.24155015987112
9.191842977304086	21.578830092468248
9.191842977304086	21.578830092468248
9.191842977304086	21.578830092468248
1.6535722514146882	32.73977676128707
1.6535722514146882	32.73977676128707
3.8352364051898657	61.655550617071114
3.8352364051898657	61.655550617071114
97.56731578755857	32.88331780395045
97.56731578755857	32.88331780395045
80.69081561793121	59.32441144365368
80.69081561793121	59.32441144365368
84.5042924829024	68.81946365320493
84.5042924829024	68.81946365320493
84.5042924829024	68.81946365320493
77.32076557494469	2.58459992155949
77.32076557494469	2.58459992155949
79.43148096513355	66.77953379213545
79.43148096513355	66.77953379213545
74.24337918175183	84.94324577797201
74.24337918175183	84.94324577797201
67.27269561412322	11.87089757630595
67.27269561412322	11.87089757630595
67.27269561412322	11.87089757630595
68.88677260963762	26.01996482735992
68.88677260963762	26.01996482735992
1.5120290806770988	66.0835698583673
1.5120290806770988	66.0835698583673