31.857695156606752	66.1314135671225
25.578922135210803	74.3469668719388
17.52029969559399	73.3994987853162
13.764328121485104	69.38037049408109
34.52105665711818	67.17716291092147
26.464863199642494	82.69522892910148
5.519766610752008	74.69435484444485
12.275045254153678	92.09869554365437
18.301380255859396	65.50004364615516
10.95074356000737	65.74251639018745
8.463656708030479	65.64216973399392
16.576624349177802	53.42342806536502
8.24589739059203	86.28891209981202
21.2976814374329	66.13612555514845
15.151260272297078	62.03012884531208
27.758076707532943	74.07633314800299
30.31233376936669	85.34712677684574
16.393588655529705	58.83931984822675
19.99222763069784	77.10635827642994
28.390002679021944	65.1914410643128
26.205380440355174	69.85534125607731
16.026556259009297	79.18622638657146
35.512402921328096	77.52117013112746
22.852137777531397	69.49504787208994
30.88693715797956	61.95010110239927
4.555123576275285	65.0197552585245
11.390364099832736	67.85105163513303
16.59957562329812	77.4979568180511
3.716160492122974	71.62116872472512
6.8664228685216315	80.62257349675133
14.258070127780538	71.04079212125428
29.052180721413876	88.27186613493296
26.06304221800546	82.48072540475692
18.767122468637197	51.68946334170661
21.252563599152804	91.44588124538612
3.729278409197768	64.16782327682574
22.687244536211054	89.06867070505466
28.4489971145653	76.44034350233996
26.94422343822295	77.296386441262
29.69628394597902	79.97922024876166
13.80136410327404	79.01311132796364
31.576623339878026	70.54546191665034
9.599108569331817	75.41093790561696
37.94834614315901	66.1028964173163
17.131698773343658	74.31492322195437
18.031792604958152	79.33973059692075
18.990807661120535	67.41561336848847
35.99079976739101	82.8653516581002
7.622946679351724	79.51332098547739
18.23052193148575	75.14490842029109
11.275980541107481	70.1895792041162
9.062176418401382	83.57136320244611
47.23787168410939	63.90840732624342
30.09098363206811	88.98314329345959
18.171408726317782	74.22318475178173
26.7062101722616	79.97448009451158
34.62830942376963	92.38960192903374
26.586728180441998	79.20783819490296
13.367269498837741	70.08414060882106
35.46398234508403	80.44560370125802
17.310968734774917	74.55391586819506
25.423148327772534	67.4457148522396
14.854902894930188	58.50506335636099
29.56762887112641	86.85886153845765
24.908145971732882	81.43652407789553
28.818069150043375	66.98142558167322
30.758695290253893	88.1715973435634
25.750423383052315	81.8798976245181
28.692579025025623	85.85463778541884
26.996842486121942	75.33024223968508
22.32008165621767	91.75548396243785
20.626831167265216	56.5698296697224
20.35631103121862	66.08182745576849
18.023830822664564	67.61222343811734
33.14741715464857	67.59644777365632
36.289925526421364	77.180795562913
31.740374597657908	93.08237696804395
29.24358060205892	39.19453755485565
16.523495198965183	63.75862834435607
30.96244763389292	71.82838437534137
26.18154265037593	80.36016660938533
9.796745854570176	60.576784000155605
26.51406031426358	60.71018951630254
21.221961647530364	90.24316113965263
44.67154737636032	62.78726911703464
33.08152617035159	59.17951233031548
33.33136517638319	70.87893675648047
39.50140371237746	70.55950307491065
15.727111202799385	67.29414793731893
35.960620158972645	84.22260259411394
27.037625368553616	71.901110087018
19.681054573606428	75.81755969347654
5.275041862801039	59.559083221023585
20.900626531353794	74.62256721026657
13.584967336081984	72.16685025341378
24.458934495462746	75.27666477185291
8.184215417481576	91.9035626484977
26.165360668964958	82.19402493410283
5.064765489723111	69.7194441183951
22.56120759765523	75.5940865990609
19.78336988494805	90.08914159906536
47.8120792790768	67.4089690169683
26.00949874514881	74.03590556351696
32.36074572407029	67.03125496724233
12.449606275272648	81.17701593271711
20.144670065995697	86.29229290960387
28.586167282194634	52.092571199051605
29.948279172806533	63.747931961713775
17.86588739613388	88.06879594925937
14.282608381767714	75.66611422672149
46.68156451853735	59.17786651259176
23.1278424513051	71.3361156306747
31.056003944964136	71.77860950977555
21.61406057955004	70.83951219485414
28.770555510185144	76.06376839747482
28.11639087989783	83.91833593607876
9.648587194954018	60.78091865001748
31.281576759991463	65.11965459987587
6.809859393508699	74.50257439771713
34.017206229462374	56.49001907948125
21.575556343832318	74.75598542038173
16.422241205420917	72.33398616041434
4.053640338245568	82.85345548419959
28.818488944013854	89.50684154543221
17.166207841646816	71.59535515181955
16.140643394062245	57.503678902570286
27.26548522828341	65.77086350960559
10.64182297627439	74.99455077046929
17.01066025839728	58.62914084258638
11.620980875973535	87.06026338972356
24.413957691639954	80.67384293104409
32.16168508136792	72.56359209548387
17.691048653754763	70.50356786265333
10.094961842006498	85.38547068816393
44.21860091733838	82.61746894226188
26.06707425969326	69.65609753382029
7.122406120081784	85.39640333625155
37.872513245069634	66.79805675420144
24.59056010653287	73.57369815044413
29.27879090430909	73.81199670168873
20.147387967091927	82.38390819582493
25.794248652613543	77.79694819574242
28.817765185676397	70.51235846846748
27.215225659113514	79.66096814668522
12.298523551232552	66.68802431433903
14.029931185112554	82.45404064606748
14.45940058393895	75.81954052425101
28.33662922085965	84.69351342312571
41.81310225551354	49.6730885317575
27.997956844178738	70.35033756382131
27.623161039108844	60.974085745025135
30.4142212375879	82.82287650341162
40.73657379386523	67.91293720913866
17.43190954370562	74.89902313294937
28.251296348483606	69.76343887422746
19.048286619155142	89.89340977705393
21.4991343277135	81.47097603740748
18.31137597942712	79.74455556674006
15.227009004279083	74.1066182764905
32.15398976679646	88.2151535643136
26.35233958314896	78.9168181474294
18.21510405070442	72.25136322583637
13.744413576232146	74.98685944925606
11.696831297743351	89.19201431904509
29.063967932727035	72.69564766200776
46.607947848905646	72.5103757677544
25.535408496651293	79.82688836718481
29.098779771978272	60.661516929552064
11.831347944749714	71.43156482547457
10.519762235374925	88.42465323310984
16.855768581584883	77.41966849628355
14.077706461541839	59.64588614148198
41.66334204365046	68.3793295387911
35.50389686069986	84.92783755991485
25.79763641561874	67.8569009370671
41.37121854944151	75.5451603898512
25.19040102950472	92.06935531767488
17.4589147380968	68.8472243339497
13.839796446534901	66.79833466742299
21.374493974163325	82.23099521596025
32.35212401039757	79.10616717992198
10.227337874707978	83.93613223363504
16.815020978720803	83.29957291004116
7.023535328621929	62.57549513537539
29.80107233254006	83.28811275462492
35.56435601016837	70.89658827072316
20.962983550107754	80.609087868782
11.39072438436452	95.98833745549692
18.04894128249314	73.44880094655733
42.40929262103171	75.09195053134377
22.154819677327286	66.33894589900389
17.27193981111819	74.68949135915969
32.470730733810605	86.18481927522706
26.959740079317598	79.90512817605367
14.105277195304538	71.68084779350103
48.643434530499086	82.97314465002854
31.299162123911437	72.83245521998936
8.737545490134963	76.39786784744727
34.54860250428433	64.69825861472542
26.381829806194613	88.70286070877481
26.80642599636583	66.76453270405483
28.923372369061475	83.00092919248002
23.485494093386656	72.77286378996443
35.44641221041707	94.71451224956812
31.688947649626996	80.49804498275267
19.87052462485771	74.41274742304006
25.12510882533695	55.05759415647198
31.101674073033088	82.26406936253063
32.799602009520946	87.71651660426694
12.961264907449996	70.936940139774
17.784697762629087	63.886665849745384
19.796048933188118	90.88464999422459
25.398878105456777	82.03210355662523
16.572267697054347	63.21872439321207
17.218029074265647	64.25007316007408
36.00826458770795	85.27987016971574
10.731188600846329	82.3754566511739
30.61145687233492	65.91037291066986
42.70409654602476	60.299600129253065
33.90563397972187	54.17513192779799
18.547804370440517	78.5164287917357
27.042984668999267	84.16311131061646
12.41440927961544	101.01165402794825
34.65034570286984	66.26277294863405
27.019520088941974	71.15738988845827
27.714424864150082	77.19762387548336
21.66768400149961	75.2660059309656
33.18209389483384	80.9336574166281
13.023177081311527	70.08681142949136
16.306608125688832	65.94367694904942
22.86688199470364	69.10877148721619
13.424218375080093	65.90145841306907
30.079152533184757	79.68438920269172
23.35978757433316	78.45862754206134
19.853822947160975	66.95501254377116
18.68610948888249	53.96755078829017
12.621150780364964	75.05315980946382
33.9759322513224	83.6149304833909
27.839896481312735	83.1158642449684
10.392491152318547	74.68945037742623
28.435216746753454	83.00635779335485
26.776412647111428	74.82774025920891
14.530994651306731	70.330035648098
24.40035183083317	78.17819364644112
24.59512713798364	83.7687876525584
25.134874825738677	63.97706856703661
32.90621233906227	75.0225356294223
12.003009059029491	85.10142280166721
51.88221561001669	71.3734752805925
38.72829068741936	71.75586440999626
31.361124458571425	86.6157808824938
21.308329715654043	88.85566189779544
22.84828615764462	76.65570355284154
44.426038381515895	63.92504194605792
32.22260640111273	75.3601061704356
15.01534109865261	86.08156735228764
30.7355791731255	79.79148461430141
15.366463370494648	69.50422068731166
26.303685178069237	76.54819261166608
26.81702775844052	79.80454983637767
32.044555734796944	71.41732414227292
21.482511037643395	65.60511571419117
30.897976678571858	55.29270594658619
23.38443510668307	70.07567075456157
33.81359629525947	53.121254080416236
17.204554105972562	56.09882968216661
39.2676978323079	92.70452328555558
11.446271159706571	66.05525587455955
28.324505132278066	75.2007776950778
30.38921471905547	90.99736157971645
19.38993649934352	64.105652409741
22.14496669415258	56.53870583697491
37.94400326733276	77.92220623623977
42.82449767341052	66.31802256007782
16.874142412518434	63.57918745246168
44.4509870240789	64.23866042517662
28.42036504976061	77.65470262902916
30.018739610458695	89.16294184589876
24.485868336844028	68.9106896471162
1.4624847598293762	91.25625363312152
30.626669359671528	68.62726903486914
16.484660493366047	74.57202929448651
17.800472609293447	69.9967076077595
23.64242462124591	69.4067429606907
39.63304337912484	63.668369972846364
37.22849788909771	76.66228694448642
17.861993939821097	78.80008938100707
7.701976191572998	68.07436727411725
8.069484887348645	84.32025124757918
10.11192643616364	64.3627693937448
20.458118042505845	65.37358701093045
30.359369444497947	68.8321827152258
17.852999189010966	66.88116464846422
16.22229701939835	67.76526761840404
40.34302275640093	75.03009978403153
33.33024540402931	75.53018106483503
42.43324830914179	79.58925900860378
29.465125960707077	74.05066762284696
30.519467047187895	77.29936673495405
31.255945835913302	85.62504007557814
20.270041058610094	59.91729739644289
4.664659199577667	67.13411474720085
18.098373675789976	87.99922466196463
20.937033618888247	68.84989866627076
9.918722424184114	72.33391483684846
24.501577453984098	83.6602387828471
18.98281724296459	75.23020127762025
18.09324836771126	68.73105647838084
32.731268673788094	85.62015369574442
19.418782024607165	75.41885793760315
33.98682337083169	83.09029511375
28.35588238080073	59.60727753919188
17.880020272168792	64.92754201730845
12.051192124774552	79.02725350595216
6.249017945365367	63.81012293186806
13.985407226751777	63.85782167269162
30.813761578290187	83.87098724528873
22.79046346401225	80.72561393963322
12.100977588959589	63.224211980568036
22.561534806032213	62.60632928151474
31.849214111176618	71.03109104651813
25.59391759738591	68.91252577849562
27.358275050575664	72.5366766929319
2.1032421031791024	78.35292888337183
27.378366704139438	63.48270718885311
6.709736468248959	63.03057076365786
3.9814357045373967	77.81634669181344
27.642393110880633	63.94854676536635
34.64093598199451	68.40819781963425
21.014189628100134	83.34008797173487
33.69842972901429	69.10037257936884
43.716033203144875	49.24006208203052
36.08046571158724	55.05501517477012
36.44313686695304	71.25862775405004
19.2544273351655	72.06671693228496
33.169985680730775	66.18921687351481
27.992300080774896	76.25628974808382
24.78516716153421	68.12348822270431
15.739645223620197	74.297378680217
19.770333396385674	62.01483201901725
31.077802992952975	72.6326953957527
22.83431418976004	65.58721073069353
16.060316754039523	75.2102533404981
28.98512214827662	61.988783496637325
32.0259221322018	86.80689673032752
18.422102641154865	14.481845673884978
42.69155991808319	36.76927040687832
20.160050987564382	37.12532924141451
18.11950439873185	51.52553710752623
32.98690296152474	34.40838916974862
31.223968897397594	27.78637841425469
30.171374748455126	26.721687382254135
29.912044820653563	34.42499713426494
36.42689197392927	28.9921010384544
22.518936276372813	40.54711769460212
14.353749275403796	30.716221607043764
45.255967995131186	15.182126504043604
23.844992294907357	19.00613527253806
30.890032112641254	45.13728433490618
20.840271245274334	25.993005722879964
18.880688384435217	48.69591579690379
23.767889906037826	33.24133555520966
36.977825684209726	25.825999369493843
25.297899536008114	28.593179117160872
22.99497198260835	50.7626475779067
24.34085109802176	17.315435898517784
27.065884849682256	36.904600355700396
30.519712740894455	16.525553234340876
22.367050030773903	33.66705875213934
17.335199010793314	41.06025191576503
12.617170860611473	30.44590723307993
17.92572222197879	35.75453840487435
37.78954235938896	12.021225214696447
21.23764231593659	37.289054433170506
22.363349982346744	30.417575968825687
16.93621187547443	16.67941738402029
33.45812342804598	28.274875970290818
29.34838383942763	20.532187259984344
25.350436940498867	35.60513384531596
31.31009485628411	28.065563880879537
35.53125274336477	31.364204862345858
20.603253727870126	37.83908563512641
38.64220656010267	22.001874201039946
20.959201575622316	18.829311166623672
19.27024422648364	36.88099458812144
18.372622695738528	29.024220854138424
22.277127902737245	24.57898963020712
38.48858089533071	21.065085484115002
29.5576979308314	28.8473768574134
26.848525639750807	40.54112489182651
22.239977070391653	28.003704729382626
20.65372281365142	25.051748693480867
33.10540299494393	12.84852392177211
34.09541467209204	20.043942596822575
27.900320442538863	15.263658627797074
44.93463466537442	40.993468119227025
31.194813825397283	40.78626832077281
26.724467539275093	27.81497161217205
23.333550244520666	32.9254138473475
20.584716772875183	53.22800785322373
15.754166549894622	31.49963817870868
29.29122936157975	37.092685657697814
20.57755606533686	29.6667357860435
8.100605144508709	10.791069846293933
25.310145907009307	32.346422659285345
43.25783590585529	28.216154947396024
45.63349446112794	15.826063239004155
33.48596915894832	2.1166320921161024
32.15863552547344	17.357534802639268
19.432237624385944	21.61605384544041
20.831009805266444	31.77502702921889
31.643776599046394	18.48940136445243
15.326339405606822	38.85871422094874
29.262708888087143	34.07884826256799
29.9620199699729	29.535325695661736
17.43690567564744	32.703753916690225
30.05653345589386	12.278246796224249
39.34097423658817	49.92845122580922
27.807513585228275	27.062482597975137
36.62556779159803	38.53872036316962
22.609380185055656	40.877808668660165
46.00085675181231	25.621470420300515
32.444569748953	38.88858562122901
10.158599337452637	18.990394788741504
32.1040713714371	34.489000370344
34.420930127979574	40.04060661934591
31.626764309486582	25.954029471207505
0.4160208525589404	10.26748231111872
22.56608219269828	19.30773753801045
37.81994106956833	17.741930862485184
32.74615618670595	18.58659282420289
26.818038228076574	11.18649657125474
32.31719501093676	24.5478448945195
36.01906722978539	42.15058360552947
32.97812810505171	21.117209803346462
34.250947135279425	32.10765497436441
31.503093964883583	25.336697057345436
36.33167308105784	9.578948897885748
29.95080603605867	7.663575115966481
19.43313310971639	31.71556035461569
30.966966732315043	35.866597425316144
13.44414422054185	24.385144436558765
30.340035376726888	31.27253494623096
19.67861783812997	26.82535357405566
26.403824323474158	26.233708370407957
17.163823744657584	49.5209581985731
37.032965146603104	20.49298301087587
22.693056307963978	37.1171089334332
26.716317955358214	27.213105573231516
25.900848484716416	10.639208931586321
19.752314733098906	35.634914369092385
12.38459246342291	50.987830975649885
28.704938541579576	30.06373569851675
42.566497161092286	33.99011483385899
44.39056068385135	25.4548025406503
25.593393960142585	41.64455504191139
34.43013876854257	12.248259137757163
30.126179034654413	31.006805396734645
33.857031824465416	23.147571798080726
36.47702659740314	39.601035357570886
20.452449576203826	24.096943461328618
30.287206826836265	28.641031688555756
19.058305854359553	27.828698671027617
18.264740564453383	28.950562642132464
23.368556021342364	37.77686017449793
31.944497343779766	48.07281553662746
30.330030288562746	5.841550134198965
24.982840271007017	18.73804324006459
26.97501976560881	34.93917872189362
23.581249152601362	29.762456822190476
26.507873061087267	23.169847155332477
28.215459643949025	38.4404370163063
26.00093819009929	32.24953188733122
22.17629789242594	28.91755844597065
25.87517061565142	20.23136363806149
17.66042452345305	20.945035255981463
28.90480004681764	32.768993557305606
15.85578357621578	21.89188100137599
26.944991664934772	30.658504217785495
41.739840375023704	30.064530226453805
31.404555938245245	31.8226149509811
36.68410309655181	24.239777606062713
15.94624103437683	36.102995849916866
21.58466484362579	49.39809807572786
20.061159606765635	14.485453193597095
32.40595115186798	24.677586127434594
22.263282112816377	44.57236854244939
18.702117786106065	25.149573767665203
37.681922456233586	43.32901984388929
45.39125875407339	24.26073511756049
32.40487410532995	21.267398357974166
14.082361864152897	31.59029806510273
20.084810868465986	26.3796677712497
21.852564222862988	33.53864872876518
7.369295309618106	40.760504577598425
24.57097756661864	24.116535288749503
10.263511611105017	9.564030914150173
22.867810493359755	32.46925198186745
23.78241761088179	15.237742337679881
25.698852427083004	47.75846115754767
11.877364747370136	25.418588527496713
49.75870022310563	34.818888986090535
20.96084365564255	26.853859696873855
25.661560982903282	26.779824309646994
9.155196095099932	21.813889416183894
36.180573817339535	31.475991845434777
16.426641126986624	31.359162644460355
41.17248232365334	25.415625906593036
14.135049659339039	48.982115866362236
31.161740727776877	24.475177136013144
19.94453443138011	32.260207761907246
20.846777974051417	14.313132570234275
27.41416305356853	17.70143883412357
23.474930096816447	42.10840962689877
22.446281391254715	24.97655043448652
9.245628703703408	27.827934065092904
34.449277032901186	43.7286407557055
25.17918805503269	31.159130167250648
26.142382874727197	35.80235303192069
28.65028854821934	28.623357961732058
30.34666519459411	20.997567055203177
6.385456878567137	29.062300103737208
41.047125951314364	35.941264113290906
17.49123415783059	22.717400579202817
27.187854239010786	32.852105762305605
39.36665652087705	36.037591972894646
32.66711828851559	30.745943521404218
25.84211657239674	33.34566491658036
18.14865206868869	18.422933081659398
25.709235075162834	35.32565739380198
29.069455850838487	27.497447887832035
43.169674701692394	41.46017316608695
21.17209835953647	30.083583881798425
15.83617400984193	19.282597390486586
13.032542463068765	15.118498219685781
24.60861375318883	20.436297882886887
19.26584935999628	23.520270088531436
27.51905508632645	28.962309576450725
16.204721052952003	21.63647564404151
23.023264576672748	27.691948337129745
9.235602141809867	37.26505052086401
20.72228369798014	29.160806812225115
32.29850299881476	36.70925278643538
36.24419011914106	15.658063027958748
20.17154368803077	12.040622490204992
35.401619717118194	26.380896351589072
16.373990093988468	36.62827475321692
8.416375687221208	38.84553620046241
25.17128252564764	35.58392227231002
24.26140481249698	25.2999410260688
13.320894258732926	28.82999053200168
22.281399669268755	23.85686374686638
33.6776378992196	37.53839574561065
26.91697891207592	49.550423186833015
28.194232363681234	38.96129990088448
22.84608058874871	18.32678912417655
15.181693899646893	17.443552578770586
26.65025509342191	35.413300946148695
17.1888565950861	31.031897378253205
25.91990389879777	12.472270826088632
4.475544534917844	23.283931799174628
4.1860700629235446	22.469551391619326
21.256334737589544	12.05400025495815
26.693461332148843	27.245448526930268
20.34351207754121	17.837128083157673
22.187547632894795	46.49452650407429
30.411276640458606	26.946924645981756
7.537672107263077	26.721706899012048
32.09132488029496	29.844651943815407
23.637829833920136	36.85652289937287
29.032824212540802	24.64895323292078
14.128880008317136	19.740756173517383
39.399440020156135	26.952505606382847
31.24625097668612	46.80475802470872
27.919224347652687	41.9273105872901
38.84267569681532	24.80556809115145
29.42135014971856	23.890329006486184
-8.120686952951196	14.806213653212119
25.757247157706622	20.684433641494074
24.728555568284865	24.177230982415338
20.511376259886013	29.442976738395483
22.312803216262765	40.95546937539494
9.705677499742183	12.727036976976486
2.868742215508675	44.22944305312231
36.33476904246948	26.47453849995342
19.738390188106035	40.02820008581234
22.015202509309958	25.70280610661312
16.65139501702376	23.18393037344035
19.752655526576373	42.028460943607755
25.34310704800577	37.78043036250991
36.369050694614685	28.697083041805485
27.771106467986026	20.350995159229306
31.48427724016061	24.05765192001094
25.410728371247284	25.31944703298378
14.060960848878311	37.99451250679824
20.650919257792175	26.67325465249283
30.415591764345695	36.955027185849254
26.907790878448786	25.083569097664572
22.028674256638325	54.740472537190904
13.557414055386884	29.004667706931926
35.200331726742476	24.24296416224434
29.69052858457531	12.43570201604857
22.17825493064864	32.11369988661966
21.327096409468563	18.917085108309706
9.70850032813462	11.199169795368505
14.166108781835618	11.931068235463577
31.238427230295407	6.593377949409902
16.339690923023163	31.413376655214886
40.32010576417673	23.827277407229484
22.022816987926145	-11.282131476301945
28.683435134311832	25.120997028335733
25.172906363553025	21.641086611341727
31.65664679562837	50.68691508795051
36.6264279275078	34.37570045308448
36.01318492916482	26.208300034273062
28.83511414697548	14.24043269742787
37.81316118009485	25.45610448156135
16.122466474038013	13.147074784807433
30.972741752149048	21.408312231933643
-2.5329031418647077	36.711762060492646
34.911889732852934	22.879365489399067
19.321976805688063	38.73958363660729
14.409262781912753	33.40855592533332
31.17625921796895	32.88592140856917
25.29224260842452	30.80098236624296
12.69526090353014	23.381341901679697
26.534027531194962	30.026604008544844
23.868279306644197	37.80669542699555
22.07893475301153	30.31929353670499
24.34956547342959	40.2237785171107
34.70105553448636	31.985506100393884
26.829960860216115	26.31914077112735
36.844039454774205	26.36050615767334
18.453701908721122	6.402762752524062
8.08370083208705	35.125840849637676
22.092659166372925	29.02345859996386
19.75255060903249	42.043069739696236
13.030467241596588	35.768858651309316
26.592342958643048	33.24167867694757
6.109361051067992	26.945301971104854
24.47499459674682	32.65344221451504
19.385147377984953	21.88291953408626
36.625660286438354	29.560814308316246
20.15014235847868	37.40667815210746
30.12837356411486	41.542944656016786
5.767286871975752	35.28240431102891
14.393210282946228	36.07917228047232
21.35273357100106	32.537682526167444
20.832920681020436	25.757138814977463
27.835953074683534	20.379671698161072
8.14491977039766	29.67175501231459
32.43234641572567	42.99822668028828
44.98165309166588	25.132697908909883
42.516169677984564	23.791278033023985
24.751123425108126	32.589104160095374
23.60231750146864	17.915680785791146
28.685179989789994	19.09648210188613
37.37994721403116	55.33720475514701
30.06084252808108	22.922546179898035
28.26380136904212	29.19152692590039
39.38671596335823	35.518949570181
14.25843542389368	37.66222117943792
23.569743912970335	10.92963871800199
25.48631927118913	16.68175426588454
24.33246290776494	42.320919100323636
20.863147348471557	40.60415714066417
7.9936939843079	29.891187095980236
40.168416471363116	8.536524073784033
13.281603051598848	18.2669792658794
23.271986842145886	26.667700918898838
37.68419736993603	23.237137800225288
18.160707452964264	25.28996406707467
20.269518118453085	26.477067531527
13.364950799411938	22.910168160127352
29.96263772218901	22.113454072863266
22.711644880509994	14.795138281092802
33.34883450928339	17.195577158226612
21.162851833405572	32.6006750644664
39.960273870403945	33.976581172339365
38.05100629560415	33.5749667130351
46.61500940526071	19.268995377613457
30.253938891411835	27.806166181683352
13.819040014540947	34.837481114804824
51.66085603498809	43.97772664580859
20.933280137255544	24.638271166798816
16.577192562229595	4.881092174014704
31.415056471548922	24.15326144433087
29.983423285023544	37.40057131233648
22.926701488556553	25.986253738540146
19.135016134206694	32.64787091808052
99.56802220362111	33.94155218693871
81.93880971855519	42.61754323479777
65.97070392095839	55.30221650064922
60.92766233028464	43.39214768047711
102.33515594109564	61.86644731788705
74.59270619559145	43.66094194610025
81.01804181486418	62.732707010004
99.75990733718305	51.51099632378179
74.1827365221899	51.491220824222104
86.21206272381423	53.565606614101185
86.16420894347485	59.7053746826909
88.11580612752337	47.456045331213915
85.52392117506633	68.21528081091985
81.99967899595808	53.11699711160644
95.44917783477898	62.86199925062878
78.57003576295513	54.44881560227256
80.00247065035906	52.62815177795433
81.22368448701137	49.56000298040365
106.8122480309776	61.825241965894186
91.02360925596635	43.94311190423016
97.03147862048068	61.78150775877849
80.4936886342889	62.425813572893794
86.02602029134567	60.05094256556381
85.91260955036984	61.50536491234237
96.24395799624384	74.95677117872685
85.99712422825802	55.69634377097453
74.59804664841238	71.89315723401546
86.38594453202873	73.09758720776256
96.09679045117414	50.81784879884726
78.59420444707898	62.040079559570714
94.47675495165034	56.65996346076787
91.6123052557341	50.92918852573449
66.59132405896611	65.17880451828466
93.49455606910247	79.82598138012014
82.19426370912197	39.13759620917486
71.93432795507861	60.074157302965
91.31956945737657	57.08841725922499
75.28229023977755	54.38289013506095
93.9069278968763	36.51096724542656
95.68857955003291	54.50108690917525
90.45015568676386	49.38014928515655
109.22745672320387	49.6831390903235
85.27399706690217	54.634155284905944
82.05369531494031	59.69751314378466
85.57518768578973	59.75449135508162
107.1530925017522	63.47963603684945
89.53741639688222	58.95914414884418
95.88275447712158	49.68973305374993
84.26952292404452	35.557745829703975
100.84747890598807	56.23847852490965
85.84770249503589	57.39968572609833
99.59730389285198	54.008457563495575
101.5113892305103	61.352486074502465
87.64176636560943	57.715285667008196
76.00336676474045	65.90250037640195
83.24671074252477	61.57653584056436
89.7751941657646	73.43988487833971
79.58342589765023	43.09632654233947
103.77473840465386	51.3806298468409
72.32851229520259	54.31846682392572
108.90517666203286	47.6104965667777
95.12950280654458	73.24605394268733
81.9531170609379	70.71261225464484
89.40819921061657	54.53431493818158
95.31736857323513	38.10480369985401
82.80119800482089	63.319633933658594
79.82620343445876	82.6742386425644
101.78991410343441	71.25311490888102
76.33972078896903	50.07970297441764
84.5071000675644	57.82670067800949
88.96763266341476	45.82256919671875
104.050591958473	64.64340840334327
97.63109252941794	50.208774722203245
101.63476694901364	50.970675001755026
114.22229522197708	60.84734694579224
92.60002320231723	68.87582789164348
78.85652635783923	55.08413668273066
86.19028737080995	51.37460348404889
97.35564857624196	54.19957320963644
92.78851221491703	61.60943167934125
92.18439647729524	65.11795764580923
118.6914466196418	47.287473470126145
92.23807707599742	63.02160375170575
92.45603579018545	54.73046139391129
96.68510288727855	62.21090098244332
86.62774431766593	53.7663793435995
84.61117276534014	65.3754737554363
83.34387944007239	67.85818096802916
94.29999298635546	70.61978248768602
89.71142892438367	31.558504747034878
79.79956852742296	52.06112962614651
96.19877045056452	53.943357054385885
91.7989816614109	60.58154315743324
88.6726027128742	68.76981301464004
84.1312600259821	48.77933658368958
97.35492660116023	40.42013778852103
101.63795725363245	41.22673889534711
84.74943193409777	58.89896717421936
100.09020465418482	57.43434825409948
80.02908382283253	60.870804982309586
71.82585085789324	59.5476387712386
92.01071551856457	50.299322712991604
79.08944848230708	42.82193004171716
103.38754659161481	61.688897566001565
88.77355297877473	66.64832538328443
97.43915135796155	64.59607544007018
87.3472892503718	69.07551018567483
72.98452535959512	63.048634647721656
86.96704357568022	54.62528266940271
86.81782056745614	74.87220638567146
109.8424047029703	65.52418011761806
92.4057499878363	59.55576612932122
99.77182847609485	62.73944821155744
119.13795501931102	47.045911101078474
75.87593872633305	58.954914485306496
96.8754347888947	41.81053526270223
91.67655765312186	71.74220657262394
85.26102274219546	50.762564456857426
81.65598794029731	57.824785417935864
99.55261890591225	45.095305669131854
91.68813539979823	42.4559872291488
99.01403296959867	55.05184029059847
79.61050754678739	66.34984441002354
94.73800370377266	68.9256440266349
80.28431758223391	65.56274666292977
76.96313835938146	55.3861153325002
94.10739191575664	58.700257688788376
101.5073291491469	56.75165200982495
81.87251513098178	61.33101853898956
94.70884987591892	48.44115380336727
84.25290474618684	45.28281647631787
82.45631762504931	53.12160363913543
100.51199413356859	71.49844043159491
104.98850853700367	56.82649890895556
86.08136815673869	54.99397054362728
85.20688079275676	61.51698808245284
87.06397813349035	49.3001385774109
85.18435113053219	54.00247510926778
104.32483469829543	76.7140955602267
106.96677405271504	43.14952451082806
99.8273589131773	63.602161283365334
95.57481394721529	40.65558741756797
89.91928412437949	51.42489620638497
82.55901445550144	47.70241904971484
97.78192927914091	70.41784611813449
91.92019582084242	59.558152361537694
85.76713176929611	64.74737089694321
91.01137298749205	63.13786281341588
89.82066836115916	53.53446072027127
100.97090608505529	62.959488123859266
112.0771054247372	57.46912729293739
64.20497291382553	62.08899533387954
81.1482777047275	69.37512433078895
97.15162795896163	63.220598159264284
98.92031562767244	60.16288928111756
83.73432618648941	62.801938864990774
88.9797416002786	65.39051891228848
113.41171024223098	52.61148071382261
80.7564870540889	57.17276468976852
89.71800897473902	61.228891638763876
78.29369092683417	78.72533535911712
97.01219090851805	61.05253004344203
92.37430766593725	52.56129302661898
103.71138623989282	65.96663031207862
82.32262010850567	43.41873253453459
92.63544921792386	69.12454184716313
89.6300200036299	44.45864218794719
72.04318878142696	49.97265609335179
107.48752814124549	48.47443066592514
92.9945957820821	53.28304306794522
93.49859915410202	70.9239789140805
94.8651327966526	66.56618042496488
85.06771365432472	66.44367900119438
71.2387524889778	56.869977873824766
89.66556528384423	61.76380656776806
112.13678816310197	50.17140590324598
93.42874678045771	43.98372011423727
68.11821097320819	39.19810884579911
95.08875417165194	49.82085243452207
96.39422033598446	44.551853043178546
93.90878603713358	52.467503502275484
82.8252794078934	68.30748892618725
86.54244083871916	39.98834694450207
98.95701958001	43.877293056730565
90.4906939648605	51.487978317700005
92.76131013976274	58.94063207699873
97.56006814369222	68.10227319388828
97.37217649906947	64.13814490081776
91.13345196154978	62.62492240680995
94.8624935587627	63.79410733475849
99.74228859199607	61.66231398859466
99.1974487045757	41.98778688417309
84.12251221302294	47.25003900226591
86.42962038778137	55.70869961817334
93.33423417516302	54.77738260188095
96.0687385236362	54.56635499857605
93.68238341931041	71.05918746583252
82.0420670092691	76.04061888267307
87.14774470457897	67.58624700667893
87.21613364406291	57.82946545316815
89.54939306196837	75.35019467769331
90.54918541099599	36.859702928351176
86.50910394640098	48.98117676150201
76.60656662635995	60.9300826279641
95.00573756465778	53.64532709220698
111.4544287044898	49.492745946717015
79.96208474651469	58.98197192148467
80.30947848378986	55.551637547137226
81.9912273225458	50.111555193747165
106.6765813004658	51.65021143309645
76.03432724898285	57.342885125666534
83.84588040391877	56.14436243905843
106.10946301504516	70.2850007281219
69.52865869465607	64.21824544563025
87.71201931078922	63.98325980802061
89.88068275809798	45.28821199941076
92.08163543478717	54.34554547116158
97.45332978149794	50.01075361008031
101.24921380592562	52.61434940841904
94.78105067598705	68.53300782335639
93.91185056249218	63.513336372524705
93.64941560691027	52.91268056906454
93.05872630019482	53.388194389615485
91.36420243585977	69.30441541563512
79.66745492549356	68.08314659133733
101.9832903155358	40.71088885212349
95.62902611787277	49.40132469430672
100.60002518903174	60.69744739462729
62.79459517216682	45.18539431314882
87.89546060516604	63.158945734593786
90.18436523203627	79.05999250396069
64.84165800110742	58.38568526025227
94.29437660649872	45.11800148395197
94.88000719990018	73.41497365931451
91.92394478766445	59.44442707137332
89.90883591882152	70.51797673971643
77.2518218604923	45.50474847183102
89.46284841735539	70.98296948719651
103.52927649563017	61.45198983576823
93.17701036430601	52.72006862786983
94.60839470968165	74.37326299018368
89.0083079584836	53.25445490718949
81.81909963703147	58.0032147380668
89.73445346149963	71.02345281864685
87.36563945957212	54.48985337207987
96.35787123544387	62.65553572593425
107.16953755956335	49.28923970766796
81.56771321530789	66.15423974100803
98.0399181730379	53.750496820552414
73.08504324721649	62.779747739598875
81.33840943570392	49.82068337412423
79.55930848425943	54.52857335983163
97.27363514743655	59.27678001231238
83.17479562472543	50.21135126987889
112.25615597101869	61.3185840141824
76.987035435103	58.4043819036069
79.61021467675548	53.515161004772864
101.65312566218996	39.7082272318832
75.23910652640114	65.46713807625468
96.32011907863323	66.8798852063903
72.5031785869177	58.5489681745309
100.56229049918895	65.61327166352224
87.3986530751905	59.84869737659588
91.04490801940567	69.74750626280189
100.03868661177268	52.122281723081954
82.59566867864714	51.321129730893674
90.55818213298943	61.55771329794632
87.34323706077699	67.61205549820586
97.85394316811148	51.209507748919705
101.9985901741673	57.35529480557475
112.38015930891002	58.974385889096524
83.61646042129733	61.854477264709814
88.78335629683642	65.96510476612548
88.46371007515683	63.683656173426705
79.1439417674705	56.508684649424595
69.39337287520925	62.267130215755984
95.21518853584733	48.449801682446676
99.31064935642051	40.73173084200036
97.79622985195101	60.8890046500826
83.26923530778484	70.89442506113042
88.07102779256937	44.15297946099767
92.63795853351124	55.628460511851195
108.22295187406873	57.584631090854145
85.76338226315525	50.99511892421576
89.76312579142638	65.70246038189005
90.71222326390871	46.68002359042211
103.87974841874741	44.802490000706726
89.94680138312378	28.08549476029324
89.99455687291754	37.783873272396356
94.1112241678565	63.0626412281311
79.21111588864454	61.064528097247134
91.83411024691671	52.991385579886085
97.0719022283988	76.85121414223735
94.25319238518323	67.43981071339105
88.42033349812483	36.82247208339714
84.16554165389637	53.7007556933365
92.91249759530257	51.03306656370651
82.63126292626526	54.98988033426481
85.24616076047893	71.6170250173712
91.73148093103347	42.03981191521805
83.94024745249226	47.012606837975696
82.15088563443318	78.78253486268726
100.80035608734839	66.44842989464638
91.07334415683336	44.37501468412229
96.85023145052595	57.72868434896039
91.88332793670484	80.183766303233
96.38942359016126	74.86047769814078
101.26371994144316	58.12486261226671
87.84901144283059	73.68640042567948
98.68262176416384	60.83730017062135
100.22320207462683	51.4786932768846
77.78858188788692	42.80809972621331
102.06723419322942	60.95191956039435
86.17781016653686	66.47775527109604
85.61120093963042	54.22249932880935
85.07701877703676	61.53190953925609
72.6287635238917	66.43408473245474
89.36339572067467	45.957211975071665
84.84879205829873	70.6155580709343
95.05791145426896	43.9696175218607
89.40617759850149	62.034689286811144
78.2116788531013	48.567434916817305
86.33038966024262	59.82419225353047
93.61298052621376	74.72305722337487
88.58715970026692	42.97579714017134
91.49182249301643	62.38170458277325
99.02160197099407	62.14530461814443
90.3688330682931	55.692568536542595
82.38514559741016	60.08657036940575
91.89220857733827	68.64080482644827
94.41034226238028	58.11113722648722
80.22314129379808	28.929073531477776
92.4701501863976	59.0935576807904
109.53618490910635	49.44593900351832
97.28919194606752	62.37386379384083
91.12649132472417	40.895034093790585
86.40498552558518	55.24106568360129
86.09966938707021	54.79739916615568
78.43529539082355	54.42053005242615
102.68093182880308	51.94462340239214
77.7434187165972	55.22029737967488
84.61119417136624	59.4908884124709
90.86837911050246	64.99668510443533
99.97629099178071	60.22393343584718
97.99873497704797	52.45319486655261
81.97056005557344	73.15214166713547
91.0964334760074	83.63971339749236
78.5635375515336	89.61661466392601
76.66942928983158	76.3425414129984
84.98144827340109	57.575289983879614
97.966844999155	70.29304627288595
81.3455311369927	71.18716855946536
93.9562799963744	76.19065086854428
79.62879835278622	89.53341910384441
85.88605818895952	60.462760668354775
83.29112558113901	59.15439030024103
105.66668134174628	86.50526163615474
83.34634441929212	81.73070093346568
89.86139879159728	86.69222570376759
102.95529375647294	84.12414498049819
66.09265428804594	71.33305189924953
97.87997807435228	58.50918794814922
113.96911003876977	64.51256883746656
91.74701929317614	76.71260700634319
111.16506741555094	51.824331672192244
85.55129910208191	84.45191767535911
107.1650340225114	83.36693766315798
80.2377973294477	72.09187639070815
88.21460926996649	76.20423710722773
89.34794747375145	74.91201350497424
81.33154733377467	78.46032324532433
93.71606267144662	87.47798202285009
82.6762982782757	68.42159856821173
69.02326434862911	74.54676129156994
79.68550058679665	85.7473155583098
101.31847264170084	76.6472696118108
95.69523420822033	72.26386214025139
106.56252202708556	83.02196972884144
88.97563031177033	59.40238541363526
85.75592213937236	75.45279949065828
91.94382498483236	100.22240828361628
92.95771772208462	87.0165368598878
87.31455474164007	84.57379626849759
120.4260184364943	86.38875674637384
89.13250635474718	61.58430049770463
105.98709509275614	80.78630953066353
103.84789665761178	70.08666945158596
84.11285193459506	88.70450677728606
103.75789017259811	61.296772167427186
94.4541321449493	87.24181332248793
76.694565608807	90.38017104236181
84.52879390365237	79.72365623480307
101.36920542381594	59.65171080749113
96.13950452921308	90.06496768260696
88.67242946055278	79.57743801035002
73.54828020009438	78.91163035853516
86.23141511073572	74.60457801217068
101.19318064474506	73.76521231179944
85.49879242090363	74.3810550926071
79.12002094792298	65.69552050111092
87.81794399407292	87.34605907904881
94.8241642222934	87.4228235503459
82.98533751881202	81.0814343444171
99.09603526528743	85.39066753754814
91.16479419618369	65.27422076192724
89.21709704974431	86.3346300546513
81.18088805798929	77.26753764452482
83.57173966203855	84.48643803751915
97.80185057543781	62.358640491781756
76.18207018472884	97.69583989707935
77.8358397408748	61.22101665329181
84.4802944972343	85.00539746630776
100.99669575642338	56.49643936722863
105.26720847859542	75.39864889155827
103.14426581344658	75.90363113226795
86.5799794625986	81.05974673361483
104.95153596235029	86.20231073049696
80.2464464655491	89.60570240374095
90.25399995355849	78.95105490272223
75.93777390330274	91.36703484665827
99.8332986812062	77.8148226992891
104.20760237166891	89.92156046771233
106.55043182852287	94.8084757474983
75.6038841024669	71.49370762833796
95.25409148078178	71.80351472368072
89.93009101304183	91.57097029359356
91.20993564016	72.44604650379166
74.6953187828066	84.77509449707479
98.59730006343588	98.01689540588985
97.27383591358536	81.52164305354428
112.40032704582589	65.20559656920204
87.72968549804635	66.00592733812724
104.10979211198116	89.93465065591715
110.1161315038461	85.5447883935706
92.3764459786559	83.44817392960204
100.68764038329444	85.75684240684191
99.0663446276913	74.72380963130607
100.38520301209324	93.36355061030767
84.48192683379517	71.84041158882864
94.00398509787452	84.94111847237166
114.10313694421829	75.62736301276087
94.76118926355599	57.94329511231197
91.43035276510143	68.29204236436676
107.43309451042947	77.93138191350648
83.46441086994987	64.01260147465369
86.38654429730299	86.41898957270436
89.52326635591429	83.46918412632802
77.54665968869018	105.74681276900787
97.99338928112147	66.42198688757546
82.8413362904694	69.34396761061983
108.50420910264157	84.07551655040494
101.35522113023922	75.01636407135979
104.51831051647211	77.36180059408672
85.73439050858961	94.65635291209296
63.37630848989532	83.16728404685853
92.905978690319	62.97991255980785
89.50466365748328	88.52282690412713
100.80892017889055	75.09559941162327
71.84852424069209	78.01944810746167
90.51843866422116	71.92555515264937
78.8339913011519	89.1747685062164
91.47882785432503	85.20606977287679
88.35184004866197	59.95337224461558
85.49928986387037	85.87429721210592
95.3963487554833	81.54365731191905
111.4300014128068	63.43136636024825
91.3742297677615	92.93340432571252
89.65626544601518	72.45378862528032
94.96148925414036	65.09304004927023
74.4184570866498	76.10431447322888
102.9744981230123	75.05245454865977
118.72855818836241	75.15092738971586
101.54856753004593	65.40181142121706
87.0165560005697	91.46610284022341
90.78170942399275	71.48618754641143
96.30704790138088	70.13362473438478
81.7973364691823	60.58229968447867
90.94423191238442	65.45745666366348
83.49190355793019	77.54274667525172
84.37563492676283	53.155696282007156
76.58715642367896	75.319599764336
81.40786499500828	70.61510233348258
87.52236850281889	81.16484321980094
88.67435239434451	89.87883763821436
90.19137755017739	64.5244882178017
94.26138707553982	67.62945494403316
97.29181832815726	73.44230297625472
84.4588470899267	78.84766443649201
89.519217765182	75.21538619691167
101.96530198979193	71.03558391713116
95.17870156614094	83.3323953891868
67.70587086790512	80.6587420445497
90.47764379980296	60.66240519824975
96.3562837261843	68.13490823052922
96.50763632581076	79.43704181149678
116.04423382851593	71.94294167204698
109.23103834864567	82.2672651292098
72.68853588176097	71.87919832299623
79.29339380126689	86.68358994894712
85.5171797079795	87.72196934888393
80.8726938588097	67.04498860304041
75.81083119201219	79.5908229038275
91.67603445436907	89.63163215741467
95.14414805973477	84.96019684806683
87.83841108562389	87.01657016307483
79.11542890898191	70.16143449666494
78.92635589372824	64.08184351317676
89.90948849573908	76.53619344124111
82.8505460157455	76.68788337898684
92.01105533077404	79.2273532055704
91.11845892554462	69.17156377405064
87.05562046102882	81.35512787911487
78.86051511031584	52.51146125225571
97.72673834157439	65.35702998395665
111.67449513266344	71.424227863562
92.55454335407526	83.66567883814557
86.77865593642689	79.47447117431945
89.01660441530676	50.48632071673148
105.89156260035524	71.7590956455841
80.95932142865337	75.49640712415291
90.50192436222082	79.81868924333892
74.82921436159594	87.25748540905661
86.27749482192085	63.35560337983488
88.0789609659692	82.7781100358832
75.78901733455676	62.43139094638196
104.1936819157395	82.91084277380745
92.81939316348831	75.83918439891177
110.85253232468946	78.71395974767283
82.50454824503134	82.4360634042285
102.0839624586345	88.54094607877036
103.6238920610443	73.85514502233838
94.94002433460152	67.58562010747315
99.32589696164757	86.42272535769112
99.74127224997555	84.29068434434797
93.41343340495798	72.57303492917079
98.31461304224442	87.08775282297972
98.55990576934117	83.7545325570228
89.59868311291636	63.063697991362915
100.91069206046211	83.08047032826232
102.83110034804051	70.80430386650895
106.64079344977205	66.96115691086042
84.92076679459448	64.95759205820585
113.97698057146489	69.07444418084516
91.28055927392391	85.80265278420346
88.93009873866521	86.43480599040325
77.0764493679396	63.34573943600666
93.56935963371336	88.74953404982513
58.37811279389744	87.065879072045
91.83143450096568	68.58654598682814
93.0136886317431	82.66641224539006
75.45882648125493	74.88893647239202
93.96627937719151	76.39501885254487
85.1143229236358	92.00873311115323
89.2288762870494	67.0824101611115
91.97432941822292	65.4409087094875
80.9463410277123	74.5018199077337
77.24692901968099	79.57291322219139
84.2618859818217	96.57093321558905
85.92101390871632	68.94738891945238
79.30675628745992	76.92248414320696
90.4299392791433	76.76144548005318
97.70923529120986	79.45482264853554
109.25683928697308	94.48246695827876
72.7014141970539	74.56266348450177
90.89959861379391	64.92750856434641
96.8445399198084	77.36145559022341
99.86366408092262	74.31778260875981
93.79560581330121	70.52261555577185
101.93125842006938	66.9220954727164
89.77552011911828	60.25390355387408
81.3042719656729	84.13114837060783
65.96132118196438	71.17926732625523
95.31193819204769	80.31182415812795
85.71562031938774	65.56864690977048
79.6396675427327	73.2529692092195
113.23234121812612	64.97652120351317
78.69438530131755	75.97871654859217
94.79577788135136	61.45797459744971
90.13373192700166	88.1838609647235
90.75875211737329	97.06314362339359
92.27708570646186	77.08900709273848
71.3932836448549	74.70299838521595
90.43668494384514	91.53799236201296
94.51756770445189	96.41779711797697
75.76021634678546	78.52281701580375
92.16085404628163	78.35571573131774
80.54920976866605	72.33988459394838
89.60313791118598	80.20691311894694
81.93078256224955	100.61513380244875
100.84444223349641	75.46767105470981
101.62579384537845	77.71394926507952
96.79064746670824	90.02022266225993
95.83719823237652	79.21953515684037
81.51793641222878	80.7614440362923
91.15768638781111	73.21928099468792
90.20481034098549	77.4388601193227
99.7247346330187	87.34723425999589
105.14372637833345	76.79757526287547
83.81277661483982	79.77046349996291
84.5064054931168	69.03786869359732
78.50050185673301	83.2902034876858
93.24670579908916	86.59087218491814
75.9504015524246	73.69505612370932
101.59184539816438	56.68269825242362
93.7707508031172	65.92142845068389
93.74345855343039	79.85365864272732
81.347717974348	66.4088500912588
108.57673888885847	70.5629370413547
89.89300638844226	92.6249452297048
91.65534034619476	80.36954630975252
95.82858059954067	79.6487433031326
103.89562847543968	79.29357313516446
63.525493011030115	83.16293658646937
99.91947299420114	85.80846843587466
81.03074947041927	98.05611471912617
82.09066215447932	63.290555531383774
96.08158772743944	67.85149519788621
88.45335974170057	68.98250566944867
89.45843450602669	69.99822331415422
95.79872727356938	72.82834437121504
95.13906876107896	62.596857302622894
93.37338716381721	75.25445435786052
78.57487511152223	99.72873522141754
83.09341433485093	85.42316595582771
68.67169362144782	70.18060213543521
83.85323853321323	76.1613757875553
77.54464023606448	59.13699187080691
94.27712034289132	94.26066038228863
95.96288455697552	88.49115731574287
89.54933754557541	71.31416788615238
91.99721504503724	71.53712409901006
98.3141291273342	84.34564331832351
87.43078930719798	72.78966517999548
82.06696114657649	75.10009350263955
88.24497315861235	75.30012105976877
78.02357508438897	97.69718063704991
88.74653496208201	91.13902650834443
77.05168756022472	99.61401728911726
97.52616650281266	74.2126827365756
65.72937814312192	80.1532616210175
93.48790112967413	68.66201112853196
88.1461632419877	74.92504189864617
77.04861109548865	77.38432816030686
100.31124935493463	87.13195488827148
73.4111935234487	48.8945002184195
102.9692571553525	63.866734039283934
103.51163794474428	80.0343756941819
100.10124520759457	78.66678095590684
99.78669036114763	75.94257191540144
92.38091058671938	90.85095193825313
91.24086537046217	63.45307381713217
74.25621987983578	109.8544719908154
78.74796339108359	85.42492880819125
79.81309517883544	72.03237806624627
85.13059851295793	65.33656013023165
77.58622738864076	63.13917481819383
89.69319456614029	73.11813087522974
92.85973144950381	75.71345627269429
94.35887054219405	80.74946731388314
91.12601747805097	90.58142389455027
95.66066007588547	85.57547371740512
92.8578044137096	49.557835517675585
110.99940537601874	82.64325844714398
79.93883628340653	74.86791416758325
86.75090783589572	72.92906059917999
104.84348327777468	74.2264362455207
75.93490796794578	72.01627240130743
89.66011060550437	74.07388599134048
110.00780644645369	76.62243260513867
103.90619051267726	88.5868349082308
92.22504250521571	68.69294938634316
92.97189790941404	99.58161374872506
100.64391936879227	65.1495515856118
89.98226495245623	71.29490312422452
94.72767160765684	64.6106650873206
100.05049545706304	81.66800881361812
88.91474854872139	86.41571268168803
90.71229006078447	82.54587091316239
86.4388396811325	82.19255554675071
84.53487020533095	70.7935836620769
85.29941844436502	56.16899690989917
98.75654116900328	80.22263785928932
78.98165507956666	70.52541317249636
89.8809890364586	60.68841735393639
90.25192163887714	80.61573025399925
109.17030331136777	79.11319922095939
99.31884006682309	99.70793395985996
80.44868127575558	78.66713073324112
91.28131585024839	72.60826156246486
92.69793968063004	87.80751192028826
90.11823287911332	73.34782327101136
69.87418033270052	75.96324828875271