45.790387886470114	67.26773842633507
38.10016027469495	73.12070054000336
43.63268701361436	77.64952895956964
46.00254001289115	65.5889335543512
64.42108336266352	51.326043481985494
47.63849922098317	76.38783664454837
50.3265434785187	69.68113513067165
31.208036683797765	88.10461745558904
40.38733676022623	82.55068524503433
45.4027401423224	75.24686830755547
56.10289342664498	64.46802302823369
60.64151987986688	74.1229638704535
53.65234795006551	60.10696984431226
30.3111229847676	79.78971937382939
50.35262503412656	82.55324851680598
46.65724275794833	64.36371502696215
41.884126771237305	69.94162895620914
44.56370369472347	92.55028533132699
48.36161233667795	82.45160871832208
65.07949512261236	115.512352919552
61.79668001863365	95.46644188832532
67.94129127232316	98.7283377218729
62.335065163682316	112.37071018672697
64.70487321301756	77.08204226160358
41.905601610750125	105.54182134449212
57.128098598938436	90.54718235371146
69.86183100927866	98.0892802531843
37.45498079240545	95.78002286997163
46.065176146889804	101.30220500590441
38.89007195499681	82.35582757204368
67.46192613074936	97.87929377626358
63.938191698274075	90.58765987424104
63.4141042782568	86.07093186584866
62.8565488343422	96.54779725381002
50.89646024816209	94.40938240995935
53.7968862617855	102.1210369961785
60.52130245211113	102.29533751744084
69.91265356556548	83.46492293525162
44.86090730814134	98.58418285496117
54.526597635055204	105.16026628571606
52.224342483162246	108.23202585079942
52.88042182096595	101.75898453269086
40.2601335667283	106.6901169937332
50.540868750884506	99.08023045426152
48.46940470769502	92.98480402965792
38.36017327651811	106.5422239483731
48.03122542201175	107.45500104711172
41.915549410023914	99.36790596645412
48.12189016925019	124.25880980458716
48.69264797866191	116.69275644708794
51.56283065648075	101.57079163550743
50.18726502277192	83.95380057596292
48.99210011144852	90.21886179618595
37.00377905201488	112.20588450712812
48.82083258216808	109.58839668395746
39.72867587749119	103.70354261721633
28.685000950955327	110.36781315713137
69.7796803243941	78.51957614202391
61.90441782373493	74.53631679598162
75.62504912024178	80.96168421132056
61.311269515372494	81.25273139916588
69.30102240621747	87.73973868955697
77.01890818234371	76.63937323671425
70.79145215716103	68.2912324660703
65.87805963181259	66.67924088017038
78.25831071421003	73.20297378428192
62.920709469110285	73.41103771009423
75.18498422667895	67.01810910957497
64.76850128667523	76.40023872897213
84.24115267795585	72.42957535140994
89.559419837653	75.06750313379244
67.07079816783835	76.52285854297217
84.9678265725022	71.57532053541553
69.96092746514938	76.30378232362548
60.87420442040195	92.34621130611623
67.198339289301	75.88758189306466
54.16678563067778	82.3930395701925