76.63097400521536	50.62568936746373
76.63097400521536	50.62568936746373
69.73124067638805	41.27417967579081
69.73124067638805	41.27417967579081
73.5890605186007	65.84475447887282
73.5890605186007	65.84475447887282
66.61837842618705	91.77240627720676
66.61837842618705	91.77240627720676
97.7469965025521	81.79014468869214
97.7469965025521	81.79014468869214
0.8577118927409315	46.98508003448306
60.83643657941981	9.309565858917336
55.61285893902997	94.61285711454236
55.61285893902997	94.61285711454236
55.61285893902997	94.61285711454236
57.7945216175902	24.528629495111453
57.7945216175902	24.528629495111453
88.85219240558385	49.825530871818664
88.85219240558385	49.825530871818664
91.03385655935902	78.74130325238775
91.03385655935902	78.74130325238775
80.70199301940717	31.14424834237666
80.70199301940717	31.14424834237666
73.23467253231907	7.026032045973656
73.23467253231907	7.026032045973656
77.61573655555105	31.287787909825077
77.61573655555105	31.287787909825077
7.4740045236579835	61.23870580324996
7.4740045236579835	61.23870580324996
9.584719913846824	26.43363967382592
9.584719913846824	26.43363967382592
9.584719913846824	26.43363967382592
4.387749535016821	61.38224537069837
4.387749535016821	61.38224537069837
96.41706744260317	87.30989716903231
96.41706744260317	87.30989716903231
98.28833223090308	10.69700401881138
98.28833223090308	10.69700401881138
93.09136037685812	45.64560971568383
93.09136037685812	45.64560971568383
95.20207576704696	10.840543586259791
20.36001175099834	26.78593379607912
20.36001175099834	26.78593379607912
21.974087271297783	40.93500104713309
21.974087271297783	40.93500104713309
17.27375381192727	26.9294748387425
17.27375381192727	26.9294748387425
19.18049298202035	81.17699946830317
19.18049298202035	81.17699946830317
11.642225206560868	92.33794613712199
11.642225206560868	92.33794613712199
11.642225206560868	92.33794613712199
96.03607219476169	78.8458617701007
96.03607219476169	78.8458617701007
97.57920042668974	29.274090511161525
97.57920042668974	29.274090511161525
90.67946709786243	19.922580819488598
90.67946709786243	19.922580819488598
94.49294396283364	29.417631553824904
94.49294396283364	29.417631553824904
87.59321063400631	20.066121862151977
87.59321063400631	20.066121862151977
87.59321063400631	20.066121862151977
89.46447542230622	42.453227236716074
89.46447542230622	42.453227236716074
84.19655480467493	13.680995898810364
84.19655480467493	13.680995898810364
14.622411406257598	58.39861744653542
14.622411406257598	58.39861744653542
18.435888271228805	67.89366818087171
18.435888271228805	67.89366818087171
18.435888271228805	67.89366818087171
11.53615494240149	58.54215848919878
11.53615494240149	58.54215848919878
13.079283174329543	8.970387230259615
13.079283174329543	8.970387230259615
8.449899953760339	58.68569805664719
8.449899953760339	58.68569805664719
0.9204978233192326	53.06174953921516
0.9204978233192326	53.06174953921516
2.8183683979640177	25.094169355026686
36.057701864517895	79.30684311230299
36.057701864517895	79.30684311230299
29.08701977210424	6.234494910636936
29.08701977210424	6.234494910636936
23.89004791805928	41.183100607509395
23.89004791805928	41.183100607509395
26.00076330824812	6.378034478085357
26.00076330824812	6.378034478085357
26.00076330824812	6.378034478085357
20.777185667858284	91.68132720892534
20.777185667858284	91.68132720892534
22.675056242503082	63.713747024736875
22.675056242503082	63.713747024736875
52.02996408049942	44.71053153768374
52.02996408049942	44.71053153768374
46.83299222645446	79.65913575934124
46.83299222645446	79.65913575934124
46.83299222645446	79.65913575934124
48.943707616643295	44.85407258034712
48.943707616643295	44.85407258034712
41.476385654340234	20.73585628394411
41.476385654340234	20.73585628394411
45.857451152787185	44.99761214779553
45.857451152787185	44.99761214779553
38.39013066569908	20.87939732660749
38.39013066569908	20.87939732660749
38.39013066569908	20.87939732660749
40.50971465133622	68.28943748614755
40.50971465133622	68.28943748614755
25.6197695356216	96.91399907915373
25.6197695356216	96.91399907915373
18.081498809732203	9.074945747972551
18.081498809732203	9.074945747972551
20.263164438722338	37.990718128541644
20.263164438722338	37.990718128541644
20.263164438722338	37.990718128541644
14.99524382109104	9.21848679063592
14.99524382109104	9.21848679063592
17.17690797486623	38.13426064641997
17.17690797486623	38.13426064641997
11.953330334476393	24.437550426830036
11.953330334476393	24.437550426830036
41.30823817247273	5.434333464561958
41.30823817247273	5.434333464561958
43.20610874711751	76.46675475558845
43.20610874711751	76.46675475558845
43.20610874711751	76.46675475558845
37.93818812948623	47.694521942467766
37.93818812948623	47.694521942467766
40.1198522832614	76.61029579825181
40.1198522832614	76.61029579825181
32.581581557372004	87.77124246707064
32.581581557372004	87.77124246707064
27.952198336802788	38.48655329345822
27.952198336802788	38.48655329345822
27.952198336802788	38.48655329345822
29.495326568730842	87.91478203451905
29.495326568730842	87.91478203451905
58.93005176576182	16.8475098712082
58.93005176576182	16.8475098712082
62.74352715551805	26.342560605544502
62.74352715551805	26.342560605544502
55.560000247560346	59.10769834911401
55.560000247560346	59.10769834911401
57.67071563774918	24.30263221968997
57.67071563774918	24.30263221968997
57.67071563774918	24.30263221968997
52.473745258919195	59.25123791656243
52.473745258919195	59.25123791656243
45.50306169129058	85.17888971489637
45.50306169129058	85.17888971489637
49.3608830087182	10.749464517978375
49.3608830087182	10.749464517978375
78.78673813508591	55.46708606570343
78.78673813508591	55.46708606570343
78.78673813508591	55.46708606570343
80.32986636701398	5.895316281979215
80.32986636701398	5.895316281979215
75.41668956731436	97.72727454360924
75.41668956731436	97.72727454360924
65.35975101104461	24.798467384606557
65.35975101104461	24.798467384606557
66.973828006559	38.94753463566052
66.973828006559	38.94753463566052
50.035246193578615	83.88289605433474
50.035246193578615	83.88289605433474
44.838274339533655	19.83150175120718
44.838274339533655	19.83150175120718
44.838274339533655	19.83150175120718
46.948989729722506	84.02643562178314
46.948989729722506	84.02643562178314
39.7654628217648	17.791573365352658
39.7654628217648	17.791573365352658
43.57894116195095	27.28662409968895
43.57894116195095	27.28662409968895
36.67920635790868	17.935114408016037
36.67920635790868	17.935114408016037
36.67920635790868	17.935114408016037
67.78121864792884	58.30753690303903
67.78121864792884	58.30753690303903
69.89193403811768	23.50247224882995
69.89193403811768	23.50247224882995
62.42461207581462	98.3842574276419
62.42461207581462	98.3842574276419
66.80567757426157	23.646013291493325
66.80567757426157	23.646013291493325
66.80567757426157	23.646013291493325
59.62215066630387	56.411151035062844
59.62215066630387	56.411151035062844
61.16527889823192	6.839381251338632
61.16527889823192	6.839381251338632
56.5358956776627	56.55469060251125
56.5358956776627	56.55469060251125
85.3232148821833	22.784769985943004
85.3232148821833	22.784769985943004
87.51374763140677	34.9156486554762
87.51374763140677	34.9156486554762
87.51374763140677	34.9156486554762
82.24582701377547	6.14341584235552
82.24582701377547	6.14341584235552
84.42749116755066	35.05918822292461
84.42749116755066	35.05918822292461
79.15957054991935	6.286955409803928
79.15957054991935	6.286955409803928
71.97604364196164	39.05209315337344
71.97604364196164	39.05209315337344
71.97604364196164	39.05209315337344
74.0867590321505	4.2470284991643625
74.0867590321505	4.2470284991643625
6.1887713221706475	44.61945099418737
6.1887713221706475	44.61945099418737
8.370435475945825	73.53522484997141
8.370435475945825	73.53522484997141
0.8321662252713854	84.69617004357528
0.8321662252713854	84.69617004357528
0.8321662252713854	84.69617004357528
95.20278152948723	35.411482345177824
95.20278152948723	35.411482345177824
96.74591123663023	84.83971108623865
96.74591123663023	84.83971108623865
89.56238285345756	18.604850305023124
89.56238285345756	18.604850305023124
93.94344835190451	42.86660469365959
93.94344835190451	42.86660469365959
76.49935807358644	54.54099467906266
76.49935807358644	54.54099467906266
76.49935807358644	54.54099467906266
78.61894205922357	2.9510333633877637
78.61894205922357	2.9510333633877637
73.42197168039357	37.89963906026022
73.42197168039357	37.89963906026022
66.45128811276496	63.82729085859417
66.45128811276496	63.82729085859417
70.33571521653747	38.04318010292359
70.33571521653747	38.04318010292359
70.33571521653747	38.04318010292359
63.365033124123805	63.97083190125754
63.365033124123805	63.97083190125754
65.26290222355364	36.00325171706907
65.26290222355364	36.00325171706907
96.32057153633234	61.30015161856132
96.32057153633234	61.30015161856132
89.39423242116014	3.303327485640975
89.39423242116014	3.303327485640975
89.39423242116014	3.303327485640975
91.00830941667454	17.452396211909893
91.00830941667454	17.452396211909893
86.30797743251898	3.4468685283043428
86.30797743251898	3.4468685283043428
87.92205442803338	17.595935779358314
87.92205442803338	17.595935779358314
80.95137086040477	43.52358757769226
80.95137086040477	43.52358757769226
13.363782515900192	90.42467855393521
13.363782515900192	90.42467855393521
13.363782515900192	90.42467855393521
14.906910747828247	40.852907294996044
14.906910747828247	40.852907294996044
8.016046014449222	14.716503892287216
8.016046014449222	14.716503892287216
11.829524354635389	24.211553151408552
11.829524354635389	24.211553151408552
4.929789550593113	14.860043459735635
4.929789550593113	14.860043459735635
4.929789550593113	14.860043459735635
98.66186893296181	85.08781064661495
98.66186893296181	85.08781064661495
1.8435345619519512	15.003583027184046
1.8435345619519512	15.003583027184046
30.63085376647254	80.23366241061579
30.63085376647254	80.23366241061579
34.79907297416048	12.33290421970279
34.79907297416048	12.33290421970279
34.79907297416048	12.33290421970279
27.872733858988287	53.33607861156749
27.872733858988287	53.33607861156749
29.41586209091634	3.764310303058232
29.41586209091634	3.764310303058232
24.786478870347135	53.47961965423085
24.786478870347135	53.47961965423085
17.248209619672686	64.64056632304968
17.248209619672686	64.64056632304968
19.429872298232915	93.55634017883372
19.429872298232915	93.55634017883372
19.429872298232915	93.55634017883372
77.60404195991184	48.78893248604871
77.60404195991184	48.78893248604871
79.51078113000491	4.036457115609376
79.51078113000491	4.036457115609376
72.54009903759126	29.96411038915828
72.54009903759126	29.96411038915828
67.34312718354631	64.91271608603073
67.34312718354631	64.91271608603073
67.34312718354631	64.91271608603073
69.45384257373514	30.107651431821647
69.45384257373514	30.107651431821647
64.25687071969018	65.05625565347916
64.25687071969018	65.05625565347916
66.36758610987903	30.251190999270065
66.36758610987903	30.251190999270065
95.22585555320093	60.20210889269495
95.22585555320093	60.20210889269495
90.52552209383042	46.19657973387444
90.52552209383042	46.19657973387444
90.52552209383042	46.19657973387444
92.39678688213033	68.58368658365349
92.39678688213033	68.58368658365349
84.92946639504223	44.46547176246545
84.92946639504223	44.46547176246545
89.31053041827421	68.72722615110192
89.31053041827421	68.72722615110192
81.84320993118611	44.60901280512882
81.84320993118611	44.60901280512882
81.84320993118611	44.60901280512882
83.95392532137495	9.803948150919737
83.95392532137495	9.803948150919737
16.08254339773998	98.8216836119752
16.08254339773998	98.8216836119752
9.120729900774617	8.964440224058299
9.120729900774617	8.964440224058299
7.932344011563292	80.14040255774816
2.664423393931995	51.36816974462747
2.664423393931995	51.36816974462747
32.09027999551468	96.08579129235252
32.09027999551468	96.08579129235252
33.63340675222777	46.51402150862832
33.63340675222777	46.51402150862832
29.004023531658557	96.22933233501591
29.004023531658557	96.22933233501591
29.004023531658557	96.22933233501591
30.875288319958464	19.616439184794963
30.875288319958464	19.616439184794963
23.337019069284025	30.77738585361379
23.337019069284025	30.77738585361379
18.70763584871482	80.49269520478641
18.70763584871482	80.49269520478641
20.250762605427916	30.920925421062197
20.250762605427916	30.920925421062197
20.250762605427916	30.920925421062197
3.374260960585583	57.362020535980406
3.374260960585583	57.362020535980406
7.1877393007717485	66.85706979510174
7.1877393007717485	66.85706979510174
0.29687456739272444	40.72066639239291
0.29687456739272444	40.72066639239291
94.02895394976143	11.94843357927224
94.02895394976143	11.94843357927224
94.02895394976143	11.94843357927224
95.92682452440621	82.98085339508377
95.92682452440621	82.98085339508377
88.95614243199256	9.908505193417716
88.95614243199256	9.908505193417716
92.8405680605501	83.12439443774714
92.8405680605501	83.12439443774714
23.195475898546437	64.12117747547906
23.195475898546437	64.12117747547906
24.80955289406083	78.27024620174798
24.80955289406083	78.27024620174798
24.80955289406083	78.27024620174798
20.109219434690328	64.26471704292747
20.109219434690328	64.26471704292747
12.615293161257348	90.50118925570695
12.615293161257348	90.50118925570695
14.513162260687174	62.533609071518484
14.513162260687174	62.533609071518484
9.81283027653162	48.528081387912934
9.81283027653162	48.528081387912934
11.426907272046025	62.67715011418186
11.426907272046025	62.67715011418186
11.426907272046025	62.67715011418186
40.7818136348274	43.67393462712873
40.7818136348274	43.67393462712873
35.58484178078244	78.62253884878623
35.58484178078244	78.62253884878623
37.70442724163453	27.032579008326287
37.70442724163453	27.032579008326287
32.50745538758958	61.98118470519875
32.50745538758958	61.98118470519875
32.50745538758958	61.98118470519875
34.618170777778424	27.176120050989667
34.618170777778424	27.176120050989667
27.434642394605753	59.94125631934423
27.434642394605753	59.94125631934423
58.492311707384445	85.23815769605143
58.492311707384445	85.23815769605143
60.67397733637459	15.153930076620517
60.67397733637459	15.153930076620517
53.13570808570014	26.314876745439346
53.13570808570014	26.314876745439346
53.13570808570014	26.314876745439346
57.58772087251847	15.297471119283896
57.58772087251847	15.297471119283896
50.09379459908549	41.533940381633464
50.09379459908549	41.533940381633464
52.20450998927433	6.728875727424379
52.20450998927433	6.728875727424379
47.29133171435978	98.5608339890544
47.29133171435978	98.5608339890544
47.29133171435978	98.5608339890544
29.77629414767032	46.51438546446435
29.77629414767032	46.51438546446435
31.957958301445498	75.43015784503343
31.957958301445498	75.43015784503343
26.69003768381421	46.657925031912754
26.69003768381421	46.657925031912754
28.871701837589388	75.57369741248185
28.871701837589388	75.57369741248185
28.871701837589388	75.57369741248185
23.61264981540638	30.016570888325273
23.61264981540638	30.016570888325273
16.712917961794023	20.665061196652346
16.712917961794023	20.665061196652346
18.256046193722078	70.0932899377132
18.256046193722078	70.0932899377132
49.66845637400255	17.99438091395613
49.66845637400255	17.99438091395613
51.77917176419139	82.18931625974705
51.77917176419139	82.18931625974705
51.77917176419139	82.18931625974705
44.31185127710329	58.07109996334405
44.31185127710329	58.07109996334405
39.611517817732775	44.0655722797385
39.611517817732775	44.0655722797385
41.19899050211726	9.569326564759994
41.19899050211726	9.569326564759994
34.29925569807499	0.21781687308706854
34.29925569807499	0.21781687308706854
34.29925569807499	0.21781687308706854
38.11273403826114	9.712867607423362
38.11273403826114	9.712867607423362
67.25479558549846	96.54713659039085
67.25479558549846	96.54713659039085
69.36551097568731	61.74207193618177
69.36551097568731	61.74207193618177
64.16853912164235	96.69067763305422
64.16853912164235	96.69067763305422
64.16853912164235	96.69067763305422
57.1978570292287	23.61832943138817
57.1978570292287	23.61832943138817
61.09115125323453	80.04932348946674
61.09115125323453	80.04932348946674
54.12046916082087	6.976973812585725
54.12046916082087	6.976973812585725
55.73454615633528	21.126042538854644
55.73454615633528	21.126042538854644
87.35980262737475	61.18964756986203
87.35980262737475	61.18964756986203
87.35980262737475	61.18964756986203
80.17627571941703	93.95478531343154
80.17627571941703	93.95478531343154
81.7194039513451	44.38301405449238
81.7194039513451	44.38301405449238
77.09001925556093	94.09832488087996
77.09001925556093	94.09832488087996
78.6774889895155	59.60207769068651
78.6774889895155	59.60207769068651
78.6774889895155	59.60207769068651
71.70680837231679	85.52973096423541
71.70680837231679	85.52973096423541
56.53306820225683	57.27093999248403
56.53306820225683	57.27093999248403
58.643783592445665	22.465875338274948
58.643783592445665	22.465875338274948
51.46025815970292	55.23101308184445
51.46025815970292	55.23101308184445
55.27373354945915	64.72606381618075
55.27373354945915	64.72606381618075
55.27373354945915	64.72606381618075
48.37400169584679	55.37455264929287
48.37400169584679	55.37455264929287
43.1149496736638	9.81742464992134
43.1149496736638	9.81742464992134
45.296613827438975	38.73319850570539
45.296613827438975	38.73319850570539
74.08393303195957	4.96327788913714
74.08393303195957	4.96327788913714
74.08393303195957	4.96327788913714
78.53594729399286	92.94587078776674
78.53594729399286	92.94587078776674
70.99767656810346	5.106817456585549
70.99767656810346	5.106817456585549
72.89554714274824	76.13923727239708
72.89554714274824	76.13923727239708
68.19521515859269	62.13371106400649
68.19521515859269	62.13371106400649
68.19521515859269	62.13371106400649
60.70128888515971	88.37018180157101
60.70128888515971	88.37018180157101
62.88295156371994	18.2859541821401
62.88295156371994	18.2859541821401
93.94062087649863	43.582854083632355
93.94062087649863	43.582854083632355
96.12228503027382	72.49862646420145
96.12228503027382	72.49862646420145
90.85436588785748	43.726395126295735
90.85436588785748	43.726395126295735
90.85436588785748	43.726395126295735
83.67083897989976	76.49153286986525
83.67083897989976	76.49153286986525
85.78155437008861	41.68646674044121
85.78155437008861	41.68646674044121
80.59344963627699	59.850177251062796
80.59344963627699	59.850177251062796
82.70416502646583	25.045112596853716
82.70416502646583	25.045112596853716
12.562434469787712	54.99602901506364
12.562434469787712	54.99602901506364
12.562434469787712	54.99602901506364
7.86210101041721	40.9905013314581
7.86210101041721	40.9905013314581
9.476178005931603	55.139568582512055
9.476178005931603	55.139568582512055
2.5054973887329064	81.06722185606097
2.5054973887329064	81.06722185606097
6.6471093348610095	63.52114922390053
6.6471093348610095	63.52114922390053
6.6471093348610095	63.52114922390053
98.17979032298787	39.40293292749752
98.17979032298787	39.40293292749752
1.2905057131767057	4.597868273288438
1.2905057131767057	4.597868273288438
85.11676554311674	75.33907877675202
85.11676554311674	75.33907877675202
78.14608345070309	2.2667305750859637
78.14608345070309	2.2667305750859637
78.14608345070309	2.2667305750859637
82.03051055447558	75.48261834420043
82.03051055447558	75.48261834420043
75.05982698684697	2.410270142534384
75.05982698684697	2.410270142534384
76.95769756149176	73.44269143356087
76.95769756149176	73.44269143356087
71.69864553930876	27.88556343418933
71.69864553930876	27.88556343418933
2.124502140891427	72.60318645712934
2.124502140891427	72.60318645712934
2.124502140891427	72.60318645712934
3.667630372819482	23.03141519819017
3.667630372819482	23.03141519819017
98.0382456770353	72.74672602457775
98.0382456770353	72.74672602457775
0.5813739089633727	23.174954765638592
0.5813739089633727	23.174954765638592
92.68164058013606	13.823446549180625
92.68164058013606	13.823446549180625
92.68164058013606	13.823446549180625
87.41371996250476	84.05121373605995
87.41371996250476	84.05121373605995
89.28498475080467	7.438319110624053
89.28498475080467	7.438319110624053
19.71083987717238	52.155940658349095
19.71083987717238	52.155940658349095
23.524318217358545	61.65099286790036
23.524318217358545	61.65099286790036
16.624584888531228	52.299481701012475
16.624584888531228	52.299481701012475
16.624584888531228	52.299481701012475
11.35666427089993	23.527250363106752
11.35666427089993	23.527250363106752
13.53832842467511	52.44302274367584
13.53832842467511	52.44302274367584
6.000060649215627	63.60396941249467
6.000060649215627	63.60396941249467
10.1771469771369	77.9183160353308
10.1771469771369	77.9183160353308
10.1771469771369	77.9183160353308
39.532054815133236	58.915099073062706
39.532054815133236	58.915099073062706
41.146131810647624	73.06416632411668
41.146131810647624	73.06416632411668
36.445798351277126	59.058640115726085
36.445798351277126	59.058640115726085
28.97847786418902	34.94042381932307
28.97847786418902	34.94042381932307
28.97847786418902	34.94042381932307
31.08919325437786	0.13535916511399315
31.08919325437786	0.13535916511399315
25.8922214003329	35.08396633720141
25.8922214003329	35.08396633720141
27.76348618863281	57.47107171176551
27.76348618863281	57.47107171176551
10.81603578020415	20.19132684147563
10.81603578020415	20.19132684147563
5.619065401374148	55.139934013563035
5.619065401374148	55.139934013563035
5.619065401374148	55.139934013563035
7.729780791562988	20.334867884138994
7.729780791562988	20.334867884138994
2.532808937518039	55.28347358101146
2.532808937518039	55.28347358101146
4.643524327706879	20.478407451587415
4.643524327706879	20.478407451587415
96.17620384061878	95.36019410561433
96.17620384061878	95.36019410561433
96.17620384061878	95.36019410561433
28.810327431891587	19.638902475155884
28.810327431891587	19.638902475155884
30.70819948175134	90.67132376618237
30.70819948175134	90.67132376618237
23.169928755861942	2.832270435001199
23.169928755861942	2.832270435001199
27.62194154268026	90.8148633336308
27.62194154268026	90.8148633336308
20.08367376722078	2.975810002449608
49.9267042856634	13.58882496302087
49.9267042856634	13.58882496302087
52.03741967585225	77.7837603088118
52.03741967585225	77.7837603088118
47.12424287615264	70.61571857044181
47.12424287615264	70.61571857044181
48.667369632865736	21.043947311502638
48.667369632865736	21.043947311502638
48.667369632865736	21.043947311502638
41.76763630403842	11.692437619829725
41.76763630403842	11.692437619829725
72.82530561681712	36.98933899653693
72.82530561681712	36.98933899653693
74.98036398424742	17.259795460643637
74.98036398424742	17.259795460643637
74.98036398424742	17.259795460643637
69.78339213020246	52.20840263273106
69.78339213020246	52.20840263273106
71.8941075203913	17.403337978521975
71.8941075203913	17.403337978521975
64.71058061243359	50.168475722091486
64.71058061243359	50.168475722091486
59.442659994802305	21.39624290897081
59.442659994802305	21.39624290897081
59.442659994802305	21.39624290897081
61.624324148577486	50.3120152895399
61.624324148577486	50.3120152895399
90.41164482831303	16.542093197756692
90.41164482831303	16.542093197756692
94.87252621057965	87.7397923853504
94.87252621057965	87.7397923853504
87.33425695990522	98.90073905416921
87.33425695990522	98.90073905416921
87.33425695990522	98.90073905416921
89.51592111368039	28.8165114347383
89.51592111368039	28.8165114347383
53.98885470440692	10.892279124184663
53.98885470440692	10.892279124184663
55.53198146112001	60.320507865245496
55.53198146112001	60.320507865245496
55.53198146112001	60.320507865245496
50.61880318620545	53.15246612687552
50.61880318620545	53.15246612687552
52.729518576394284	18.347401472666434
52.729518576394284	18.347401472666434
81.58778801971619	48.29831936609131
81.58778801971619	48.29831936609131
81.58778801971619	48.29831936609131
76.89632463100892	17.5078964962349
76.89632463100892	17.5078964962349
78.51040015130835	31.65696374728887
78.51040015130835	31.65696374728887
71.53971805889469	57.58461554562282
71.53971805889469	57.58461554562282
75.4241451626672	31.80050478995224
75.4241451626672	31.80050478995224
75.4241451626672	31.80050478995224
68.45346159503859	57.728155113071224
68.45346159503859	57.728155113071224
70.35133216968337	29.760576404097716
70.35133216968337	29.760576404097716
2.4090014824620645	55.05747630558997
2.4090014824620645	55.05747630558997
2.4090014824620645	55.05747630558997
94.48266236728988	96.06065069745466
94.48266236728988	96.06065069745466
98.36708947106237	70.2765399417841
98.36708947106237	70.2765399417841
91.39640590343376	96.20419321533299
91.39640590343376	96.20419321533299
93.01048289894815	11.353258991172003
93.01048289894815	11.353258991172003
93.01048289894815	11.353258991172003
88.31015091479262	96.3477327827814
88.31015091479262	96.3477327827814
18.45221246202993	84.1820017657489
18.45221246202993	84.1820017657489
19.995342169172943	34.61023198202468
19.995342169172943	34.61023198202468
19.995342169172943	34.61023198202468
15.374824593622105	67.5406476221614
15.374824593622105	67.5406476221614
16.91795282555017	17.968877838437198
16.91795282555017	17.968877838437198
10.018219496722853	8.617366671549325
10.018219496722853	8.617366671549325
4.750300354306513	78.84513385842864
4.750300354306513	78.84513385842864
4.750300354306513	78.84513385842864
6.931963032866733	8.760907714212692
6.931963032866733	8.760907714212692
68.43070421410457	72.14461581601964
68.43070421410457	72.14461581601964
70.32857331353439	44.17703563183116
70.32857331353439	44.17703563183116
70.32857331353439	44.17703563183116
63.40223567357716	85.18021149891081
63.40223567357716	85.18021149891081
58.13431653116083	56.4079801610051
58.13431653116083	56.4079801610051
60.31597920972105	85.3237525415742
60.31597920972105	85.3237525415742
60.31597920972105	85.3237525415742
52.77770995904661	96.484699210393
52.77770995904661	96.484699210393
57.22972274586493	85.46729358423755
57.22972274586493	85.46729358423755
86.01704342560049	51.69737149245435
86.01704342560049	51.69737149245435
87.91491400024528	23.72979278348084
87.91491400024528	23.72979278348084
87.91491400024528	23.72979278348084
83.22345061153801	91.93936991362443
83.22345061153801	91.93936991362443
75.75612864923495	67.82115361722143
75.75612864923495	67.82115361722143
77.8668440394238	33.01608896301234
77.8668440394238	33.01608896301234
77.8668440394238	33.01608896301234
72.66987218537885	67.96469465988478
72.66987218537885	67.96469465988478
74.78058905078264	33.15962853046075
74.78058905078264	33.15962853046075
6.9092056519327105	23.177366941946136
6.9092056519327105	23.177366941946136
98.93852355951906	49.10501874028008
98.93852355951906	49.10501874028008
98.93852355951906	49.10501874028008
1.8097883478189758	71.49212411484419
1.8097883478189758	71.49212411484419
95.61281649377402	7.440731286931609
95.61281649377402	7.440731286931609
97.72353335917781	71.63566663272253
97.72353335917781	71.63566663272253
97.72353335917781	71.63566663272253
90.25621139687475	47.51745033631951
90.25621139687475	47.51745033631951
22.88146786791424	87.5810553673269
22.88146786791424	87.5810553673269
24.495543388213676	2.730124093595818
24.495543388213676	2.730124093595818
24.495543388213676	2.730124093595818
17.524862771014977	28.657774416714805
17.524862771014977	28.657774416714805
21.70195057415121	42.972121039550935
21.70195057415121	42.972121039550935
14.163681323476757	54.133067708369765
14.163681323476757	54.133067708369765
16.345345477251946	83.04884008893885
16.345345477251946	83.04884008893885
16.345345477251946	83.04884008893885
11.077424859620649	54.27660875103313
11.077424859620649	54.27660875103313
93.20092321477831	80.71770239073638
93.20092321477831	80.71770239073638
97.01440155496448	90.21275312507267
97.01440155496448	90.21275312507267
97.01440155496448	90.21275312507267
90.11466675092221	80.86124343339975
90.11466675092221	80.86124343339975
91.98593153922211	4.248350283178811
91.98593153922211	4.248350283178811
86.71801092159082	74.47611747005813
86.71801092159082	74.47611747005813
79.81827906797847	65.12460777838521
79.81827906797847	65.12460777838521
79.81827906797847	65.12460777838521
81.36140729990652	15.552836519446048
81.36140729990652	15.552836519446048
14.057611059317379	20.337278585231594
14.057611059317379	20.337278585231594
15.600739291245434	69.7655088015074
15.600739291245434	69.7655088015074
15.600739291245434	69.7655088015074
8.701005962418117	60.41399910983447
8.701005962418117	60.41399910983447
3.441953940235122	14.856871110462937
3.441953940235122	14.856871110462937
5.339824514879907	85.88929240148941
5.339824514879907	85.88929240148941
97.36914389768121	12.816944199823359
97.36914389768121	12.816944199823359
97.36914389768121	12.816944199823359
2.253568051023798	86.03283196893783
2.253568051023798	86.03283196893783
31.60847588902013	67.02961500666974
31.60847588902013	67.02961500666974
26.41150403497517	2.9782221787571643
26.41150403497517	2.9782221787571643
26.41150403497517	2.9782221787571643
28.52221942516401	67.17315752454809
28.52221942516401	67.17315752454809
21.028294626945993	93.4096282621126
21.028294626945993	93.4096282621126
25.19651235941897	25.50886859598464
25.19651235941897	25.50886859598464
18.225831742220276	51.43652186953354
18.225831742220276	51.43652186953354
18.225831742220276	51.43652186953354
19.83990726251971	65.58558764537254
19.83990726251971	65.58558764537254
51.465163733559194	6.649192676379931
51.465163733559194	6.649192676379931
43.99784472168605	81.53097785519188
43.99784472168605	81.53097785519188
43.99784472168605	81.53097785519188
46.108560111874894	46.725913200982795
46.108560111874894	46.725913200982795
40.92045537806327	64.88962371160439
40.92045537806327	64.88962371160439
43.0311707682521	30.084557582180352
43.0311707682521	30.084557582180352
35.8476438602944	62.84969532574987
35.8476438602944	62.84969532574987
35.8476438602944	62.84969532574987
20.60295640186305	69.87006731922033
20.60295640186305	69.87006731922033
22.784620555638227	98.78584117500436
22.784620555638227	98.78584117500436
17.51669993800694	70.01360836188368
17.51669993800694	70.01360836188368
17.51669993800694	70.01360836188368
19.698364091782118	98.92938074245279
19.698364091782118	98.92938074245279
12.16009484110768	11.090327411271604
12.16009484110768	11.090327411271604
7.504104358978628	12.16032379641176
7.504104358978628	12.16032379641176
7.504104358978628	12.16032379641176
9.401974933623414	83.19274508743825
9.401974933623414	83.19274508743825
38.189294138144014	49.42282299565504
38.189294138144014	49.42282299565504
42.641308400177294	38.40541589428464
42.641308400177294	38.40541589428464
35.103039149502855	49.56636256310345
35.103039149502855	49.56636256310345
35.103039149502855	49.56636256310345
37.28470330327803	78.48213789410245
37.28470330327803	78.48213789410245
32.02565128109504	32.92500989473093
32.02565128109504	32.92500989473093
25.12591795226772	23.57349872784304
25.12591795226772	23.57349872784304
25.12591795226772	23.57349872784304
28.939396292453875	33.06855093739429
28.939396292453875	33.06855093739429
58.0814578396912	20.902818445146828
58.0814578396912	20.902818445146828
60.19217322988005	85.09775379093774
60.19217322988005	85.09775379093774
54.99520137583509	21.046359487810196
54.99520137583509	21.046359487810196
54.99520137583509	21.046359487810196
48.02452075863639	46.9740127613591
48.02452075863639	46.9740127613591
49.61199049259095	12.477765571165648
49.61199049259095	12.477765571165648
44.98260579680678	62.19307639755323
44.98260579680678	62.19307639755323
44.98260579680678	62.19307639755323
46.52573402873484	12.621305138614058
46.52573402873484	12.621305138614058
75.66779557597216	0.4555755967964982
75.66779557597216	0.4555755967964982
70.96746359181661	85.45004791319094
70.96746359181661	85.45004791319094
72.58154058733099	0.5991166394598769
72.58154058733099	0.5991166394598769
72.58154058733099	0.5991166394598769
65.61085849491734	26.526766962578865
65.61085849491734	26.526766962578865
69.50415271892318	82.95776102065743
69.50415271892318	82.95776102065743
62.533470626509526	9.88541281899138
62.533470626509526	9.88541281899138
62.533470626509526	9.88541281899138
47.35973045644956	80.62662332245496
47.35973045644956	80.62662332245496
49.4704458466384	45.82155866824588
49.4704458466384	45.82155866824588
42.28691893868069	78.5866964118154
42.28691893868069	78.5866964118154
46.10039727886684	88.08174567093673
46.10039727886684	88.08174567093673
46.10039727886684	88.08174567093673
39.20066395003953	78.73023597926381
39.20066395003953	78.73023597926381
40.7881336839941	44.233988789070345
40.7881336839941	44.233988789070345
36.08780169983854	30.22846258067975
36.08780169983854	30.22846258067975
36.08780169983854	30.22846258067975
64.94607114316042	60.179378998889675
64.94607114316042	60.179378998889675
67.05678653334927	25.374312869465633
67.05678653334927	25.374312869465633
62.14360825843471	18.20627113109565
62.14360825843471	18.20627113109565
62.14360825843471	18.20627113109565
63.68673649036277	67.6345028225864
63.68673649036277	67.6345028225864
56.787001686320494	58.28299313091348
56.787001686320494	58.28299313091348
51.527951139352446	12.725863656326984
51.527951139352446	12.725863656326984
53.709615293127634	41.64163751211103
53.709615293127634	41.64163751211103
53.709615293127634	41.64163751211103
84.76728460590633	66.93853593838833
84.76728460590633	66.93853593838833
86.94894728446654	95.85430979417238
86.94894728446654	95.85430979417238
79.41067950900705	8.015256462991204
79.41067950900705	8.015256462991204
79.41067950900705	8.015256462991204
74.49750123409251	0.8472147246212229
74.49750123409251	0.8472147246212229
76.60821662428134	65.04215007041213
76.60821662428134	65.04215007041213
69.1142888756334	91.2786193327617
69.1142888756334	91.2786193327617
73.56630166245172	80.26121370660626
73.56630166245172	80.26121370660626
73.56630166245172	80.26121370660626
3.3536238174022444	46.49129309003801
3.3536238174022444	46.49129309003801
5.535286495962463	75.40706694582205
5.535286495962463	75.40706694582205
0.26736735354612395	46.63483413270138
0.26736735354612395	46.63483413270138
92.08383897037346	79.39997040105594
92.08383897037346	79.39997040105594
92.08383897037346	79.39997040105594
94.1945543605623	44.594905746846855
94.1945543605623	44.594905746846855
89.0064525771806	62.758616257468454
89.0064525771806	62.758616257468454
91.11716796736944	27.95355160325937
91.11716796736944	27.95355160325937
91.11716796736944	27.95355160325937
75.94342779730947	98.69476063150799
75.94342779730947	98.69476063150799
68.97274570489581	25.622413905056895
68.97274570489581	25.622413905056895
70.58682270041021	39.77147968089591
70.58682270041021	39.77147968089591
65.8864892410397	25.765953472505316
65.8864892410397	25.765953472505316
65.8864892410397	25.765953472505316
67.78435981568448	96.79837328831684
67.78435981568448	96.79837328831684
60.290433542251506	24.03484402588137
60.290433542251506	24.03484402588137
91.91569001329098	64.09844905688874
91.91569001329098	64.09844905688874
91.91569001329098	64.09844905688874
93.52976700880538	78.24751630794272
93.52976700880538	78.24751630794272
86.55908491639173	5.17516810627666
86.55908491639173	5.17516810627666
90.44351054494928	78.39105735060608
90.44351054494928	78.39105735060608
83.47282992775058	5.3187091489400276
83.47282992775058	5.3187091489400276
83.47282992775058	5.3187091489400276
85.37069902718041	76.35113043996651
85.37069902718041	76.35113043996651
80.1027784095491	47.57889762684584
80.1027784095491	47.57889762684584
10.537502131365112	75.51162398832003
10.537502131365112	75.51162398832003
10.537502131365112	75.51162398832003
14.350980471551278	85.00667472265633
14.350980471551278	85.00667472265633
7.451247142723961	75.6551650309834
7.451247142723961	75.6551650309834
8.994373899437058	26.083393772044236
8.994373899437058	26.083393772044236
4.364990678867851	75.79870459843181
4.364990678867851	75.79870459843181
4.364990678867851	75.79870459843181
95.8267214281934	86.95965126725063
95.8267214281934	86.95965126725063
97.69798621649332	10.346758117029696
97.69798621649332	10.346758117029696
30.394191451119134	15.131200182815252
30.394191451119134	15.131200182815252
30.394191451119134	15.131200182815252
31.93731820783223	64.55943039909104
31.93731820783223	64.55943039909104
25.037584879004914	55.207920707418126
25.037584879004914	55.207920707418126
19.769665736588586	26.43568789429745
19.769665736588586	26.43568789429745
21.951328415148804	55.3514617500815
21.951328415148804	55.3514617500815
21.951328415148804	55.3514617500815
16.683410747947423	26.579228936960813
16.683410747947423	26.579228936960813
18.58127984737726	97.61164875277234
18.58127984737726	97.61164875277234
1.642698034396882	43.54701017144656
1.642698034396882	43.54701017144656
1.642698034396882	43.54701017144656
95.44572765556688	78.495615868319
95.44572765556688	78.495615868319
97.55644304575571	43.690551214109924
97.55644304575571	43.690551214109924
90.08912108345265	19.572334917706925
90.08912108345265	19.572334917706925
90.08912108345265	19.572334917706925
94.47018658189961	43.834090781558345
94.47018658189961	43.834090781558345
87.00286461959655	19.715875960370294
87.00286461959655	19.715875960370294
88.87412940789646	42.102982810149356
88.87412940789646	42.102982810149356
21.499387354150905	82.16658636594178
21.499387354150905	82.16658636594178
21.499387354150905	82.16658636594178
14.032065391847844	58.04837154475373
14.032065391847844	58.04837154475373
16.142780782036684	23.24330689054465
16.142780782036684	23.24330689054465
10.945808927991724	58.19191258741711
10.945808927991724	58.19191258741711
10.945808927991724	58.19191258741711
13.056524318180575	23.386847933208028
13.056524318180575	23.386847933208028
7.8595539393505724	58.33545215486552
7.8595539393505724	58.33545215486552
37.21446030213195	39.3322366678124
37.21446030213195	39.3322366678124
39.12119947222502	93.57976129737307
39.12119947222502	93.57976129737307
39.12119947222502	93.57976129737307
33.85327885459374	64.80752848425239
33.85327885459374	64.80752848425239
36.03494448358387	93.72330234003644
36.03494448358387	93.72330234003644
28.496675232909435	5.884249008855263
28.496675232909435	5.884249008855263
28.496675232909435	5.884249008855263
23.867289061910302	55.59955983524284
23.867289061910302	55.59955983524284
25.410417293838357	6.027790051518631
25.410417293838357	6.027790051518631
54.80966810907616	2.10009715799626
54.80966810907616	2.10009715799626
58.97788731676409	33.19933896708324
58.97788731676409	33.19933896708324
58.97788731676409	33.19933896708324
51.43961806608965	44.360285635902066
51.43961806608965	44.360285635902066
53.621282219864824	73.27605801647115
53.621282219864824	73.27605801647115
48.35336160223354	44.50382520335048
48.35336160223354	44.50382520335048
41.45362974862118	35.152315511677564
41.45362974862118	35.152315511677564
41.45362974862118	35.152315511677564
45.267106613592375	44.64736624601386
45.267106613592375	44.64736624601386
28.390604968750054	71.0884598857171
28.390604968750054	71.0884598857171
29.942600320911446	4.731794915742031
29.942600320911446	4.731794915742031
29.942600320911446	4.731794915742031
25.029423521211836	96.56375465258701
25.029423521211836	96.56375465258701
18.058741428798182	23.491404975705997
18.058741428798182	23.491404975705997
19.672818424312574	37.64047370197491
19.672818424312574	37.64047370197491
19.672818424312574	37.64047370197491
14.972484964942073	23.634946018369362
14.972484964942073	23.634946018369362
16.586561960456464	37.78401326942333
16.586561960456464	37.78401326942333
45.9858113004793	33.856321851115915
45.9858113004793	33.856321851115915
40.71789215806296	5.084089037995243
40.71789215806296	5.084089037995243
40.71789215806296	5.084089037995243
42.61576273270776	76.11650885380676
42.61576273270776	76.11650885380676
35.645079165079146	3.044160652140718
35.645079165079146	3.044160652140718
39.529506268851634	76.26004989647014
39.529506268851634	76.26004989647014
39.529506268851634	76.26004989647014
32.55882417643798	3.187701694804086
32.55882417643798	3.187701694804086
63.687442252803024	92.20544010628947
63.687442252803024	92.20544010628947
65.79815764299187	57.40037397686543
65.79815764299187	57.40037397686543
58.33970575135205	16.497263969426523
58.33970575135205	16.497263969426523
58.33970575135205	16.497263969426523
62.720769774584035	40.75901983327795
62.720769774584035	40.75901983327795
55.53724286662632	73.5241561016325
55.53724286662632	73.5241561016325
57.08037109855439	23.95238779312325
57.08037109855439	23.95238779312325
57.08037109855439	23.95238779312325
52.45098640277021	73.66769861951083
52.45098640277021	73.66769861951083
81.23830708250577	39.89777652772762
81.23830708250577	39.89777652772762
83.39336544993607	20.16823594226425
83.39336544993607	20.16823594226425
78.19639359589111	55.11684016392175
78.19639359589111	55.11684016392175
78.19639359589111	55.11684016392175
80.30710898607995	20.31177550971267
80.30710898607995	20.31177550971267
73.12358060290728	53.07691325328217
73.12358060290728	53.07691325328217
67.85566293570591	24.304680440161505
67.85566293570591	24.304680440161505
67.85566293570591	24.304680440161505
70.03732561426614	53.22045429594555
70.03732561426614	53.22045429594555
54.79263815583478	60.24082481420105
54.79263815583478	60.24082481420105
56.98317090505825	72.37170348373424
56.98317090505825	72.37170348373424
49.44490165438381	83.53265015255305
49.44490165438381	83.53265015255305
49.44490165438381	83.53265015255305
44.81551548338469	34.24796097894064
44.81551548338469	34.24796097894064
46.358643715312745	83.67619119521643
46.358643715312745	83.67619119521643
39.17511680735503	17.44132893878594
39.17511680735503	17.44132893878594
39.17511680735503	17.44132893878594
43.55618230580198	41.703083327422405
43.55618230580198	41.703083327422405
72.41445174912387	71.65399974563233
72.41445174912387	71.65399974563233
74.52516713931271	36.84893509142325
74.52516713931271	36.84893509142325
69.30158802370792	23.152226347048273
69.30158802370792	23.152226347048273
69.30158802370792	23.152226347048273
62.401856170095556	13.800716655375348
62.401856170095556	13.800716655375348
66.21533303506676	23.295767389711653
66.21533303506676	23.295767389711653
59.03180612710906	56.0609036580662
59.03180612710906	56.0609036580662
59.03180612710906	56.0609036580662
61.142521517297894	21.25583900385712
61.142521517297894	21.25583900385712
92.27113811844798	11.273577415342503
92.27113811844798	11.273577415342503
85.30932609669757	20.416334027425595
85.30932609669757	20.416334027425595
86.92340161699701	34.565402753694514
86.92340161699701	34.565402753694514
86.92340161699701	34.565402753694514
82.2230681576265	20.559873594874006
82.2230681576265	20.559873594874006
83.83714515314088	34.708942321142935
83.83714515314088	34.708942321142935
76.86646453594219	60.63659411947688
76.86646453594219	60.63659411947688
76.86646453594219	60.63659411947688
9.278876191437622	8.537685095719825
9.278876191437622	8.537685095719825
10.822002948150718	57.965913836780665
10.822002948150718	57.965913836780665
3.922269619323402	48.61440414510774
3.922269619323402	48.61440414510774
7.78008946153607	73.18497747297478
7.78008946153607	73.18497747297478
7.78008946153607	73.18497747297478
0.8094088443373743	0.11263074652368632
0.8094088443373743	0.11263074652368632
94.61243699029241	35.061234968181175
94.61243699029241	35.061234968181175
96.72315238048125	0.2561717891870541
96.72315238048125	0.2561717891870541
96.72315238048125	0.2561717891870541
53.9817142766188	17.026133177877274
53.9817142766188	17.026133177877274
57.79519261680497	26.521185387428524
57.79519261680497	26.521185387428524
50.90432640821099	0.384779034289788
50.90432640821099	0.384779034289788
52.44745464013904	49.81300925056558
52.44745464013904	49.81300925056558
52.44745464013904	49.81300925056558
47.81806994435487	0.5283200769531557
47.81806994435487	0.5283200769531557
40.27980069368043	11.689266745771972
40.27980069368043	11.689266745771972
42.46146484745561	40.605040601556034
42.46146484745561	40.605040601556034
42.46146484745561	40.605040601556034
73.5191341602343	65.90193902783332
73.5191341602343	65.90193902783332
75.41700473487909	37.93436031885981
75.41700473487909	37.93436031885981
68.44632264246543	63.86201211719375
68.44632264246543	63.86201211719375
63.2227450020756	50.16530337281879
63.2227450020756	50.16530337281879
63.2227450020756	50.16530337281879
65.40440768063583	79.08107575338788
65.40440768063583	79.08107575338788
60.13649001343445	50.3088429402672
60.13649001343445	50.3088429402672
62.31815269199467	79.22461679605125
62.31815269199467	79.22461679605125
62.31815269199467	79.22461679605125
91.10547337173021	45.454696179483
91.10547337173021	45.454696179483
86.19229509681566	38.28665296589806
86.19229509681566	38.28665296589806
88.31187908245279	85.69669312543812
88.31187908245279	85.69669312543812
80.84455859536469	61.57847830425007
80.84455859536469	61.57847830425007
80.84455859536469	61.57847830425007
85.22562261859669	85.84023416810149
85.22562261859669	85.84023416810149
77.75830213150859	61.72201787169848
77.75830213150859	61.72201787169848
79.86901752169743	26.91695469270436
79.86901752169743	26.91695469270436
79.86901752169743	26.91695469270436
11.997634122847492	16.934691628974786
11.997634122847492	16.934691628974786
5.026953505648796	42.86234342730873
5.026953505648796	42.86234342730873
6.924824080293592	14.89476324312026
6.924824080293592	14.89476324312026
6.924824080293592	14.89476324312026
1.7012464399037555	1.1980559739602454
1.7012464399037555	1.1980559739602454
3.8119618300925953	65.3929898445362
3.8119618300925953	65.3929898445362
97.6149914512626	1.341595541408666
97.6149914512626	1.341595541408666
80.66753956761897	63.061850671118776
80.66753956761897	63.061850671118776
80.66753956761897	63.061850671118776
82.28161656313337	77.2109193973877
82.28161656313337	77.2109193973877
77.58128457897782	63.20539171378215
77.58128457897782	63.20539171378215
79.48802227385595	18.45291781855778
79.48802227385595	18.45291781855778
71.94975449839644	29.613864487376595
71.94975449839644	29.613864487376595
67.32036832739733	79.32917531376418
67.32036832739733	79.32917531376418
67.32036832739733	79.32917531376418
68.86349803454034	29.757404054825013
68.86349803454034	29.757404054825013
98.28935316090805	74.47502707776502
98.28935316090805	74.47502707776502
3.1028300258792623	83.97007633688636
3.1028300258792623	83.97007633688636
3.1028300258792623	83.97007633688636
95.20309669705195	74.61856664521343
95.20309669705195	74.61856664521343
89.93517607942064	45.84633383209275
89.93517607942064	45.84633383209275
91.80644086772055	68.23344068187183
91.80644086772055	68.23344068187183
10.428254461009647	79.6466156133031
5.727922476854093	65.6410894049125
5.727922476854093	65.6410894049125
5.727922476854093	65.6410894049125
7.341997997153527	79.79015665596648
7.341997997153527	79.79015665596648
36.69690731036483	60.78693969369839
36.69690731036483	60.78693969369839
31.49993398110491	95.7355468657858
31.49993398110491	95.7355468657858
31.49993398110491	95.7355468657858
33.61064937129375	60.93048073636177
33.61064937129375	60.93048073636177
28.41367751724879	95.87908643323422
28.41367751724879	95.87908643323422
30.28494230554871	19.266193283013287
30.28494230554871	19.266193283013287
23.314261688350015	45.193845081347234
23.314261688350015	45.193845081347234
23.314261688350015	45.193845081347234
8.140521518290038	16.935054109595857
8.140521518290038	16.935054109595857
10.251236908478889	81.12998945538678
10.251236908478889	81.12998945538678
2.7839164213907868	57.011774634198716
2.7839164213907868	57.011774634198716
2.7839164213907868	57.011774634198716
7.164980444622769	81.27353049805014
7.164980444622769	81.27353049805014
98.69765995753467	57.15531420164714
98.69765995753467	57.15531420164714
1.8172439431717988	5.565354361187195
1.8172439431717988	5.565354361187195
95.90406566825725	97.39731262281721
95.90406566825725	97.39731262281721
95.90406566825725	97.39731262281721
25.69138487277783	63.62739053103401
25.69138487277783	63.62739053103401
27.873050501767967	92.54316438681806
27.873050501767967	92.54316438681806
22.60512988413667	63.770931573697375
22.60512988413667	63.770931573697375
22.60512988413667	63.770931573697375
24.78679403791186	92.68670542948142
24.78679403791186	92.68670542948142
19.51887342028056	63.914472616360754
19.51887342028056	63.914472616360754
12.592534305108368	5.917648483440407
12.592534305108368	5.917648483440407
14.490404879753154	76.95006829925194
14.490404879753154	76.95006829925194
14.490404879753154	76.95006829925194
45.54807419253186	3.246968200744182
45.54807419253186	3.246968200744182
47.72973834630703	32.16274205652824
47.72973834630703	32.16274205652824
40.19146762041763	43.323688725347054
40.19146762041763	43.323688725347054
40.19146762041763	43.323688725347054
35.562084399848416	93.03899955173463
35.562084399848416	93.03899955173463
37.105212631776475	43.46722829279547
37.105212631776475	43.46722829279547
30.21434789839746	17.330823414871688
30.21434789839746	17.330823414871688
34.027824763368656	26.825874149207984
34.027824763368656	26.825874149207984
34.027824763368656	26.825874149207984
63.169886310605975	14.660143132175476
63.169886310605975	14.660143132175476
65.28060170079483	78.85507700275143
65.28060170079483	78.85507700275143
60.08363132196482	14.803684174838843
60.08363132196482	14.803684174838843
60.08363132196482	14.803684174838843
53.11294922955117	40.73133597317279
53.11294922955117	40.73133597317279
56.970769071763826	65.30191077625479
56.970769071763826	65.30191077625479
50.07103574293651	55.95039960936692
50.07103574293651	55.95039960936692
51.614163974864574	6.378629825642705
51.614163974864574	6.378629825642705
51.614163974864574	6.378629825642705
36.72421885914995	35.00319141864889
36.72421885914995	35.00319141864889
29.753535291521338	60.93084469219779
29.753535291521338	60.93084469219779
31.36761228703573	75.07991194325176
31.36761228703573	75.07991194325176
31.36761228703573	75.07991194325176
26.667280302880187	61.07438573486117
26.667280302880187	61.07438573486117
28.28135729839458	75.22345298591513
28.28135729839458	75.22345298591513
21.31954380142922	84.36620959799822
21.31954380142922	84.36620959799822
21.31954380142922	84.36620959799822
52.4481604025793	74.3839480094836
52.4481604025793	74.3839480094836
54.55887579276814	39.57888188005957
54.55887579276814	39.57888188005957
47.37534888481043	72.34401962362907
47.37534888481043	72.34401962362907
51.18882722499659	81.83907035796538
51.18882722499659	81.83907035796538
51.18882722499659	81.83907035796538
44.28909242095431	72.48756066629245
44.28909242095431	72.48756066629245
39.06551625577944	58.79085192191748
39.06551625577944	58.79085192191748
41.17623164596828	23.985785792493438
41.17623164596828	23.985785792493438
41.17623164596828	23.985785792493438
70.03449961407522	53.93670221070336
70.03449961407522	53.93670221070336
74.4155636373072	78.19845954976974
74.4155636373072	78.19845954976974
67.23203672934949	11.963595818124299
67.23203672934949	11.963595818124299
68.77516496127755	61.39182603440009
68.77516496127755	61.39182603440009
68.77516496127755	61.39182603440009
64.14578174070833	12.107136860787678
64.14578174070833	12.107136860787678
56.60751101481893	23.268083529606493
56.60751101481893	23.268083529606493
58.79804523925736	35.39896072392472
58.79804523925736	35.39896072392472
58.79804523925736	35.39896072392472
89.85571455203606	60.69586062541698
89.85571455203606	60.69586062541698
92.03737723059628	89.61163448120102
92.03737723059628	89.61163448120102
86.76945661296499	60.839401668080356
86.76945661296499	60.839401668080356
79.58592970500727	93.60453941164987
79.58592970500727	93.60453941164987
79.58592970500727	93.60453941164987
81.69664509519613	58.79947475744079
81.69664509519613	58.79947475744079
76.47306893002124	45.10276601306582
76.47306893002124	45.10276601306582
78.65473308379643	74.01853839363491
78.65473308379643	74.01853839363491
78.65473308379643	74.01853839363491
61.13969404189202	21.972088393829896
61.13969404189202	21.972088393829896
56.510310821322804	71.68740069543243
56.510310821322804	71.68740069543243
58.05343905325086	22.11562943649326
58.05343905325086	22.11562943649326
58.05343905325086	22.11562943649326
50.86991214529315	54.880767180062776
50.86991214529315	54.880767180062776
55.2509776437401	79.1425230439142
55.2509776437401	79.1425230439142
47.78365568143704	55.024308222726155
47.78365568143704	55.024308222726155
49.903239667074175	3.4343469070512542
49.903239667074175	3.4343469070512542
49.903239667074175	3.4343469070512542
81.0318577434392	92.45208531853663
81.0318577434392	92.45208531853663
74.06117565102555	19.379737116870583
74.06117565102555	19.379737116870583
77.94560127958309	92.59562488598505
77.94560127958309	92.59562488598505
77.94560127958309	92.59562488598505
70.97491918716943	19.523276684319004
70.97491918716943	19.523276684319004
72.87278976181422	90.55569797534548
72.87278976181422	90.55569797534548
67.60486914418293	61.783465162224815
67.60486914418293	61.783465162224815
97.00411848420578	57.85577374391739
97.00411848420578	57.85577374391739
97.00411848420578	57.85577374391739
98.61819547972017	72.0048395197564
98.61819547972017	72.0048395197564
93.9178634955646	57.99931331136581
93.9178634955646	57.99931331136581
95.531940491079	72.14838203763473
95.531940491079	72.14838203763473
95.531940491079	72.14838203763473
88.56125839866536	98.07603383596867
88.56125839866536	98.07603383596867
83.64808012375079	90.90799062238374
83.64808012375079	90.90799062238374
85.19120835567885	41.33622231387449
85.19120835567885	41.33622231387449
15.625932077494852	69.26894720013371
15.625932077494852	69.26894720013371
15.625932077494852	69.26894720013371
19.439410417681017	78.76399940968497
19.439410417681017	78.76399940968497
12.539675613638742	69.41248971801205
12.539675613638742	69.41248971801205
7.271756471222403	40.64025690489137
7.271756471222403	40.64025690489137
7.271756471222403	40.64025690489137
9.45342062499758	69.55602928546045
9.45342062499758	69.55602928546045
1.9151513743231408	80.71697595427929
1.9151513743231408	80.71697595427929
6.083370582011079	12.816216288151312
6.083370582011079	12.816216288151312
88.18026315082386	89.6119969618221
88.18026315082386	89.6119969618221
88.18026315082386	89.6119969618221
89.72339138275193	40.04022570288293
89.72339138275193	40.04022570288293
85.09400816218272	89.75553800448546
85.09400816218272	89.75553800448546
77.55573743629331	1.9164846733042897
77.55573743629331	1.9164846733042897
77.55573743629331	1.9164846733042897
79.7374015900685	30.83225705387338
79.7374015900685	30.83225705387338
74.46948244765215	2.0600242407526994
74.46948244765215	2.0600242407526994
76.367351547082	73.09244553177919
76.367351547082	73.09244553177919
76.367351547082	73.09244553177919
6.7311279805266215	37.30433338326025
6.7311279805266215	37.30433338326025
1.5341561264816614	72.25294055534765
1.5341561264816614	72.25294055534765
3.6448715166705017	37.447874425923615
3.6448715166705017	37.447874425923615
97.44790113784052	72.39648012279608
97.44790113784052	72.39648012279608
97.44790113784052	72.39648012279608
0.5586165280293506	37.591415468586995
0.5586165280293506	37.591415468586995
92.09129456572629	13.473199172183982
92.09129456572629	13.473199172183982
24.716551036765765	53.536804203191366
24.716551036765765	53.536804203191366
24.716551036765765	53.536804203191366
26.587815825065686	75.92391105297044
26.587815825065686	75.92391105297044
19.120495337977584	51.80569475656742
19.120495337977584	51.80569475656742
23.501560836424524	76.06745062041884
23.501560836424524	76.06745062041884
16.034238874121463	51.94923727444576
16.034238874121463	51.94923727444576
16.034238874121463	51.94923727444576
18.144954264310304	17.144171145021716
18.144954264310304	17.144171145021716
12.947982410265354	52.092776841894164
12.947982410265354	52.092776841894164
42.30289024826169	33.08955987962609
42.30289024826169	33.08955987962609
42.30289024826169	33.08955987962609
44.209629418354766	87.33708598440171
44.209629418354766	87.33708598440171
38.94170880072347	58.56485317128104
38.94170880072347	58.56485317128104
41.123372954498656	87.48062702706508
41.123372954498656	87.48062702706508
35.85545233686736	58.708394213944416
35.85545233686736	58.708394213944416
35.85545233686736	58.708394213944416
28.95571900804004	49.356884522271486
28.95571900804004	49.356884522271486
30.498847239968097	98.78511326333232
30.498847239968097	98.78511326333232
15.892695703383874	85.29302889631103
15.892695703383874	85.29302889631103
15.892695703383874	85.29302889631103
17.763959016468824	8.680134270875126
17.763959016468824	8.680134270875126
10.225691241009342	19.841080939693953
10.225691241009342	19.841080939693953
5.5963065452251675	69.55639176608153
5.5963065452251675	69.55639176608153
5.5963065452251675	69.55639176608153
7.139434777153233	19.98462198235732
7.139434777153233	19.98462198235732
0.23970144832591678	10.633112290684396
0.23970144832591678	10.633112290684396
4.0531783132971135	20.1281630250207
4.0531783132971135	20.1281630250207
33.47903491487978	64.84578457274574