27.45155932292046	21.587351035972503
53.055067513653725	73.59481703561211
55.37862919460158	31.95226791138243
48.83363673327604	44.204946344030276
51.35230603887137	29.294701647066738
42.53696494450267	81.480562512084
44.70976050282957	28.18123007890396
74.68546707177644	22.235347128645845
76.84052543920674	2.50580654318247
70.19797842794999	1.392334975019692
72.77872790168337	66.98782249908518
63.369193862709004	55.761662318124934
93.07884404342208	58.3626379058225
95.59751187380245	43.452391733644006
95.8813069281478	1.3357442984015684
89.03478369679527	89.27486348922349
91.96140691779709	94.25943727429053
84.94638184814198	6.111563528663824
87.33202222201292	44.97474810067812
78.87142347036097	19.76479856523112
81.10629772161094	46.971199828295056
65.51573651591116	15.602487035978914
67.60871619041836	14.367211279056589
61.23222556739542	4.706882648153085
63.16557052383337	8.599721718961176
56.647185324067664	69.49771606807141
59.08603579541341	7.6515295225805655
52.60312645265582	1.409943126687362
52.90465574746784	24.72350384372825
82.67638609631895	8.83021312766981
85.2305283084925	25.780386210487872
78.6855373223819	38.03306611835069
78.96932942629734	94.9164201583232
81.65650204541022	58.0931654473784
75.13811537042956	19.991159796488624
77.48828136250732	26.993923638291406
70.90781746981853	7.386185766372609
71.20934823984551	30.699747958628453
1.9810771134816705	14.806454292140097
4.490876348413744	16.68110478142741
96.68869756951764	20.69574656578009
0.9257186807797604	32.20898735685212
93.3186490017461	62.9559350436859
95.42049432127169	44.93576557572768
88.72473721254013	45.53166512507005
91.27888089992862	62.48183820788811
19.735918163280175	71.4462014298085
22.263454589108843	39.75106007137914
15.771675175688012	50.29437033695176
18.35242464942138	16.889857861017255
18.990959096053544	95.37740150052551
12.499179682632713	6.920710290883162
14.689712431856183	19.051588960416357
6.220245084755935	10.62653461122022
8.863073251412402	57.7277558315297
91.35018254473509	88.98814535973277
93.89545763667529	23.723213628801695
93.94866920936505	22.01384251129655
87.43028253438439	82.9118368604068
90.20613963276523	76.23963028695339
83.58133128762002	41.556368346288885
85.70978386870544	72.18151184436313
77.04520889695772	37.02415306790083
79.5106666298633	23.82327948844244
10.477503128146923	34.6622917244352
13.049384006432	18.042674434751547
13.342046181010685	58.14113328847321
6.788185124236848	87.17870838258688
9.333460216177059	21.913778126870763
2.7441247776100544	19.090933965987873
4.979000504074985	46.297335229051804
95.13705509857638	49.83788165282165
97.69119731074991	66.78805473563972
28.43632039804119	2.2494481031188953
30.768749199222388	42.82200231742338
24.28583838124985	36.58041592153019
24.720398083001207	6.120550320023153
27.247934508829864	73.42541043680875
20.69407492727099	3.4629855309224187
23.265955805556075	85.84336824123876
14.424007449627544	89.38391318979366
46.85630315603171	87.02205332154297
49.32176088893728	73.82117826686962
42.45750194190313	96.33008783019328
43.05169488650879	60.742105925740866
45.28657061297373	87.94850866401976
38.892344274269156	12.857970405617968
41.340064816278144	33.2268871986613
32.569066699150916	1.4882706572093176
34.715256471132925	97.54362378278184
18.40634198455139	39.75142550243013
20.925009814931755	24.841177855036666
14.397756019717754	3.524068865612722
16.481867098776675	19.073689770156218
17.005109804581043	18.76487083092564
10.468987413918747	14.23265702775255
12.996525314962375	81.53751566932318
6.478138639981706	43.435510018433426
8.775094534584683	52.14764645295631
36.223261727272984	77.89690486112755
38.78627401010978	78.06218128247981
32.232414428550896	8.099757851808434
34.42294717777437	20.23063504612667
27.948903480035163	96.20415493919758
28.347987324778394	33.88387008269397
30.831183723795508	86.1132046555189
23.860500156166896	13.040856453852848
26.556541370728077	58.43270655665718
56.009002283440665	52.795642545629654
58.465591420897944	56.37966415242212
49.85422802183998	19.512932783239727
52.364027256772054	21.387583272527042
45.5175055006345	10.326700988134
48.071649188022995	27.276874070952076
41.68628996955175	34.401440626299426
41.721764351344916	66.26186135651095
44.33798820687146	64.71776813557301
74.34916768239655	90.63230444031146
76.63725350633628	17.129333110655292
68.0436272981749	45.69281284418613
70.53569081742535	81.13725370597517
64.06164711968614	58.11077359904607
66.40294599153057	81.89843115188475
59.7426632645922	15.354749956223682
61.87111437046267	45.979894929512874
62.412097217593534	12.10128561778058
45.84599493822647	45.07104626348881
47.921235946622154	77.40556235428316
41.207741646994016	12.57125227612725
43.73527954803763	79.87611239291284
37.17255137103046	26.69858267327738
37.6248482636784	61.66892669926863
30.654164696049794	87.59657849760258
33.21717697888659	87.76185639416978
62.96230006617786	23.223251236863913
65.76476295090357	65.19635762944297
66.05742512548227	6.294813532734723
59.47695975757851	85.68707713603088
61.605412338663946	17.31222063410513
55.2200531201927	24.436787189452488
57.330768510381546	88.63172253524341
50.590669899623485	74.15209801584007
53.02952184618418	12.305908519919292
82.66822326331092	50.18604707283869
83.0052269399161	6.360027044876147
76.55779050373674	31.97886137919447
79.0321168320906	1.9930911382702676
72.5048630368766	79.67598214884632
74.65991992909194	59.94644008816798
75.12108541718818	78.1318874526934
68.1858777065677	36.919958506023924
70.69567841671473	38.794607520096285
1.5383545787222626	86.62215531403098
4.243262913516776	16.229108755369484
94.37471172167328	70.12434073789191
96.45882132551726	85.67396016722044
90.11780655950244	8.87405226652846
92.43249816978704	83.01639685333467
85.86090139733157	46.62376231995005
88.46825665740982	61.86456576047793
88.75205023654023	19.74791685002053
41.42557041413506	2.3087146090589914
41.71823258871375	42.4071719875657
44.24577048975736	10.712030629136338
37.79833257836303	36.330864963454665
40.379082052096415	2.9263524875201483
31.52826657593455	23.25179262232589
34.135620360797844	38.492594587638806
63.92508790054554	88.02951349907865
66.42601854002932	7.689057699401872
59.60610257023664	45.27349133147121
59.83668457667727	4.86621353851898
62.32874662071277	40.31065440030801
56.01433911625779	12.156059465648497
58.16939600847313	91.42651740497017
51.53571906787962	73.52815212577148
51.8372498379066	96.84171284281237
81.86616797954323	89.1864587750491
84.18972966049108	47.54390817560446
77.90192499195106	68.03462768219237
78.07042830546861	46.12161766821109
80.22548519768395	26.39207708274771
73.9199448134623	80.45258696183734
76.45635130995421	31.972550417157127
69.831542964809	96.28928847649262
70.1685466414142	52.46326992374504
0.9757513720584693	68.4303969874682
3.148545455170397	15.13106455428815
95.57694868271494	77.73843149611851
98.12222377465514	12.473499765187416
98.59225785819967	13.874051943461994
92.02065961052925	76.48142036050729
94.38856279350361	49.9143923545934
88.0298108365922	6.684273351188181
88.27813150914439	31.707208136164127
71.39276126885377	74.93319696211825
73.67197849734521	18.215120818712922
67.10925032033803	64.03759404950736
69.67226260317483	64.20287047085962
63.14500733274587	42.88576295665062
65.48630472937535	66.6734205094893
65.73462540192753	91.69635529446526
59.145291438575484	88.87351113358237
61.8945412753965	33.555990118881546
91.24945058860779	14.552773156613455
93.82132999167791	96.93315734214475
85.15675501993019	61.77579709046752
87.66655425486226	63.65044757975483
81.15703617532989	8.763546742614208
83.7111798627184	25.713719825432282
76.84692091568425	48.22262938875591
77.04203001554667	74.95493381602208
79.84449142505743	17.928040208601132
10.598483107797	35.60453986504441
13.108283817944043	37.47918887911676
4.2929427235753455	89.66504826891908
6.518948379377037	34.65634619344883
98.91187870034337	65.40329240506766
2.492626698861775	31.998781404348108
94.95650430819948	27.46656612596006
95.22256069643329	18.919709063219333
97.9274690312278	47.5266639797728
28.32671837125064	43.59897108625043
30.889730654087423	43.7642504580326
24.3890826452183	71.09245443464111
24.672874749133733	28.97580699939868
18.589049251119395	59.41393722221683
21.07224417492155	12.643271795041777
14.07495629616302	88.9256091521283
14.367618470741704	30.024065055420035
16.904024967233614	80.54402998595478
0.5685046943071993	73.10651431392573
2.6703514890477473	55.08634484596751
95.22291357765342	80.70517918028584
95.43575839319747	73.86769323505027
89.17456098621727	44.00372570767064
91.61341293277799	81.15753621174986
84.72254819939896	55.02113280904104
87.27669188678745	71.9713058918591
87.69351439764223	75.08122918763883
18.482978986960006	25.618146623863716
21.054859865245092	8.998530809395021
14.509868879134508	21.251210717257838
16.762480321281064	14.887823083035013
7.973745013257256	16.718996914084748
10.598835989017127	97.39000850689594
4.036107812009957	44.212478787260466
6.368538088406114	84.78503300156497
7.078021298624616	28.99341515106635
36.74332850209622	16.518866670018213
39.31520790516634	98.89924790511961
30.712713101556666	45.2476228249013
33.22251233648874	47.122273314188625
26.26069883952338	56.26502992627171
28.788236740567005	24.569888567842348
22.358537495284217	16.618931054444
22.961597560123213	63.246055438955686
25.17873609569156	25.02224707452135
54.98594082633585	40.989375613459465
57.46026715468971	11.003605372535265
48.67153037145094	12.834779203584999
51.47399325617666	54.80788559616406
44.50331263897797	80.73553886971297
47.11066642384125	95.97633935981092
40.14885145166093	6.1190959718940166
42.906971359145196	33.01667977094233
26.01273252340628	93.02756525836224
26.305394697984966	34.12602116165399
28.97483012620127	30.8725568232109
22.367758971952636	61.619505985259636
24.602634698417567	88.82590577310862
18.039906521410398	35.64837900390306
18.385778793463878	74.03746378968965
11.87626218914646	19.150564427763985
14.031319081361803	98.42102384230061
43.78531223931634	17.09752054831397
47.30612692970885	85.49411390414357
40.681318584563634	50.81085196347907
40.94737497279744	42.263994900738346
34.473332750273194	19.23751331859428
38.39323276062391	25.313821817920275
30.012451368006584	47.039815606215555
32.61093655742158	79.06551275777932
62.04566027923758	7.99823911925351
64.60867108685942	8.163517015820721
64.84812168874835	49.97134698704754
58.35634375054248	60.5146557774052
60.93709174906089	27.110143301470686
52.44988721106406	52.25487932477626
54.64928855573582	47.600862808058594
48.051085996935484	61.562915308641514
50.62296540000561	44.94329801895786
80.50111741902127	25.631263592674163
80.74056949612516	67.43909061347105
83.3301846148769	17.249682951285692
77.13993597148306	51.10655540911415
79.49897055900912	41.32442406466607
72.56376432360359	0.11249511799658507
72.97171676379511	20.00731507524213
66.40898858678796	65.82978535560666
68.9542622035132	0.5648550998905423
52.077762033885826	27.00594873959378
54.56095548247303	79.23528331241872
55.00438377967268	31.990522524660825
48.432785532002256	94.59788799127621
50.614449685777444	24.513660371845297
44.1404074632532	1.4871817401311578
46.69455115064169	18.437353347734273
37.84373567447984	38.76279495775497
40.44222086389483	70.78849210931874
70.24055552387586	4.540514359292767
72.74148763857461	23.200058559615986
73.01641262225671	96.8683063106244
66.68426645169018	3.2835017484666107
69.16746137549234	55.512836321291545
62.622470389381746	67.76551770436932
64.75979156591548	81.60576749140766
56.11295230984937	12.87861834244365
58.72917616537592	11.334523646290746
89.85779276652599	1.3522620577761315
83.83604596143473	13.296124501623327
81.87609669386686	59.757969514352844
82.47028963847252	24.169990560330355
75.59716062077513	63.463793834689895
78.16017290361191	63.629073206472064
8.931901777248068	47.73578101519866
9.215695356378461	5.619133579956223
2.8569433994670534	61.389014576551006
5.402218491407254	95.12408284561992
97.42266780354531	38.836629830204735
1.154181924684697	17.088897712790672
93.19236842771933	26.231654324873762
93.52050498409119	98.19053095837702
95.95048833520359	53.12923812392208
79.66818111018189	43.982351334387864
82.25779622893363	92.7929436722025
73.41585082343502	96.33349009597235
75.92565153358206	98.2081391100447
68.94609937050515	41.92068756984447
71.50024305789366	58.87085917744757
65.1858340782237	30.716265718003015
65.47849625280239	70.81472162129477
68.08585003766568	86.05552506182264
97.4496264711103	50.26741291330369
0.994901563050512	84.00248118237262
93.41443619514676	64.39474331045383
93.68049258338057	55.847886247713106
87.16210590839991	17.7458820720383
89.93796300678075	11.07367402336994
83.40184061611845	6.541458744981892
83.65902840890396	14.779498343706987
86.14222333270612	67.00883291653193
16.559209863625558	29.511349650507835
19.131089266695678	12.89173383603914
12.524019587662004	43.63868152287292
14.900791366084652	0.28675833070816636
6.014502983344586	87.7517806857323
8.559776600069839	22.48685043001618
2.2542347406332266	76.54735883389084
4.7817726416768425	44.85221747546149
5.109909198048697	17.811094108964763
34.85503228533997	52.272487476443935
37.14311958449467	77.76951909721768
30.420756689418237	29.72010273009767
32.95716318591015	80.24006618541746
26.21706309993713	65.76044461644403
26.5274624654124	72.28911014723406
19.982471479301815	84.54179005509687
22.492270714233896	86.41644054438419
6.014854389349756	50.53724932758384
6.236569275557061	26.914868196097405
8.835054464972057	58.94056534766117
2.2545890970683016	39.332827475742384
4.994970338441026	0.8002016472924159
95.1618935283907	86.55585140959644
97.40563637508897	96.97735896162449
90.82517248240018	77.36961961449073
93.38818329002201	77.53489751105793
24.363889858968893	71.58901603601478
24.603340460857822	14.396844532026643
26.77613454396975	60.09751209884659
20.195669176065994	40.4897742269278
22.68773269531644	75.93421361350187
16.417666692887956	62.85514274758806
16.639381579095264	39.2327630913166
9.71304246392307	80.23593748318129
12.231710294303447	65.32569278621776
42.05665074062935	47.723029477439205
44.62853161891443	31.103412187755552
45.07195844089913	82.8586499247827
38.1278806596154	58.43161616436406
40.84165906507315	70.25367589466669
34.07495466797022	7.128736934015917
36.65570266648863	72.7242244580814
28.02660060131912	69.42728493661568
30.518665595784526	5.871725798404718
61.265934067873	24.639957218677022
63.802339089149946	75.15992067399681
57.221875196461156	55.552182802078015
57.55001175283301	28.51105943558128
50.978413505162585	91.11842637741164
53.57690016979255	24.144122053760444
46.650561054620354	65.14729939605506
49.302256341510144	95.46362395489872
49.57718280040721	70.13187170590714
33.04655490283332	35.96205308182689
35.60956718567011	36.1273309783941
29.037970413214644	98.73469792022443
29.36610549437154	71.69357455372771
22.83885022394258	50.376464089088806
25.3752567204345	1.8964275444085947
18.830265734323913	14.149108927486369
21.074010056237135	24.570615004299437
21.2779862763329	34.518024245314734
51.04084655452076	35.409628715507154
53.85217803469478	60.59783992183535
46.76620420145333	7.729129141430463
49.417902438773034	38.04545517548909
40.55821836716289	75.15579197176065
43.17444074747446	73.61169875082271
36.797953074881434	63.951370119919204
39.32549097592506	32.256228761489844
68.75134462707781	76.9738503092149
68.95532232238854	86.92126102544515
71.73117942076938	80.24905445199174
64.93786923732156	67.47880105009355
67.50974864039169	50.85918228519495
58.924989552463636	62.63776830768988
61.47026316918889	96.3728365767588
54.55279412467995	21.591117257587605
58.614591662203324	56.109101301684895
86.09823323668479	14.718777489637754
88.27989739045998	43.63454987020684
81.79698509727248	37.3929649495286
85.4242229330445	3.370814595132937
78.8881005423822	97.83860079195985
79.39360753250494	32.099573700445944
72.68898330354006	49.48036843603916
75.27859989750678	98.2909607738538
33.184566310939736	77.76357209101637
33.397411126483796	70.9260861457808
35.90721183663083	72.8007366350681
29.60167145240917	27.861245038942787
31.7389926289429	41.70149482598113
25.185131572169063	70.73906992009479
25.468926626514413	28.62242396006731
18.8884597833957	9.014684612933566
21.203151393680304	83.15703067495473
51.20546374897205	26.85646216594404
52.68651181276207	94.7789572107609
46.16812661299636	56.676953035086086
48.81982337510111	86.9932790691447
42.10632907547297	22.158968990988793
44.651604167413176	55.89403726005772
37.707527861344396	31.467003499639087
38.15982475399234	66.43734605041539
40.713966966165884	83.3875206084484
70.23737664246481	42.471295107414
72.80038745008665	42.63657300398121
64.23336702827014	20.845365703544513
66.37955680025215	17.900720304332
59.83456433892661	30.153401687409776
62.30002354704714	16.952526632736426
55.99448316282549	71.01303651182604
56.225065169266124	30.605760194088763
58.78807597688795	30.771039565870932
88.23166976936722	41.9188692658793
90.67939031137621	62.287786058922634
84.16987223184383	7.400885221782008
84.67538069718152	40.6618581302681
78.16586261764915	84.77495729312749
80.72000630503766	2.725131851160508
74.12180374623732	16.687184351743426
76.32120361569412	12.033164884595843
76.54291702668647	87.41078522832437
60.030026320009156	19.67117475652745
62.5841685321827	36.621347839345525
56.04804614152041	32.089132560957474
50.407647465490754	15.282500520802781
50.64709806737969	57.090330492029594
53.183504563871594	8.61029394734938
46.63851357776101	20.862973855212196
49.23699876717602	52.888671006775965
76.80045917590706	58.434291993686045
79.28365262449427	11.66362656651099
73.0047180266175	15.369450886848037
75.49678154586795	50.81389027342212
75.76283793410175	42.26703321068139
69.26218992523263	69.59523866250487
71.780857755613	54.68499396554134
64.90773021313056	93.97879871511583
67.62150714337335	6.800856970203479
97.10057384243083	49.80910740042337
97.41984180335439	39.5528792201775
90.87485081724381	51.80555912804032
93.44673169552888	35.18594331357163
86.67115722776269	87.84589953917173
87.1855342885487	5.321975786191999
89.67759633258419	40.76641517276608
83.05278798743898	6.083154707316535
83.75340407742414	66.07643056785383
14.480789973818831	35.10761430783471
16.84869315679319	8.540587777135777
10.330306481812519	69.438582126246
12.866712978304438	20.958547056780752
13.06182060295191	47.6908514840469
6.561172594082785	75.01905693587038
9.088710495126401	43.323915577441014
2.251055859222171	15.478139582012082
4.716513592127753	2.2772645273387417
85.34122669259882	93.36565349472686
87.96631914357366	75.03666508753804
81.45680253925624	20.149764250397432
81.77606902496484	9.89353607015156
84.28586973511189	11.768185084223916
77.69653577175984	8.945342398555981
80.05557035928591	98.1632110541079
73.11149405321713	73.73617729368927
75.55034599977782	11.889987797768493
5.506168517815971	55.207058642433935
0.17616920726158614	44.92909213306926
2.8633403511595037	8.10583594690949
94.87492106784927	67.60327959296012
95.14984605153137	42.27152734396854
97.81928000453271	39.01806300552544
91.20334025483578	86.54990440339513
93.77521965790591	69.93028858892643
22.267731303050624	11.755071065843383
24.910559469707078	58.85629228615286
18.28575259977682	24.17302887027341
20.999529530019625	35.995090075790976
14.082059010295726	60.2133692814048
14.286035230391489	70.1607785224201
16.893389015254776	85.40158196294797
10.375003815489066	47.29957631205821
12.867065859524567	82.74401569863228
40.65223967924797	64.66725555405596
43.162040389395	66.5419045681283
36.262307060567686	57.19039487645538
38.692290411680084	12.129102042000426
32.23598538005242	54.532830087354654
32.72375517927858	22.363593368342464
35.020709598666606	31.075728327650392
28.635351855410324	38.200293407782794
30.870227581875252	65.40669614606169
14.339599684301369	31.236876046766483
14.747553599707853	51.13169600401203
8.264641306520355	44.89011108333378
10.384225292157486	92.30014976765888
4.185108053315339	43.941915936523245
6.455456686358492	4.008736454583747
98.5379861666346	28.22701713541255
98.79517395942011	36.46505525892268
2.322711860463723	4.769915375708283
32.12991511589304	20.737040964216487
34.73726890075634	35.97784440474436
25.930796401835938	71.37880860829581
28.44946718264623	56.468563911332275
22.126188132313032	45.09886416292361
24.476354124390806	52.101626529511435
24.76901629896949	92.20008390801814
18.43687012840296	97.61527934586034
21.01761960213634	64.21076686992583
50.78934847577249	48.31747467865243
52.95327543865108	11.803037431723238
44.12906574883411	80.77379348299137
47.055687494620955	85.75836874327337
40.590513867545	45.94699197487844
40.90978182846856	35.690762319417615
43.41071246795235	54.35030651974083
36.510979139125034	44.99879830328287
39.011911253823776	63.658342503606086
68.96988063187406	91.2822499258497
71.08059602206292	56.477185271640614
62.28299211859081	75.09325428894121
64.8903459034541	90.33405772946908
58.68236006916366	58.7607190845843
61.041394656689725	48.97858774013622
54.04410677793119	26.260925097222746
54.33676895250988	66.35938247572945
56.8731754490018	17.87934593104923
40.35141467166124	65.92463064550317
35.668819878402275	18.3493125893959
38.1874891839976	3.4390678924323614
31.465127764136128	54.38965447574226
34.001532785413076	5.9096179310620425
25.22166607283756	89.95589657586092
27.35898724937128	4.796146362899264
57.16619198001557	20.763271951407468
60.04847074856096	10.672321667728808
60.3233942570281	84.34056941873723
53.459135309993954	7.849478982060874
56.15517652455512	53.24132908486519
49.61018406322959	65.49401046794297
51.99582591231548	5.35719208952735
43.18935341339509	40.758157768293756
75.78128088743858	33.26818159709771
76.32226373456945	98.3895722853654
78.63695534485407	73.53191834738656
71.81703937506138	12.116350504240966
74.3800501826832	12.281628400808176
68.03016682122009	51.26661273593714
68.26074882766073	10.859337893414809
61.77783653447323	4.617752972736563
63.96837075891167	16.7486301670548
93.77557401434099	32.71575723077796
94.39637274529153	45.773091242787935
89.1639265094534	48.86127620944887
91.8865720351445	43.89844075350062
92.1082869213518	20.276059622014188
85.58990024637113	81.17405544633938
88.12630674286305	32.69402037687413
81.65226304512383	9.667538794730074
81.89171512222772	51.47536729074193
65.39656013123205	49.165966446443285
67.34764080335164	19.489015144749658
60.758306839999584	16.666172459081725
63.43661086366417	95.62781293438778
56.90935706845017	74.31070246974886
57.17541345668398	65.76384540700815
59.321603228666	62.81920000779562
52.838690935478496	56.57761508711739
55.55246639050633	68.39967334220503
85.34193393025403	18.936590778429924
87.47925510678776	32.77684056546826
79.00091916423922	41.13668140252298
82.37096920722571	97.87649292461717
75.85258253224505	59.77448727372741
78.48654357866818	24.66060368028775
69.71554546154096	91.92198861405072
72.1366587419901	63.64559096584662
4.3096197955966	68.73885197086275
4.637756351968453	41.69772860436603
97.14597693854762	52.24103739472368
1.0016513959631013	92.50477414501256
93.18173395095546	31.08920630186694
93.36797445536959	74.60640739059892
95.93985385843972	57.986790100915265
89.41260006322571	36.669679636276356
91.94013648905437	4.974539753061954
20.672098736088017	87.60715072599076
37.59365059582703	1.8125169635213412
20.539777042018848	66.95151580345672
14.80182381605798	36.77873081206147
17.338230312549896	87.29869426738126
17.73731415729313	24.978409410877656
12.398446251290453	31.485338087763846
5.826849478834991	94.0927050295942
8.301175807188853	64.10693626388495
8.460810525258115	58.97882143615454
38.436515618990036	53.03293848589642
41.00839502206016	36.41332119621277
34.52548272887266	30.171736275534535
36.6361981190615	94.3666701461105
27.8385942155894	13.982740638626039
30.357264996399678	98.07249446644754
23.79453681939251	44.89496622202703
27.723303949976557	34.186378059887204
55.20694699967298	91.79605572305502
57.71674770982001	93.67070621234234
51.26930979842568	20.28953907144571
53.6992931495381	74.22824623699076
54.045166896806535	13.617331022777348
47.526781697040825	74.51532684710254
50.04544952742119	59.605082150139
43.5093271367589	55.072866871750946
45.69985841076742	67.20374406606918
73.25445022405019	89.53426023923012
77.3871965251599	88.7730813181056
70.83333694360103	18.81065788743423
71.14373483386133	25.33932489343921
64.58100665685416	71.1617966490187
66.73606502428447	51.43225458834036
60.12012527458755	98.96409893663997
62.89598237296839	92.29188941275665
63.07335280671928	53.59398568773947
20.61570975720218	28.247301116402202
15.454210809735429	95.05632606827122
18.070434665261978	93.51223284733328
18.55820446448813	61.34299612832108
11.995476287480962	8.165466408685615
14.123928868566386	38.79061138197482
7.756308316206687	12.345387564820452
10.115342903732762	2.56325622037237
37.669934717015515	24.893772393533315
40.19747261805914	92.198629559889
33.62587437038872	55.80599797693431
35.47940196779204	12.76289372400013
28.615141545542937	35.27180328732377
31.506290384751587	8.39595781739425
24.633162842269147	47.68976109175379
28.260400678041165	13.667612212573074
55.84159680245385	84.6434413517665
58.31592313080771	54.65767258605724
52.03698853293094	58.363496906394296
54.56452643397456	26.668355547964936
47.63818584358741	67.67153141504458
47.833294943449836	94.40383584231073
50.44064872831312	10.64463780762365
43.877920551305955	56.46710956320314
46.42319564324617	90.20217930748701
73.9423115995208	80.67227475043644
76.54079826415075	13.697971902000216
69.98693720737693	42.73554847132884
72.51447510842054	11.040407112899482
72.82487594911078	17.569072643689516
66.33309506047499	28.112382909262134
69.0646077063994	6.364652267063025
62.16487437757208	96.0131425753901
64.73675525585716	79.39352528570645
45.96238303637004	34.80219910959816
48.223864549179865	11.653916289124489
41.32413122035255	2.302405122236604
45.25289982615154	90.59381696009677
38.75225181728242	18.922022411920256
39.16020425747394	38.8168423691658
33.741518992436646	97.38782772230971
64.97655873896622	83.98682242356983
65.21600934085515	26.794650919581702
67.43314935163848	87.57084403036231
60.843813913071465	84.74800134469437
63.628539606900596	61.29089810977515
56.55143584432239	90.63729214311941
59.1321838428408	57.23277966718489
51.79789081226213	78.34113557701902
54.33429583353909	29.86110050755375
84.29226521158938	57.48500940501232
86.46506076991626	4.185676971832271
77.68519553255571	88.23195561663114
80.36349660579037	68.1935960919372
73.84511140602466	30.091591916262384
75.94695820076522	12.071420973089197
69.3310184510683	59.60326384617384
69.64141781654357	66.13193085217883
72.18669290848376	0.8669991212477465
3.2244781703537377	75.42684986723363
5.760883191630688	26.94681479776837
95.92780638158038	13.702466035287355
98.10060193990726	59.40313360210731
91.66203262396122	68.23707127495982
93.9944614251424	9.809625489264306
86.99717354638388	86.09196284635082
89.54244863832409	20.827031115419754
72.98521495440532	37.01189805009209
73.25127134263913	28.46504098735136
75.86749372295071	26.92094776641342
69.36684571408159	54.24915174302194
72.00967388073805	2.3503729633314174
63.19433426158432	54.53623235313373
65.8105566418959	52.99214060741074
59.11479953316435	53.58804015675311
61.6157316478631	72.24758435707632
61.99707977692471	43.49708987307445
91.75107145966427	61.17358805430277
86.75807730093004	7.069602992190508
88.86879269111887	71.26453686276646
89.35656249034504	39.09530014375428
82.78496424267462	2.702667085584629
85.35684512095969	85.08304979590098
78.84732851664228	30.19614895876035
79.08677911853121	72.00397892998717
10.603467059393992	32.17948666799676
13.139873555885911	82.69945012331654
6.87867467369076	52.835484071151875
9.17562909307878	61.547619030459806
0.546528503124229	58.250679508994075
3.118409381409306	41.63106221931044
95.52907541805726	38.808219533642486
98.17190358471373	85.90944075395197
28.571152924736563	81.98174786042959
28.863815099315246	23.0802052389363
31.51551186142	53.39653127299492
24.988258066205994	32.07942228357098
27.169920744766227	60.995194664140065
20.571718185965885	74.95724716472299
21.015147958380496	27.712484901750138
14.541102785426332	4.686003319606072
16.873533061822478	45.25855900912553
0.555749979792649	4.251252964594753
0.8129392477931232	12.48929108810489
3.4114229619931606	44.51498823966867
95.70679873302828	61.89578297526189
98.21659944317531	63.770431989334256
89.43673273059979	48.81671210934809
92.03521939522975	80.84240926091185
85.55230710204225	74.60082286501866
88.20400238893204	5.917150374292235
88.43458587058764	64.50987405655495
18.798362304032267	28.721761908036008
21.317031609627602	13.811515735857512
15.055834202647409	82.94754968369284
17.60997641482094	0.8977227665109182
8.732555152314212	71.57784993528419
11.295567435150996	71.7431278318514
4.4224384174535984	12.036931106210945
6.949976318497225	79.34179122299655
36.76604816937484	78.52402310046885
36.95228867378898	23.04122271398586
31.684368056157677	93.26898990086518
33.812820637243114	24.894134874154386
27.28556684202911	3.5770258847304315
30.061423940409952	95.90481783606207
23.09961044344459	6.0475744481451645
23.401141213471565	29.361136640401007
26.097180952817777	74.75298526799038
55.90438420824711	90.72011380692851
58.40531632294584	10.379658007251722
51.65634764152454	12.684928674099243
51.84258814593868	56.20212976283121
44.89851036465494	31.775096002412578
47.58568150855287	93.9518398162528
40.739159752415304	82.89095900707473
43.240091867114046	2.5505046826129085
26.753805471566654	82.45620865206341
27.401211464077026	45.15885563010585
29.93761648535399	95.67881908542563
23.10883192011301	51.0481493789608
25.56541958235533	54.63216951053831
16.812160131339645	88.3237625965846
20.421659301000123	87.87140408990561
14.151593298571647	74.7923332239918
16.457417788622916	66.71957152183391
47.06279020875366	57.04612739733492
40.54440500898795	18.944123221660117
42.63738320828022	17.708848939952752
35.24987860501179	40.52657596729202
37.76854791060711	25.616331270328477
31.454138930937166	96.461734860454
31.640379435351303	40.978934473971016
33.88412228204957	51.40044202599904
65.09255624223428	88.35412228601174
58.716068569641244	78.69379365510824
60.84451967551171	10.318937153182489
61.11057606374552	1.7720800904417626
54.538979291290055	64.37944850748707
57.11086016957514	47.759831217803416
48.765553158750976	2.3462427858802974
51.13345634172534	74.77921625518135
80.91405381080979	42.10102887765709
83.43272311640511	27.190784180693555
83.76085967277697	0.149659338981873
76.96754948932916	86.37940741229863
79.66358775346042	32.77125603988801
73.09199098100495	95.37862445693332
75.62839747749686	46.8985879122531
66.84853076492135	31.944866557051967
69.44701595433634	63.97056370861575
52.96073103400392	44.8762691532812
55.47053026893599	46.75091669213861
55.763193918729634	86.84937554586027
48.81024901721256	79.2072369716925
51.49742016111049	42.38398078553272
44.597685357068215	33.032471093859805
47.2759893807328	12.99411156916584
40.340781670112314	70.78218262249635
43.00134702766536	84.31361347030412
72.56023108575747	75.25780574905133
73.99693617230601	29.104779675552383
66.9730425072026	56.741801116176525
69.74003101013516	66.85448972897399
63.18617142857627	95.89206629830261
65.66049775693016	65.90629753259337
56.88063104435462	50.95257617739224
59.088900984474684	29.513662999208748
89.2863209644139	98.94540039267918
91.43250926118095	96.00075499346666
84.87864967962207	26.038330087580334
85.32207797682175	77.79356929982244
87.5746894189683	71.4301787151697
81.05630274398763	33.328174539494896
75.46911564064773	14.812171381835041
78.19176116633882	9.849334450671838
8.573274790680038	39.49143340486614
10.30264205180727	33.43686323465894
3.695570897558639	64.18380944627776
6.063475555747954	37.616782915578824
98.59829897824208	96.8054061471839
0.9640567764192605	85.93154008847686
93.37472281306721	83.10869740280893
96.73590426060542	57.633405586368944
80.35604101043755	35.120365845594186
82.9633962705158	50.36116928612205
75.58476026269565	56.39400112721046
77.74868722557424	19.879565355496222
71.31898798029147	11.928607842097875
73.5006506588517	40.84438022266696
65.04005190719973	15.634432162434923
68.33028459115161	25.438300360786847
97.84482567200224	1.3069700460033022
1.6384199612796801	60.064973100048185
93.84510977783187	47.294719698150004
96.65643978279093	72.4829309044782
87.75241420915427	94.51774363200406
89.8808667902397	26.14288860529326
83.3890859016039	36.68619739565092
85.89001801630265	55.34574159597414
16.963277659965783	62.76601307217154
17.238202643647885	37.43426082317996
19.7657405446915	5.739119464750605
12.715241093243216	83.73082793934228
15.295989091761637	50.32631546340777
8.937238610065188	7.096196460002549
11.28740460214296	14.098960301805329
4.307853914281013	56.81150876160508
4.60938468430799	80.12506947864597
34.327903460469344	65.94114840487772
36.846571290849724	51.03090370791419
30.523293715731484	39.66120395950553
30.807087294861876	96.54455504904814
33.35236238680208	31.279624793332015
26.860581498166287	41.822933583689675
29.441330971899667	8.41842110775517
20.519568207366422	64.02302420778274
23.100316205884845	30.618511731848237
6.596294094655826	45.0940075490154
8.813432630224172	6.870199184581064
2.27730876434692	2.3379853814079743
2.578839534373908	25.65154757366382
5.0176914809346025	62.80535807774306
97.54364925841035	39.778876495598986
92.22251854330426	12.716016275198422
92.4531005497449	71.30873995746114
95.40632660666168	25.938626708560648
26.178056955512787	10.04533599250221
26.479587725539766	33.358898184758054
19.61532730329066	55.867807748081695
22.16060239523086	89.60287601715062
15.526925454637352	71.70450778752202
18.28504536212162	98.6020930617853
18.577707536700302	39.70054896507705
12.006110764244841	3.307914431692426
14.640070335453006	67.19403083825277
44.012713889130964	14.62102645391288
46.58459476741605	97.00140768901429
39.90657632479604	64.02751834106988
39.915443445029375	47.24262167960407
33.64537744260089	34.163550813690264
36.12857236640305	86.3928853865152
29.556975593947584	50.00025232834554
31.80071844064586	60.42175840515862
32.03130192230146	20.014482087421335
61.76755641414444	71.26077064115137
64.38377879445602	69.71667889542839
55.97639161549382	42.797358242476236
58.58374540035712	58.038160207789154
52.038754414246526	70.29084159086692
54.211549972573415	16.991509157686867
47.67542758191112	12.45929387929882
48.287357717413364	42.301524552774616
50.868105715931776	8.897012076840097
12.134118030716827	29.381156968376235
14.342387970836894	7.942243790192746
5.456098112881859	95.40726467000192
7.992504609373778	46.92722812532172
1.4829865298414027	91.04032876339605
4.090341789919648	7.281130728708968
4.773219213793275	1.8441984369629216
97.26370260947586	45.95729907503726
0.7291603423814389	32.75642254514896
28.319225062242413	86.94735944852142
30.908843131424074	36.7579503111211
24.372720740761782	32.225736507948014
26.971205930176776	64.25143365951178
19.28217055688137	63.755598494595205
21.800839862476703	48.84535379763167
15.282454662710993	10.743349621956849
17.43751155492634	90.01380756127851
47.25358488101891	89.19603943875083
47.49303548290784	32.003869409977646
42.80157061898563	1.2134465401212324
43.10310138901261	24.52700725716212
45.68385086274598	90.12249478122762
38.94375077677296	75.64287026182427
41.48015727326487	27.162835192359008
34.154732838134485	31.486297391157223
36.69113785941145	82.00626084647702
66.6845816192549	42.49058752371718
66.75552890762629	7.211426033710311
61.03531434777695	42.46885066981335
63.4298233170962	64.54713710514687
57.03559845360658	88.45660032196005
59.48331752040061	9.825515639788414
52.62792716881475	15.549528541646236
55.18206938098829	32.499703099679266
36.78904529056279	58.157880964354135
38.9352350625448	55.21323556514162
32.78046080094411	21.9305258027517
34.953256359270995	67.63119484478659
35.618398067463	95.76405145032732
29.073405606137452	9.016732833405094
31.689629461664	7.472639612467148
22.69691645832947	98.3564042025016
26.466051821274164	92.77593234330713
56.23778069491031	76.88263867681877
58.995900602394585	4.780222475867092
52.01634991453263	47.49276798523694
52.31788068455961	70.80633165270774
47.59981003429252	90.37059434160392
47.83039351594811	49.963318023866634
42.05696590819407	86.93011377747482