94.61084559424337	72.54441170611382
28.21164313895012	48.26954034866691
30.641625014847563	3.208246038996997
24.194188578668193	28.827080373315322
26.562093236857518	2.2600538426163768
17.977332673714503	14.038636914681403
20.327500141007242	21.04140223169913
13.720428986758611	51.78834844331796
16.17701812421589	55.372370050110426
45.82458666157595	76.46761046634906
46.551808537906005	86.10620224334872
33.73675007415198	85.27981128529773
17.330282512854172	14.121457103275539
19.494209475732777	76.6070213315613
13.144326114269662	16.592007141905217
13.4901998615381	54.98109340290677
16.49663896635958	7.901610511716083
9.7831461419464	42.06730043356018
10.536970854191404	1.35120665180727
3.87668812725302	33.80752398093124
4.524094119763394	95.51017243418865
35.138335135342444	69.05183312343878
37.74569039542069	84.29263508875171
31.19182933864685	14.330210182865372
33.825790385069986	78.2163265894257
34.28695439795126	96.4017754291661
27.64440886190946	95.28830386100331
30.22515833564283	61.883791385068804
21.489634600308776	62.005594098613386
24.38965055975075	18.344853442433006
54.063826358670646	88.08540829991905
54.32988274690447	79.53855123717834
56.94610512721604	77.99445949145534
50.454324238580256	88.537768281813
45.22187947795708	91.62595619890385
47.545439683689985	49.9834055994592
40.97384291123453	13.590771066074584
43.64327686423586	10.337306727631494
71.52600523389047	5.626699534295703
73.88503982141654	94.84456671463266
66.94983211079605	53.632637767963175
63.366937252265494	3.7303121911045576
63.44675313608517	50.666254039631866
66.42658792977673	53.94145670719376
59.721960750381925	71.32225291800195
60.466919817608556	47.39105284728493
43.80326298831029	66.99466054175261
44.55709065098521	26.278566759999705
46.95159962030444	48.35685319533322
40.450951611435315	75.68505864715671
42.93414653523748	28.914393219981637
34.56223226285348	33.85549182202605
37.196193309276616	97.74160822858639
30.50930479599335	81.5526125916779
31.15670931328877	44.2552610449353
33.57782259373792	15.978861921516241
61.54923691787546	41.419302865671874
63.91713862563487	14.852276334972931
57.4697021894555	40.4711091940763
58.081632324957745	70.31333839233713
60.51161567607014	25.25204408266721
54.028704858097605	19.010459161988976
56.636058642960904	34.251261127301895
48.27301444124015	22.407464543095447
50.57883745607647	14.334704316152509
80.07564282124548	23.77316437387069
82.68299660610877	39.01396633918361
82.94905299434258	30.467109276442894
76.4306663193619	91.36510362555312
78.96707281585383	42.885068556087866
72.54624069080438	18.149215856438655
73.16703942175491	31.206549868448626
66.16975301821134	8.48888722553515
68.99882021406698	0.10730805936163457
98.2650420975804	49.9530444348171
1.7304998304859691	36.75216938014376
94.13229727168563	50.714221880726676
94.46930094829082	6.888204803194051
97.00570744478273	57.408168258513825
90.29221462036955	91.57385670514296
91.00169783058806	35.78223885464435
87.08179782023734	29.705931830533316
34.5528856621123	62.53975134982448
37.17797663787218	44.21076294263567
30.40240364532095	96.87071916823577
31.01433230560824	27.712949841711566
33.25807515230651	38.13445444330968
26.60666249603138	53.80587953661272
29.169673303653205	53.97115743317992
22.500521981266527	4.212371423769721
55.50040484593148	16.617213734604245
48.715961782717	86.06206662167016
48.946545264372595	45.65479030393287
51.5361618583393	94.4653826417475
44.92022210864238	42.997225514832145
47.48323439147917	43.162503411399356
38.72110486980023	93.63899315891148
41.24864277084386	61.943851800482115
70.70997227900473	39.521892603203725
73.40601054313599	84.91374270600805
66.40872413959242	62.19608006309458
68.96286782698093	79.1462546211276
69.23779281066302	53.81450089692106
62.64845737209602	50.99165821125313
65.2114696549328	51.15693610782033
58.69308445516709	13.054931932145523
59.0034823454274	19.583598938150516
88.99692610527087	79.06792561539069
91.31161919077043	54.210270202196895
85.0326831176787	57.91609304731899
85.10363188126503	22.636933032527082
87.6932499504467	71.44752389512675
81.14825748912115	83.70020527820452
83.75561127398444	98.94100724351743
74.95800737051235	18.55707626081802
77.87576199606586	40.32654670735089
61.36287128938855	71.586934760339
61.66440205941553	94.90049842780981
63.84606621319072	24.816270808378896
57.46957706538272	15.155942177475392
59.775401555433994	7.083181950532467
53.38117521672942	30.992643692130677
53.70931177310127	3.9515203256339437
47.1465835960941	49.77399060599847
49.30164048830945	30.0444500205351
79.31281996383454	55.958987800488515
81.64525024023068	96.53154053957805
81.98225391683587	52.70552198683046
75.8097424643386	52.992602596942255
78.03574959535526	96.98389904625705
71.40207117954678	79.08553376705837
71.67699763844384	53.75378151806679
65.38032584967048	91.02939473569059
67.84578210736109	77.82852115623221
97.28937589984037	88.97635380667049
0.8612567781254367	72.35673651698684
1.18052326383404	62.10050833674097
93.63553227772346	74.35318824460379
96.1364643924222	93.01273244492701
89.61807771744152	54.910728269252196
90.11471758733093	5.956596363989146
83.5697251260054	18.209274796637004
85.87554814084172	10.136516044909035
16.70049006238257	91.53385273613048
16.984283641512963	49.417203825673084
19.73353495354894	93.09968428618721
13.117593728637058	41.6315256840569
15.299259357627193	70.54729806462599
8.772004087198233	49.230190550417
9.091272048121795	38.97396089495617
2.537412466562916	68.01153598906984
5.118160465081328	34.60702351313533
87.56979685182581	34.0069952615568
87.8713276218528	57.32055745381265
90.6205774586738	2.0030364391118236
84.10219078369313	62.90103078822206
86.66520306652993	63.06630868478926
79.09145943406232	42.366836098611515
82.00921405961583	64.13630654514438
73.1938714900322	17.322164459731727
75.78348955921385	66.13275827276132
3.415751871519099	52.09237824165645
3.646333877959738	11.68510192391916
96.1634230599872	5.443515528025956
98.7175667473757	22.39369008605899
92.11049411791211	53.14063629767781
92.37655050614592	44.59377923493709
94.90408840718953	12.898637876507726
25.791109021653487	75.80170826397317
28.34525123382703	92.7518828220062
19.494437232880124	14.077322956811937
22.075185231398546	79.67281195609237
15.033554375398554	41.879623769218234
17.95130900095207	63.649094215751106
11.459528112316278	74.19240300610876
13.61458647974659	54.462860945430435
13.791958388712434	15.764957220413251
43.58142445324517	65.30187465663813
46.144435260867	65.46715255320535
39.85663206754193	85.95787205979325
40.113819860327446	94.1959101833034
33.6309090423549	87.95432378741019
36.105235370708776	57.96855502170094
29.648928863866153	1.3722830670551651
29.914985252099964	91.82542747952941
32.47799753493675	91.99070390088166
15.539417197171339	37.92606679477083
18.08469081389658	71.66113358862479
11.539698352571037	83.91381497170256
12.018601031563858	68.52947196372628
5.269632350142551	70.83474410578876
7.797170251186177	39.1396027473594
1.4295482236115196	12.69437893020504
1.7754234460949159	51.083463715991634
4.081246460931227	43.010703489048694
33.86184393001567	10.332517586739396
36.40711902195588	44.06758438059336
29.870995156078628	39.535370577420274
30.057235660492765	83.05257166615225
23.59206203341681	43.24119489775733
25.729383209950527	57.08144468479567
19.166655032943357	3.903914965160202
21.96024784700583	62.661916543990124
22.14648687620501	7.179117632722093
51.92708434528946	73.50093025519783
54.10874997427959	3.416702635766922
47.732259351256644	92.75637400486342
50.23319146595539	12.415919680401595
43.36006244825799	51.7097244299761
43.79462362522431	21.249858828469055
36.85941443938887	79.03792840658461
39.29826638594956	17.1917403858788
69.35379031393107	58.18180223457793
64.66232692522381	27.391379364721516
67.34949659390678	89.56812170334678
67.62442305280383	64.23637092957016
61.12377356871975	91.56457490617868
63.580362706177034	95.14859651297115
57.070844626644664	40.26169567583053
57.35463820577505	97.14504971580305
40.40718927256134	59.865304845513165
43.156440584597306	4.5477823555973815
36.22123287397682	62.335854884142854
39.21880338335002	32.04126717920302
39.47599117613554	40.27930382749821
32.86005142643861	87.81114670058284
35.00624119842062	84.86650130137033
28.514460309784827	95.40981009172799
31.263711621820804	40.09228907702717
58.782829053310394	30.56238599519154
61.23941819076767	34.14640612676905
54.40176355486344	6.300630131340117
56.902695669562185	24.960174331663335
50.52620799696915	15.299845700759832
50.783394314539706	23.53788382426997
53.399618170066255	21.99379207854698
46.85462570874071	34.246471986409794
48.947605383247925	33.01119770470243
78.87896897495335	11.989790685698619
79.13615676773887	20.227830284423714
72.20094758190342	78.01589986253927
74.72848548294704	46.32075850410991
68.37860212148392	85.30574578966879
70.91500861797583	36.82570924498857
64.20151431834769	70.99139916683265
64.36114756120199	65.8632858143172
66.95076563038367	15.673878152131833
96.4120966137595	92.25191895485345
98.94850163503646	43.771882410173234
92.43898355550408	87.8849815730326
92.62522405991822	32.40218266176457
86.16005043284227	91.59080589336966
88.67871826322263	76.68056119640612
82.16033158824197	38.57855554551635
82.43525804713903	13.246803296524774
84.97166454363094	63.76676822705952
68.4410351708421	29.59694812776431
71.15481210108489	41.41900638285197
64.21073727023108	16.991972622433334
25.081233741344505	47.22947460601929
11.583297853716848	51.84001741492929
93.64471604073647	96.77537735838854
94.07040567182457	83.10040694313237
87.00217050469467	95.66190579022576
89.59178857387634	45.47249812804039
83.05566470799909	40.9402843248673
85.64528277718075	89.75087666268193
85.8758647836214	49.343601820159606
79.51711282670999	6.113481341539429
81.7076441007185	18.244360011072615
12.461637258673031	35.92085819230093
15.006910875398274	69.65592646136986
6.28025573551251	52.99283546387854
8.74571346841808	39.79196040920519
2.431305963963092	11.637365474545678
4.5242826880404	10.402091192838311
97.02363467917128	37.73029516944683
97.47593157181922	72.70063919543807
0.5600411756631837	88.25025862476662
30.50914048305022	33.65906270847604
33.107625672465225	65.68475986003982
26.491687397983263	14.216601257909497
26.828692549803407	69.39058418037686
19.813667480148293	80.24271190996511
22.38554688321841	63.6230931450665
16.053400712651882	69.0382885829087
47.15541300267204	10.410712553146663
49.84258414656996	72.58745636698688
43.19117001507987	88.25888146028993
45.37283416885504	18.17465531607397
39.05842518918511	89.0200589061995
39.10276816642657	5.095582974945195
41.8874938602557	80.63847974002599
35.271552635343824	29.170322613110617
37.50642836180875	56.37672387617456
20.913720296096823	40.70117155585032
21.17977668433063	32.1543144931096
14.767814629944429	89.63356808242449
16.905135806478146	4.473816394247876
10.395617726945769	48.58691703232221
13.136000443533451	10.05428972865729
13.41092690243051	83.72253747966572
6.5023235029399435	91.15592297424365
9.038729999431851	42.67588642956343
38.83706465941288	75.42790867953745
41.355732489793255	60.517662507358956
32.68228892259724	42.14520039236248
35.20095822819257	27.23495274496903
28.691440148660195	71.34805338304336
30.802155538849036	36.54298872883428
24.336981911773076	95.73161196043937
24.762673018076146	82.05664006996822
27.290209443904814	50.36150018675383
57.1417556765756	81.4041513192227
59.62494912516279	34.63348589204763
52.78729596447352	6.787709896618699
53.38148890907918	70.19972946738125
46.49062417570016	44.06332458945747
49.17779679481305	7.240069878512656
42.597329951694334	86.6323305313789
44.752388319124634	66.90278994591553
63.96167164636828	43.81971768715335
46.9787483313614	73.67955503708185
49.55062920964649	57.05993774739821
40.70868085371796	60.60048417116805
43.29829892289963	10.411076508982681
36.753306461574084	22.663757892060456
37.45392402677421	82.65703375259774
40.02580342984433	66.03741646291408
33.10833291012043	90.25569714374288
35.68908090863885	56.85118466780837
65.43420399593013	91.3125795105025
65.8155536002067	62.56208355128567
59.29716692522602	24.460077900395895
61.54090977192429	34.881585452423934
55.34179253308214	85.5233516212883
55.68766628035059	24.912437882289854
58.02896515219503	48.70009691034349
51.72342476797338	3.760606789433112
54.30417276649179	69.3560943134986
81.82329019798138	59.82619123166298
84.31535224201689	95.27063061823706
77.43335610408614	52.34932907884746
79.86333945519856	7.288036244392511
73.57553478665852	27.77875575098042
73.85932984100387	84.66210979095294
76.42234212384066	84.82738621230519
69.3629740769441	80.60398987314773
72.12996257987663	90.71667848594518
2.476001822424681	88.49835670992796
5.216383063797394	49.965730881477995
95.34783187195391	4.8609628640004106
97.58270759841885	32.0673656022793
90.9401605871621	30.953894034116523
93.75149059212114	56.14210376522976
87.21536820145886	51.60988996205668
87.26858124936356	49.900518844551534
90.06217553864099	9.658520423381457
73.08811786865249	22.7334625870591
75.58018138790294	58.17790197363318
69.24803521733641	63.593097411475384
69.55843458281169	70.12176441748036
62.78286159026045	23.781720643080465
65.51437571139985	2.0339900008813565
59.04920208432389	61.22261323248644
59.306388401894445	69.46065135599657
61.49692115111792	81.59153002552976
91.17996407027114	35.54719117197992
85.47748522610345	37.23482396036627
88.00502312714707	5.539684077151871
81.30926749363047	6.135583626494237
81.99214639271906	0.6986513347482026
84.13833468948611	96.75400298510577
77.61994948972041	58.65200028464593
80.09427434285932	28.666230043721715
11.03450653001302	89.859929313682
13.287119447374536	83.49653872902927
4.462909757557558	53.467294780297394
6.946104681359723	6.696629353122324
0.6583000128196954	27.187348859710234
2.9729930983192565	2.329693446516445
3.3986842046223247	87.65472303126027
95.87143040940832	66.33761256662136
27.964572628765236	24.494931723110188
28.328183566930257	29.314227611610015
30.775904108939244	49.68314292943839
26.252942558534574	95.97971004560071
19.503973877113268	98.28498218766319
22.09359194629494	48.09557452547782
15.592942462210857	75.42377850208634
17.730263638744574	89.26402828912467
72.3570128236861	26.454714274477602
75.13286844685199	19.782506225809243
68.1976607362315	77.5705787543547
70.90257054624098	7.1775321956932165
64.33097229857056	69.78489766230861
64.42852684850176	83.15105061354916
67.16004096964114	61.40331997135005
60.6150485083156	73.65600135442783
63.1603236002558	8.391069623496751
90.70604534287531	47.50648098290855
92.85223511485734	44.56183410848108
86.34271851053992	88.67493474655541
88.84365062523865	8.334478946878628
82.29865816391312	20.587158854741443
82.83964101104398	85.70854954300916
85.14546550109526	77.63579079128117
78.7778434735206	51.19056549891186
81.29651277911593	36.28032080194831
11.7667108827251	96.07346641841906
13.895163463810535	27.69861139170827
7.146196257604187	30.00388353377075
7.571887363907255	16.32891164329961
1.0180263071334181	45.366486737413275
3.2617706290466413	55.787994289441315
95.70790957227281	84.82557085876995
98.23544747331643	53.13042802512563
98.67887429530113	5.885667237367737
29.503814741627032	87.28300392858918
31.65000451360904	84.33835705416172
25.01632757301553	66.43999177496303
27.57933838063737	66.60526819631528
19.003449363372564	61.59895903255935
21.45116990538156	81.96787435038773
14.613516744692289	54.122096879743836
17.14992176596924	5.642060335063624
0.6813740365333999	51.97797540722736
0.9030874475257471	28.355594275740938
3.811972002416012	66.9099584333097
96.32019258899518	77.45326722366735
98.4575137655289	91.29351553549074
89.70425431451321	25.985110096751992
92.20518495399699	44.64465577229017
85.69566687446464	88.75775493514955
88.33849651633605	36.858974680244074
18.799826024496927	14.437016958180642
19.269858632826498	15.83756913645521
21.753055031843623	68.06690370928015
15.181456784173202	31.67427212632545
17.389726724293254	10.235358948141965
10.826997072071126	56.05782922850649
11.323636941960533	7.103697323243452
4.707695717048651	54.635540196328094
6.907097061720413	49.98152220439546
36.72317038781299	49.16375408186777
39.26844400453824	82.89882382615166
39.97792721475674	27.107204500438083
33.36198894027478	74.63904737352273
35.56138880973159	69.9850293815901
28.945450535249623	18.516872254674734
29.459824645605696	34.992949976909976
22.923702254943404	30.46073469852193
25.052156311243788	61.08587819659616
54.78841080308677	13.332166750326207
57.466713351536406	92.29380722563224
49.75994078734441	26.367763908432348
52.23426711569827	95.38199514272308
45.82230506131207	53.86124725682303
48.07491650345863	47.497858147385244
41.485582540106584	44.675015461717315
26.36505394273637	14.70685337246078
29.114305254772333	58.389332357759955
22.524971291420286	55.56648819687706
24.706635445195477	84.48226205266111
25.043639121800663	40.656243499913515
18.454305158448616	37.83340081424558
21.05279182307857	69.8590964905944
14.472324979959858	50.2513586186756
14.729514247960331	58.48939674218574
44.616534862424295	22.392467129651184
47.10859690645978	57.836906516225255
40.643423279383825	18.02553122304529
41.264222010334365	31.08286375984032
43.490229141351	75.07416168437007
36.9097622982323	55.466423812451275
37.557166815527715	18.169070790493713
31.01217582941713	30.421752173571488
33.690476902651795	10.383392648877523
63.391258487916566	29.769261947610996
65.60839702348493	90.54545358317665
65.9099277935119	14.8590157754325
59.51570145480733	38.76847899224567
62.03437076040265	23.858231344852214
55.09916304978216	81.64630387339768
57.201009844522716	63.62613440543946
50.62054447661896	44.0183950583057
53.14808237766259	12.323255175091312
80.72040990662697	1.0839795005355821
83.25681640311889	51.60394295585536
76.70295534634505	80.64151952518398
79.38125789479469	60.603160000490035
79.67392006937337	1.701617378996739
72.712106572408	10.844373991079822
75.59438681616835	0.7534237074011608
69.11147599819581	93.51183878672292
69.43074395911937	83.25560913126209
52.953327634235244	47.376417914461726
55.46312686916732	49.251066928534094
48.87379290581527	46.428224242866165
51.01998267779728	43.48357884365364
51.28603906603109	34.936721780912926
44.51933466892815	70.81178429547712
47.06460828565341	5.546851089331087
40.47527432230136	2.724008403663142
43.25112994546724	95.05180183020974
70.71703580426708	87.23126986587928
73.04059748521495	45.58871926643463
66.4956050238894	57.8414006495124
68.60632041407824	23.036334520088364
62.2919114344083	93.88173958542883
64.85492371724509	94.04701748199605
64.881528028375	43.69233192324347
58.60259490571318	47.39815624358053
61.07691975885209	17.412386002656326
90.87525589404808	50.16440825263035
91.15017940251522	24.83265747885372
84.17949878531653	50.760307801972715
86.73364099749006	67.71048236000574
80.29507315675899	76.54442003285824
82.98224430065692	39.721165321913425
76.06477378093301	63.93944452752727
76.33083016916682	55.392587464786544
79.05347421964295	50.4297520088383
9.426119248535876	96.85674467406851
12.131027583330377	26.463701065836933
5.1248725843385134	20.530933609174305
7.829780919133015	49.137887050512816
98.04104413589425	50.96906088156255
1.5508448460412794	52.84371137084987
93.97037947813753	33.23597202371611
96.62207624024228	63.552298057774735
79.71896880905507	41.348077256230546
80.10918553356497	94.81268906119277
77.46635736690851	47.71146784088329
70.72625875615046	33.23184332147995
70.93910357169452	26.39435737624439
73.54645735655781	41.6351593415573
66.96599198865405	22.02741999442355
69.53787139172418	5.407804179954857
0.14996849772098608	93.64262681641188
2.260683887909826	58.837560686987835
92.3743940299548	47.302584517226926
95.0881709601976	59.12464277231457
88.55204709432036	54.592427493926536
91.1682709498469	53.04833574820355
84.20645597766658	62.19109236028663
84.65875287031452	97.16143491106293
86.75173254482173	95.92616062935555
17.523461418457895	80.03286843808216
20.08647370129468	80.19814633464937
13.647902910133684	89.03208400750187
13.843012009996112	16.764389909982974
7.289150953222276	45.80196647931161
10.002929358680028	57.624024734399256
3.484542683699372	19.522019083509495
5.630732455681381	16.577373684296973
5.932263225708358	39.89093587655283
35.659650597318006	8.922119616533713
38.258135786733014	40.947816768097496
31.890516709588272	14.502592950943127
26.028403147351312	21.318340567059906
26.551647328370635	21.009523103044277
29.088053824862545	71.52948655836407
22.117370257233933	97.45713835669801
24.60943525169935	33.90157774327209
8.105411665255371	48.37707356043927
8.602051535144778	98.4229387047463
1.6579737538610413	73.99590494432768
5.054629583192431	80.38103238288424
97.4564270243921	94.34308488346717
1.001700641117334	29.078153152536093
93.72276751845551	32.78397747287314
93.99769102692265	7.452225223881562
24.54770796478142	15.181314164094587
27.128455963299842	80.77680168816008
20.583463501974297	93.02948307123786
20.902732938112816	82.77325489099198
23.616508393140652	94.59531314607963
17.053780216133482	41.41778490165912
19.590186712625403	91.9377483569789
12.66384759745321	33.94092274884359
12.965378367480186	57.25448641631441
42.94995353187535	34.52370827980544
45.4863585531523	85.04367173512522
38.5688880334284	10.261952415954015
41.07868874357544	12.13660143002637
41.548721351905016	13.537155083515907
34.78201695480208	49.412216122865146
37.55787257796796	42.740009549411745
30.498506006286345	38.51661321025427
33.19454574563257	83.90846331305859
62.629270942663524	12.841189674532783
62.91306304657896	69.72454223929036
56.32373055844187	66.90169955362242
58.92221427264191	98.92739670518618
52.41269766832449	44.04049586804556
52.72309703379976	50.569162874050555
55.20629195760193	3.798497446875489
48.90962016882857	41.07411213971425
51.49036816734698	7.669601138994705
34.43649608875377	72.80859850371512
34.72028966788416	30.691951068472683
28.006795368256025	64.85764246553174
30.489991767273136	18.086977038356668
23.953866426180927	13.554763235183577
26.481404327224542	80.85962187675422
22.10920889944085	39.812970826651934
51.29561342391963	42.722763878365136
53.84975563609317	59.6729369611832
54.25771102671461	79.56775691842874
47.75706154263054	7.895962370252208
50.195912013976276	45.049772874331445
43.65092250308064	57.30245425740921
45.91240401589045	34.15416996172058
37.4429366687902	25.72911561252444
39.535913392867506	24.49384133081707
69.52935715271097	83.97816800805725
71.69328411558956	47.46373223634301
65.35226787435978	69.66382286043608
67.41864176252211	19.78323413748129
67.75564691434226	74.95721410951873
61.55652820028516	26.59898175359806
63.755929544956935	21.944963761665434
57.16659558160489	19.1221210759975
57.663233976279336	69.16798917073444
87.22211803437143	60.11218292469662
89.94476356006253	55.149345993533416
83.2135320695378	23.884824812664256
85.31538033949332	5.864655344706036
78.77925794883102	1.3324415415329462
79.49760827928286	27.75592850478347
81.83890715112729	51.54358605762214
75.56884114869882	38.464515191708344
75.76394877334629	65.19682109418945
59.251058066668975	96.45721062239252
61.38837924320269	11.297458934215909
55.304552269973385	41.73558915703407
57.48621642374857	70.65136153760317
57.87643167304352	25.115971867350417
51.28709770969147	22.293129181682485
53.50423772047478	83.06932081724813
75.40069219161634	23.16299384754115
68.48322019667748	47.381274528369936
71.00188950227282	32.4710298314064
71.54287234940368	97.5924205196741
65.00674848352644	93.06020524128606
67.57862936181151	76.44058942681737
96.88919422256637	42.36184839580358
0.39012486205017327	61.021392596126795
90.8408401559153	5.660396398403341
93.13779605051828	14.372531357711267
86.62827797098589	58.485630520570645
89.40413506936673	51.813423947117236
89.70566583939372	75.12698466415813
83.187280639628	37.02498048848332
85.7414243270165	53.9751535713014
16.451073032514614	56.57612915899897
16.78807818433476	12.750109131036409
9.773053114679644	23.602238335839616
12.30059101572326	90.90709697741026
7.990474280862658	31.366179623551965
1.2503741948896436	16.886555104148623
3.8665965752012235	15.342461883210678
4.540608354056474	26.690424777715506
61.41110038569627	73.30261683988151
64.08053433869762	70.0491525014384
55.07008561968145	95.50270746397456
57.60649064095841	47.02267091929435
51.300950256736755	2.0831807983839754
53.872829659806875	84.46356350870032
53.890568325918416	50.89377313619861
47.45199753475742	59.72771228426607
50.02387841304251	43.10809351936746
77.933212569042	87.0428007672791
80.54943347413862	85.4987060711262
73.94236379510495	17.245655233174936
76.12402647366517	46.161427613744024
69.73867020562385	53.28599416909139
69.9603836166162	29.663614512819912
72.50565723334144	63.39868278188884
65.62366257062567	20.477381242499238
68.16006759190262	70.99734469781903
97.94066506098707	38.319157320294764
98.15350987653113	31.481672850274155
91.44888564756624	48.862467585867385
94.34890160700822	5.201726929686997
87.42256249183602	46.204902796766646
89.97670470400955	63.15507587958472
90.23389397201004	71.39311400309487
83.87514201509863	28.1629964749046
86.42041710703883	61.89806474397352
17.298567650839534	42.58603031768982
17.52028253704684	18.963649186203394
10.939815693928127	98.35590983906964
13.493960856531588	16.3060829218877
6.97557418155092	77.2040787462129
9.219317028249186	87.62558482302597
9.893327331889477	98.97354771753079
3.3217305594340147	62.58091465936115
5.937952939745606	61.036819963208245
85.94186730926614	40.067874918586384
88.49601099665463	57.01804947661942
81.9332813444325	3.840519756983933
84.51403229338084	69.43600728104943
84.78895580184798	44.10425650727281
78.48341541762633	98.16476491114747
81.01095184345499	66.46962355271812
74.12008711007596	40.33321867479434
76.63875789088624	25.422972502615842
5.104662274471129	17.60244053828537
7.862780706740437	44.500024337333684
1.3089226003965169	73.53760090666232
3.7034300945007916	95.61588734199584
4.146859866915403	48.37112655423794
96.59299881014157	77.40870312356658
98.81013587049496	39.18489475913223
92.15872173900487	54.85631690200534
94.8281556920062	51.60285256356225
23.240851453331253	45.491693191951896
25.786125070056492	79.22676146102081
19.312082847532245	56.200281354091715
21.883963725817335	39.5806625891931
22.18549302062935	62.894224781448955
15.640502034518766	75.14690616452673
18.203512842140594	75.31218553630889
11.862499551340727	97.512274685187
13.955476275418036	96.27700040347963
41.651964140658514	48.04919212141187
44.152896255357255	66.70873779695005
37.59903814901334	95.74631436627868
39.780700827573554	25.662086746847777
33.43968606155873	47.86217737094083
33.492897634248486	46.152806253435685
36.26875473262934	39.48059672955237
31.222547525990386	86.08598573537517
14.93137170552038	93.72399265687687
17.494382513142217	93.88927202865904
10.523700420728565	20.816923826992987
13.024632535427303	39.47646802731621
4.235897227403494	41.307641858365926
6.781170844128736	75.04271160264982
0.42242036243228676	31.812592599244592
2.9676954543724983	65.54766086831351
3.2869619400811017	55.291432688067644
32.85471459362149	29.450729780564
35.45319978303649	61.47642840734273
28.95255177416736	88.80463238395124
29.37824288047044	75.1296604934801
22.806646108014977	38.73702891052542
25.343052604506884	89.2569923658452
18.469923586809486	29.550795640204747
21.050671585327898	95.14628316427023
21.45862550073438	16.041103121515775
51.274697351612005	15.223334998988083
53.38541274180085	79.418270344779
46.86702606682018	41.31626469388924
49.394563967863796	9.62112333545988
40.63243444618486	60.097613082971996
43.14223515633191	61.97226209704435
36.579506979324734	8.794733852623837
39.33762688680899	35.692316176457204
39.53273451145646	62.424622078938306
68.9940654948323	40.002662881659916
71.432917441393	77.15647338573915
65.09190120016322	0.35656400983220904
67.22922237669694	14.19681232165559
60.64875848400814	93.58907592495176
61.092185305992835	46.34431366197891
54.165846190820645	87.34748952905856
56.76433138023564	20.37318668062233
40.269177864454925	18.063787311538658
42.79671576549854	85.3686459531093
43.25787977837982	4.554091842419768
36.757231769510696	31.882297294243237
39.09852916614018	55.66995779751184
32.74864580467707	94.6549421326408
33.041307979255755	35.75340098636245
26.27460358215282	71.62846055049674
29.08593358711187	96.8166732320399
58.86653105619633	64.13848585451564
58.910875508652744	79.21400844804639
61.63351955912887	74.25117299209815
54.72491763485326	81.68455848667608
57.47416894688923	26.36703747197526
50.8582291971923	73.8988803450599
53.18178940292521	32.25632974561524
44.36644830855653	84.44218913541755
46.96493497318648	17.467886286981322
76.28436842938964	65.60425154493164
79.04248686165894	92.501833868765
72.39994280083211	91.38836230060221
74.59934414550388	86.73434578388454
75.0516380877219	22.704688334660833
68.54212148340449	66.81778749752021
70.83020730734421	92.31481911829395
64.46258823019947	65.86959530113958
66.56443502494002	47.84942583318137
96.19426784661846	3.514456621921702
96.47805995053389	60.397809186679275
90.09270368249257	67.52237574202663
92.58476572652806	3.966815128600701
85.64955949112253	61.75488765714618
88.24804468053753	93.78058333349499
88.54070537990127	34.879042187216655
81.96911008266076	97.48640765383203
84.56759527207575	30.512104805395815
68.0014929927087	63.481866926319
63.1326576950356	71.38934778147977
65.89077760251985	98.28693158052808
58.76933086270019	13.55780154512662
61.29686876374382	80.86266018669727
52.49039626482342	17.26362586546368
55.08001285879013	66.0742182032783
84.51473658060613	94.00694603996746
87.22851351084893	6.829004295055107
80.63031095204859	20.791056795638024
80.89636734028241	12.24419973289731
83.53032838670552	76.13031613945765
77.01194171172486	38.02831196378285
79.30889760632783	46.740445447875814
70.74187570929637	24.94923962265407
72.87919688583008	38.789489409692415
3.57110987564658	74.96025389467675
98.66894558097749	35.31415502284904
0.005952208012596771	90.4881379453164
2.4980142520480966	26.93257733189048
94.98849764773068	71.04567796996481
97.46282397608454	41.05990772904061
88.74503595643212	7.611920070083475
91.22823088023426	59.84125464290841
22.115251494698217	23.744325030373847
24.68713089776835	7.124707740690194
25.29906250848555	36.96693693895103
18.40819629989157	10.830532061027252
20.9179970100386	12.705182550314566
14.594719434920362	1.3354813266909482
14.639062412161824	16.411003920221695
8.37786500518163	85.54703934327199
10.665950829121368	12.044068013615819
93.17079731334064	9.734668644532134
93.52553965605738	31.338859719282834
96.23931658630018	43.160917974370484
89.2863716847831	35.51877940020271
91.84051389695664	52.46895395823573
85.28665431539777	81.5065290523494
85.61479087176961	54.46540568585267
78.9988511220727	2.9972485589373203
81.64168076394411	50.09846830403184
12.448882544158481	66.06559684296995
12.64399164402091	92.79790127023611
15.251345428884198	9.038703235549022
8.759566015463365	19.58201350112164
11.23389086860228	88.59624326019744
2.4185512494485417	41.78210264999975
5.02590503431184	57.02290461531266
97.43657107095979	54.20006192964472
1.1858209077807982	97.88253943972894
1.3986671985398114	91.04505496970833
31.205870453969133	8.012182033431499
33.423008989537486	68.78837366899715
26.842543621633734	49.18063579707836
29.547451956428237	77.78758923841686
20.68776788481809	15.897926034688425
22.94924792241294	91.74964173899978
16.732393492674206	76.96119975558084
19.295405775511004	77.12647765214804
19.59693654553798	1.4400398444038847
49.38640261007072	50.9769558054138
51.55032957294931	14.462521508914534
45.01420718228702	9.930306230526487
47.51513782177081	28.589850430849705
38.98359178174747	38.659063860624535
41.493391016679546	40.53371287469689
35.96828260626273	3.523441938066073
38.67319094105724	32.13039685461954
19.898820196785085	86.53907067851127
24.049303688791387	52.20810286009996
15.31377995345733	52.329905573644545
17.885659356527448	35.71028828396089
11.278586727063859	66.45723597079467
6.383147118260845	25.71940238470802
9.008238094020717	7.390413977519211
38.80657275400174	40.142436227493235
39.17905228761506	28.176838404957177
41.697721593210396	13.266590757563712
34.8157239800647	69.34529216860403
36.890964988460375	2.679806784183431
30.221815141288655	51.92102224998818
32.82030033070365	83.94671792633699
26.2487035582482	47.554084868167344
26.55023285306022	70.86764706042318
56.30422601101474	88.5441452416515
59.035740132154125	66.79641312423743
53.51950179240056	13.001248476570725
55.55926694378812	13.475343837153556
48.836905523926646	64.42593042046346
51.204808706901	37.85890388976451
42.398336207980606	73.25986956853092
45.18306190180974	49.80276485839674
74.85723770072964	20.54332119109775
77.10098054742791	30.96482726791083
71.59361080312264	59.38476743399326
72.14346077048684	8.721261460795143
65.17277867807319	34.64891473434405
67.67371079277193	53.308458934667264
61.35930033788703	25.153862524792796
63.4345413462827	57.4883800908021
48.11890659947998	0.7879135742794233
48.278539842334276	94.65979874654901
41.565047017921096	29.82549014360805
44.03937187106	98.83971990268384
37.308141855750236	67.57520019702964
40.03078590622636	62.612363265866435
32.88273338006182	28.23792026443251
35.445745662898624	28.40319816099972
65.25294744311299	44.3703252247229
67.37253290396508	91.78036538426295
67.83369839206131	10.96581274878838
61.253231548942594	90.35807487686958
63.74529506819306	26.802514263443665
57.23577698866068	70.915614901518
59.39970395153927	34.40117912980376
50.540021355144084	71.51151445086036
53.27153547628346	49.76378380866126
83.04326434991962	33.870491617387856
85.20719131279822	96.35605584567362
78.72427901961072	90.11446944978043
79.09675855322403	78.1488701520294
81.50013611799156	83.44226140111206
75.20346432921819	21.71787609395083
77.67778918235712	90.73210732824158
70.80466311508964	31.025910602601133
70.98203354884052	91.32800687758395
2.0286888813737285	50.10296243731898
4.600568284443847	33.483345147635326
96.99349565498026	64.23029135925415
98.34151626226085	86.92621714826379
91.71670791711564	52.24295520759929
94.4570906337033	13.71032790393437
87.53962011397941	37.92861005997812
90.10263092160125	38.09388648133037
90.35982018960172	46.33192460484051
48.20370643489664	44.29880222575908
50.952957746932604	87.98128121105826
44.06209301355358	61.84487633313447
46.68718398931345	43.51588645073072
39.78744918527118	34.16437823427275
39.9914268805819	44.11178747528804
33.46417161015294	22.79467848586409
36.00057810664486	73.31464194118388
66.0561005594114	15.30470231466804
66.3310255430935	88.97295006567646
68.42400521760071	87.7376757839691
56.850544215747775	14.025952849938053
59.15636870579904	5.953192622995115
52.274371092653354	62.031891083605515
52.487215908197406	55.19440661358492
55.27194160202655	31.737303378665693
84.97272318729132	51.123174152614126
86.71095904386685	28.28370879615607
79.98859762400538	79.23429390425102
82.69350595879988	8.841248820804472
76.19285647471581	36.169452797412994
78.5164166804487	93.52690219796834
71.57234037437992	69.09986843754972
71.98916288523469	72.2097932085444
2.361806438912658	19.636785873774596
4.836132767266532	88.65101710806535
97.13150853830165	7.0318118436585815
0.6235705823371329	42.47625123023265
93.07857959622655	54.72893261331043
93.56635087066766	22.559694419083275
96.0672829853664	41.2192386194065
89.09659941773779	67.14689041774045
91.60640012788483	69.02154090702777
76.08678621055641	2.373663674274836
69.47971653152274	33.12061283632357
69.728034253645	58.143544670869616
72.44181265910277	69.96560440117223
65.89682019777723	82.21828578425
68.13169592424215	10.424687047313931
61.568967747234986	56.247158802893416
61.79954975367563	15.839882485156133
91.6244916752165	97.23721917637758
94.35600432114092	75.48948853417848
88.92845046065533	51.84536907357326
89.26545561247546	8.019350520825663
82.7559375329431	52.1324511589
85.3012126248833	85.86751942796892
78.69414147063468	17.614465639587742
80.85806843351327	80.10002986787352
81.21281077623	2.7042209426242048
11.67413880917592	79.28226174534582
14.166203803641336	15.726701131919897
7.8429247533081385	4.3570028587261955
9.403791651347737	20.21544122728532
3.9230247429574248	97.28069435940021
96.02329288934507	87.92918319251233
0.7658209907299361	33.70339541685549
30.493206887124625	2.7345806320513475