53.407879250709506	5.171098942316249
53.407879250709506	5.171098942316249
48.13996010829318	75.39886612919558
48.13996010829318	75.39886612919558
50.321622786853396	5.314638509764669
50.321622786853396	5.314638509764669
50.321622786853396	5.314638509764669
45.05370364443706	75.54240569664398
45.05370364443706	75.54240569664398
37.87017673647935	9.307543440213504
37.87017673647935	9.307543440213504
32.34542268249762	34.08274114543422
32.34542268249762	34.08274114543422
32.34542268249762	34.08274114543422
36.229848311055164	8.298628914548694
36.229848311055164	8.298628914548694
29.25916621864151	34.2262821880976
29.25916621864151	34.2262821880976
31.157036793286295	6.258702003909128
31.157036793286295	6.258702003909128
62.259047608091485	46.631124498932124
52.20210905182172	72.70231733992945
52.20210905182172	72.70231733992945
53.81618604733612	86.85138606619836
53.81618604733612	86.85138606619836
46.84550543013742	13.77903786453231
46.84550543013742	13.77903786453231
46.84550543013742	13.77903786453231
78.25791708563285	60.68012884077526
78.25791708563285	60.68012884077526
79.80991243779424	93.32346239558524
79.80991243779424	93.32346239558524
72.91017910896693	83.97195270391232
72.91017910896693	83.97195270391232
76.72365597393812	93.46700343824861
76.72365597393812	93.46700343824861
76.72365597393812	93.46700343824861
69.82392412032576	84.11549374657568
69.82392412032576	84.11549374657568
64.55600350269448	55.34326093345501
64.55600350269448	55.34326093345501
0.6666002823333053	32.94303859008046
0.6666002823333053	32.94303859008046
92.76686695350598	23.59152889840753
92.76686695350598	23.59152889840753
92.76686695350598	23.59152889840753
94.30999518543405	73.01975911468334
94.30999518543405	73.01975911468334
89.68061048964987	23.735068465855953
89.68061048964987	23.735068465855953
82.14234123897543	34.89601513467477
82.14234123897543	34.89601513467477
84.32400686796558	63.811790465673774
84.32400686796558	63.811790465673774
69.07931793431926	70.83216098392927
69.07931793431926	70.83216098392927
69.07931793431926	70.83216098392927
70.98605710441234	26.079687088704894
70.98605710441234	26.079687088704894
64.01537353678373	52.00733741182388
64.01537353678373	52.00733741182388
58.81840315795373	86.9559445839113
58.81840315795373	86.9559445839113
60.929118548142576	52.15087992970222
60.929118548142576	52.15087992970222
60.929118548142576	52.15087992970222
55.732146694097615	87.0994841513597
55.732146694097615	87.0994841513597
57.842862084286466	52.29441949715063
57.842862084286466	52.29441949715063
86.7011300523934	82.24533739057551
86.7011300523934	82.24533739057551
81.76134746634891	26.43197973574315
81.76134746634891	26.43197973574315
81.76134746634891	26.43197973574315
83.87206285653775	90.62691508153407
83.87206285653775	90.62691508153407
76.40474236944965	66.50870026034602
76.40474236944965	66.50870026034602
80.78580639268164	90.77045464898248
80.78580639268164	90.77045464898248
7.557819372147415	21.86491210985578
7.557819372147415	21.86491210985578
7.557819372147415	21.86491210985578
0.5960058751820535	31.00766872193886
0.5960058751820535	31.00766872193886
2.4938749746118805	3.040090012965349
2.4938749746118805	3.040090012965349
96.22595435698058	73.26785719984467
96.22595435698058	73.26785719984467
98.40761998597071	3.183631055628717
98.40761998597071	3.183631055628717
98.40761998597071	3.183631055628717
93.13969936833944	73.41139824250804
93.13969936833944	73.41139824250804
23.565554494707143	19.129019790233098
23.565554494707143	19.129019790233098
25.108682726635198	68.5572500065089
25.108682726635198	68.5572500065089
20.452693719721108	69.62724639164904
20.452693719721108	69.62724639164904
20.452693719721108	69.62724639164904
22.350564294365903	41.65966768267553
22.350564294365903	41.65966768267553
14.812295043691462	52.82061435149435
14.812295043691462	52.82061435149435
10.18290887269233	3.5359237026669703
10.18290887269233	3.5359237026669703
11.726038579835341	52.96415391894276
11.726038579835341	52.96415391894276
93.84953693499303	79.40524903386097
93.84953693499303	79.40524903386097
93.84953693499303	79.40524903386097
97.66301527517918	88.9002982929823
97.66301527517918	88.9002982929823
90.77214906658519	62.763894890273484
90.77214906658519	62.763894890273484
85.50422992416885	33.9916620771528
85.50422992416885	33.9916620771528
87.4020990235987	6.024081892964332
87.4020990235987	6.024081892964332
87.4020990235987	6.024081892964332
80.43141693118504	31.951733691298276
80.43141693118504	31.951733691298276
84.31584403495752	6.16762293562771
84.31584403495752	6.16762293562771
14.670750397738903	86.16440597335962
14.670750397738903	86.16440597335962
16.284827393253305	1.313474699628552
16.284827393253305	1.313474699628552
16.284827393253305	1.313474699628552
11.628836911124255	2.3834696095537495
11.628836911124255	2.3834696095537495
4.090567660449816	13.544416278372566
4.090567660449816	13.544416278372566
5.988438235094601	84.57683756939906
5.988438235094601	84.57683756939906
1.2881047757240887	70.5713098857935
1.2881047757240887	70.5713098857935
2.902181771238492	84.72037861206242
2.902181771238492	84.72037861206242
2.902181771238492	84.72037861206242
32.257089609234825	65.71716312500931
32.257089609234825	65.71716312500931
27.060117755189864	1.6657673466667944
27.060117755189864	1.6657673466667944
29.179701740827	49.075807506206864
29.179701740827	49.075807506206864
23.982731361997008	84.0244132030793
23.982731361997008	84.0244132030793
23.982731361997008	84.0244132030793
26.093446752185848	49.21934854887023
26.093446752185848	49.21934854887023
18.90991836901318	81.98448629243974
18.90991836901318	81.98448629243974
49.96758768179187	8.281384718717042
49.96758768179187	8.281384718717042
52.14925183556706	37.19715857450109
52.14925183556706	37.19715857450109
44.61098258489262	48.358105243319905
44.61098258489262	48.358105243319905
43.67978448846681	28.77210422530495
43.67978448846681	28.77210422530495
43.67978448846681	28.77210422530495
38.766606213552244	21.60406248693497
38.766606213552244	21.60406248693497
21.251570122077744	68.5576139623449
21.251570122077744	68.5576139623449
23.43323427585292	97.473386342914
23.43323427585292	97.473386342914
18.165313658221635	68.70115352979333
18.165313658221635	68.70115352979333
20.355846407445107	80.83203219932652
20.355846407445107	80.83203219932652
20.355846407445107	80.83203219932652
15.087925789813807	52.059799386205846
15.087925789813807	52.059799386205846
8.18819246098649	42.708289694532915
8.18819246098649	42.708289694532915
9.731320692914545	92.13651843559374
9.731320692914545	92.13651843559374
41.143732348409976	40.037609411836705
41.143732348409976	40.037609411836705
41.143732348409976	40.037609411836705
43.25444626338386	5.2325432824126645
43.25444626338386	5.2325432824126645
35.78712725151072	80.11432846122462
35.78712725151072	80.11432846122462
31.131135294166718	81.18432484636476
31.131135294166718	81.18432484636476
32.67426500130973	31.612555062640556
32.67426500130973	31.612555062640556
25.774531672482414	22.26104537096764
25.774531672482414	22.26104537096764
25.774531672482414	22.26104537096764
29.58800853745361	31.756096105303936
29.58800853745361	31.756096105303936
58.73007155990589	19.590365088271415
58.73007155990589	19.590365088271415
60.84078695009474	83.78530043406234
60.84078695009474	83.78530043406234
55.64381509604978	19.733906130934795
55.64381509604978	19.733906130934795
48.682001599084415	28.876662743017878
48.682001599084415	28.876662743017878
48.682001599084415	28.876662743017878
52.56642722764196	3.0925519873472997
52.56642722764196	3.0925519873472997
45.595745135228306	29.020203785681257
45.595745135228306	29.020203785681257
47.20982065552774	43.16927103673522
47.20982065552774	43.16927103673522
78.83507860178217	83.23287459252764
78.83507860178217	83.23287459252764
78.83507860178217	83.23287459252764
71.65155169382447	16.998013811312106
71.65155169382447	16.998013811312106
73.19467845053758	66.42624255237295
73.19467845053758	66.42624255237295
68.53868944362348	67.4962389375131
68.53868944362348	67.4962389375131
70.15276496392292	81.64530618856706
70.15276496392292	81.64530618856706
63.18208434672422	8.572959462115968
63.18208434672422	8.572959462115968
63.18208434672422	8.572959462115968
48.00834417666425	79.3141684903646
48.00834417666425	79.3141684903646
50.119059566853096	44.50910383615551
50.119059566853096	44.50910383615551
42.93553265889538	77.27424157972503
42.93553265889538	77.27424157972503
46.74900952386659	86.76929083884636
46.74900952386659	86.76929083884636
46.74900952386659	86.76929083884636
39.858144790487565	60.63288596092258
39.858144790487565	60.63288596092258
34.590225648071225	31.86065462301686
34.590225648071225	31.86065462301686
36.77188832663145	60.77642700358595
36.77188832663145	60.77642700358595
65.559209006367	27.0065063870177
65.559209006367	27.0065063870177
65.559209006367	27.0065063870177
70.01122326840029	15.989100760862254
70.01122326840029	15.989100760862254
62.47295254251088	27.15004742968108
62.47295254251088	27.15004742968108
64.37082311715567	98.1824672454926
64.37082311715567	98.1824672454926
59.71483263502662	0.2524636306327557
59.71483263502662	0.2524636306327557
52.17656485956714	11.413410299451582
52.17656485956714	11.413410299451582
52.17656485956714	11.413410299451582
54.358227538127366	40.32918415523563
54.358227538127366	40.32918415523563
85.41589685090605	65.62608258151293
85.41589685090605	65.62608258151293
87.59756100468124	94.54185496208201
87.59756100468124	94.54185496208201
82.32964038704995	65.76962214896133
82.32964038704995	65.76962214896133
82.32964038704995	65.76962214896133
75.14611347909224	98.53476136774582
75.14611347909224	98.53476136774582
77.26569746472937	46.94480005207091
77.26569746472937	46.94480005207091
72.06872561068441	81.89340722415832
72.06872561068441	81.89340722415832
74.17944100087327	47.08834109473429
74.17944100087327	47.08834109473429
74.17944100087327	47.08834109473429
4.037710444195149	77.0392575129442
4.037710444195149	77.0392575129442
98.33737698482463	63.03372982933866
98.33737698482463	63.03372982933866
0.9514539803390285	77.18279855560758
0.9514539803390285	77.18279855560758
92.98077188792537	4.110450353941534
92.98077188792537	4.110450353941534
92.98077188792537	4.110450353941534
97.12238530926844	85.5643777217811
97.12238530926844	85.5643777217811
89.6550662973953	61.446161425378094
89.6550662973953	61.446161425378094
91.76578021236918	26.64109677116901
91.76578021236918	26.64109677116901
76.59204151752417	97.38230727463258
76.59204151752417	97.38230727463258
69.62135942511051	24.309959072966535
69.62135942511051	24.309959072966535
69.62135942511051	24.309959072966535
73.50578357845309	97.52584831729595
73.50578357845309	97.52584831729595
66.5351029612544	24.453498640414946
66.5351029612544	24.453498640414946
68.44184213134749	78.70102474519057
68.44184213134749	78.70102474519057
63.17392151371618	49.92879193206989
63.17392151371618	49.92879193206989
63.17392151371618	49.92879193206989
92.59977811529885	94.64641347979494
92.59977811529885	94.64641347979494
94.14290634722691	45.074643696070744
94.14290634722691	45.074643696070744
89.51352165144274	94.78995452245832
89.51352165144274	94.78995452245832
91.0566498833708	45.21818473873411
91.0566498833708	45.21818473873411
84.15691655454349	35.866675047061186
84.15691655454349	35.866675047061186
84.15691655454349	35.866675047061186
78.88899593691218	7.094442233940517
78.88899593691218	7.094442233940517
80.76026072521209	29.481547608504613
80.76026072521209	29.481547608504613
11.186115851579807	74.19916915622967
11.186115851579807	74.19916915622967
14.999594191765972	83.69422136578092
14.999594191765972	83.69422136578092
5.013604399082546	74.48625124155642
96.4842037438564	68.86230272412438
96.4842037438564	68.86230272412438
1.652422951544325	0.9615445332113586
1.652422951544325	0.9615445332113586
31.007329314325702	80.95832904615824
31.007329314325702	80.95832904615824
32.621406309840104	95.10739482199725
32.621406309840104	95.10739482199725
32.621406309840104	95.10739482199725
27.92107432568455	81.10186861360665
27.92107432568455	81.10186861360665
20.45375236338149	56.98365231720365
20.45375236338149	56.98365231720365
22.56446775357033	22.178587662994566
22.56446775357033	22.178587662994566
17.34089158839545	8.481878918619593
17.34089158839545	8.481878918619593
19.238760687825287	79.51429873443112
19.238760687825287	79.51429873443112
19.238760687825287	79.51429873443112
75.71016887472186	89.44677712831569
75.71016887472186	89.44677712831569
70.5131970206769	25.395384300403094
70.5131970206769	25.395384300403094
72.62391241086573	89.59031817097906
72.62391241086573	89.59031817097906
67.42694055682077	25.538923867851505
67.42694055682077	25.538923867851505
69.53765742222458	89.73385773842746
69.53765742222458	89.73385773842746
69.53765742222458	89.73385773842746
62.079204055369814	48.830749206203514
62.079204055369814	48.830749206203514
93.70446200162425	88.89435276199595
93.70446200162425	88.89435276199595
95.60233110105408	60.926774053022434
95.60233110105408	60.926774053022434
88.06406332559459	72.08772072184125
88.06406332559459	72.08772072184125
88.06406332559459	72.08772072184125
92.51607611241292	61.07031362047084
92.51607611241292	61.07031362047084
84.97780538652353	72.23126028928966
84.97780538652353	72.23126028928966
87.1594695402987	2.147032669858758
87.1594695402987	2.147032669858758
81.93589337512383	87.45032392548379
81.93589337512383	87.45032392548379
81.93589337512383	87.45032392548379
12.29079973790521	68.44710843843066
12.29079973790521	68.44710843843066
14.188670312549997	40.47952825424218
14.188670312549997	40.47952825424218
8.920749694918698	11.707296916336475
8.920749694918698	11.707296916336475
11.102413848693887	40.62307077212052
11.102413848693887	40.62307077212052
5.834493231062589	11.850837958999843
5.834493231062589	11.850837958999843
5.834493231062589	11.850837958999843
97.93475990223527	2.499328267326917
97.93475990223527	2.499328267326917
0.4867567296116193	35.142661822136894
0.4867567296116193	35.142661822136894
32.1829634394524	39.92710536313741
32.1829634394524	39.92710536313741
33.7260901961655	89.35533410419823
33.7260901961655	89.35533410419823
33.7260901961655	89.35533410419823
26.54256181299283	23.120471847767757
26.54256181299283	23.120471847767757
21.842231304052234	9.114944164162205
21.842231304052234	9.114944164162205
23.456306824351667	23.264012890431125
23.456306824351667	23.264012890431125
16.485624731938014	49.19166468876507
16.485624731938014	49.19166468876507
16.485624731938014	49.19166468876507
20.343444574150684	73.76223801663212
20.343444574150684	73.76223801663212
3.46694292930835	1.2033331315503175
3.46694292930835	1.2033331315503175
97.19902378689201	71.43110031842964
97.19902378689201	71.43110031842964
0.09689436153680597	43.46352160945612
0.09689436153680597	43.46352160945612
92.12621226912316	69.39117193257512
92.12621226912316	69.39117193257512
92.12621226912316	69.39117193257512
96.01063789768068	43.607061176904544
96.01063789768068	43.607061176904544
89.03995580526703	69.53471297523849
89.03995580526703	69.53471297523849
90.66290139622973	66.89888651525656
90.66290139622973	66.89888651525656
23.288156392054244	7.962491546263933
23.288156392054244	7.962491546263933
23.288156392054244	7.962491546263933
15.8208373801811	82.84427524986093
15.8208373801811	82.84427524986093
17.93155277036994	48.03921059565185
17.93155277036994	48.03921059565185
13.018374495455385	40.871168857281866
13.018374495455385	40.871168857281866
14.561502727383438	90.2993975983427
14.561502727383438	90.2993975983427
14.561502727383438	90.2993975983427
7.661767923341164	80.94788790666978
7.661767923341164	80.94788790666978
38.76378168857627	22.320311876907738
38.76378168857627	22.320311876907738
40.874497078765124	86.5152457474837
40.874497078765124	86.5152457474837
35.677523749505205	22.463852919571107
35.677523749505205	22.463852919571107
37.78823913969405	86.65878826536202
37.78823913969405	86.65878826536202
37.78823913969405	86.65878826536202
30.604712231736336	20.42392453371658
30.604712231736336	20.42392453371658
25.336793089319997	90.6516917205959
25.336793089319997	90.6516917205959
27.518457243095185	20.56746557637996
27.518457243095185	20.56746557637996
56.30577644761578	85.79754348459676
56.30577644761578	85.79754348459676
56.30577644761578	85.79754348459676
60.76665782988239	57.99524267219044
60.76665782988239	57.99524267219044
53.2283900544229	69.15618934100925
53.2283900544229	69.15618934100925
55.41005273298314	98.07196172157836
55.41005273298314	98.07196172157836
50.1421335905668	69.29972890845768
50.1421335905668	69.29972890845768
50.1421335905668	69.29972890845768
42.95860520739413	3.0648681272421516
42.95860520739413	3.0648681272421516
45.06932059758297	67.25980199781812
45.06932059758297	67.25980199781812
29.868976116393085	89.35569806003426
29.868976116393085	89.35569806003426
32.050640270168266	19.271471915818317
32.050640270168266	19.271471915818317
26.782719652536965	89.49923910269764
26.782719652536965	89.49923910269764
26.782719652536965	89.49923910269764
19.88298632370965	80.14772941102471
19.88298632370965	80.14772941102471
21.426114555637714	30.575958152085544
21.426114555637714	30.575958152085544
16.512937755938104	23.40791641371556
16.512937755938104	23.40791641371556
18.623653146126944	87.60285175950648
18.623653146126944	87.60285175950648
18.623653146126944	87.60285175950648
47.48192111423387	18.553768177716403
47.48192111423387	18.553768177716403
42.790456250311664	86.76334530786
42.790456250311664	86.76334530786
44.40453324582606	1.9124140341289206
44.40453324582606	1.9124140341289206
37.4338511534124	27.840065832462866
37.4338511534124	27.840065832462866
41.318276781969935	2.055953601577341
41.318276781969935	2.055953601577341
41.318276781969935	2.055953601577341
34.34759616477124	27.983605399911287
34.34759616477124	27.983605399911287
36.24546526420108	0.016026690937763877
36.24546526420108	0.016026690937763877
67.34747755422123	40.388449185960766
67.34747755422123	40.388449185960766
60.376795461807575	66.3161009842947
60.376795461807575	66.3161009842947
60.376795461807575	66.3161009842947
64.26122109036513	40.531990228624146
64.26122109036513	40.531990228624146
57.29054047316642	66.4596420269581
57.29054047316642	66.4596420269581
58.90461599346586	80.60870927801206
58.90461599346586	80.60870927801206
54.20428253409534	66.60318306962147
54.20428253409534	66.60318306962147
54.20428253409534	66.60318306962147
83.34634555654763	54.43745205258895
83.34634555654763	54.43745205258895
84.88947378847568	4.8656822688647425
84.88947378847568	4.8656822688647425
80.2689576881398	37.79609643378651
80.2689576881398	37.79609643378651
81.81208592006786	87.22432812527725
81.81208592006786	87.22432812527725
74.91235259124055	77.87281695838938
74.91235259124055	77.87281695838938
74.91235259124055	77.87281695838938
69.64443344882422	49.1005841452687
69.64443344882422	49.1005841452687
71.82609612738443	78.01635800105275
71.82609612738443	78.01635800105275
56.58140866895308	85.0367299945232
56.58140866895308	85.0367299945232
58.452673457253	8.423835369087302
58.452673457253	8.423835369087302
58.452673457253	8.423835369087302
51.552938653210724	98.07232567741437
51.552938653210724	98.07232567741437
46.285019510794385	69.3000928642937
46.285019510794385	69.3000928642937
48.466683664569565	98.21586672007776
48.466683664569565	98.21586672007776
40.92841441389512	10.376813388896572
40.92841441389512	10.376813388896572
40.92841441389512	10.376813388896572
45.380427200713456	98.35940628752617
45.380427200713456	98.35940628752617
74.167747880449	64.58948419574295
74.167747880449	64.58948419574295
76.06561697987883	36.62190548676945
76.06561697987883	36.62190548676945
71.37415359117158	5.831482616913033
71.37415359117158	5.831482616913033
63.90683162886852	80.71326927093995
63.90683162886852	80.71326927093995
63.90683162886852	80.71326927093995
66.01754701905736	45.908203141515905
66.01754701905736	45.908203141515905
60.82057664022736	80.85680883838836
60.82057664022736	80.85680883838836
62.931292030416195	46.05174270896432
62.931292030416195	46.05174270896432
94.05991010678123	36.0694811204497
94.05991010678123	36.0694811204497
94.05991010678123	36.0694811204497
86.84977593726369	20.189304422771794
86.84977593726369	20.189304422771794
88.96049132745253	84.38423976856271
88.96049132745253	84.38423976856271
83.76352094862253	20.332843990220205
83.76352094862253	20.332843990220205
85.87423633881137	84.52777933601112
85.87423633881137	84.52777933601112
78.40691437650833	60.40956451482308
78.40691437650833	60.40956451482308
78.40691437650833	60.40956451482308
11.032170847547794	1.4731695458304537
11.032170847547794	1.4731695458304537
12.646247843062186	15.622236796884426
12.646247843062186	15.622236796884426
5.684434346096824	24.76499340896751
5.684434346096824	24.76499340896751
9.85265502899972	55.864233742839545
9.85265502899972	55.864233742839545
9.85265502899972	55.864233742839545
2.3143857783252804	67.02518188687331
2.3143857783252804	67.02518188687331
4.4960484568855	95.94095574265737
4.4960484568855	95.94095574265737
98.2281278392542	67.1687229295367
98.2281278392542	67.1687229295367
81.35162766962684	93.60981656923992
81.35162766962684	93.60981656923992
81.35162766962684	93.60981656923992
85.16510453459803	4.104867303576236
85.16510453459803	4.104867303576236
78.2387668946408	45.10804169544093
78.2387668946408	45.10804169544093
80.13663599407063	17.14046298646741
80.13663599407063	17.14046298646741
74.8687168516543	87.36823017334675
74.8687168516543	87.36823017334675
74.8687168516543	87.36823017334675
67.96898204761202	78.01672195688877
67.96898204761202	78.01672195688877
69.51211027954008	28.444950697949604
69.51211027954008	28.444950697949604
2.20831698938086	33.229392763735156
2.20831698938086	33.229392763735156
3.751443746093956	82.65762298001094
3.751443746093956	82.65762298001094
95.86057901271494	56.52121810208717
95.86057901271494	56.52121810208717
95.86057901271494	56.52121810208717
90.59265987029859	27.74898528896649
90.59265987029859	27.74898528896649
92.49052896972842	98.78140657999298
92.49052896972842	98.78140657999298
85.51984835252972	25.709056903111964
85.51984835252972	25.709056903111964
89.40427398108727	98.92494614744139
89.40427398108727	98.92494614744139
89.40427398108727	98.92494614744139
19.759180343868643	79.92173066038826
19.759180343868643	79.92173066038826
14.562208489823684	15.87033635726073
14.562208489823684	15.87033635726073
16.672923880012533	80.06527170305165
16.672923880012533	80.06527170305165
9.178997606579555	7.301740965401214
9.178997606579555	7.301740965401214
9.178997606579555	7.301740965401214
13.347218289482441	38.40098129927325
13.347218289482441	38.40098129927325
6.376534721853829	64.32863457282215
6.376534721853829	64.32863457282215
7.990611717368232	78.47770329909108
7.990611717368232	78.47770329909108
39.61586818840771	19.541306854883498
39.61586818840771	19.541306854883498
32.14854770131961	94.42309203369544
32.14854770131961	94.42309203369544
32.14854770131961	94.42309203369544
34.268131686956735	42.83313071802055
34.268131686956735	42.83313071802055
29.07115983291179	77.78173789010796
29.07115983291179	77.78173789010796
31.181876698315588	42.97667176068392
31.181876698315588	42.97667176068392
23.99834831514292	75.7418109794684
20.17635426072859	45.81712407323449
20.17635426072859	45.81712407323449
13.27662240711623	36.46561290634661
13.27662240711623	36.46561290634661
17.09009927208744	45.9606636406829
17.09009927208744	45.9606636406829
17.09009927208744	45.9606636406829
46.23216229453972	33.79493262365038
46.23216229453972	33.79493262365038
48.342877684728556	97.9898679694413
48.342877684728556	97.9898679694413
43.14590435546864	33.93847514152872
43.14590435546864	33.93847514152872
36.17522373826994	59.86612546464771
36.17522373826994	59.86612546464771
37.76269494743947	25.369878274454244
37.76269494743947	25.369878274454244
37.76269494743947	25.369878274454244
33.133310251655296	75.08519057605677
33.133310251655296	75.08519057605677
34.67643700836839	25.513419317117624
34.67643700836839	25.513419317117624
63.81850003082067	13.347689775300063
50.684175081358035	22.777526997494945
35.51043491129807	93.51873602574355
35.51043491129807	93.51873602574355
37.621150301486914	58.71367284674943
37.621150301486914	58.71367284674943
30.43762486874416	91.47880911510399
30.43762486874416	91.47880911510399
34.25110025850041	1.973859849440284
34.25110025850041	1.973859849440284
27.35136692967309	91.62235015776737
27.35136692967309	91.62235015776737
27.35136692967309	91.62235015776737
28.93883813884261	57.126104442788865
28.93883813884261	57.126104442788865
24.238504679472094	43.120576759183315
24.238504679472094	43.120576759183315
53.096774122793995	73.07149317739324
53.096774122793995	73.07149317739324
55.20748951298283	38.266427047969195
55.20748951298283	38.266427047969195
55.20748951298283	38.266427047969195
50.29431123806827	31.098386784814174
50.29431123806827	31.098386784814174
51.83743946999632	80.526615525875
51.83743946999632	80.526615525875
44.94657473661729	54.39021064795123
44.94657473661729	54.39021064795123
39.67865559420097	25.617979310045506
39.67865559420097	25.617979310045506
39.67865559420097	25.617979310045506
41.860318272761184	54.533751690614594
41.860318272761184	54.533751690614594
72.91798758553988	79.83065011689189
72.91798758553988	79.83065011689189
75.09965173931506	9.746423972675942
75.09965173931506	9.746423972675942
67.56138248864063	20.90737064149477
67.56138248864063	20.90737064149477
62.64820568894102	13.739328903124777
62.64820568894102	13.739328903124777
62.64820568894102	13.739328903124777
64.75892107912986	77.93426277370074
64.75892107912986	77.93426277370074
57.26499333048192	5.170733511265272
57.26499333048192	5.170733511265272
61.71700611730025	93.15332788510982
61.71700611730025	93.15332788510982
90.5043267970358	59.383407268541575
90.5043267970358	59.383407268541575
92.68599095081098	88.29917964911067
92.68599095081098	88.29917964911067
92.68599095081098	88.29917964911067
87.41807033317968	59.52694683598998
87.41807033317968	59.52694683598998
80.23454342522199	92.2920845795595
80.23454342522199	92.2920845795595
82.34525881541082	57.48701992535042
82.34525881541082	57.48701992535042
77.15715555681415	75.65073043597202
77.15715555681415	75.65073043597202
77.15715555681415	75.65073043597202
79.26787094700299	40.84566578176293
79.26787094700299	40.84566578176293
64.09413077694303	12.586874810011556
64.09413077694303	12.586874810011556
57.12345015974433	38.514526608345506
57.12345015974433	38.514526608345506
58.737527155258725	52.66359533461442
58.737527155258725	52.66359533461442
54.03719369588822	38.65806765100887
54.03719369588822	38.65806765100887
54.03719369588822	38.65806765100887
55.935064270533005	10.6904874668204
55.935064270533005	10.6904874668204
48.44113652188507	36.92695967959988
48.44113652188507	36.92695967959988
80.0663944681395	76.99056323539232
80.0663944681395	76.99056323539232
81.6804714636539	91.13963048644626
81.6804714636539	91.13963048644626
81.6804714636539	91.13963048644626
74.70978789602529	18.067282284780212
74.70978789602529	18.067282284780212
78.59421352458283	91.28317152910965
78.59421352458283	91.28317152910965
71.62353290738413	18.210823327443592
71.62353290738413	18.210823327443592
73.52140200681396	89.24324314325513
73.52140200681396	89.24324314325513
68.26235145984592	43.68611661909854
68.26235145984592	43.68611661909854
68.26235145984592	43.68611661909854
97.68820658621364	88.40373816682359
97.68820658621364	88.40373816682359
2.5016849263997893	97.89878890115989
2.5016849263997893	97.89878890115989
94.60195159757247	88.54727773427201
94.60195159757247	88.54727773427201
96.14507982950053	38.97550942576276
96.14507982950053	38.97550942576276
96.14507982950053	38.97550942576276
91.51569513371636	88.69081877693537
91.51569513371636	88.69081877693537
83.97742440782696	0.8517669209691533
83.97742440782696	0.8517669209691533
85.84868919612687	23.238872295533263
85.84868919612687	23.238872295533263
18.544895905967657	28.023315836533776
18.544895905967657	28.023315836533776
18.544895905967657	28.023315836533776
20.08802413789571	77.4515445775946
20.08802413789571	77.4515445775946
13.188289333853437	68.10003488592169
13.188289333853437	68.10003488592169
7.920368716222138	39.32780207280101
7.920368716222138	39.32780207280101
10.102034345212275	68.2435744533701
10.102034345212275	68.2435744533701
4.834113727580988	39.47134164024942
4.834113727580988	39.47134164024942
4.834113727580988	39.47134164024942
6.740852897674065	93.71886774502505
6.740852897674065	93.71886774502505
63.21225960935567	4.651346138909612
63.21225960935567	4.651346138909612
58.01528775531071	39.599951835782065
58.01528775531071	39.599951835782065
60.12600314549955	4.794885706358022
60.12600314549955	4.794885706358022
52.65868265841145	79.67667088516998
52.65868265841145	79.67667088516998
52.65868265841145	79.67667088516998
57.0397481568584	4.938425273806442
57.0397481568584	4.938425273806442
49.54582040821046	31.174897486585923
49.54582040821046	31.174897486585923
51.443690982855244	3.2073173023974544
51.443690982855244	3.2073173023974544
83.06894745389474	43.270922333404826
83.06894745389474	43.270922333404826
83.06894745389474	43.270922333404826
75.60162696680663	19.152707512216786
75.60162696680663	19.152707512216786
77.71234235699548	83.3476428580077
77.71234235699548	83.3476428580077
72.51537050295052	19.296247079665193
72.51537050295052	19.296247079665193
74.62608589313936	83.49118242545612
74.62608589313936	83.49118242545612
69.42911551430936	19.439788122328572
69.42911551430936	19.439788122328572
69.42911551430936	19.439788122328572
98.79289047253903	82.65167744902459
98.79289047253903	82.65167744902459
1.690761047183814	54.68409726483612
1.690761047183814	54.68409726483612
95.42284042955252	25.9118659269304
95.42284042955252	25.9118659269304
97.60450458332771	54.82763830749949
97.60450458332771	54.82763830749949
97.60450458332771	54.82763830749949
90.06623533265326	65.98858497631831
90.06623533265326	65.98858497631831
85.4368506368691	16.703895802705894
85.4368506368691	16.703895802705894
87.0243218460386	81.20764861251243
87.0243218460386	81.20764861251243
17.37922968403495	62.20443312545931
17.37922968403495	62.20443312545931
21.547448891722876	93.30367345933134
21.547448891722876	93.30367345933134
21.547448891722876	93.30367345933134
14.009179641048437	5.464620128150164
14.009179641048437	5.464620128150164
16.190843794823614	34.38039398393421
16.190843794823614	34.38039398393421
10.92292317719233	5.608161170813531
10.92292317719233	5.608161170813531
4.023189848365012	95.2566514791406
4.023189848365012	95.2566514791406
4.023189848365012	95.2566514791406
7.836666713336209	5.751702213476911
7.836666713336209	5.751702213476911
89.96903366394218	15.407900666929295
89.96903366394218	15.407900666929295
91.51216189587024	64.83613088320509
91.51216189587024	64.83613088320509
86.59898509617062	57.6680891448351
86.59898509617062	57.6680891448351
79.62830300375697	83.59574094316905
79.62830300375697	83.59574094316905
79.62830300375697	83.59574094316905
81.24237999927136	97.74480819422301
81.24237999927136	97.74480819422301
76.54204653990087	83.73928051061746
76.54204653990087	83.73928051061746
78.12951774907037	49.243034795638955
78.12951774907037	49.243034795638955
8.55537287543809	93.96065781857897
8.55537287543809	93.96065781857897
8.55537287543809	93.96065781857897
3.2874537330217497	65.1884250054583
3.2874537330217497	65.1884250054583
5.185324307666546	37.220844821269814
5.185324307666546	37.220844821269814
97.21464074003794	63.14849661960376
97.21464074003794	63.14849661960376
2.0990678438104258	37.364385863933194
2.0990678438104258	37.364385863933194
94.12838575139678	63.29203766226714
94.12838575139678	63.29203766226714
94.12838575139678	63.29203766226714
26.25700382776181	53.309774598537565
26.25700382776181	53.309774598537565
28.376586338183984	1.7198147580776217
28.376586338183984	1.7198147580776217
20.90926732631084	76.60159993688958
20.90926732631084	76.60159993688958
25.29033134954282	1.8633558007410005
25.29033134954282	1.8633558007410005
18.106804441585112	34.628493544310516
18.106804441585112	34.628493544310516
18.106804441585112	34.628493544310516
19.64993119829822	84.05672228537135
19.64993119829822	84.05672228537135
15.020547977729004	34.77203311175892
15.020547977729004	34.77203311175892
43.807867182249595	1.002111019975719
43.807867182249595	1.002111019975719
45.96292702489485	80.27257043451235
45.96292702489485	80.27257043451235
45.96292702489485	80.27257043451235
40.76595369563495	16.221176131384794
40.76595369563495	16.221176131384794
42.876669085823785	80.41611147717572
42.876669085823785	80.41611147717572
35.69314217786608	14.18124774553027
35.69314217786608	14.18124774553027
30.425221560234778	84.4090149324096
30.425221560234778	84.4090149324096
32.60688571400997	14.324788788193649
32.60688571400997	14.324788788193649
32.60688571400997	14.324788788193649
17.362198255578612	21.345160781664088
17.362198255578612	21.345160781664088
19.55273100480208	33.47603945119729
19.55273100480208	33.47603945119729
12.014461754127641	44.636986120016104
12.014461754127641	44.636986120016104
7.3850770583434775	94.35229547118873
7.3850770583434775	94.35229547118873
7.3850770583434775	94.35229547118873
8.928205290271531	44.78052568746452
8.928205290271531	44.78052568746452
1.7446783823138228	77.54566343103404
1.7446783823138228	77.54566343103404
6.125743880760774	2.807419294885459
6.125743880760774	2.807419294885459
34.984010373652744	32.758335713095384
34.984010373652744	32.758335713095384
34.984010373652744	32.758335713095384
37.139070216298	13.028795127632007
37.139070216298	13.028795127632007
31.871149598666705	83.25656231451133
31.871149598666705	83.25656231451133
24.971416269839388	73.9050526228384
24.971416269839388	73.9050526228384
28.784893134810595	83.4001033571747
28.784893134810595	83.4001033571747
21.601366226852885	17.16524110074421
21.601366226852885	17.16524110074421
21.601366226852885	17.16524110074421
23.712081617041726	81.36017497132018
23.712081617041726	81.36017497132018
54.84069969340676	71.3779119075906
54.84069969340676	71.3779119075906
47.87888767165636	80.52066851967369
47.87888767165636	80.52066851967369
49.492963191955795	94.66973724594261
49.492963191955795	94.66973724594261
44.79262973258528	80.66420956233706
44.79262973258528	80.66420956233706
44.79262973258528	80.66420956233706
46.40670672809968	94.81327681339103
46.40670672809968	94.81327681339103
39.436024635686024	21.740930086939933
39.436024635686024	21.740930086939933
70.84843629118146	68.64201958796792
70.84843629118146	68.64201958796792
72.39156452310951	19.07024980424371
72.39156452310951	19.07024980424371
65.46522540793731	60.07342567132336
65.46522540793731	60.07342567132336
65.46522540793731	60.07342567132336
69.34965103649486	34.289314915652795
69.34965103649486	34.289314915652795
62.37896894408121	60.216965238771785
62.37896894408121	60.216965238771785
57.18199709003625	95.16557241085918
57.18199709003625	95.16557241085918
59.292712480225084	60.36050628143515
59.292712480225084	60.36050628143515
59.292712480225084	60.36050628143515
42.13241725625237	29.918248831595797
42.13241725625237	29.918248831595797
45.945895596438525	39.413298090717134
45.945895596438525	39.413298090717134
39.0550308630595	13.276894688008301
39.0550308630595	13.276894688008301
40.59815761977259	62.70512342906915
40.59815761977259	62.70512342906915
40.59815761977259	62.70512342906915
35.96877439920339	13.42043425545672
35.96877439920339	13.42043425545672
28.430503673313993	24.58138092427554
28.430503673313993	24.58138092427554
30.612169302304128	53.49715478005959
30.612169302304128	53.49715478005959
61.66983861508282	78.79405320633688
61.66983861508282	78.79405320633688
63.56770771451266	50.82647449736337
63.56770771451266	50.82647449736337
63.56770771451266	50.82647449736337
56.64136859934047	91.82964888922807
56.64136859934047	91.82964888922807
51.37344798170916	63.05741607610739
51.37344798170916	63.05741607610739
53.5551136106993	91.97318993189144
53.5551136106993	91.97318993189144
48.287192993068004	63.200958593985725
48.287192993068004	63.200958593985725
48.287192993068004	63.200958593985725
50.46885714684319	92.11673097455481
50.46885714684319	92.11673097455481
79.25617635136378	58.346808882771604
79.25617635136378	58.346808882771604
74.34299807644922	51.178767144401625
74.34299807644922	51.178767144401625
76.46258206208634	98.58880730394168
76.46258206208634	98.58880730394168
76.46258206208634	98.58880730394168
68.99526157499824	74.47059248275363
68.99526157499824	74.47059248275363
73.3763270734452	98.73234834660506
73.3763270734452	98.73234834660506
65.90900511114214	74.61413205020204
65.90900511114214	74.61413205020204
68.01972050133098	39.80906739599296
68.01972050133098	39.80906739599296
0.14834005291097319	29.82680580747835
0.14834005291097319	29.82680580747835
0.14834005291097319	29.82680580747835
92.17765648528236	55.75445760581229
92.17765648528236	55.75445760581229
94.04892127358227	78.1415629803764
94.04892127358227	78.1415629803764
88.8519494195373	14.090168677248853
88.8519494195373	14.090168677248853
90.96266480972616	78.28510402303976
90.96266480972616	78.28510402303976
90.96266480972616	78.28510402303976
85.76569443089616	14.233709719912232
85.76569443089616	14.233709719912232
68.81824402246748	75.95396484962234
68.81824402246748	75.95396484962234
70.43232101798188	90.10303357589126
70.43232101798188	90.10303357589126
65.73198903382634	76.09750736750068
65.73198903382634	76.09750736750068
65.73198903382634	76.09750736750068
67.63872820391941	31.345031997061344
67.63872820391941	31.345031997061344
60.100457478030016	42.50597866588016
60.100457478030016	42.50597866588016
55.47107278224584	92.22128949226774
55.47107278224584	92.22128949226774
57.01420101417389	42.64951823332858
57.01420101417389	42.64951823332858
57.01420101417389	42.64951823332858
86.44005761575657	87.36713978105362
86.44005761575657	87.36713978105362
90.25353595594274	96.86219199060488
90.25353595594274	96.86219199060488
83.35380115190046	87.510680823717
83.35380115190046	87.510680823717
85.22506594020038	10.897786198281096
85.22506594020038	10.897786198281096
79.95714532256908	81.12555486037539
79.95714532256908	81.12555486037539
79.95714532256908	81.12555486037539
73.05741199374177	71.77404516870246
73.05741199374177	71.77404516870246
76.87089033392792	81.26909590303876
76.87089033392792	81.26909590303876
7.296745460295641	26.986717450763805
7.296745460295641	26.986717450763805
8.839873692223696	76.41494619182464
8.839873692223696	76.41494619182464
8.839873692223696	76.41494619182464
4.210488996439521	27.130258493427174
4.210488996439521	27.130258493427174
95.68108834121337	21.506309975995137
95.68108834121337	21.506309975995137
97.57895891585815	92.53872979180667
97.57895891585815	92.53872979180667
92.87862545648765	78.53320358341608
92.87862545648765	78.53320358341608
94.49270245200205	92.68227083447003
94.49270245200205	92.68227083447003
94.49270245200205	92.68227083447003
24.847610289998382	73.67905387220196
24.847610289998382	73.67905387220196
19.65063843595342	9.627661044289367
19.65063843595342	9.627661044289367
21.761353826142273	73.82259491486532
21.761353826142273	73.82259491486532
16.537777660967397	60.12588617049037
16.537777660967397	60.12588617049037
16.537777660967397	60.12588617049037
18.435646760397223	32.158307461516856
18.435646760397223	32.158307461516856
11.464964667983567	58.08595778463584
11.464964667983567	58.08595778463584
95.29122449792361	29.82716828809941
95.29122449792361	29.82716828809941
97.40193988811244	94.02210363389032
97.40193988811244	94.02210363389032
89.9346208762393	69.90388881270229
89.9346208762393	69.90388881270229
89.9346208762393	69.90388881270229
94.3156848994713	94.16564467655371
94.3156848994713	94.16564467655371
86.85723153261652	53.26253319389984
86.85723153261652	53.26253319389984
88.96794692280537	18.457468539690762
88.96794692280537	18.457468539690762
84.05477012310575	11.28942680132078
84.05477012310575	11.28942680132078
84.05477012310575	11.28942680132078
13.842090802841302	76.51950470953757
13.842090802841302	76.51950470953757
16.02375348140153	6.435278565321622
16.02375348140153	6.435278565321622
10.755834338985194	76.6630472274159
10.755834338985194	76.6630472274159
12.937497017545413	6.57881960798499
12.937497017545413	6.57881960798499
12.937497017545413	6.57881960798499
7.713920852370534	91.88211086361002
7.713920852370534	91.88211086361002
0.7432387599568798	18.80976266194397
0.7432387599568798	18.80976266194397
2.641109334601676	89.84218395297044
2.641109334601676	89.84218395297044
33.698778647380365	16.139082379247746
33.698778647380365	16.139082379247746
35.88044132594059	45.054854759816834
35.88044132594059	45.054854759816834
35.88044132594059	45.054854759816834
28.342172075266145	56.215801428635665
28.342172075266145	56.215801428635665
23.71278885469694	6.931112255023242
23.71278885469694	6.931112255023242
25.26478420685833	39.57444728504818
25.26478420685833	39.57444728504818
18.36505235324597	30.222937593375253
18.36505235324597	30.222937593375253
22.17852774300221	39.71798685249659
22.17852774300221	39.71798685249659
22.17852774300221	39.71798685249659
51.320592240669455	27.55225731067903
51.320592240669455	27.55225731067903
53.4313076308583	91.74719265646995
53.4313076308583	91.74719265646995
48.23433430159838	27.695798353342408
48.23433430159838	27.695798353342408
41.26365220918473	53.62344867646139
41.26365220918473	53.62344867646139
41.26365220918473	53.62344867646139
45.12147205139739	78.19402495475835
45.12147205139739	78.19402495475835
38.22173872257007	68.84251526308543
38.22173872257007	68.84251526308543
39.76486695449813	19.27074400414627
39.76486695449813	19.27074400414627
24.874921838783514	47.89530559715245
24.874921838783514	47.89530559715245
24.874921838783514	47.89530559715245
17.90424122158482	73.82295887070136
17.90424122158482	73.82295887070136
19.518316741884252	87.97202759697028
19.518316741884252	87.97202759697028
14.81798328251374	73.96649843814977
14.81798328251374	73.96649843814977
16.440928873476427	71.33067197816783
16.440928873476427	71.33067197816783
9.470246781062771	97.25832377650178
9.470246781062771	97.25832377650178
9.470246781062771	97.25832377650178
40.59886485742781	87.2760607127722
40.59886485742781	87.2760607127722
42.70958024761665	52.470996058563124
42.70958024761665	52.470996058563124
35.526053339658944	85.23613232691768
35.526053339658944	85.23613232691768
39.33953020463015	94.73118453646893
39.33953020463015	94.73118453646893
39.33953020463015	94.73118453646893
32.439796875802834	85.37967484479601
32.439796875802834	85.37967484479601
27.216219235412996	71.68296610042104
27.216219235412996	71.68296610042104
29.326934625601837	36.877901446211965
29.326934625601837	36.877901446211965
58.185204068923724	66.82881638920692
58.185204068923724	66.82881638920692
58.185204068923724	66.82881638920692
62.56626809215572	91.09057225305835
62.56626809215572	91.09057225305835
55.382741184198004	24.855709996627866
55.382741184198004	24.855709996627866
56.925867940911104	74.28394021290366
56.925867940911104	74.28394021290366
52.296484720341894	24.999249564076273
52.296484720341894	24.999249564076273
44.767085540330704	19.375302521859197
44.767085540330704	19.375302521859197
44.767085540330704	19.375302521859197
46.94874821889093	48.291074902428285
46.94874821889093	48.291074902428285
78.00641753166961	73.58797480392055
78.00641753166961	73.58797480392055
80.1880816854448	3.5037486597045895
80.1880816854448	3.5037486597045895
74.92016106781351	73.7315158465839
74.92016106781351	73.7315158465839
74.92016106781351	73.7315158465839
67.7366341598558	7.496652114938467
67.7366341598558	7.496652114938467
69.84734955004464	71.69158746072938
69.84734955004464	71.69158746072938
64.6237719096548	57.99487871635442
64.6237719096548	57.99487871635442
66.80543606343	86.91065257213847
66.80543606343	86.91065257213847
49.290399971955495	34.86420257233345
49.290399971955495	34.86420257233345
49.290399971955495	34.86420257233345
44.66101527617132	84.57951339872103
44.66101527617132	84.57951339872103
46.204143508099385	35.007743614996826
46.204143508099385	35.007743614996826
39.020615124926714	67.77288135856634
39.020615124926714	67.77288135856634
43.40168062337366	92.03463574720281
43.40168062337366	92.03463574720281
43.40168062337366	92.03463574720281
35.943228731733846	51.13152721497886
35.943228731733846	51.13152721497886
38.05394412192268	16.32646108555482
38.05394412192268	16.32646108555482
69.18256072307277	6.344199497040204
69.18256072307277	6.344199497040204
62.21187863065911	32.27184982015919
62.21187863065911	32.27184982015919
62.21187863065911	32.27184982015919
66.09630425921665	6.487739064488614
66.09630425921665	6.487739064488614
59.12562364201795	32.41539233803752
59.12562364201795	32.41539233803752
61.02349274144779	4.447812153849048
61.02349274144779	4.447812153849048
55.799916576272906	89.75110340947407
55.799916576272906	89.75110340947407
85.15482293905428	70.74788792242096
85.15482293905428	70.74788792242096
85.15482293905428	70.74788792242096
86.76889993456868	84.89695517347492
86.76889993456868	84.89695517347492
82.06856795041313	70.89142748986937
82.06856795041313	70.89142748986937
83.68264494592752	85.0404962161383
83.68264494592752	85.0404962161383
76.71196137829891	11.968146539257281
76.71196137829891	11.968146539257281
76.71196137829891	11.968146539257281
71.79878310338435	4.8001048008873015
71.79878310338435	4.8001048008873015
73.3507799307607	37.443441306127184
73.3507799307607	37.443441306127184
3.7766365323433746	82.16106285385224
3.7766365323433746	82.16106285385224
7.590114872529529	91.65611211297357
7.590114872529529	91.65611211297357
7.590114872529529	91.65611211297357
0.6903800684872543	82.30460242130066
0.6903800684872543	82.30460242130066
94.42246092607091	53.53236960817998
94.42246092607091	53.53236960817998
96.6041250798461	82.44814346396403
96.6041250798461	82.44814346396403
89.06585435395671	93.60909013278284
89.06585435395671	93.60909013278284
93.20746925051472	76.06301602540745
93.20746925051472	76.06301602540745
93.20746925051472	76.06301602540745
50.74982472578266	50.71633292928515
50.74982472578266	50.71633292928515
52.29295295771071	1.144563145560938
52.29295295771071	1.144563145560938
47.66356973714151	50.85987249673356
47.66356973714151	50.85987249673356
40.12529901125211	62.020819165552375
40.12529901125211	62.020819165552375
40.12529901125211	62.020819165552375
42.306963165027284	90.93659302133644
42.306963165027284	90.93659302133644
86.04666200983563	71.83331167464256
86.04666200983563	71.83331167464256
88.15737740002447	37.02824554521852
88.15737740002447	37.02824554521852
80.69005543772141	12.910032199245432
80.69005543772141	12.910032199245432
80.69005543772141	12.910032199245432
85.07112093616836	37.1717865878819
85.07112093616836	37.1717865878819
77.60380044908025	13.05357176669384
77.60380044908025	13.05357176669384
79.7145158392691	77.24850711248476
79.7145158392691	77.24850711248476
74.51754398522414	13.197111334142262
74.51754398522414	13.197111334142262
74.51754398522414	13.197111334142262
4.881320418668769	76.40900213605323
4.881320418668769	76.40900213605323
6.779190993313554	48.44142195186477
6.779190993313554	48.44142195186477
1.5112703756822559	19.669189138744088
1.5112703756822559	19.669189138744088
3.6929345294574447	48.584961519313175
3.6929345294574447	48.584961519313175
3.6929345294574447	48.584961519313175
97.42501391182614	19.812728706192498
97.42501391182614	19.812728706192498
90.52528058299883	10.461219014519584
90.52528058299883	10.461219014519584
92.06840881492688	59.88944775558041
92.06840881492688	59.88944775558041
77.43565001678283	96.75205042252665
77.43565001678283	96.75205042252665
79.33352059142761	68.78447023833817
79.33352059142761	68.78447023833817
79.33352059142761	68.78447023833817
71.79525134075317	79.94541838237195
71.79525134075317	79.94541838237195
67.16586812018396	30.660727733544586
67.16586812018396	30.660727733544586
68.70899635211202	80.08895794982037
68.70899635211202	80.08895794982037
61.80926154806975	70.73744825814745
61.80926154806975	70.73744825814745
61.80926154806975	70.73744825814745
65.62273988825591	80.23249751726878
65.62273988825591	80.23249751726878
95.0574636100719	9.165225353957931
95.0574636100719	9.165225353957931
89.78954299244062	79.39299254083726
89.78954299244062	79.39299254083726
91.68741504230036	51.42541235664879
91.68741504230036	51.42541235664879
91.68741504230036	51.42541235664879
84.71673147467175	77.35306563019769
84.71673147467175	77.35306563019769
88.60115710322928	51.568953399312164
88.60115710322928	51.568953399312164
81.63047648603059	77.4966051976461
81.63047648603059	77.4966051976461
83.244553481545	91.64567392391503
83.244553481545	91.64567392391503
15.914151454610971	47.78480154845316
15.914151454610971	47.78480154845316
15.914151454610971	47.78480154845316
8.375883679151489	58.945749692486935
8.375883679151489	58.945749692486935
10.273752778581317	30.978169508298464
10.273752778581317	30.978169508298464
5.573420794425773	16.972640349477953
5.573420794425773	16.972640349477953
7.187497789940165	31.121709075746885
7.187497789940165	31.121709075746885
7.187497789940165	31.121709075746885
0.2168142223115529	57.049362349295784
0.2168142223115529	57.049362349295784
31.34543377389154	47.06709781035126
31.34543377389154	47.06709781035126
33.45614916408039	12.262033156142174
33.45614916408039	12.262033156142174
28.268044430268763	30.425743666763772
28.268044430268763	30.425743666763772
30.378759820457603	94.62067901255469
30.378759820457603	94.62067901255469
30.378759820457603	94.62067901255469
23.195232912499893	28.385816756124193
23.195232912499893	28.385816756124193
17.927312294868607	98.61358394300352
17.927312294868607	98.61358394300352
20.108977923858742	28.529356323572614
20.108977923858742	28.529356323572614
2.593940357169287	75.48290927419752
2.593940357169287	75.48290927419752
2.593940357169287	75.48290927419752
7.019347357642741	15.820187731579692
7.019347357642741	15.820187731579692
98.55202687055464	90.70197291039163
98.55202687055464	90.70197291039163
1.662742260743479	55.8969067809676
1.662742260743479	55.8969067809676
95.74956398582891	48.72886651781258
95.74956398582891	48.72886651781258
95.74956398582891	48.72886651781258
88.21129473515447	59.88981318663139
88.21129473515447	59.88981318663139
90.39295888892966	88.80558556720048
90.39295888892966	88.80558556720048
22.45062820170835	15.102483993477778
22.45062820170835	15.102483993477778
24.63229235548353	44.01825784926183
24.63229235548353	44.01825784926183
19.373240333300533	97.4611298498903
19.373240333300533	97.4611298498903
19.373240333300533	97.4611298498903
12.473507004473218	88.10962015821737
12.473507004473218	88.10962015821737
14.016635236401271	38.53784889927821
14.016635236401271	38.53784889927821
9.103458436701663	31.369808636123178
9.103458436701663	31.369808636123178
11.214173826890503	95.56474250669913
11.214173826890503	95.56474250669913
11.214173826890503	95.56474250669913
40.07244179499744	26.51566040012403
40.07244179499744	26.51566040012403
35.41645131286839	27.585655310049226
35.41645131286839	27.585655310049226
36.95957954479645	77.01388700153997
36.95957954479645	77.01388700153997
30.05984474075417	67.66237730986705
30.05984474075417	67.66237730986705
30.05984474075417	67.66237730986705
33.87332308094034	77.15742656898838
33.87332308094034	77.15742656898838
26.689796172982625	10.922564312557899
26.689796172982625	10.922564312557899
28.800511563171465	75.11749965834882
28.800511563171465	75.11749965834882
59.92912816432153	65.13523659461924
59.92912816432153	65.13523659461924
52.96731614257113	74.27799320670233
52.96731614257113	74.27799320670233
52.96731614257113	74.27799320670233
56.85174177112868	48.49388245103176
56.85174177112868	48.49388245103176
49.881059678715026	74.4215342493657
49.881059678715026	74.4215342493657
51.495136674229414	88.57060150041967
51.495136674229414	88.57060150041967
46.7948032148589	74.56507381681412
46.7948032148589	74.56507381681412
46.7948032148589	74.56507381681412
29.63450799088619	44.12281636697476
29.63450799088619	44.12281636697476
31.177636222814243	93.55104658325055
31.177636222814243	93.55104658325055
26.52164721590015	94.62104149317575
26.52164721590015	94.62104149317575
28.13572421141455	9.77011021944467
28.13572421141455	9.77011021944467
28.13572421141455	9.77011021944467
21.16504064378594	35.69776201777862
21.16504064378594	35.69776201777862
15.968070264955937	70.64636771465108
15.968070264955937	70.64636771465108
18.078785655144777	35.841303060441994
18.078785655144777	35.841303060441994
47.220847202382096	23.675572043409474
47.220847202382096	23.675572043409474
51.0343240673533	33.17062277774578
51.0343240673533	33.17062277774578
51.0343240673533	33.17062277774578
44.143459333974285	7.03421789982199
44.143459333974285	7.03421789982199
38.87554019155794	77.26198508670132
38.87554019155794	77.26198508670132
41.05720434533312	7.1777574672704105
41.05720434533312	7.1777574672704105
33.51893509465868	18.338704136089227
33.51893509465868	18.338704136089227
33.51893509465868	18.338704136089227
37.97094788147701	7.321299985148737
37.97094788147701	7.321299985148737
66.7582670859976	72.55137789336553
66.7582670859976	72.55137789336553
68.65613766064239	44.58379770917706
68.65613766064239	44.58379770917706
64.0001486537283	45.65379409431722
64.0001486537283	45.65379409431722
64.0001486537283	45.65379409431722
56.461877927838906	56.81474076313603
56.461877927838906	56.81474076313603
58.643542081614086	85.73051461892008
58.643542081614086	85.73051461892008
53.37562146398278	56.95828180579941
53.37562146398278	56.95828180579941
55.557287092972935	85.8740541863685
55.557287092972935	85.8740541863685
86.61495640575163	12.170955563075715
86.61495640575163	12.170955563075715
86.61495640575163	12.170955563075715
79.43142949779391	44.936091831430275
79.43142949779391	44.936091831430275
81.55101200821609	92.34613051575538
81.55101200821609	92.34613051575538
76.35404015417114	28.294737687842776
76.35404015417114	28.294737687842776
78.46475554435997	92.48967155841873
78.46475554435997	92.48967155841873
70.99743505727187	68.37145673723069
70.99743505727187	68.37145673723069
70.99743505727187	68.37145673723069
56.320336232316265	90.15853386021627
56.320336232316265	90.15853386021627
57.93441027740075	5.307601111270235
57.93441027740075	5.307601111270235
50.963729660202056	31.23525438481914
50.963729660202056	31.23525438481914
55.13194886788998	62.334494718691175
55.13194886788998	62.334494718691175
47.638022594457006	88.57096545625569
47.638022594457006	88.57096545625569
47.638022594457006	88.57096545625569
49.74873798464586	53.765900802046616
49.74873798464586	53.765900802046616
44.551766130600896	88.7145050237041
44.551766130600896	88.7145050237041
73.90667396859723	69.71128953665098
73.90667396859723	69.71128953665098
77.79109959715477	43.92717878098041
77.79109959715477	43.92717878098041
77.79109959715477	43.92717878098041
70.82041750474112	69.85483057931437
70.82041750474112	69.85483057931437
72.72715667483419	25.102355208875032
72.72715667483419	25.102355208875032
67.4592360572029	95.33012387096932
67.4592360572029	95.33012387096932
60.55950272837558	85.97861270408143
60.55950272837558	85.97861270408143
60.55950272837558	85.97861270408143
62.102630960303635	36.406842920357214
62.102630960303635	36.406842920357214
93.7988347197145	41.19128646135773
93.7988347197145	41.19128646135773
95.34196442685752	90.61951520241857
95.34196442685752	90.61951520241857
88.44223109803019	81.26800551074565
88.44223109803019	81.26800551074565
83.1743104803989	52.495772697624965
83.1743104803989	52.495772697624965
83.1743104803989	52.495772697624965
85.04557526869881	74.88287807218907
85.04557526869881	74.88287807218907
78.1458419398715	65.53136985573111
78.1458419398715	65.53136985573111
81.9593188048427	75.02641911485244
81.9593188048427	75.02641911485244
12.38517540642537	20.744040662577493
12.38517540642537	20.744040662577493
12.38517540642537	20.744040662577493
7.117254788794083	90.97180932467177
7.117254788794083	90.97180932467177
9.29891894256926	20.88758318045582
9.29891894256926	20.88758318045582
1.7695182873431134	15.263633187808827
1.7695182873431134	15.263633187808827
5.93773749503104	46.36287499689582
5.93773749503104	46.36287499689582
97.96705540261739	72.29052679522977
97.96705540261739	72.29052679522977
97.96705540261739	72.29052679522977
0.5811323981317893	86.43959404628373
0.5811323981317893	86.43959404628373
84.90403062274626	9.226672644484264
84.90403062274626	9.226672644484264
77.43671161087312	84.10845634808125
77.43671161087312	84.10845634808125
79.54742700106196	49.30339169387217
79.54742700106196	49.30339169387217
79.54742700106196	49.30339169387217
74.35045367180204	84.25199591552968
74.35045367180204	84.25199591552968
76.22171846010195	7.639102765308728
76.22171846010195	7.639102765308728
69.25103784290326	33.56675603885763
69.25103784290326	33.56675603885763
1.379654444053342	23.584492975128057
1.379654444053342	23.584492975128057
1.379654444053342	23.584492975128057
3.490369834242182	87.77942684570402
3.490369834242182	87.77942684570402
97.29339798019723	23.728034017791437
97.29339798019723	23.728034017791437
0.40411337038606177	87.9229678883674
0.40411337038606177	87.9229678883674
91.94566147874625	47.01985788092849
91.94566147874625	47.01985788092849
91.94566147874625	47.01985788092849
87.24532801937575	33.01433019732294
87.24532801937575	33.01433019732294
89.14320006923549	5.046751488349427
89.14320006923549	5.046751488349427
18.930519273756083	70.27682939656621
18.930519273756083	70.27682939656621
23.382532060574416	59.25942377041077
23.382532060574416	59.25942377041077
15.844264285114933	70.42037043922959
15.844264285114933	70.42037043922959
15.844264285114933	70.42037043922959
18.025926963675154	0.33614281979867844
18.025926963675154	0.33614281979867844
12.758007821258813	70.563910006678
12.758007821258813	70.563910006678
5.83166870608662	12.567087348972608
5.83166870608662	12.567087348972608
7.729537805516458	83.59950716478414
7.729537805516458	83.59950716478414
7.729537805516458	83.59950716478414
38.78720859351011	9.896407066276396
38.78720859351011	9.896407066276396
40.968871272070324	38.812179446845484
40.968871272070324	38.812179446845484
35.700952129654	10.039946633724815
35.700952129654	10.039946633724815
28.80121880082668	0.68843694205189
28.80121880082668	0.68843694205189
30.35321415298807	33.331771972076815
30.35321415298807	33.331771972076815
30.35321415298807	33.331771972076815
25.723829457203895	83.0470827984644
25.723829457203895	83.0470827984644
27.26695768913195	33.47531153952524
27.26695768913195	33.47531153952524
10.106662465159234	3.0330526144709147
10.106662465159234	3.0330526144709147
5.406330481003679	88.02752640608033
5.406330481003679	88.02752640608033
5.406330481003679	88.02752640608033
7.020407476518072	3.1765936571342936
7.020407476518072	3.1765936571342936
0.04972538410441729	29.104246930683196
0.04972538410441729	29.104246930683196
3.934151012661962	3.320134699797661
3.934151012661962	3.320134699797661
96.00781189748977	44.32331056687731
96.00781189748977	44.32331056687731
96.00781189748977	44.32331056687731
28.06548121026846	69.6202089931546
28.06548121026846	69.6202089931546
29.963351784913254	41.6526302841811
29.963351784913254	41.6526302841811
22.9926696924996	67.58028208251504
22.9926696924996	67.58028208251504
26.877095321057134	41.796171326844465
26.877095321057134	41.796171326844465
19.90641322864348	67.72382164996345
19.90641322864348	67.72382164996345
19.90641322864348	67.72382164996345
21.529358819606166	65.08799518998153
21.529358819606166	65.08799518998153
16.829025360235665	51.08246898159093
16.829025360235665	51.08246898159093
45.68729480355755	81.03338539980085
45.68729480355755	81.03338539980085
47.79801019374639	46.22832074559177
47.79801019374639	46.22832074559177
47.79801019374639	46.22832074559177
42.88483191883182	39.06027753200683
42.88483191883182	39.06027753200683
44.42796015075989	88.48850922349757
44.42796015075989	88.48850922349757
37.52822682193257	79.13699805660971
37.52822682193257	79.13699805660971
32.26030620430127	50.364765243489025
32.26030620430127	50.364765243489025
32.26030620430127	50.364765243489025
34.41536457173157	30.635224658025653
34.41536457173157	30.635224658025653
65.54398264809662	20.652961594296077
65.54398264809662	20.652961594296077
67.65469803828546	84.847896940087
67.65469803828546	84.847896940087
60.47116965511279	18.61303468365651
60.47116965511279	18.61303468365651
55.20325051269645	88.84080187053583
55.20325051269645	88.84080187053583
55.20325051269645	88.84080187053583
57.38491466647162	18.756574251104922
57.38491466647162	18.756574251104922
49.846645415797184	29.91752091992375
49.846645415797184	29.91752091992375
54.307526798063805	2.1152201075174375
54.307526798063805	2.1152201075174375
36.79249070658931	49.06877158292738
36.79249070658931	49.06877158292738
36.79249070658931	49.06877158292738
38.97415338514954	77.98454396349648
38.97415338514954	77.98454396349648
33.7062342427332	49.2123111503758
33.7062342427332	49.2123111503758
26.52270585956053	81.97744889394531
26.52270585956053	81.97744889394531
28.63342124974937	47.172384239736225
28.63342124974937	47.172384239736225
28.63342124974937	47.172384239736225
23.409845084574492	33.47567549536126
23.409845084574492	33.47567549536126
25.591509238349683	62.391447875930346
25.591509238349683	62.391447875930346
56.64917855112837	87.6883477774226
56.64917855112837	87.6883477774226
49.749445222301055	78.33683808574969
49.749445222301055	78.33683808574969
51.292573454229114	28.765068302025476
51.292573454229114	28.765068302025476
51.292573454229114	28.765068302025476
46.37939517931456	21.597025088440535
46.37939517931456	21.597025088440535
48.49011056950339	85.79196043423146
48.49011056950339	85.79196043423146
41.02278860720033	61.6737456130434
41.02278860720033	61.6737456130434
72.65691514890305	84.95245545779993
72.65691514890305	84.95245545779993
72.65691514890305	84.95245545779993
74.27099214441746	0.101524184068852
74.27099214441746	0.101524184068852
67.30030857678885	26.02917450718784
67.30030857678885	26.02917450718784
71.18473420534639	0.24506375151726156
71.18473420534639	0.24506375151726156
64.21405358814769	26.172715549851205
64.21405358814769	26.172715549851205
64.21405358814769	26.172715549851205
66.11192268757753	97.2051368408777
66.11192268757753	97.2051368408777
60.88834652240265	83.50842809650273
60.88834652240265	83.50842809650273
90.24325288518402	64.50521113423464
90.24325288518402	64.50521113423464
94.12767851374157	38.72109890334911
94.12767851374157	38.72109890334911
87.15699789654288	64.64875217689801
87.15699789654288	64.64875217689801
87.15699789654288	64.64875217689801
88.77107341684231	78.79781942795198
88.77107341684231	78.79781942795198
84.07074143268676	64.79229174434643
84.07074143268676	64.79229174434643
76.88721304951409	97.55742948791595
76.88721304951409	97.55742948791595
78.4303427566571	47.98565822897678
78.4303427566571	47.98565822897678
78.4303427566571	47.98565822897678
41.57648697997539	74.07201478404112
41.57648697997539	74.07201478404112
43.11961521190346	24.500245000316912
43.11961521190346	24.500245000316912
36.21988040786118	15.148735308643985
36.21988040786118	15.148735308643985
30.9519627406598	85.37650249552331
30.9519627406598	85.37650249552331
30.9519627406598	85.37650249552331
33.13362541922002	15.292274876092407
33.13362541922002	15.292274876092407
27.86570480158872	85.52004206297173
27.86570480158872	85.52004206297173
29.73696958988864	8.907148912750792
29.73696958988864	8.907148912750792
59.16282471625635	53.62477046047583
59.16282471625635	53.62477046047583
53.89490557384001	24.85253912257012
53.89490557384001	24.85253912257012
53.89490557384001	24.85253912257012
56.076569727615194	53.76831150313921
56.076569727615194	53.76831150313921
48.538300476940755	64.92925817195803
48.538300476940755	64.92925817195803
52.990313263759084	53.91185254580258
52.990313263759084	53.91185254580258
45.4520454882996	65.07279921462141
45.4520454882996	65.07279921462141
45.4520454882996	65.07279921462141
47.34991458772943	37.10521903043293
47.34991458772943	37.10521903043293
78.98403965421721	60.38392887518945
78.98403965421721	60.38392887518945
71.51671769191415	36.26571257878645
71.51671769191415	36.26571257878645
73.62743308210298	1.460647924577365
73.62743308210298	1.460647924577365
68.43046270327298	36.40925509666477
68.43046270327298	36.40925509666477
68.43046270327298	36.40925509666477
70.54117809346182	1.6041889672407326
70.54117809346182	1.6041889672407326
65.34420623941688	36.55279466411319
65.34420623941688	36.55279466411319
94.45966200030932	74.74175068104822
94.45966200030932	74.74175068104822
96.57037739049815	39.93668455162417
96.57037739049815	39.93668455162417
96.57037739049815	39.93668455162417
91.37340701166816	74.88529024849662
91.37340701166816	74.88529024849662
93.48412240185701	40.08022559428754
93.48412240185701	40.08022559428754
86.0168019147689	15.962009297884537
86.0168019147689	15.962009297884537
81.31646993061335	1.9564830894939442
81.31646993061335	1.9564830894939442
81.31646993061335	1.9564830894939442
82.93054397569783	16.105550340547904
82.93054397569783	16.105550340547904
65.98309504248412	77.82580694547298
65.98309504248412	77.82580694547298
70.1601843208353	92.14015209309416
70.1601843208353	92.14015209309416
62.6219135949459	4.301098761912969
62.6219135949459	4.301098761912969
64.80357774872108	33.21687261769703
64.80357774872108	33.21687261769703
64.80357774872108	33.21687261769703
59.53565860630476	4.444639804576347
59.53565860630476	4.444639804576347
52.63592380226248	94.09313011290342
52.63592380226248	94.09313011290342
56.44940214244863	4.588180847239715
56.44940214244863	4.588180847239715
85.8752587440313	49.30580387017972
85.8752587440313	49.30580387017972
85.8752587440313	49.30580387017972
87.74652205711627	71.69290924474383
87.74652205711627	71.69290924474383
82.47860291469992	42.92067643162316
82.47860291469992	42.92067643162316
75.57886811065765	33.56916673995023
75.57886811065765	33.56916673995023
77.1219963425857	82.99739548101107
77.1219963425857	82.99739548101107
77.1219963425857	82.99739548101107
72.49261312201651	33.712707782613606
72.49261312201651	33.712707782613606
74.0357398787296	83.14093652367444
74.0357398787296	83.14093652367444
4.461596480312269	28.85855807139949
4.461596480312269	28.85855807139949
98.20254593334423	82.30143007202794
98.20254593334423	82.30143007202794
1.1004150327740594	54.333851363054436
1.1004150327740594	54.333851363054436
1.1004150327740594	54.333851363054436
93.12973441557536	80.26150316138838
93.12973441557536	80.26150316138838
97.01415856891794	54.477392405717815
97.01415856891794	54.477392405717815
90.04347647650428	80.40504420405176
90.04347647650428	80.40504420405176
22.172094552869325	70.42278114032219
22.172094552869325	70.42278114032219
22.172094552869325	70.42278114032219
24.282809943058165	35.6177164861131
24.282809943058165	35.6177164861131
16.788883669625186	61.85418722367763
16.788883669625186	61.85418722367763
20.957102877313112	92.95342755754966
20.957102877313112	92.95342755754966
13.986420784899458	19.881080831098565
13.986420784899458	19.881080831098565
13.986420784899458	19.881080831098565
15.60049778041386	34.03014808215253
15.60049778041386	34.03014808215253
10.900164321043349	20.024620398546976
10.900164321043349	20.024620398546976
92.4560769931552	31.699010383950053
92.4560769931552	31.699010383950053
94.56679238334404	95.89394425452602
94.56679238334404	95.89394425452602
89.37868912474737	15.057656240362569
89.37868912474737	15.057656240362569
89.37868912474737	15.057656240362569
91.48940451493621	79.25259011093853
91.48940451493621	79.25259011093853
84.3058776069785	13.017726379293086
84.3058776069785	13.017726379293086
79.03795698934721	83.24549504138736
79.03795698934721	83.24549504138736
81.2196211431224	13.161268897171412
81.2196211431224	13.161268897171412
13.277290455901083	38.45816732344871
13.277290455901083	38.45816732344871
13.277290455901083	38.45816732344871
15.458953134461302	67.37394117923276
15.458953134461302	67.37394117923276
7.965028336243282	93.61041044158233
7.965028336243282	93.61041044158233
3.2646963520877383	79.60488423319174
3.2646963520877383	79.60488423319174
5.162565451517565	51.63730404900327
5.162565451517565	51.63730404900327
5.162565451517565	51.63730404900327
96.62429472562816	62.798250717822086
96.62429472562816	62.798250717822086
2.0763104628764033	51.78084509166664
2.0763104628764033	51.78084509166664
30.863629667397003	18.010924475098392
30.863629667397003	18.010924475098392
33.04529382117218	46.92669685566748
33.04529382117218	46.92669685566748
33.04529382117218	46.92669685566748
27.786241798989177	1.369568856295948
27.786241798989177	1.369568856295948
20.88650847016186	91.01805916462303
20.88650847016186	91.01805916462303
24.699985335133068	1.513109898959316
24.699985335133068	1.513109898959316
17.51645842717536	34.27824764252883
17.51645842717536	34.27824764252883
17.51645842717536	34.27824764252883
19.6271738173642	98.47318298831975
19.6271738173642	98.47318298831975
50.755791893729224	88.49091844937522
50.755791893729224	88.49091844937522
43.78510980131557	15.41857172292412
43.78510980131557	15.41857172292412
45.3725810104851	79.92232453273066
45.3725810104851	79.92232453273066
40.743194839485966	30.63763535911825
40.743194839485966	30.63763535911825
40.743194839485966	30.63763535911825
42.286324546628975	80.06586557539404
42.286324546628975	80.06586557539404
35.10279616345631	13.831001843748595
35.10279616345631	13.831001843748595
20.425697338500708	35.618080441949125
20.425697338500708	35.618080441949125
22.03977285880014	49.767147693003096
22.03977285880014	49.767147693003096
22.03977285880014	49.767147693003096
15.077960837049739	58.90990430508618
15.077960837049739	58.90990430508618
18.962386465607285	33.12579354941561
18.962386465607285	33.12579354941561
11.991702897978673	59.05344534774956
11.991702897978673	59.05344534774956
6.794731043933711	94.00205104462201
6.794731043933711	94.00205104462201
6.794731043933711	94.00205104462201
8.905446434122553	59.196984915197966
8.905446434122553	59.196984915197966
38.04750945657483	47.031255373380404
38.04750945657483	47.031255373380404
41.86098632154604	56.52630463250175
41.86098632154604	56.52630463250175
34.96125446793368	47.174794940828825
34.96125446793368	47.174794940828825
36.548724201888234	12.678547750635365
36.548724201888234	12.678547750635365
36.548724201888234	12.678547750635365
31.848390742517736	97.67302154224477
31.848390742517736	97.67302154224477
24.38107173064458	73.55480672105672
24.38107173064458	73.55480672105672
26.491787120833433	38.749742066847645
26.491787120833433	38.749742066847645
57.904197301113896	85.65083156787563
57.904197301113896	85.65083156787563
57.904197301113896	85.65083156787563
59.44732700825692	36.07906178415142
59.44732700825692	36.07906178415142
52.556460799662936	9.942655431012685
52.556460799662936	9.942655431012685
47.2885416572466	80.17042409310696
47.2885416572466	80.17042409310696
49.47020433580681	10.086197948891012
49.47020433580681	10.086197948891012
44.20228519339047	80.31396513577035
44.20228519339047	80.31396513577035
46.3839478719507	10.229737516339432
46.3839478719507	10.229737516339432
75.17126855168625	75.45981542455623
75.17126855168625	75.45981542455623
75.17126855168625	75.45981542455623
70.25809175198664	68.29177368618625
70.25809175198664	68.29177368618625
72.36880714217548	33.48670903197716
72.36880714217548	33.48670903197716
64.87487939352755	59.72317976954169
64.87487939352755	59.72317976954169
69.32689218034588	48.70577266817128
69.32689218034588	48.70577266817128
61.7886244048864	59.866719336990094
61.7886244048864	59.866719336990094
61.7886244048864	59.866719336990094
63.970287083446614	88.78249319277415
63.970287083446614	88.78249319277415
48.72559962501527	95.8028651862446
48.72559962501527	95.8028651862446
41.542072717057565	29.56800292981411
41.542072717057565	29.56800292981411
43.65278663203144	93.76293680039007
43.65278663203144	93.76293680039007
38.46468484864973	12.926648786226627
38.46468484864973	12.926648786226627
38.46468484864973	12.926648786226627
40.57540023883858	77.12158265680259
40.57540023883858	77.12158265680259
35.37842838479362	13.070188353675036
35.37842838479362	13.070188353675036
64.73333622278996	93.06697286662192
64.73333622278996	93.06697286662192
66.34741321830435	8.216040117675877
66.34741321830435	8.216040117675877
61.64707975893385	93.21051243407034
61.64707975893385	93.21051243407034
61.64707975893385	93.21051243407034
63.54495033357863	65.24293224988186
63.54495033357863	65.24293224988186