0.2802389130757632	76.80990656169433
-10.414270001183901	70.56645162506017
6.726085846701794	86.77277313853875
-7.014187008110861	56.170214715171085
0.1702083651024875	69.45487387298058
27.355800443046533	63.78359122090308
-1.1371767969766875	48.04615400276904
13.030484007624432	51.351565162396255
6.859666812357045	66.87741875214108
-0.2397519852543759	84.41871132345747
6.8932857270658925	79.07580635690354
8.35155317651996	74.57693017448192
12.144141744077693	61.14697491106447
-8.578951669822295	35.91975586500352
5.746051684631022	66.4777770414311
23.237116401489196	69.96941983047955
8.892625643231057	67.71016288943311
-0.9043001251925098	72.37174232450371
9.430440596105498	69.34791904219884
6.1280200202206325	60.72664433333805
15.591389182017911	56.45487266107656
10.51181864630357	61.398470897350414
11.244674085323645	65.88417882255145
6.259983025920391	89.03339780618495
6.037323843058216	67.66246003521368
8.743411844140299	44.565884316468605
3.7468906234773405	64.20960728565075
12.807116887764835	71.135275920527
-6.014447893773939	59.76496194721393
30.751894496710122	50.55246263141172
5.165693202967228	50.99180755200965
-3.1867579889556907	57.67558673355964
7.281275685054062	81.78864419214162
15.787544675647226	78.69511461767787
6.705668095698581	68.59159217228579
14.878267522111795	78.07305163616765
-7.594321444953451	67.18303615544075
5.5988501947325044	58.793539312049795
11.63242129127878	65.28069658559605
-2.7601991919053877	66.58020421931434
19.780290367407623	49.465090624696245
8.738967574901235	61.83115005947568
-13.868445421925117	74.11867933692317
4.9558142338406	67.92866240268627
7.125599705568343	64.996891049549
28.289598233888768	61.1277324838546
6.809316117950639	59.39154799307701
13.43190338483781	84.3390006720126
7.329567764937696	65.05896265987113
15.806421570669997	61.905648277851434
5.84565616537078	46.660493401572936
-1.0254134447158751	78.91721125245365
21.58163569526201	40.89404949460963
2.9068287919749523	68.60952221787853
4.014152224235986	64.0039672278436
-3.9209192062835516	54.28851371474324
19.94334692572184	63.12073232508612
6.756437950652353	55.89417945195079
8.146388822453503	53.23023374152966
15.711709849904276	55.56028066612512
16.6494657270064	54.97100050469734
11.246508258495977	59.97917450212254
14.808256343917055	45.38647518628522
11.11881114071533	55.45162945410898
3.6937907652992408	79.5039835364843
7.433172529517362	57.25550701254848
-6.279598453548969	64.805400416272
35.74599470948431	63.572796711016565
13.445087099141443	50.997706774230146
4.180127111516536	72.6946344277605
6.162428470674323	69.39366842817347
-4.7545365474820365	94.6678266300187
-6.874109275982361	68.98047372248537
3.944840887213913	57.687331286653134
14.384377005402015	58.41314195477117
4.438001603202686	76.85254378578696
-3.381850286693238	67.72941735434372
16.797001914824595	83.72363084278216
7.613740807540202	62.19272109797129
4.702025527797309	74.48948281018154
11.48788838487365	64.36517345710489
15.436441761958429	70.05559096583286
-16.359238089492255	72.61286930957576
3.0726400113141823	70.76358896188384
-4.281059263973514	65.9914458113846
14.245902258736704	72.7019377676425
-0.27178512148706524	57.501655919403184
17.27196291177215	73.84762514888679
16.5738500380981	79.86948134879239
2.3255156330886493	64.30781269023899
7.218120330562895	64.08541113116014
7.36024916806939	78.56830361227688
7.598374777204166	71.33534101284035
5.852431409072118	63.30572166074238
23.94239541659265	64.12250319481812
11.224763317576512	64.18894637437567
22.19613745850942	73.0895931962677
13.652770418431313	46.96398934418523
29.929930897582352	87.67356529123303
-1.9011534997578945	54.83718358717999
15.375221813510649	75.09197038133676
-7.56771697483067	81.50804788118315
7.4911264772036	53.16103644353669
21.335947934050136	63.915517881698726
2.3737869550863806	60.83304954190916
-6.371224005113275	54.719248553204245
18.005305425011528	58.724956976952036
-3.2656561461440674	74.51806235058861
-7.336234981088026	58.391834773069334
5.701601436441994	74.50592932853769
31.65870869944097	62.03049637115209
3.9967238861734566	60.75313097419975
7.920337825240311	83.20839084418301
-6.253313660159584	59.193161707179044
22.5309654776055	58.27920109544584
20.70087482503383	57.094282157895734
8.061284793221308	68.75700481734151
15.073840614190061	64.81542234065802
9.602140097241891	56.25861037471373
-4.008690756295463	84.8489980220234
6.976880271653046	57.989194704840344
9.913175797645478	68.02998609001808
19.94651743556689	43.07626860337582
1.007934650051256	78.56591412736466
4.345901957345167	58.64295707368969
17.890597073545017	66.00264686537982
1.642793928599244	67.25167412496064
22.037474240052767	72.06382020101341
6.029890198646646	71.12328504619005
14.39460678549554	65.64301860449237
1.4491226514581834	75.16947884658093
3.5123257126442837	58.58238360616195
12.653213322238685	66.85245947382994
-6.019813360788563	70.35130790031623
-2.4377647758919476	54.382825387765294
-7.019765552988721	70.6408491170298
1.3190727123531483	69.31844477589246
5.222029632977321	49.48378454294207
2.9471752405614264	83.61520744034459
0.18869495598036679	45.26671978079658
2.2688053777037327	74.06300094713667
-3.385267063225326	63.281076390225536
14.338253658418889	67.6987939909969
-4.151647792368072	63.439874665135086
6.9736093832628185	64.13558307277358
12.282987654371384	40.30789506021928
11.858398679699569	70.74369184676041
5.262875306286044	56.529102532294466
4.911375771312468	63.89833752677015
18.67466181085137	60.965173964357994
16.42667915204576	76.94688824005864
9.54148621461579	63.08525548202021
4.678430714047113	67.12725778417663
21.36295164121193	62.15064111813572
8.690700243868456	66.51632246898554
10.44863649918188	59.41634818132389
4.263932795767576	66.4265775629822
5.550959157755523	63.03775921535916
7.213370084961396	79.92967804435588
23.23880765952991	74.13002416609221
16.75667690899325	67.95822314456615
-2.4517454611386658	59.44288994132204
12.162482764855316	65.99569525618932
-1.1624336042831036	60.852535960243415
11.518367732571502	60.260999853776504
5.296521603703993	61.926916350946485
12.687326717680792	50.617278070168304
5.070134491955012	58.67394899050649
7.614688434269213	56.39553590648167
16.999320298710494	62.18001130916532
15.43471490174598	65.01836651772021
20.06543093329332	49.01805734149551
-2.21662040399522	60.126915502064136
8.01430544818182	75.66055531795578
22.00080566717685	53.71271155919477
-12.650261685252726	58.2727462347381
1.8078042012109874	54.12442042791179
15.832152891759355	60.43637664582124
13.30349748895312	57.86769443366217
9.845188074976509	80.0598878009896
21.283812986046474	64.39043501861273
7.557243775983731	79.68483844629165
5.846700501851279	47.6043089232772
19.371951482778854	63.40977525111541
18.73676264861208	59.611619575558926
-0.35083266827563264	64.24381565701115
16.411182253493752	56.10951692503587
7.323453964996901	45.433952235143806
3.4896881847526275	70.53436295617934
25.071915902577743	65.08380116003677
-1.2464099795312116	59.50216318126268
8.095820397593958	55.94725447737325
5.117791271990088	67.69755718581027
25.3616687956619	90.94676678458454
-5.036711459379138	71.35072007372978
7.277972871132958	48.95716877471932
-9.485848724877663	65.04581434839199
2.3671379763422467	66.04137223342617
-2.5325385022096256	46.24129132660266
2.8300809325420904	81.86280617979622
12.347962109082001	53.8862335649726
23.06971953562288	67.14647510479628
40.835014257275496	62.14500412829284
16.276815549537474	72.03254437481905
-12.869366585224334	68.72799973190388
1.1115364882598664	61.30762661316557
-4.800480818754652	58.68598049082325
12.172806517900879	68.74775778087105
-1.3763993003576012	75.82290841155424
-6.9036593904593335	56.038220899888344
4.8937282975538405	58.94642556401336
14.426335384716193	67.34863148971465
12.679357759596815	51.20439654361151
-3.4473648981390195	74.42035725716646
-23.577413057345726	56.29188427629858
11.911880206976424	52.013411548517716
-4.325116436474342	70.66314523773109
12.994076886603287	69.32117462157625
18.780500224211046	61.30035755315966
-0.2497038426420506	62.30469320830317
-9.833776069135126	65.26314718047273
1.5077645640790633	54.03135220372426
8.703944380077719	56.76042491546423
16.438908656131538	49.80062517459035
8.62170799484589	58.8618782904854
4.542854515769666	53.781141619629054
16.033533593830903	68.64600678881118
-8.299807990136163	57.883828597613835
-4.309863543751112	66.93785106520382
-4.239004750161508	73.76453607237006
17.790407174679892	62.79609137743357
6.487654075055074	52.23707303140719
-15.37751575980187	69.81541585167615
-4.860814275753896	81.91020592005857
13.793674504881654	76.36211245993499
-2.5836788917595257	64.24239326716888
16.399157777076415	58.004046746432834
5.318562654848508	52.092409928003356
15.668649302347397	49.8253562541653
7.78578454111916	59.541724569334676
6.9599252747055935	80.92840592747443
19.252302282653105	61.91673186243885
20.7865332796871	78.34713403676582
7.198307874143727	71.36046953922761
10.82802227518793	70.16340891466734
-9.765039210366037	46.82394144326018
12.071488117044886	82.10328895672438
0.23622207016855512	67.30903381002747
6.577226607096133	55.38700929233718
23.802254102178175	67.45684553641792
107.89884059857415	-7.276025612744439
87.49200191491485	20.20404724281294
101.53637742654323	17.324413000661863
98.3569559554628	19.98682878952277
98.38878474037719	10.546094488739891
96.48616318831262	1.2005101676811938
86.62290615926955	-0.34409779939814733
75.38508764948352	2.2854361630334368
81.11584903528238	-9.433911146730694
65.2326784560056	15.806278265453074
97.58088544305781	6.247004354340067
82.72650875553354	18.627019570788825
80.11436427092205	-2.5599620904494724
74.97530394346049	14.365114280871024
90.93588716655407	12.093353499015787
87.98393652555225	13.176760570013784
95.76918961534484	-0.06663084793297713
71.42260578559598	13.530281756853533
90.85435079703635	13.416718714920043
80.04736805132042	6.611533048370295
85.69012198687716	-9.50942188396669
98.98042407605737	18.115773418131013
90.43753614770527	3.3703346077260785
105.13475749696869	-2.4720970842863004
109.69582056108638	-12.897006200558565
92.38094571788652	-6.974147484869526
79.9181533651639	-8.945635964613025
108.32347117651013	2.0785094983707495
99.6212926676056	-2.4997862900404595
104.68888550378955	0.6346854430267346
88.76869424474951	2.368189774990837
83.8295785302356	5.449004094974308
75.83234631158071	9.072601763934623
73.13710179643276	11.27657151856757
97.37083427271594	7.367384110096994
106.3045451185394	0.5144753617308115
72.5151587432685	10.091912642586792
94.1460094709955	-1.287926713091525
102.21138419381124	4.1281977911109315
88.70310255390176	14.230330405810454
94.67864546919186	2.254292013773702
85.5873036632589	-4.960846174572806
92.41784706407635	26.218255340411343
93.95621113003746	13.576071893116836
84.78126026128314	2.2627194107294404
103.6888057383672	7.048967218252917
99.03261065660311	3.596983846859494
109.13234730212929	17.759392653561925
100.11533465653322	2.8672284625246625
77.03274658390019	14.233640818093228
103.6558095810447	4.062795948710565
90.58318882601931	1.1418530913501836
93.64780337022749	13.52139301912312
87.55229023392658	1.4038696075091783
97.37377975970999	10.780413859410821
89.8079195602531	15.65110634926602
68.39539178020976	10.978547695201083
90.11158978165784	22.620089701290375
78.88168904074672	3.776118411740051
111.92407682885123	14.676299602174776
84.34852055714708	3.6874970444080177
86.33193596758149	7.078567016905415
94.90900807880789	14.723489768472126
92.46144302183225	3.5808766384709703
91.82177757410193	-0.9192751333345841
89.42614909001675	2.7803526676504133
66.40486544266668	7.885571509941619
82.02108184797059	0.2819906912995602
97.67563511848867	-9.344399389682344
84.91340870705139	7.135380568275154
104.83421833447412	2.310982079996485
89.58050949285659	10.436123759669702
87.72029789656834	16.609392720607644
87.755096011074	3.274083146680372
88.88320811850701	4.745449778285556
106.91955691111903	-2.0780443139250426
98.3868924816843	17.06427417230607
86.2187126937621	15.108601031452745
100.8059841808378	16.963338461744925
83.68884832817696	16.337855732828366
84.41781688456756	-13.636526196219119
98.0253768406071	18.866392121640214
110.84581705146105	5.6097217924310705
90.93129186461681	12.555229191903592
80.82463514481074	0.4133775371467179
94.27646720058783	1.6412439376248908
98.4255490867414	-3.592574624096928
70.69523526378651	21.35835962234782
116.17806344345365	22.174237591980877
83.06764792460547	18.650343034106946
94.336489126112	15.757250968989906
85.50841336183618	9.023865696016959
86.49429302633649	13.083288471833736
92.59489799062979	8.90969192107623
88.82594672879956	-13.72130442540059
100.82870181646717	-8.15800638091984
95.17929861467606	3.8729744521763765
93.40799777530742	1.952853614936691
88.07069589640354	4.555990726184923
89.33390151106902	9.452753727327885
93.57229458079198	5.244904599152181
78.03577560191572	-5.729475194959052
78.33884373561338	18.18899354935094
91.93561767363165	5.102737100951273
92.76558948107893	3.0446570121229852
95.59332342388457	-7.074482283140531
90.44142543804887	5.188728515363879
98.12018535611705	-4.596818751177889
81.30287515997728	27.221315228124244
90.68430435696224	-3.034554507075276
87.01072611129378	3.277299800485422
83.8232749191769	-0.2277974998381298
99.01691045224628	2.1700429763654245
121.45359705770443	20.921778896908243
84.26456085016643	0.936569106821036
92.4047069149955	2.0628995394619194
96.15860539204999	9.020936501245746
100.3139331557829	-10.665262346055776
98.54641860498177	1.2072140525062505
91.47977692439166	10.533090093314094
110.28444146819336	4.360951738100983
71.38876078507231	16.697481795326055
81.71552523150096	7.107197158696566
98.67578820010755	16.213366496005875
103.86825724579735	7.4691846643398145
82.10017467748888	10.145067018105056
80.51363636203446	-0.6042208224978998
98.9282447915601	-4.774915180540807
90.94440883652511	-13.91399719577458
96.61574161456105	20.725062621944687
78.85055860013925	5.44247974727698
86.73372459003657	-11.204275263235637
87.69724477566898	11.747028439942007
79.85851588080993	13.448138839077224
87.4077283898501	9.260555054576074
109.81699437002906	-0.48535754774142603
86.65209931298098	4.925109683088252
89.2923293673832	7.998777249299356
102.93459177564277	10.995805247944137
98.9180789224893	-3.547637722495624
91.83448473860116	4.096895112440809
82.8775747432436	5.86112260190526
71.26628706253864	-18.03239340122939
85.93328141325385	13.987639545715284
101.70606386707885	-11.310723795451544
84.76318442480151	3.8574244395596398
100.20580398490401	-2.8864753452823777
96.45563374522156	19.573296710847977
90.74822351704651	3.156460697467461
88.04569757092959	3.754991871854408
97.28403768554105	6.589627067337489
111.73390567763147	8.686442519888457
91.97489270379171	4.025737974547259
72.12316112262656	19.034764541305908
98.57369697938854	5.948963665653045
95.28103973332051	10.733610691103841
89.4648961296107	14.934557653408218
81.8397671263096	13.66426533708284
89.5400538445564	-3.0589948672572334
101.72285946707206	-12.762468111116238
94.72540400359476	-3.6506660817185494
101.35693902379506	-1.5922106001520584
99.56061537000572	3.0398641132336373
89.04207024204567	12.012482458514576
91.5751553584712	1.6759151263319954
107.0732978150634	7.859449229426535
90.99182538156168	12.272761529393925
60.61750042978589	7.9214458902985925
93.35692171492272	24.181494484618714
93.19893887335354	5.232800034290712
80.23948696103992	21.77635889393893
99.43115128685751	-3.5946563974364167
93.84923123264328	21.502348472365036
73.76054405594122	5.229355025313872
92.37248977820494	-17.829709000926034
80.97741228368031	8.758390319147606
85.4959412241315	6.807557832828285
100.02426610919909	-5.071032644398693
86.75383181709186	-9.131868980266729
102.16907575865099	18.078334828840966
92.53487568745363	-5.6990874691575275
92.4174924248097	16.25274660875725
101.23690654854896	0.12628885297001524
99.00487150617033	2.6011301391119304
83.34286373731753	-3.4499522111149243
103.56447086911147	12.628690447216325
69.03316857589174	0.2913424215236118
84.7798405592052	5.005550282095449
103.57528777572603	11.802575752110474
84.52078690316456	-2.79458978241213
86.51276039266784	18.91335372608291
87.40073782757342	5.268714484100145
102.60917734319555	-0.9603325550682902
107.80131305011007	7.029736195779765
102.99037356293469	-0.4733921635897973
91.02427783512606	24.78833322790905
82.95717666758911	-2.4217537432523724
93.92757947301266	14.799660671512916
98.16897133001177	5.083179185376761
51.95046517562887	1.175933572241867
105.80083046519226	6.512011496579853
90.81137421521657	-6.003375018382977
96.26497750678003	4.519905035304672
98.64197904046526	16.80346417806755
71.00397630891817	-1.3186700029508538
92.65663411119904	5.177711393792288
84.8691058271991	23.359002767059938
95.26634294284597	-6.704367247158505
102.55910937061432	20.156207170179467
109.30322347277622	15.909480270298182
85.07713588781279	8.996428334619663
86.07698075154096	19.900829845675986
72.19844767069833	3.9486131839380123
84.20717354013954	10.628278911397807
74.70881992943902	10.076333141289433
90.63446938774902	-1.9280393160056981
87.90546390263492	-4.434364889793773
106.38595908930739	7.080413929568599
97.8246633773812	-7.8495322363426645
86.30619525434591	0.8765598309925551
96.04678787820677	12.74558316005473
85.35847134603678	-5.620913105076216
83.57654094593842	21.973697521591593
91.396774785029	-4.367721838184988
105.53469899769846	10.953121283094163
89.44413884278836	-6.77822497228107
89.99538622693055	5.7430393718285035
77.16618337999799	4.324650692971992
94.99472479885785	0.6112977250528333
81.8791157449873	-8.480013706601657
89.14179311761457	12.546423122512428
78.82739592865912	-1.2401029953759215
76.24739775776925	1.5893079700160744
69.59724458713272	3.3854253315643517
107.42092929546845	-0.9880721551453968
85.853003819746	8.895318810994418
84.98414606566752	5.498667087277475
99.81453931032149	10.953413469952043
86.22054676395405	19.205681463625112
89.8515093118337	15.458595110061768
93.95463082006732	6.4323831622623295
88.59061616870385	11.975457964447159
105.97725028272923	17.388056349556333
99.75945072518543	-3.4088814987573226
85.20437133185328	8.350345778963044
90.44442149403253	0.9496995066876881
88.0533026441391	20.193167014758316
101.57509504072308	27.14047725914889
91.60546740888998	0.8875469924797903
95.19112344946123	27.421254169409302
27.572513293649806	26.96519676041993
7.990062303448794	53.92082430548959
10.999830054441663	58.495109806188935
28.097270149314156	65.01421690227026
9.501479053419256	38.482556992718536
15.06581007865328	39.76938295197659
6.8304278745831635	39.27107893958112
27.115697104792723	37.7286388874036
19.182509535647803	37.07050922869181
18.51911518544549	40.88717395765473
19.642438564924323	41.76979485466884
23.05988797450617	31.7905570626123
18.04591440547991	43.82750171554641
18.00192964078178	46.8200476921243
16.676903810351185	53.804424649393326
5.989505763691573	33.84442236485789
25.97292920847468	34.339426692356916
15.058611939231005	20.229163758173602
18.631512874295957	19.38576609275518
8.575911419015426	41.71272548060124
30.156877380893008	30.883554961483796
5.376141944297142	38.31889830274372
21.729930475882902	34.34710322039359
23.68997108030468	52.0961540717548
9.361230827542018	38.89132742566362
11.786229731318437	28.446546505525586
20.372144989278194	38.83645007957866
16.174706953759795	35.37035184702521
13.47188848354968	59.79968009748025
24.03433904074611	31.313714503375913
28.110287815452175	38.93634291974286
13.174191293036209	35.80232119713096
7.746195482691219	41.28041461421963
13.253496531635381	27.853060044082003
24.539736501379597	35.60771865634631
16.79956111038541	40.75610065517592
15.345706461090733	29.63795505030592
12.236605513884948	56.85026365638579
17.764682901228568	12.766929427215015
12.54055737758474	48.74751170029118
2.632126726350757	44.82421188408451
4.608346834716901	34.89758275241944
18.761152044386094	45.37730035331039
1.2140772210664128	63.96729191528346
18.50548325624445	29.408320857230635
24.15071535653547	42.94090739048377
23.382258805181227	54.86445863676258
6.479661117784296	35.389161021044046
22.879876591077625	36.95430370813679
9.43771694619527	48.51180007613661
6.731193579987009	21.136499782448116
0.549797066883432	33.95601297454637
15.53992397100533	48.686434491140574
13.906635538978932	48.89195644639334
15.451237806988038	32.542793138481386
13.607070586960551	24.438257378911374
20.896509629111907	35.448571005417364
18.576961969155516	23.226304954938286
9.295275736607685	43.54874298483239
41.09828560848246	46.379313858223654
11.183679322248397	39.783858021435094
16.20060417231065	45.4817591830369
25.90654296739458	46.39438498107186
22.618453504530088	29.830840657783163
26.12252229369889	48.47845226567409
19.368024252583922	36.26817812199498
16.86035331535117	41.31364606847019
18.659808458863985	47.06528944957982
7.732892380422598	40.118193660015926
4.467982826195284	58.24124068742384
9.880330051242286	45.91243778667901
30.566045682950236	46.01902950589244
27.413441139624517	47.07335090848913
31.013307744045647	50.831418303485094
17.90110991198252	39.29381554273709
21.538903448941845	45.65240187649809
18.383850905844252	40.928778811006346
7.974894292469728	63.369611815817045
8.452318879612797	39.419152926762834
17.06083805854896	53.75854280790864
18.18849068362675	27.10574606263936
22.128811738183416	40.38539023381803
20.76090445534298	47.78354697528435
13.526864130419959	35.14869597344474
10.911399495644869	47.1361416856537
20.585037551977837	32.97746164741998
19.17080276824954	39.545538571901496
18.65207811096387	58.78766484473609
25.559084560690266	45.0722189080138
17.313596560245184	48.79250926740402
32.09024476271737	38.94833198207447
21.695201820493335	50.21815270631711
29.962042844492675	48.834846417100536
17.099151303964682	45.219785634843625
18.21107582864124	39.94046533172741
14.580533758879103	25.57934265724275
3.598310159360997	51.05590408591159
15.860528715862912	42.03521768189972
-2.9373677800699998	28.320461344227642
7.250084732022925	55.18581807368267
2.8237867769702056	50.842384728793775
0.003320901049777447	34.36992104725359
40.988781015329174	54.070795142243234
28.015522815716878	41.98934460371539
-0.6348221651411041	39.91988378194431
16.848352698095322	36.42568092645563
5.82630710479846	55.082328597000824
13.581977466201637	26.723740377947067
6.567820814675857	27.378531992200564
16.3110739905751	53.56671759447642
11.130170655329803	36.286259406857724
18.105432949003884	55.2654018371935
3.6245138995106068	24.805258468746533
10.050673608381265	48.793094688293266
16.764600219103524	43.86912650756696
13.720583188845714	54.77374250693176
13.503076343847635	46.925189946848015
12.098479976891443	41.40239858868138
1.0154116862447378	60.130976355576465
-2.350582829658139	54.44506143051585
8.832895921158814	49.98849256162754
14.108902096447707	58.0185888322564
2.862917549799837	40.45224757002543
25.864596448573486	26.072606702841217
13.788466060381312	50.06887325209228
0.25529479581697423	56.386543341701945
11.435756954725425	53.68040259074655
14.870742117738605	42.576085524729905
28.602858399369005	36.306940069666474
14.332183667253934	52.83135756871062
16.76340054066019	52.64542318840477
27.427603919306797	31.32100460174955
22.769628166362686	29.89774878293248
18.231858975818405	29.9980338881115
2.7695426250595343	46.982715670718434
16.43640943126281	42.91762221949258
24.00213162127845	39.71433352124158
32.450418458929164	29.286966363437298
6.609949312239339	47.46974549887464
18.92997931429942	34.32130366732913
0.2408591166918903	43.600325961721154
31.355621785145804	38.29021074324661
1.139901731487475	22.932945470429217
0.9029877286308121	40.24892819010289
19.40925557112521	35.59197339326551
27.490208627910842	53.170446563215194
15.467454534662522	39.5642624493377
26.08803528909217	49.036369511801404
7.441292206964018	59.924254479345734
17.40946778593036	44.176307959470385
10.750191237475974	31.263098810312435
31.527814026691807	31.08047453970751
21.322018362158687	27.397611623065508
2.2192969147652004	38.06461565638891
21.948241725281427	47.140508330054644
-2.0660844779156395	50.95956718998677
9.50899197204247	51.545082737735825
30.865302546871774	42.850276108856555
17.79440986740357	44.93785180401155
20.377121495060738	47.88312671784088
15.340748087996294	46.34055675877589
5.0386571881583535	50.87861373037788
17.668653151571313	35.19379216487583
3.474796801586786	27.997132526744572
25.021375853207644	39.76230306704668
5.460159368318058	37.21481170177281
10.161148432379836	31.954572980094557
0.49618731982360487	31.41494204877412
28.644410923980374	31.853628254633435
7.683163173193208	39.50914437458677
26.928524049088743	40.80205865803651
2.6717461401017975	38.53736004871184
12.207022545243149	28.323186730990944
12.862515217477107	45.61747646421529
22.403881933593773	38.016006699409765
-2.0232118370606305	44.54642048688696
16.814748288774357	47.984511355935105
16.438806730156724	52.00341413430389
16.54988666405789	46.58966816861076
10.747180003383086	43.09150221717313
10.818729145501102	38.649155105855364
24.22228001280255	34.71197255341706
-13.834137730737124	55.32617090072428
27.28758412470958	49.6619821162278
21.849650374711338	48.56644548506808
9.452451318097848	23.275330373147955
15.623538230428002	57.831788845531094
13.620219995743083	40.222753776879735
17.773674462864054	30.614426736174174
13.257083537011415	30.25508330758943
17.631059030848952	32.082728334878134
4.5873735547223635	51.695564477012944
26.11361853824517	27.34745233544149
20.318589686155725	39.34422821832657
26.31791227979471	29.614255644506443
10.961185970320486	52.43749241169877
24.709711738999253	47.83769944007241
20.59618011704443	53.50140707102891
21.071036752227908	42.2926052988359
11.420683428339125	59.2821753247542
9.213898172935687	50.42083131807146
4.891053743611245	10.72007020355063
14.8688909430023	30.789075521754576
28.892066159376718	57.019131527157924
18.136985228059658	46.128261450070035
13.231209831612862	48.14145166203561
3.5598359536610324	47.396206257201634
24.294078509752623	54.747456724249815
11.12170683258169	48.76434851762671
33.743566497744254	46.68564456321722
11.546354965115512	35.64036548575804
17.53238217762935	38.293484290792854
10.66783966582777	28.951555485868397
14.457301789104408	34.67299884225332
4.851886138680319	45.26782663754914
29.2180400133135	59.0735056068625
5.672301997824819	33.658920762502866
40.19945591015861	45.46473495868233
13.836279687062978	42.19110682882984
34.93580291669387	34.31630873117064
18.27346424387848	39.4292623756054
-6.067393050737218	44.40228656190753
11.690379292778012	26.392193690139663
10.909126203454772	52.74593309835022
19.658677481060614	38.232251859349915
12.344547037332024	18.04728816111627
38.14618423881441	33.914221551313986
18.742951321919715	48.23309948423794
14.79273643401449	54.38922292402862
17.11843479192291	39.49222821247856
13.080376940932851	38.44784493772116
0.35341480138201575	60.98963415636016
4.514440125020583	41.077043916136354
0.6935502872278896	37.27031266643152
25.21219124150476	38.34971684224909
-1.1453403397725577	35.35203913833058
0.30847156384864327	29.390211159900744
24.298292342476792	35.55598566832415
2.7707009544419545	54.246497522741144
23.72840155102126	46.177640486064796
21.539641071671458	47.47378636605376
17.03568764525473	28.46171005021414
23.26647496909923	18.625067216706878
6.749559611079386	32.959209011157235
23.312579187031893	34.22459446849449
17.23218008015754	32.982745153094
24.979153757384545	50.56563629070073
23.66102313403389	41.7120282506475
13.356900897469423	51.18983993289027
12.051634898176095	35.1560455206959
9.575393294171167	31.61214738453154
3.29258608365864	48.09945883364051
31.844259821210215	40.13499663652341
32.037612255421664	41.37995168739062
-3.067710147962387	38.53556626693214
1.52967075937166	48.294027927997895
8.56492283434266	32.13575069867845
-5.535860692723455	38.18082848284064
3.01076967775289	27.305065741619707
17.705438122610865	25.748875745713868
7.485059278792513	46.968128513588525
7.921175113857576	50.83619417455396
14.077001149497562	42.523100915959354
14.226094804428616	55.87686242180674
21.03542750468243	56.775379261795436
7.4989528445641636	29.48362245905757
-5.250839804392966	46.597757628115986
12.98068396614255	15.29284750508111
2.3963579588158215	39.08939745455001
18.435858251546286	52.78986117096011
12.962223635279056	67.24551100876326
11.20767955688394	48.67739465107416
7.203437018071778	44.04561606564885
19.91225766207539	49.19721638972499
27.69706768442007	42.21794287390515
-2.692221494166242	46.17790782760524
29.74772016668944	43.5276771404872
3.6046462779677677	38.70788438239208
-7.115782462286523	25.74119258201305
7.088722848266986	42.20558319362825
18.628034281853797	54.15376806113221
-15.379111215370015	47.9543278508056
11.635040014643327	41.795478496262035
23.562258096445724	46.58862633568282
19.619306996158116	44.265368366393574
12.534162162385067	29.932618476273973
18.43095621440648	26.742175665737868
3.8833080820180967	42.416344299286486
1.8483402017726256	47.63884219269369
12.842137745980851	46.91685192353693
14.85989003076856	48.737414001815424
6.687006780844191	39.154024436826084
21.79734550646273	41.99546290887432
8.655786336875348	44.07110631388223
10.458014955760058	47.24724586803257
11.958846241804448	42.37826172640986
8.976264251839682	37.1733003864444
3.8644498668693608	33.81870658890305
3.6476627208040036	40.11375634468893
8.686944295865013	73.5226489535779
12.383672627807767	50.887534059011664
20.57360623034808	46.60680266922207
12.44743869603108	56.325236449544455
-2.983627123032152	34.36422577603632
9.216907164283489	39.62303017902527
3.212658154414835	35.18953034330984
30.543754447208656	55.971560415603975
24.75018831005648	35.93963398245868
8.860611348160202	51.49330701596452
11.166516603289343	20.463457857649402
12.191759733391265	34.44980022673688
15.544376164992173	36.28141744232078
7.996804481810662	33.0184510424905
-7.636252311292319	27.55937880692592
13.74226674925468	52.38053228999644
5.535404595197442	47.27391947954569
0.33707047146861235	27.557144322612892
19.668270961879436	40.36403781826059
19.279536666021755	62.73261970748918
6.637863464849429	36.203941112931034
10.027190698563636	32.17088068769119
11.034852612757176	44.63233666305694
16.911640143380772	45.78774881589
11.278168934403364	42.407258646961836
9.48689956076115	41.02114001017529
16.93322130165226	50.023999777526356
-8.961670337358706	27.08583967407887
1.5150430614430963	46.5418850212107
3.232744818708013	43.60189142188379
7.060496600903542	27.555546038022833
14.482552847685206	17.70075078206219
1.6809161357731686	32.99488681748592
0.2560511367439844	44.23653148103354
15.164008402696197	34.565714854236084
17.526528145391175	47.45586260578395
7.296577402278196	35.007173101765794
1.5281569598059708	36.55865531601589
15.301885155413014	32.92130509880867
17.980942792768417	53.528499363966546
32.26088824005165	32.47302374752901
17.97614005497669	35.26922533339059
-8.433571490960373	42.055502115519786
8.636393667895984	47.29183246850992
12.860535550176904	45.94916705587281
20.828895531396256	39.2801686702199
30.11793128712307	29.471532252117324
31.7513083816201	41.1630098468795
2.8915456150685745	43.6392416622974
28.80743823864848	54.45906992634144
5.190098988008615	35.04776091809245
32.3069539860995	44.057403126656666
11.027755959442176	40.341725144275756
26.81280352129391	44.90155692871378
-5.18162665480614	34.16405586574611
11.98871242747706	44.38497496145801
19.356219241486713	30.21653198930707
18.229655618013226	49.03390917288651
18.82071206187534	39.576375299158926
14.068195143818466	49.01084584218131
-8.618526040140848	25.780778736531428
9.670966956548257	36.58911067290387
14.357626633546055	58.89552017666156
23.792767010380338	33.97515109714125
16.25965083620802	55.42584404514893
-17.598698842060614	36.296848418614644
11.052758440714522	34.87766737112297
4.920381885610955	45.98931408603097
-2.555294017206199	45.37781255699161
3.743932668869835	57.095016721017586
20.289773087202153	52.04450688503966
3.0764675566989688	53.21219330810851
16.65283285333473	62.00599612464384
10.142082086952598	52.1921879478326
24.126557633520136	46.72209529636228
16.0156566419093	37.5835479470354
-12.164728874706979	58.11684122631225
9.940421618486578	50.134369941017
32.827522579821775	51.14770230687893
14.740133941200403	9.389938012976543
17.251432524611097	58.411830847573086
24.005789516807106	45.211258058342146
16.163761811147104	53.30652211990437
5.067945237302867	41.32631162878212
16.83019173734324	43.49240426927324
-5.838593663157129	44.05235218043743
9.710430607706542	40.824887673640276
10.452879601827028	43.56541735862194
-2.9404061512371396	58.65889202805332
4.766135919652738	51.69620511946898
12.09667176790607	39.126737045360166
1.138361328292671	61.28968538951955
11.295314154523618	28.83402765291217
-3.112610397840532	50.49319227907162
10.217378923556009	30.078203014086583
8.45111882770853	31.25001834655525
5.933867743276721	50.113754156440024
11.172415993028398	34.18928433294398
0.6805350988523013	51.07058649130147
17.430745062151775	37.8572133344511
12.177400091824738	47.94513857041167
18.590306526587007	48.6714200491986
15.708770485343045	48.082039206341214
5.841874106213718	46.73384116273715
24.963476572896198	41.1945282708346
29.22301958995174	17.99929754691251
8.130022626646264	29.7842324023852
8.897907748123357	46.80071018830578
7.123737967972222	49.27565828146381
22.19185353130968	51.46912354833391
7.377044952455167	51.51727626285183
22.271197645195244	35.619316480381386
-4.102224823197641	27.287505493909315
20.972830597609416	36.658344210048334
11.155699353892302	36.09306465404674
17.408154539353685	56.01222930392928
7.956088861480405	24.77711801743598
12.601370182281823	50.93712798863282
2.712805205002338	46.46418589418723
-10.207415528244978	38.11493779427322
10.85818338150451	34.34321269894724
26.493051132964666	41.95818476418329
28.680652914255866	24.67741516795617
6.956903082060223	64.06509760560947
15.485837410852767	49.94801617026315
11.504309851746973	45.33762871346623
10.106113856393158	38.16996447061935
11.212356063965599	44.64876277918958
-2.8558003381123562	37.078822381279046
1.081751675411276	56.34344074833648
1.1351136166488835	54.329886590027634
2.876404613281066	37.116109281888995
16.148123259659886	33.98333362042339
7.75781794074973	31.703537666306687
-5.6601471537474115	52.73388344726084
7.561994634010235	44.87125332951324
6.951151777759114	34.74853182743113
-0.2813368657420945	47.38435455957456
14.326250927119158	28.479597464068128
31.78630906129404	36.75382092371777
12.71102075378658	44.34201093946851
14.45605234886047	33.32033500570651
23.56211374233039	29.036591391701553
-1.2909810650874292	37.33354909645865
22.660216722577868	43.284454467686146
10.800799363188265	45.77105059704232
26.76332114971794	49.810607047828135
28.823625412595355	50.364499793992174
5.807180163103201	54.53472138380167
26.910584389830127	37.91448824527449
24.348692277283433	22.221023376628732
12.114547335298589	45.9046494322123
9.122878524693641	49.725225292374034
-16.191435878356316	53.7216342726874
10.053280320575343	47.539745161368245
-6.141557132965323	29.125778504501433
11.06831374386733	57.23616235928795
11.642313357621248	20.08298513554791
11.665057611549052	43.066732533381376
-5.3865097553261005	37.02606321049683
-5.832342952202252	37.8229455489459
-26.403517248434078	24.82653704716831
18.23408496470364	50.03045479155138
14.559215927899086	42.94636581772708
14.662799441758732	32.00793433619862
13.763708555844989	36.48638604592591
15.050119827142696	51.48533950600634
-8.736893783858177	41.14927300121909
13.85569319333435	44.69037730302575
4.0678642160395135	50.22573628667282
27.5554308505044	30.507375338483413
22.57941232509959	37.38330193242855
32.204612190382264	41.77375635108875
23.17662126962398	32.63715068211579
-7.236397857857424	37.1519203637115
-2.2439046902336095	47.847160128449346
9.320198957294725	48.56495648464008
25.644397056106605	50.58250543814188
33.70718893172883	58.01949248711166
-4.660682982111361	36.421092217810866
16.778511650150786	40.39134586368912
23.636363262740417	39.89275574934769
15.930374732753561	38.4168773271149
24.479484341959427	60.002246176733145
4.843584409672269	64.05450659244738
16.43790097117652	41.65990821288611
18.608628109497594	40.14295190907596
26.542452093904075	27.10805372392582
3.8629652559216314	41.26312359796089
4.565704126314093	29.539246446377796
13.813043743326173	53.452381919886534
31.806700072836044	41.384130794346866
16.563521258853484	68.5028476721632
3.717660005839673	50.7533651371256
23.241259372611708	49.374906367862934
22.240856726189584	29.578275113825327
0.9617240784113328	45.09054329776383
9.222094968024914	31.676409330699325
14.370617291069602	19.301589940872287
22.469425511889924	38.75391039692235
0.3180511785621274	34.598593862473834