93.41379523608616	39.878583845733665
85.87552451019677	51.03953051455248
90.3275372970151	40.02212488839703
90.3275372970151	40.02212488839703
82.78926952155561	51.18307155721586
82.78926952155561	51.18307155721586
82.78926952155561	51.18307155721586
84.9709336753308	80.09884393778495
84.9709336753308	80.09884393778495
79.71188165314778	34.541715938413404
79.71188165314778	34.541715938413404
14.297088866970102	28.14347448147631
18.190383090975928	84.57446853955487
18.190383090975928	84.57446853955487
47.54529092897227	65.57125157728679
47.54529092897227	65.57125157728679
49.4431600284021	37.60367286831328
49.4431600284021	37.60367286831328
44.17524088598576	8.831440055192603
44.17524088598576	8.831440055192603
44.17524088598576	8.831440055192603
35.77672230247185	64.1272242159896
35.77672230247185	64.1272242159896
21.099620527086334	85.91430133897516
21.099620527086334	85.91430133897516
21.099620527086334	85.91430133897516
13.91609509434358	19.67943908254468
13.91609509434358	19.67943908254468
15.459221851056677	69.10766782360552
15.459221851056677	69.10766782360552
10.82983863048746	19.8229786499931
10.82983863048746	19.8229786499931
12.372966862415515	69.25121034148385
12.372966862415515	69.25121034148385
5.473232058373241	59.899699174595966
5.473232058373241	59.899699174595966
5.473232058373241	59.899699174595966
36.53976996660023	68.41170388983737
36.53976996660023	68.41170388983737
38.72143412037541	97.32747774562142
38.72143412037541	97.32747774562142
28.380701984975257	66.5153165466462
28.380701984975257	66.5153165466462
23.183731606145255	2.4639222435186605
23.183731606145255	2.4639222435186605
25.294446996334095	66.65885758930958
25.294446996334095	66.65885758930958
25.294446996334095	66.65885758930958
54.126109178096144	47.96445956627208
54.126109178096144	47.96445956627208
58.57812196491447	36.947052464901674
58.57812196491447	36.947052464901674
51.03985418945499	48.1079991337205
51.03985418945499	48.1079991337205
52.93772328888482	20.140420424746978
52.93772328888482	20.140420424746978
48.23739130472928	6.134892741141427
48.23739130472928	6.134892741141427
40.77006934242622	81.01667791995338
40.77006934242622	81.01667791995338
40.77006934242622	81.01667791995338
42.880784732615055	46.211613265744305
42.880784732615055	46.211613265744305
74.01827140442838	19.444455015763864
74.01827140442838	19.444455015763864
76.12898679461723	83.63939036155479
76.12898679461723	83.63939036155479
70.93201494057227	19.587996058427244
70.93201494057227	19.587996058427244
70.93201494057227	19.587996058427244
63.96133432337357	45.51564785676119
63.96133432337357	45.51564785676119
65.8592034228034	17.54806767257272
65.8592034228034	17.54806767257272
60.5912828051721	87.775836334667
60.5912828051721	87.775836334667
62.772948434162245	17.69160871523609
62.772948434162245	17.69160871523609
62.772948434162245	17.69160871523609
45.30225236949929	79.72068278417679
45.30225236949929	79.72068278417679
35.24531528844449	6.791875625174097
35.24531528844449	6.791875625174097
39.413534496132414	37.89111743426109
39.413534496132414	37.89111743426109
31.875265245457975	49.05206410307991
31.875265245457975	49.05206410307991
34.0569279240182	77.96783795886397
34.0569279240182	77.96783795886397
34.0569279240182	77.96783795886397
65.12346730746015	86.4798411988904
65.12346730746015	86.4798411988904
58.22373250341787	77.12833150721747
58.22373250341787	77.12833150721747
62.03721084360403	86.62338224155377
62.03721084360403	86.62338224155377
55.13747751477671	77.27187254988085
55.13747751477671	77.27187254988085
55.13747751477671	77.27187254988085
56.68060574670478	27.700101290941685
56.68060574670478	27.700101290941685
51.767428947005165	20.532059552571702
51.767428947005165	20.532059552571702
81.12233530978654	1.5288440655185727
81.12233530978654	1.5288440655185727
82.7098050437411	66.03259687532513
82.7098050437411	66.03259687532513
82.7098050437411	66.03259687532513
78.08042182317189	16.747907701712702
78.08042182317189	16.747907701712702
79.62355005509995	66.17613791798848
79.62355005509995	66.17613791798848
72.72381525105767	56.82462675110061
72.72381525105767	56.82462675110061
67.45589610864134	28.052396888409852
67.45589610864134	28.052396888409852
69.35376668328612	0.08481670422137311
69.35376668328612	0.08481670422137311
69.35376668328612	0.08481670422137311
98.70867452128246	80.0815997419533
98.70867452128246	80.0815997419533
3.6019687452882905	37.51259232481691
3.6019687452882905	37.51259232481691
95.63128517765968	63.44024559836581
95.63128517765968	63.44024559836581
90.43431479882967	98.3888498200233
90.43431479882967	98.3888498200233
90.43431479882967	98.3888498200233
92.54503018901853	63.58378664102918
92.54503018901853	63.58378664102918
85.07770970193043	39.46557034462618
85.07770970193043	39.46557034462618
89.4587737251624	63.7273262084776
89.4587737251624	63.7273262084776
72.29847850118969	33.285067283423274
72.29847850118969	33.285067283423274
73.88594971035921	97.78882156844477
73.88594971035921	97.78882156844477
73.88594971035921	97.78882156844477
69.18561772620366	83.78329388483922
69.18561772620366	83.78329388483922
61.71829576390059	59.66507906365118
61.71829576390059	59.66507906365118
63.829011154089436	24.86001293422714
63.829011154089436	24.86001293422714
58.63204077525944	59.80862010631455
58.63204077525944	59.80862010631455
58.63204077525944	59.80862010631455
60.742756165448284	25.003555452105466
60.742756165448284	25.003555452105466
89.8848177126856	12.837824435072958
89.8848177126856	12.837824435072958
84.6257656905026	66.28069643570142
84.6257656905026	66.28069643570142
86.80742984427779	95.19646881627051
86.80742984427779	95.19646881627051
81.53950922664649	66.42423600314983
81.53950922664649	66.42423600314983
81.53950922664649	66.42423600314983
83.72117485563662	95.34000985893388
83.72117485563662	95.34000985893388
10.422237596301105	61.71362880981405
10.422237596301105	61.71362880981405
3.212104901998519	45.833452112136136
3.212104901998519	45.833452112136136
7.664119164031808	34.81604648598069
7.664119164031808	34.81604648598069
0.12584843814240987	45.97699315479951
0.12584843814240987	45.97699315479951
0.12584843814240987	45.97699315479951
2.307512591917588	74.89276553536861
2.307512591917588	74.89276553536861
96.0395919742863	46.12053419746289
96.0395919742863	46.12053419746289
26.46544857586896	90.83815574518793
26.46544857586896	90.83815574518793
30.278926916055127	1.333205004309272
30.278926916055127	1.333205004309272
23.09539853288246	34.09834422309375
23.09539853288246	34.09834422309375
23.09539853288246	34.09834422309375
25.21498251851959	81.50838290741885
25.21498251851959	81.50838290741885
20.01801066447463	17.456990079506262
20.01801066447463	17.456990079506262
13.047328572060977	43.38464040262525
13.047328572060977	43.38464040262525
14.66140556757538	57.533709128894166
14.66140556757538	57.533709128894166
98.9843052674048	79.3207847766648
98.9843052674048	79.3207847766648
98.9843052674048	79.3207847766648
1.5983807877042544	93.4698535029337
1.5983807877042544	93.4698535029337
93.38824956861662	77.5896768052558
93.38824956861662	77.5896768052558
88.68791610924612	63.58414912165025
88.68791610924612	63.58414912165025
90.30199310476051	77.7332163727042
90.30199310476051	77.7332163727042
90.30199310476051	77.7332163727042
83.33131101234686	4.660868171038156
83.33131101234686	4.660868171038156
87.2157366409044	77.87675741536759
87.2157366409044	77.87675741536759
17.570644478900732	58.87354192831446
17.570644478900732	58.87354192831446
12.373672624855772	93.82214614997196
12.373672624855772	93.82214614997196
14.484388015044612	59.01708149576288
14.484388015044612	59.01708149576288
14.484388015044612	59.01708149576288
7.309729702535194	74.99732405308153
7.309729702535194	74.99732405308153
11.1232065675064	84.49237478741783
11.1232065675064	84.49237478741783
4.223473238679085	75.1408650957449
4.223473238679085	75.1408650957449
5.76660147060714	25.5690953120207
5.76660147060714	25.5690953120207
5.76660147060714	25.5690953120207
37.462805230018006	30.353537377806244
37.462805230018006	30.353537377806244
29.924537454558525	41.51448404662507
29.924537454558525	41.51448404662507
32.07959434677387	21.78494198594674
32.07959434677387	21.78494198594674
27.166417547074257	14.616901722791717
27.166417547074257	14.616901722791717
28.709545779002312	64.04513046385254
28.709545779002312	64.04513046385254
28.709545779002312	64.04513046385254
21.809812450174995	54.69362077217962
21.809812450174995	54.69362077217962
52.867481762953695	79.99051919845692
52.867481762953695	79.99051919845692
55.049145916728875	9.906293054240969
55.049145916728875	9.906293054240969
49.78122529909758	80.1340602411203
49.78122529909758	80.1340602411203
49.78122529909758	80.1340602411203
51.97175804832106	92.26493743543853
51.97175804832106	92.26493743543853
44.43348879764662	4.425884104257342
44.43348879764662	4.425884104257342
39.52031052273205	96.25784384110231
39.52031052273205	96.25784384110231
41.63102591292089	61.45277771167828
41.63102591292089	61.45277771167828
41.63102591292089	61.45277771167828
1.9303657494869628	30.490503805417852
1.9303657494869628	30.490503805417852
6.311431247933914	54.75225819405431
6.311431247933914	54.75225819405431
97.84410928563084	30.634044848081217
97.84410928563084	30.634044848081217
0.9991676530611547	10.904501312187929
0.9991676530611547	10.904501312187929
94.73124851064482	81.13227144949718
94.73124851064482	81.13227144949718
94.73124851064482	81.13227144949718
87.5477216026871	14.897407717851722
87.5477216026871	14.897407717851722
89.65843699287595	79.09234158842769
89.65843699287595	79.09234158842769
21.787053594026027	69.11007999991307
21.787053594026027	69.11007999991307
23.897768984214867	34.305015345703985
23.897768984214867	34.305015345703985
23.897768984214867	34.305015345703985
18.700797130169907	69.25361956736148
18.700797130169907	69.25361956736148
11.738983633204544	78.39637765465953
11.738983633204544	78.39637765465953
13.353060628718948	92.5454449057135
13.353060628718948	92.5454449057135
8.652728644563393	78.5399186973229
8.652728644563393	78.5399186973229
8.652728644563393	78.5399186973229
10.55059774399322	50.57233851313444
10.55059774399322	50.57233851313444
39.337918423728766	16.80241789656618
39.337918423728766	16.80241789656618
34.708533727944605	66.5177272477388
34.708533727944605	66.5177272477388
36.251661959872656	16.945957464014597
36.251661959872656	16.945957464014597
29.325322844700466	57.94913333109425
29.325322844700466	57.94913333109425
29.325322844700466	57.94913333109425
33.20974994847296	32.16502257542367
33.20974994847296	32.16502257542367
26.239066380844346	58.09267289854266
26.239066380844346	58.09267289854266
28.13693695548914	30.12509418956915
28.13693695548914	30.12509418956915
59.19460626826783	55.42199409106141
59.19460626826783	55.42199409106141
59.19460626826783	55.42199409106141
52.29487146422556	46.07048439938848
52.29487146422556	46.07048439938848
56.10834980441172	55.56553365850983
56.10834980441172	55.56553365850983
49.2174850710327	29.429128780586037
49.2174850710327	29.429128780586037
50.760613302960756	78.85735899686182
50.760613302960756	78.85735899686182
46.13123008239154	29.572669823249417
46.13123008239154	29.572669823249417
46.13123008239154	29.572669823249417
28.616192515702092	76.52621982344439
28.616192515702092	76.52621982344439
30.514063090346877	48.55864111447088
30.514063090346877	48.55864111447088
25.813729630976365	34.55311343086533
25.813729630976365	34.55311343086533
27.427806626490757	48.70218215713426
27.427806626490757	48.70218215713426
27.427806626490757	48.70218215713426
20.501467511318562	89.70535654899895
20.501467511318562	89.70535654899895
50.37075093488594	87.17821878418107
50.37075093488594	87.17821878418107
43.40006736725733	14.105870582515013
43.40006736725733	14.105870582515013
43.40006736725733	14.105870582515013
38.203096988427326	49.05447480417251
38.203096988427326	49.05447480417251
40.322680974064454	96.46451496371257
40.322680974064454	96.46451496371257
32.85536048697636	72.34630014252451
32.85536048697636	72.34630014252451
37.23642451020835	96.60805600637593
37.23642451020835	96.60805600637593
66.09469395353024	27.55897242458586
66.09469395353024	27.55897242458586
66.09469395353024	27.55897242458586
68.20540934371907	91.75390777037678
68.20540934371907	91.75390777037678
63.292231068804504	84.5858660320068
63.292231068804504	84.5858660320068
55.753961818130065	95.74681270082561
55.753961818130065	95.74681270082561
57.935624496690295	25.662585081394717
57.935624496690295	25.662585081394717
57.935624496690295	25.662585081394717
52.71204833151542	11.965876337019743
52.71204833151542	11.965876337019743
54.82276372170426	76.16081168281066
54.82276372170426	76.16081168281066
85.95138032285433	66.17855009429604
85.95138032285433	66.17855009429604
78.98069970565564	92.10620189263
78.98069970565564	92.10620189263
80.87856880508546	64.13862170844152
80.87856880508546	64.13862170844152
80.87856880508546	64.13862170844152
75.61064966266913	35.36638889532084
75.61064966266913	35.36638889532084
77.80118241189261	47.497266089639076
77.80118241189261	47.497266089639076
70.2629116860032	58.65821275845789
70.2629116860032	58.65821275845789
55.65676014941898	45.166128391436594
55.65676014941898	45.166128391436594
55.65676014941898	45.166128391436594
57.19988838134704	94.5943586077124
57.19988838134704	94.5943586077124
50.30015652773468	85.24284891603946
50.30015652773468	85.24284891603946
54.11363191749093	94.73789965037577
54.11363191749093	94.73789965037577
46.930105009533214	28.50303591873032
46.930105009533214	28.50303591873032
49.04082039972206	92.69797126452124
49.04082039972206	92.69797126452124
49.04082039972206	92.69797126452124
43.81724423454719	79.00126252014627
43.81724423454719	79.00126252014627
73.2430993609149	24.718885543086277
73.2430993609149	24.718885543086277
77.0565762258861	34.21393480220761
77.0565762258861	34.21393480220761
70.15684289705878	24.862425110534694
70.15684289705878	24.862425110534694
70.15684289705878	24.862425110534694
71.69997112898685	74.29065532681048
71.69997112898685	74.29065532681048
66.78679432928723	67.1226135884405
66.78679432928723	67.1226135884405
59.82497935710692	76.26537020052359
59.82497935710692	76.26537020052359
61.43905635262131	90.41443892679251
61.43905635262131	90.41443892679251
93.0643128236608	31.478042482584932
93.0643128236608	31.478042482584932
93.0643128236608	31.478042482584932
94.6783898191752	45.6271097336389
94.6783898191752	45.6271097336389
87.70770772676154	71.5547630071878
87.70770772676154	71.5547630071878
82.51073734793154	7.503367228845297
82.51073734793154	7.503367228845297
84.62145273812037	71.69830257463622
84.62145273812037	71.69830257463622
84.62145273812037	71.69830257463622
77.43792435494771	5.463440318205731
77.43792435494771	5.463440318205731
81.29574419716037	30.034013646072776
81.29574419716037	30.034013646072776
11.650652035156709	11.030798159019655
11.650652035156709	11.030798159019655
6.453681656326706	45.97940533110706
6.453681656326706	45.97940533110706
6.453681656326706	45.97940533110706
8.564397046515557	11.174339201683022
8.564397046515557	11.174339201683022
1.0970750842124968	86.05612438049498
1.0970750842124968	86.05612438049498
5.478139107444479	11.317878769131443
5.478139107444479	11.317878769131443
97.30348079493506	27.298121326450094
97.30348079493506	27.298121326450094
98.84660902686312	76.72635154272588
98.84660902686312	76.72635154272588
98.84660902686312	76.72635154272588
84.2404574902789	63.234267175704595
84.2404574902789	63.234267175704595
76.70218823960445	74.39521384452341
76.70218823960445	74.39521384452341
78.88385091816467	4.3109862250925
78.88385091816467	4.3109862250925
73.61593177574835	74.53875341197183
73.61593177574835	74.53875341197183
73.61593177574835	74.53875341197183
75.79759592952352	4.4545272677558785
75.79759592952352	4.4545272677558785
70.52967531189222	74.6822944546352
70.52967531189222	74.6822944546352
0.6451310727846689	13.87124899635526
0.6451310727846689	13.87124899635526
2.8267952265598577	42.78702285213931
2.8267952265598577	42.78702285213931
96.55887608414352	14.014790039018637
96.55887608414352	14.014790039018637
96.55887608414352	14.014790039018637
98.7405402379187	42.93056389480269
98.7405402379187	42.93056389480269
91.20227098724426	54.091510563621505
91.20227098724426	54.091510563621505
86.57288629146008	4.806819914794132
86.57288629146008	4.806819914794132
88.12488311883644	37.45015642003402
88.12488311883644	37.45015642003402
88.12488311883644	37.45015642003402
18.26694466607376	25.28442540300151
18.26694466607376	25.28442540300151
22.6480101645207	49.54618126685293
22.6480101645207	49.54618126685293
15.18068820221764	25.42796497044992
15.18068820221764	25.42796497044992
17.29140359240649	89.62290031624084
17.29140359240649	89.62290031624084
12.094433213576488	25.571504537898328
12.094433213576488	25.571504537898328
12.094433213576488	25.571504537898328
5.123751121162834	51.49915781144724
5.123751121162834	51.49915781144724
9.008176749720379	25.715047055776665
9.008176749720379	25.715047055776665
38.12363251061282	63.90400159749672
38.12363251061282	63.90400159749672
40.234347900801666	29.098935468072685
40.234347900801666	29.098935468072685
40.234347900801666	29.098935468072685
35.03737752197166	64.0475426401601
35.03737752197166	64.0475426401601
28.066695429558006	89.97519296327908
28.066695429558006	89.97519296327908
29.68077094985744	5.12426168954801
29.68077094985744	5.12426168954801
24.980438965701897	90.11873400594246
24.980438965701897	90.11873400594246
24.980438965701897	90.11873400594246
26.59451448600133	5.267802732211389
26.59451448600133	5.267802732211389
9.655934148235911	50.20316415088559
9.655934148235911	50.20316415088559
4.742755873321355	43.03512241251561
4.742755873321355	43.03512241251561
6.285884105249409	92.46335115357645
6.285884105249409	92.46335115357645
98.3861507764221	83.11184146190352
98.3861507764221	83.11184146190352
98.3861507764221	83.11184146190352
3.1996291166082584	92.60689072102487
3.1996291166082584	92.60689072102487
95.29989431256598	83.2553825045669
95.29989431256598	83.2553825045669
27.401908077801092	24.627804999589898
27.401908077801092	24.627804999589898
29.512623467989933	88.82274034538082
29.512623467989933	88.82274034538082
29.512623467989933	88.82274034538082
22.329095084817265	22.587876613735375
22.329095084817265	22.587876613735375
26.142571949788472	32.08292882328663
26.142571949788472	32.08292882328663
19.242838620961155	22.731417656398744
19.242838620961155	22.731417656398744
20.78596685288921	72.15964787267454
20.78596685288921	72.15964787267454
16.156583632319993	22.874958699062123
16.156583632319993	22.874958699062123
16.156583632319993	22.874958699062123
44.943902836840586	88.10503660727892
44.943902836840586	88.10503660727892
47.134435586064065	1.2359152768121004
47.134435586064065	1.2359152768121004
41.86651496843277	71.46368246369143
41.86651496843277	71.46368246369143
43.76438554307755	43.49610375471791
43.76438554307755	43.49610375471791
43.76438554307755	43.49610375471791
36.7937034506639	69.42375555305186
36.7937034506639	69.42375555305186
31.596731596618948	5.3723597747093566
31.596731596618948	5.3723597747093566
33.70744698680779	69.56729512050028
33.70744698680779	69.56729512050028
64.80945927682794	10.939719090738238
64.80945927682794	10.939719090738238
66.99112343060312	39.85549294652228
66.99112343060312	39.85549294652228
66.99112343060312	39.85549294652228
59.45285417992869	51.0164396153411
59.45285417992869	51.0164396153411
54.53967590501412	43.84839640175616
54.53967590501412	43.84839640175616
56.650391295202965	9.043333222762039
56.650391295202965	9.043333222762039
49.18307080811486	83.92511692635904
49.18307080811486	83.92511692635904
49.18307080811486	83.92511692635904
53.564134831346855	9.18687279021046
53.564134831346855	9.18687279021046
36.12004750345869	20.861261300398567
36.12004750345869	20.861261300398567
38.23963001388087	68.27130145993863
38.23963001388087	68.27130145993863
33.042659635050875	4.219905681596125
33.042659635050875	4.219905681596125
26.07197754263722	30.14755895514503
26.07197754263722	30.14755895514503
27.969848117282005	2.179978770956559
27.969848117282005	2.179978770956559
27.969848117282005	2.179978770956559
22.701927499650708	72.40774595783589
22.701927499650708	72.40774595783589
24.883591653425885	2.3235198136199378
24.883591653425885	2.3235198136199378
55.98560394344605	42.69594378385789
55.98560394344605	42.69594378385789
49.01492185103239	68.62359410697688
49.01492185103239	68.62359410697688
50.62899737133183	82.7726628332458
50.62899737133183	82.7726628332458
50.62899737133183	82.7726628332458
45.928665387176274	68.76713514964025
45.928665387176274	68.76713514964025
47.82653596182107	40.79955644066674
47.82653596182107	40.79955644066674
40.288265235931675	51.96050310948556
40.288265235931675	51.96050310948556
71.98447194577244	56.74494517527111
71.98447194577244	56.74494517527111
73.52760017770049	7.1731739163319475
73.52760017770049	7.1731739163319475
73.52760017770049	7.1731739163319475
66.63673544432147	80.03677051362313
66.63673544432147	80.03677051362313
70.45021083407772	89.53181977274447
70.45021083407772	89.53181977274447
63.550478980465364	80.18031008107154
63.550478980465364	80.18031008107154
58.28255836283407	51.408077267950866
58.28255836283407	51.408077267950866
58.28255836283407	51.408077267950866
60.18042893747885	23.440498558977346
60.18042893747885	23.440498558977346
89.53533530026024	4.437281596709268
89.53533530026024	4.437281596709268
93.39315514247289	29.00785639979127
93.39315514247289	29.00785639979127
86.49342181364558	19.656346708118342
86.49342181364558	19.656346708118342
86.49342181364558	19.656346708118342
88.03655152078859	69.08457692439414
88.03655152078859	69.08457692439414
83.40716534978947	19.79988775078172
83.40716534978947	19.79988775078172
75.86889757432999	30.960834419600538
75.86889757432999	30.960834419600538
77.76676667375982	2.9932542354120693
77.76676667375982	2.9932542354120693
63.08966784880421	24.78033135839764
63.08966784880421	24.78033135839764
63.08966784880421	24.78033135839764
64.70374336910365	38.92940008466657
64.70374336910365	38.92940008466657
57.741929872138286	48.07215669674965
57.741929872138286	48.07215669674965
52.544958018093325	83.02076091840715
52.544958018093325	83.02076091840715
54.655673408282176	48.21569626419807
54.655673408282176	48.21569626419807
54.655673408282176	48.21569626419807
49.458701554237216	83.16430343628548
49.458701554237216	83.16430343628548
51.56941694442606	48.35923730686144
51.56941694442606	48.35923730686144
80.71147996687833	36.19350776504389
80.71147996687833	36.19350776504389
75.48790232648851	22.49679754545396
75.48790232648851	22.49679754545396
75.48790232648851	22.49679754545396
77.59861771667735	86.69173141602992
77.59861771667735	86.69173141602992
70.13129722958925	62.57351807005682
70.13129722958925	62.57351807005682
74.51236125282122	86.83527393390824
74.51236125282122	86.83527393390824
67.04504076573313	62.71705763750524
67.04504076573313	62.71705763750524
67.04504076573313	62.71705763750524
69.15575615592198	27.911992983296162
69.15575615592198	27.911992983296162
1.5681678114173985	74.81308248432414
1.5681678114173985	74.81308248432414
93.02989856074296	85.97402915314298
93.02989856074296	85.97402915314298
18.83523906198976	64.6220678162197
18.83523906198976	64.6220678162197
18.83523906198976	64.6220678162197
13.922062262290149	57.45402607784972
13.922062262290149	57.45402607784972
16.077119154505493	37.72448549238634
16.077119154505493	37.72448549238634
8.538849903831053	48.88543216120516
8.538849903831053	48.88543216120516
3.909466683261836	98.60074298759274
3.909466683261836	98.60074298759274
5.452594915189902	49.02897172865358
5.452594915189902	49.02897172865358
5.452594915189902	49.02897172865358
87.57609179513261	75.47006684357177
87.57609179513261	75.47006684357177
91.38957013531878	84.96511757790807
91.38957013531878	84.96511757790807
84.2060417521461	18.730255321477586
84.2060417521461	18.730255321477586
86.3256272129982	66.14029400580269
86.3256272129982	66.14029400580269
86.3256272129982	66.14029400580269
81.12865535895324	2.088899702675142
81.12865535895324	2.088899702675142
74.15797179132463	28.016551501009086
74.15797179132463	28.016551501009086
78.04239889509714	2.2324407453385207
78.04239889509714	2.2324407453385207
8.397306733093464	82.2292252582854
8.397306733093464	82.2292252582854
10.011383728607855	96.3782910341244
10.011383728607855	96.3782910341244
10.011383728607855	96.3782910341244
5.311050269237343	82.37276482573381
5.311050269237343	82.37276482573381
97.1009160997198	66.49258665284094
97.1009160997198	66.49258665284094
98.7149930952342	80.64165537910986
98.7149930952342	80.64165537910986
94.01466111107865	66.63612917071927
94.01466111107865	66.63612917071927
94.01466111107865	66.63612917071927
95.62873810659303	80.78519494655828
95.62873810659303	80.78519494655828
25.983644469374415	61.78197945950515
25.983644469374415	61.78197945950515
20.786674090544423	96.73058663159256
20.786674090544423	96.73058663159256
22.897389480733263	61.925520502168524
22.897389480733263	61.925520502168524
15.72272969300889	77.90576305948719
15.72272969300889	77.90576305948719
15.72272969300889	77.90576305948719
19.536208033195045	87.40081379382347
19.536208033195045	87.40081379382347
12.63647322915277	78.0493026269356
12.63647322915277	78.0493026269356
43.69414254193147	4.346202528427852
43.69414254193147	4.346202528427852
45.87580817092161	33.2619763842119
45.87580817092161	33.2619763842119
45.87580817092161	33.2619763842119
38.33753744503221	44.422923053030715
38.33753744503221	44.422923053030715
42.7895517070655	33.40551595166032
42.7895517070655	33.40551595166032
35.579417537547954	17.525339253982402
35.579417537547954	17.525339253982402
37.122545769476005	66.95356947025819
37.122545769476005	66.95356947025819
37.122545769476005	66.95356947025819
32.49316254890679	17.66888029664578
32.49316254890679	17.66888029664578
88.39698210232761	12.834652085800258
88.39698210232761	12.834652085800258
90.5786462561028	41.750424466369346
90.5786462561028	41.750424466369346
85.3107256384715	12.978193128463626
85.3107256384715	12.978193128463626
87.50125986290993	25.109070322781854
87.50125986290993	25.109070322781854
87.50125986290993	25.109070322781854
82.23333924527863	95.33683898487614
82.23333924527863	95.33683898487614
75.04981233732093	29.101976728445656
75.04981233732093	29.101976728445656
77.16052625229482	93.29691059902161
77.16052625229482	93.29691059902161
9.289144328659845	83.31464753529204
9.289144328659845	83.31464753529204
9.289144328659845	83.31464753529204
11.399859718848685	48.50958288108296
11.399859718848685	48.50958288108296
3.9325392317605825	24.39136805989491
3.9325392317605825	24.39136805989491
98.23220577239007	10.385840376289357
98.23220577239007	10.385840376289357
0.8196769815595966	74.88959466131085
0.8196769815595966	74.88959466131085
0.8196769815595966	74.88959466131085
92.63615007360188	8.65473092966541
92.63615007360188	8.65473092966541
97.01721409683387	32.91648679351683
97.01721409683387	32.91648679351683
26.875483540155766	62.86740468694171
26.875483540155766	62.86740468694171
28.986198930344607	28.062338557517673
28.986198930344607	28.062338557517673
23.789227076299646	63.01094425439013
23.789227076299646	63.01094425439013
23.789227076299646	63.01094425439013
16.827413579334284	72.15370086647322
16.827413579334284	72.15370086647322
20.711840683106786	46.36959011080265
20.711840683106786	46.36959011080265
13.741157115478174	72.2972419091366
13.741157115478174	72.2972419091366
15.63902769012296	44.329663200163075
15.63902769012296	44.329663200163075
15.63902769012296	44.329663200163075
46.69669700290165	69.62656162644038
46.69669700290165	69.62656162644038
39.796963674074334	60.275051934767454
39.796963674074334	60.275051934767454
41.34009043078744	10.703280675828287
41.34009043078744	10.703280675828287
36.710707210218224	60.41859150221587
36.710707210218224	60.41859150221587
38.29817841938774	25.92234726245232
38.29817841938774	25.92234726245232
38.29817841938774	25.92234726245232
31.327496326974085	51.84999758557131
31.327496326974085	51.84999758557131
16.43755121125947	80.47456065379245
16.43755121125947	80.47456065379245
17.980679443187526	30.902790870068248
17.980679443187526	30.902790870068248
11.080944639145251	21.551279703180363
11.080944639145251	21.551279703180363
11.080944639145251	21.551279703180363
14.894422979331416	31.04633043751666
14.894422979331416	31.04633043751666
7.9946896505041	21.694820745843742
7.9946896505041	21.694820745843742
2.735637628321094	75.13769422168716
2.735637628321094	75.13769422168716
4.9173017820962714	5.053466602256248
4.9173017820962714	5.053466602256248
4.9173017820962714	5.053466602256248
33.70462246183182	70.28354451047304
33.70462246183182	70.28354451047304
37.87284166951976	2.382786319560034
37.87284166951976	2.382786319560034
30.902159577106104	28.31043811789398
30.902159577106104	28.31043811789398
32.51623657262049	42.45950684416291
32.51623657262049	42.45950684416291
27.815903113249995	28.453977685342398
27.815903113249995	28.453977685342398
27.815903113249995	28.453977685342398
20.321976839817005	54.690448422906925
20.321976839817005	54.690448422906925
22.503640993592192	83.60622227869096
22.503640993592192	83.60622227869096
53.561310306370885	9.903122180183226
53.561310306370885	9.903122180183226
55.45918088101567	80.93554199599475
55.45918088101567	80.93554199599475
55.45918088101567	80.93554199599475
48.48849731338706	7.863193794328701
48.48849731338706	7.863193794328701
43.291525459342104	42.81179949120115
43.291525459342104	42.81179949120115
45.40224084953095	8.00673483699207
45.40224084953095	8.00673483699207
40.21413906614924	26.17044534761367
40.21413906614924	26.17044534761367
42.32485445633809	90.36538069340459
42.32485445633809	90.36538069340459
42.32485445633809	90.36538069340459
71.18312389965998	21.316295636399552
71.18312389965998	21.316295636399552
66.48279044028946	7.310769428008957
66.48279044028946	7.310769428008957
68.38066101493425	78.34318924382049
68.38066101493425	78.34318924382049
60.84239176425981	89.5041359126393
60.84239176425981	89.5041359126393
60.84239176425981	89.5041359126393
65.29440455107813	78.48673176169882
65.29440455107813	78.48673176169882
57.80047827764516	5.7232010240483895
57.80047827764516	5.7232010240483895
59.911193667834	69.91813489462434
59.911193667834	69.91813489462434
44.737453497774034	41.65934539808793
44.737453497774034	41.65934539808793
37.76677288057534	67.58699719642188
37.76677288057534	67.58699719642188
37.76677288057534	67.58699719642188
39.664641980005165	39.61941848744836
39.664641980005165	39.61941848744836
34.39672136237387	10.847185674327685
34.39672136237387	10.847185674327685
36.57838699136401	39.76295805489677
36.57838699136401	39.76295805489677
31.319334969181007	93.2058315307402
31.319334969181007	93.2058315307402
31.319334969181007	93.2058315307402
60.74519009554872	38.92345307846524
60.74519009554872	38.92345307846524
62.28831832747677	88.35168181952608
62.28831832747677	88.35168181952608
57.65893363169261	39.066992645913665
57.65893363169261	39.066992645913665
59.20206186362066	88.49522433740441
59.20206186362066	88.49522433740441
52.01853495566296	22.260360605758965
52.01853495566296	22.260360605758965
52.01853495566296	22.260360605758965
47.318201496292446	8.254832922153415
47.318201496292446	8.254832922153415
48.90567418067692	72.75858573195995
48.90567418067692	72.75858573195995
78.33152930704465	18.476210230114923
78.33152930704465	18.476210230114923
82.14500617201584	27.971259489236257
82.14500617201584	27.971259489236257
64.90454070778837	86.8075900738031
64.90454070778837	86.8075900738031
68.7978349317942	44.2385826566667
68.7978349317942	44.2385826566667
98.15274276979052	25.23536716961358
98.15274276979052	25.23536716961358
0.766818290089971	39.38443442066754
0.766818290089971	39.38443442066754
95.06648630593442	25.378906737062
95.06648630593442	25.378906737062
95.06648630593442	25.378906737062
87.59916581884632	1.2606919158739451
87.59916581884632	1.2606919158739451
89.70988120903516	65.4556257864499
84.7967029341206	58.28758552329488
84.7967029341206	58.28758552329488
86.38417414329011	23.79133833310142
86.38417414329011	23.79133833310142
69.43672373486145	85.51159493802649
69.43672373486145	85.51159493802649
69.43672373486145	85.51159493802649
64.23975188081648	21.460200634898946
64.23975188081648	21.460200634898946
66.35046874622029	85.65513598068986
66.35046874622029	85.65513598068986
61.15349689217533	21.603740202347367
61.15349689217533	21.603740202347367
63.26421228236417	85.79867702335325
63.26421228236417	85.79867702335325
63.26421228236417	85.79867702335325
56.080685374406464	19.563813291707792
56.080685374406464	19.563813291707792
87.1472218074185	28.075818006949195
87.1472218074185	28.075818006949195
89.32888743640864	56.991590387518286
89.32888743640864	56.991590387518286
81.79061818573419	68.1525370563371
81.79061818573419	68.1525370563371
81.79061818573419	68.1525370563371
86.24263097255252	57.13512995496669
86.24263097255252	57.13512995496669
78.70436024666311	68.29607809900048
78.70436024666311	68.29607809900048
80.8860244004383	97.21185195478452
80.8860244004383	97.21185195478452
75.61810525802197	68.43961914166384
75.61810525802197	68.43961914166384
5.733562494129367	7.628573683383906
5.733562494129367	7.628573683383906
5.733562494129367	7.628573683383906
7.915225172689587	36.54434753916795
7.915225172689587	36.54434753916795
2.6473045550582994	7.772114726047285
2.6473045550582994	7.772114726047285
4.828968708833477	36.68788710661637
4.828968708833477	36.68788710661637
98.56104956641714	7.915654293495694
98.56104956641714	7.915654293495694
98.56104956641714	7.915654293495694
91.66131476237486	97.56414460182278
91.66131476237486	97.56414460182278
93.20444299430292	47.99237481809857
93.20444299430292	47.99237481809857
25.62572324524664	78.10857060809064
25.62572324524664	78.10857060809064
27.73643863543548	43.30350447866661
27.73643863543548	43.30350447866661
27.73643863543548	43.30350447866661
20.269118148347378	19.185289657478567
20.269118148347378	19.185289657478567
15.568786164191836	5.179761973873016
15.568786164191836	5.179761973873016
17.18286168449127	19.328829224926977
17.18286168449127	19.328829224926977
10.212181067292574	45.25648102326093
10.212181067292574	45.25648102326093
14.096606695850108	19.472370267590357
14.096606695850108	19.472370267590357
14.096606695850108	19.472370267590357
95.90970568553251	39.38479837650357
95.90970568553251	39.38479837650357
98.02042107572136	4.579733722294487
98.02042107572136	4.579733722294487
92.8234492216764	39.52833794395198
92.8234492216764	39.52833794395198
85.85276712926274	65.4559912175009
85.85276712926274	65.4559912175009
85.85276712926274	65.4559912175009
89.73719423303524	39.671878986615354
89.73719423303524	39.671878986615354
82.76651066540663	65.59953078494931
82.76651066540663	65.59953078494931
84.38058766092102	79.74859951121822
84.38058766092102	79.74859951121822
17.014712727408803	4.027307880759785
17.014712727408803	4.027307880759785
9.831185819451095	36.7924456243293
9.831185819451095	36.7924456243293
9.831185819451095	36.7924456243293
11.37431405137915	86.2206758406051
11.37431405137915	86.2206758406051
6.744929355594975	36.93598519177772
6.744929355594975	36.93598519177772
8.28805758752303	86.36421540805351
8.28805758752303	86.36421540805351
1.3883242586957125	77.01270719159554
1.3883242586957125	77.01270719159554
1.3883242586957125	77.01270719159554
32.44599357147441	3.3096056178728404
32.44599357147441	3.3096056178728404
34.60105193890472	82.58006503240946
34.60105193890472	82.58006503240946
27.417523555732046	16.345201300764025
27.417523555732046	16.345201300764025
31.23100189591821	25.840252035100317
31.23100189591821	25.840252035100317
24.331268567090895	16.48874234342739
24.331268567090895	16.48874234342739
24.331268567090895	16.48874234342739
19.063347949459597	86.71650953030672
19.063347949459597	86.71650953030672
21.245012103234775	16.63228191087581
21.245012103234775	16.63228191087581
50.03233278297032	81.86236129430756
50.03233278297032	81.86236129430756
54.49321416523695	54.06006048190125
54.49321416523695	54.06006048190125
54.49321416523695	54.06006048190125
46.95494491456251	65.22100715072008
46.95494491456251	65.22100715072008
48.852815489207295	37.2534269665316
48.852815489207295	37.2534269665316
44.15248202983678	23.24789928292605
44.15248202983678	23.24789928292605
36.68516154274868	98.12968446173801
36.68516154274868	98.12968446173801
38.79587693293753	63.324619807528926
38.79587693293753	63.324619807528926
23.622136762877552	35.065828835777545
23.622136762877552	35.065828835777545
23.622136762877552	35.065828835777545
25.777195130307863	15.33628825031417
25.777195130307863	15.33628825031417
20.509275987891524	85.56405543719349
20.509275987891524	85.56405543719349
13.325749079933816	19.329193180763006
13.325749079933816	19.329193180763006
15.436464470122655	83.52412852655392
15.436464470122655	83.52412852655392
10.239492616077696	19.472732748211417
10.239492616077696	19.472732748211417
10.239492616077696	19.472732748211417
12.350208006266547	83.66766809400234
12.350208006266547	83.66766809400234
41.20847744958843	14.618585987427215
41.20847744958843	14.618585987427215