13.278540842074218	43.854019501845016
-10.578433144023016	66.22942874859203
-14.335990321316526	35.91702978589488
-1.4255271295945566	44.564727730210706
1.306276961724362	32.75479662180637
9.825247616415531	41.78620838726488
-0.464188920739252	38.092591806908565
-4.836736104291643	43.790019294478846
11.1937114797494	27.171881911186418
-12.826612052789812	45.823757580736306
6.913467060146024	36.468248955409145
5.48632006334878	43.07619336423402
6.297672278122759	33.34344454945383
-11.331779942864632	66.74048187067977
8.908899647107436	44.8538455201877
4.420039017274027	24.68753056474352
-19.190152717948646	42.985581126393924
5.018628938698319	29.05938192466195
16.80906074155144	25.181091694843037
-3.2261962793425756	39.39044947350439
5.842505846829226	41.340776915755455
11.910492159810815	33.800029967184656
-10.421982578524407	29.857314368786504
11.076717455992178	47.75910508307096
32.32882363760217	33.205833556422476
11.485046681388607	30.183297462570643
8.136090754090397	34.01222471512795
-0.7182564835831324	45.49438459783052
7.546044800318183	31.441324345749013
14.3968807758657	42.88629837120571
-9.449240207401527	43.648577979795796
-5.3305183654128285	43.179611364705096
-12.800845517451947	44.312416870018026
-2.60132748109704	35.499522727570344
17.796518882096148	52.47471487460186
13.762912849511263	36.01298104962414
-1.9375453626116723	36.89685543788413
7.643754589357995	40.42218131773933
20.850920844204477	30.435178872449022
-7.757959068308893	41.80368038824879
-2.3285719048869638	34.827781406111086
-0.21869321784678553	44.30053447630727
-18.353001254764074	52.82042365453714
9.891662275264512	49.75054302642701
20.098947406822134	39.24147264107711
6.482883759780053	34.76872392503202
5.733539054064841	49.4969451069264
11.37202569694169	40.32306450002285
6.622727000236014	28.5638568755598
11.08097312330306	45.33916222267297
-3.2016454013135665	37.02380350132416
3.8785226801750765	32.61351446983571
5.272233160563786	33.40463227689547
0.31050391396919563	31.12108762301929
-15.866409597917745	26.89800533981061
-4.293811526423967	39.782737181937804
-14.67743594352753	35.478200032145516
8.81365707876164	27.226491715760762
-2.946887438057159	42.428087991683974
5.450883991219646	62.74018355277965
-13.528046022240353	33.978771880985704
13.38894753412465	27.551851026557426
10.16674999353041	20.392778948874955
10.677728025657682	45.66917824548085
-9.578621597467905	36.29781789178609
4.639927274613729	35.07291440464844
8.50769462751736	32.5782963976147
-18.14012757607291	24.214636607795306
6.935046229527329	36.54684180520049
2.394351342824621	58.28779357603113
-7.68092893577746	50.93643498465939
10.326016793177704	38.854469970519766
5.9241927785938415	38.7476357154165
5.155783553997141	49.962108097829564
5.969861859050052	27.99855500473592
11.293249461463702	40.19393725662782
-9.241019581072457	30.563901705895987
-0.8820589340158738	64.49952682109408
14.826769903947842	31.016292839340696
9.773454494447503	49.08826518617766
-2.0325792859236547	51.24322962660479
26.84502406279051	55.78943313601701
4.463417564473511	45.410166858526274
9.71696914749176	40.30672829053736
-1.5580314074220976	37.616016761865325
-8.496594281870173	43.60294227469749
9.219620713052137	51.375352940400056
16.762393438934613	45.36648048526209
6.391239967948996	23.99332542602601
-6.854561259905222	39.689234879437066
-7.286428759682987	30.30255612931225
7.486180075691043	25.762916519786867
12.986268983939656	40.098035378186154
3.1731387083873566	23.67333556701384
-13.734331073230905	28.054861746513662
-14.363544964939038	49.211430751961935
4.7456080049080605	21.07227955785141
6.386061008024647	36.29450998586277
-6.995115805110108	46.65281712904634
4.605502010337032	37.35711632820318
15.141036420529367	45.91931515174642
0.4339636757201131	27.897304577150127
-4.757178760812622	41.8458555102343
-0.15361571673475272	44.41443616662788
8.395993250621935	26.82537134224834
-1.4171570487865641	35.09758525054244
13.874393327557158	57.07674395788356
6.1293784961057565	45.476586568031856
11.320242030764593	31.876466331940833
2.775444116251128	31.798168029405183
-11.29361561572318	42.63542017401022
10.570129767326652	46.38341570402511
8.985328476916429	28.767873785084916
10.341841771007992	40.77360972222894
14.62974913770297	40.92962877200402
20.89935699976274	42.231973600279936
-6.5586432677982485	19.277394485372287
-6.91354524276717	48.342721731844804
6.085484228410399	32.6236629184028
9.569762072006544	20.3306583967061
11.909256817887108	52.15767705491959
-14.050786666842654	35.41130486057021
3.24027581294603	43.38197105987252
-0.6838879530535649	40.45790958045574
11.47000662021673	35.10402198587818
6.2972041712765545	43.39777481390884
7.110538866092602	53.01244919754545
-3.9196529636722213	44.645497533988795
13.400005770371987	34.751355423919065
1.66076834275657	43.061718531216854
8.0044036060109	61.18464646819778
12.188170522425082	42.57451267278376
8.843638498263463	36.63868178310792
9.617859301270801	36.38366284969464
15.233941286309271	45.722385891388974
-7.339112545998273	43.07255589353886
13.170030739586121	28.04038616151673
1.0829926678728774	47.14381769643387
7.996085775402036	39.87555578357511
-13.584230937190156	26.439751717909715
-17.355380350858685	37.70465344984485
-3.2959355978199145	42.222841346000656
-0.08169579727204734	41.256599338853306
0.25251855652301014	32.672920220552555
-7.678915757514621	32.66233619515369
5.326030205473858	38.4078556837976
3.5846194513038245	34.007060573905214
-0.9304070464453695	25.39303099143649
-3.0903862079060946	43.659591646626666
14.021418967012593	26.97857344944653
11.81294597449087	29.73235701193991
-1.0800266204957576	44.25010681958919
-4.404761724321867	48.43720300309337
-3.7228203109176086	42.38782329920605
6.075457569894674	44.89681766915924
5.16317611027447	47.36745482240707
9.928785945819826	28.87448977018711
11.25794464360148	57.82494449557839
-3.101034272456631	53.144322173685275
7.025465812872985	31.512587494735264
-3.8445822740415485	33.67492721787815
-6.8755926360094834	46.61521570105091
10.99592898872687	46.0325712673481
9.029603080235656	41.313412795637845
10.091180493125467	27.17115103684958
18.155560308553945	28.554090365829186
11.209991967561663	55.92814835439188
5.352027553656076	48.16261366883907
-6.995558631696858	31.034360007668667
-9.883349878341836	47.124968961563674
-0.2476927812787184	33.144176498067125
6.152958561685566	38.807731429708134
-5.390925120209142	44.26076072622269
-10.609477775884447	23.972569800144225
-0.3960039444932293	49.10095566292772
0.44917506197845425	36.69957251563914
7.500457562773113	46.51453434016267
-0.7083782682817774	40.222054443459854
-14.91618240566644	18.525180194825477
-8.549712029183677	42.90167059736251
-9.278433524261263	31.042940033882275
8.656228523326588	32.31931707913012
-12.472659459353977	34.348568315471056
-5.951976888427745	38.63587377048284
12.285143186851283	45.703091726596206
-10.480592985461545	36.489161892839505
18.73554856773188	56.05036051158019
-12.008273475420712	45.123308064188485
19.829262754759096	39.4530109578651
4.004067548661193	40.49236791003398
6.677435360290019	31.441023828031717
1.1301276521427381	43.05318466329879
-2.086469969389557	36.46040088106002
14.792079152307767	34.8106957028265
1.3736899319891154	35.23095435235021
19.61097259772156	42.67453255826097
-6.613785868815289	37.67984605728095
8.012910741408845	27.269510433246047
-7.825099070749386	23.704621869952252
12.566150325201512	53.11201014777562
-4.015661800775314	39.83049612634434
16.764445088652224	55.327632857090016
14.993473778368369	43.222731916106206
6.634089601980168	53.460291213029514
18.96722281564664	33.54331881070025
17.783030329425745	40.404609969228304
-4.979262729004696	47.84575283201367
-2.3827707616511526	48.51135515505512
2.9064988983325866	41.45093976602861
7.334608555672692	45.39196533379009
1.1546435100700903	30.72295489551356
6.336032710357193	51.355784425559854
12.147475609759788	31.534028767768845
0.5117964011753011	31.03642710201359
9.482917078194129	38.181895631397694
7.17028658659687	41.79606631840072
7.957675049687048	45.16171449631645
8.445933925624502	46.35850061400629
-0.12698061249909642	37.69654369253755
6.443691800365494	40.97896709715267
-6.696801862644512	50.5537517016914
6.18281062048257	28.961726037387187
11.206877689974792	43.109697421079574
-6.7151095487859935	55.122790235593605
3.543874846291474	25.80442199823763
5.095958244064409	39.970669342327554
-5.194878355632832	40.20418874255682
-5.091330855236549	35.52667620544154
4.058402043805602	32.440451333223876
9.974694119308072	34.53088675304686
14.328610701279501	34.492114651857456
1.7801709499836575	51.04883961446292
4.941108173657835	39.68940501974651
-1.151632226925567	51.94839629463989
-15.9536563828749	63.842818812126424
-1.6142825440612372	36.269104633328524
-11.113020293603505	23.643369111521434
12.42400347487743	50.0062342741315
17.221099145119883	34.64142250764011
7.545127488120012	18.398632186277034
10.098216504862734	45.18438425601847
-22.55981030859655	41.29061038391185
-18.852390466708016	55.70878790924975
16.963798981191783	37.74592785723294
9.65983844317061	35.35831314058198
6.896145725294166	42.061224000240976
11.416556931166234	65.22207424647411
10.71089809708318	39.17843142110263
-21.255061692972344	32.515695574698064
2.690609339981957	32.1056606392788
65.49155903395538	15.034550122321352
58.968329245454264	25.980776217733357
39.660192919848285	48.07393746334499
48.96831062620591	20.09741170255947
70.43975214893752	23.397269700346364
56.77798889314303	19.27575435159995
34.23005121925279	27.769124406519943
50.28482238116686	38.28083569560458
30.735241964102535	33.39809297026346
47.75828655088462	25.12118697684601
56.32490453737274	33.99104808880222
40.83962833516994	15.281842493454736
44.384261945396794	32.930073867805525
52.268070182316634	33.62721397831132
36.31450234921225	14.46995100775469
61.7093365765379	34.18734447600048
42.98408228637592	10.582084328518746
39.98418865920531	18.79052518911525
35.440879667672675	26.425553557406385
33.64132948581884	23.549956962096083
45.325365558299744	39.06968313040247
47.02338244011024	35.615522541588945
59.82054402062838	41.653500031142144
42.01331244971552	34.87081010722301
49.15245683222886	19.711689316945947
46.254160324040505	15.132672361465964
52.41583724346463	22.530809842132207
47.391684361691375	23.277181266147636
32.06183439100921	52.245288392460644
54.93987433625791	15.790509044562334
35.96025246498688	6.3799255657382545
51.12892011943355	31.28357401538899
51.42057881324759	6.477657458050636
48.25085150627835	31.130319716759992
45.95856301738566	30.718705646746866
57.36835396126602	13.398316196072471
40.44809009201255	26.166062225452173
47.72646947286452	13.516771782459289
56.11695936346651	21.98627050719645
55.47312573962116	22.288705551793722
34.10764773735048	33.42828822014914
60.54999803625085	23.485919945279036
39.27361765210319	14.698743141886254
45.217669439135065	36.10492111249276
38.86402275299388	22.895775616484254
40.50945144888246	26.201403832761432
48.301967688859335	34.21363269478378
70.18575559492776	29.486255280470807
43.13971583241816	31.35314011432336
30.13248393418718	37.449347552009854
45.65551066653495	21.722415497915073
31.917582893001583	25.264446581144263
45.143560420069136	19.237613388494488
35.707167106554124	29.151311551787174
49.628518129397825	33.135491770692965
30.24822138762017	35.96595328385748
44.466416937402286	38.216962294485164
36.61261100696662	10.617592361561005
40.644522180380335	61.09998522738668
39.63370097345723	48.38560340193812
56.64843301624913	38.26516384450826
33.84930841726508	26.691462788684056
69.29307572432452	12.61488554416086
34.3631711925352	32.38539885511657
56.12955940407273	29.87515980531847
42.630910063982675	23.195260465788746
49.77792712889632	11.840955887817003
60.032431321126985	27.645974216771155
56.15600668442809	33.33157187922884
30.311727500745604	25.121553802641582
50.771373292677175	30.636825680580234
48.29583188938717	28.208932842954056
53.38086532586331	15.115071192227854
38.037012744083874	36.38111409844233
46.52912657472715	28.739616979815803
48.89641320255954	32.925350685107574
51.35121200807285	17.43058416765143
49.310629225348336	61.46258451945607
43.9670876456873	29.815623178977845
55.72813778608848	21.867889104939557
48.14777236068372	19.202326370620895
55.64073321517542	36.829282933103904
48.777823323599215	57.35374528332565
32.338507376051325	23.37047221189513
70.5730158834036	42.297904080405736
53.80447933305103	10.247769511526705
40.98840118158015	23.931856453289953
37.07328727061954	32.97976490910613
26.445619293270603	37.62412626156794
46.678687566174574	23.736386736827786
32.02667482273338	7.096006777119033
44.06566488195494	26.235464022662047
53.43306250927007	24.08527790985878
39.11715360120073	23.295278102716996
59.435011134872866	18.8653475914328
47.16246749345227	25.797582288513183
44.537273489853085	16.595317311960855
34.58833639886137	22.14311769900028
27.575208043613134	34.715768683760494
58.63845173650103	39.31255891368291
41.41658990069961	22.702704109911323
54.9848796051593	18.712469300909063
65.58239026006896	12.442809773418702
42.384843061948196	4.873340154298354
59.017123036113446	19.484750966432102
45.24182338137331	15.896867982575051
42.94933485136582	32.33092939431827
40.482856167738895	38.22858267106875
65.23380413133627	30.821459185116804
54.74569207375639	16.41042929095903
37.75376779903217	29.515134187767163
42.71788083906121	32.208706758720844
47.87677351842792	35.01968204308351
33.378943773622645	13.201311198699026
40.28983617597375	38.86139539113182
46.33524993907688	34.85601968174586
56.933440920184054	23.890851012023496
53.10601904949012	30.544701472364252
37.65361732075334	23.804910968178447
46.14849483695379	35.1630795593607
57.48189891176513	31.522419854998937
34.4128562208956	44.94841577392139
53.7619759841091	28.929530307723127
45.82060534291293	34.185008738592686
43.18120687408328	21.824760446293705
47.96156792765261	28.346828546953258
48.151924978163954	31.235370318089007
45.441826982695275	23.15696434578849
56.913137554432225	22.67071735877249
41.667729510970226	43.21016400888328
56.745419001286216	18.80265336461346
55.07803367160804	45.058739398508806
62.50491068889031	42.12787020511536
39.780517622853594	32.51599523977833
45.64917500335453	23.55018114988794
53.827808602502	11.203308426088888
56.42068452467201	27.25295554511766
61.935126591888476	22.889028738396785
61.07088176004352	30.65447875702809
48.038888247894675	18.170771481547252
25.77323854956011	25.949560668842143
45.358049964644145	20.197018950406957
41.05605580130985	42.220607915851
58.268351752989574	33.04849343044692
58.16987531385183	21.692603468150722
46.047312527072364	32.85801768874973
39.613527922342016	15.606409170100116
60.641265575416824	12.941287304562042
59.043141290244314	28.6589309576582
49.29795338745511	26.467508164333857
51.259624461150665	28.507170745119474
37.71785338694371	21.61700798696681
35.44039707357366	19.3314704377022
45.85122413045847	15.560166074104327
76.69146540304888	21.468919624057158
59.171894922927954	31.299359367587734
49.78585401120289	38.25862439658842
46.102838588161006	24.108010301392934
51.00232216488368	39.6072172485807
53.11031942779628	19.36578247348055
53.916402650347464	29.628881317344568
38.80422647508496	11.754687483303503
39.81236002231253	27.014577237373885
34.93017910436076	29.261301442035702
49.48418585289877	53.65231155079819
42.34421766436331	3.8856794852203613
50.438009855530694	18.74928557370913
45.85822271331375	31.871866674909
34.32898325816845	33.39493865336587
56.50435314675643	23.179494502788923
43.49082223879986	33.97885229464993
27.564918299333367	28.591506767006074
27.819859443971524	15.868296816296395
45.95550995411309	27.89178373497768
58.511142166047605	16.617109136661767
61.17244820726773	23.230515495970515
60.178240724401896	30.32867025633748
53.25082945033121	46.780299447993364
56.81603457498951	36.105485289247405
53.20677336889275	23.93110172247836
78.44120200942388	23.307912888903303
48.72382523639375	39.27730905414969
31.93473235168596	33.64394666656267
68.87869173903154	50.13670186494316
35.43208386155389	17.339002699598232
31.29316374905725	20.34120325343083
42.389134553838915	15.738760973438769
58.45109198072347	29.970251670335802
37.47348077610985	25.181966982467525
40.38573050852219	25.58974198037856
51.67136909733309	25.287570252210767
48.210354927360754	38.47298252842983
54.797197398187436	40.33134659192002
49.88146435840928	40.76347361172141
61.5446903002433	13.21160323065263
44.206956303004674	40.01858815379867
35.37117537009133	25.506286374198947
33.68968555968047	22.232747096354085
20.97109782386064	22.519445831631863
40.75012870318886	30.983241445280935
41.6856283261897	47.81044483126985
41.24457252886263	32.9495712435849
30.936135085684196	39.65231868920729
47.16886164503117	37.60602742543541
41.40376676083107	15.866551720140137
47.41406213091598	36.711139780661526
53.30196178888251	18.50017076037262
49.80918423883361	28.188484279750895
40.00154317540902	42.302027166697755
37.432582461052895	20.49770116437223
62.24156091344316	33.97061502770258
32.50728152235745	26.30593129380474
45.565504545844455	13.323975245751605
58.988355205418614	23.87595875953903
47.73696084996438	23.854557233033912
40.171732216789955	29.097464114402403
59.70608366841158	22.314117377002788
58.25800419760334	20.712710591210083
53.63237616130547	29.05962298077996
52.06098657287372	45.645419888146286
34.00038124935618	44.96567127160998
41.24014164181566	26.78958239401242
53.73673279288678	22.399848036210667
42.15678309408179	22.98268126439106
46.593823126852584	22.339822515452564
36.44009334775742	39.26922551189442
44.69018606348849	33.353880783072825
53.10026353909345	13.990526894176142
50.55832438900829	22.217174598305817
38.71464405187794	38.26966773127313
45.633385342568985	24.77566877934448
56.3392175650521	38.44684248696993
45.64598048598308	31.16324121306343
37.50487246682707	14.907101473123234
60.49641686079916	11.552464276815616
57.20265473756818	33.32215979591183
51.83448718239268	33.620565287704494
46.63208224038351	26.34841748482298
42.96003688540695	28.392012309785468
47.981816759675624	30.43316533142224
59.39188870255536	32.813136509011905
43.60595351329598	28.649460999333314
41.13067841294272	45.95333379265368
46.05129150683449	26.260718945792036
55.76815019553156	25.926695448892463
39.83728180691567	26.804996854206557
38.10099080639321	36.40478339586613
33.20270876572575	14.174713022086904
47.94080709660733	33.248121503749736
36.815306387646615	20.497580483801283
76.55676203964589	62.7673580322171
55.36095128377411	52.12585853787817
67.39099680745404	58.38054977315164
63.457139593998924	46.305742765390264
62.14779377897532	48.42145913205789
65.65478642629968	39.66557691445588
60.310013192605	47.82500970257481
64.04992899699869	36.7957455264582
61.242588612097485	48.6666609806167
67.52102489299862	56.72807045044944
53.21656598120595	40.8635630275079
66.6565880787598	42.50347033431113
62.52170163787601	65.26531512367525
72.08065760914218	49.35096671660527
68.21561592934572	64.76799488843749
73.39969268593492	58.607519653238434
41.81042048497434	60.02703351645069
55.42415710882242	38.21322326959816
67.89175899483133	55.27903895215095
69.13797297510057	68.98426507935845
86.50277817527089	50.75884882738056
70.80993288065525	59.14375058501576
43.267268206521614	62.86128550354041
52.806244172106304	43.305406751833104
55.85991762498128	50.91381523182073
51.770522473878074	66.19299360541858
68.9506046805481	49.89640282167037
78.9063062664486	58.92034861684707
77.46328080689086	50.37550725774208
63.52066375835957	60.64838662959784
65.05424353475607	62.73820686187559
70.92320216256834	53.63590527899079
57.93635259482901	40.966327952082
63.432654446630124	61.39804465958895
66.86816943603905	52.05307975150152
52.14576099614768	50.6121897094459
71.26861711392773	41.80110463701011
68.93358846469786	61.49177569161698
48.74898604818253	39.90326697806367
68.57889809324394	39.99156253456653
69.91899734227394	55.10837009051644
80.07686794690161	55.66808059249358
46.625865916616604	45.43258532583286
67.76158263771876	55.018755309174175
53.60477467071306	63.87073485080843
56.814960381752265	35.78438012594212
61.87661677696718	56.702523679185326
57.99157203441268	39.33053296117793
62.43285375326712	44.09839004470625
52.96196694306225	53.83967039075731
74.6777040333454	70.42004540848345
67.16393270888612	62.63190234377529
73.86422065836831	52.263824491746675
75.27829260490894	75.10143202632294
54.56411694003928	51.6681597902453
49.43959067523718	52.06547910469044
68.63690230556873	67.28377521618211
56.78833468971508	82.8266602881605
49.49189010102504	59.75279285675901
46.21755067206054	59.46289017002155
63.99472044963906	66.90321908215594
52.27501901169823	44.39703401702225
73.74681501239152	53.36577263361479
52.92164492857844	54.47930948823874
79.46241399098885	50.18912401077641
87.4484788558847	62.08956889886135
53.871947916422016	43.939890009985476
62.1119618723718	49.436659208599515
57.91001271408496	53.23848585066265
75.0674847210279	68.32274236083873
78.03942341326076	72.57425004328651
65.25284139158185	65.88177893834734
57.279288785169975	64.83813123957216
60.902171413486926	43.58307960155456
80.66385945137941	55.65858116837579
58.33002690641681	82.48015070134541
67.91939539136419	63.79149217207614
64.53209863458363	48.40114323842571
77.13910485950586	52.623024251903594
67.58973807253743	58.47423224093026
49.412897674279904	70.03432692852076
70.39641483335724	43.984633207248606
68.77415469294506	57.16851950187137
45.36649785559416	77.25391919668543
58.7960303815108	52.397598510155966
62.14087804513834	46.61753795861111
70.47247697025546	55.3955391486355
57.93828955071588	33.664455936726405
65.53464865621365	44.8380653291924
79.21849703234403	66.54373860690293
50.12704301268513	53.43695397654501
49.7066182647343	62.51585787394883
49.183466460949326	39.467898720475716
56.90421012238451	58.35028784923122
50.80893107402523	57.64527411937689
69.61132193294627	45.00788997124644
58.437663731609895	70.43301671487366
70.18185252120182	64.0431844609107
49.45608169861533	51.839718814528325
67.12739505406748	54.989754769444936
53.62533215723035	66.92027663375619
43.969521873560666	60.26486598772617
44.9583044041151	62.564251807026416
49.73156544556521	68.94187882502976
61.64759820084196	57.65482394453952
62.91042297966087	65.59750141988361
63.23769185331432	75.84570885610675
67.67257052811271	53.66387941228757
61.51924507080017	62.74342258890333
60.85610428445521	55.11199762041284
67.09328004333037	52.183334991574654
62.41368474802956	50.65976601560411
69.74638852233163	50.53128510848348
55.169595346855374	47.55864203258379
55.78194673112862	60.61904680454238
69.76683348759596	82.09293048757446
62.06094601395903	45.83547133045113
56.00283281063265	58.49309041920008
68.71640739786326	64.96546689199329
63.99623757509668	59.16509338695649
79.32068285075138	39.73161020012387
56.07972201465761	36.76120732834064
68.0747526943057	60.65719885728439
71.89414824595129	60.13445833755393
65.32063322658806	60.050271506552946
40.10228470167169	48.11890766932139
65.94793903890492	35.955720009005894
54.72706632170444	54.630782036761566
74.68363474816312	51.30142373245255
58.52455602132815	40.96702662558878
63.99614440488336	65.47352037338894
64.45652432581629	43.584687321200214
41.20051781938521	59.339990035872475
51.32245127688007	32.11076864414956
58.30902464224407	61.25625291406956
67.70734099014224	46.936819316719095
62.39220934303377	54.722125371768115
70.41455390191271	63.541441751782266
56.32714022106647	68.11324974982817
44.920170146715584	45.095293656273455
77.58485770857273	69.47775876790146
54.136192849218304	71.97076898726021
77.23519775279713	64.78150232191462
61.04679011665441	46.64682980470195
58.05741953279277	42.413467656919515
49.400243728209716	54.164181384662385
71.06655690038181	68.08553872657585
65.0493792452382	34.478545701207366
57.54805641083871	66.72479330767138
88.28518072555138	57.35714637484544
28.093266605830607	57.015612539441356
66.39873074943146	33.451776552168354
53.703680132601704	59.06254608034162
70.80848604564326	56.371401292819975
57.227171802628035	46.33295823499322
64.6658085148401	34.8067054680692
59.12858410449385	49.630888400997364
63.42004871539051	49.690383841294775
69.04359135075401	66.43034925673236
74.72833692529473	42.74539755270115
66.90419390185683	45.40366152988825
59.391142119784455	50.51437420851766
80.93362799349231	55.64995977457658
47.496733737839904	66.3302843590087
66.91968411604886	60.88717411739218
43.280959811436425	52.95677145320038
68.580918021957	77.65342008869463
65.69801973289084	58.677226745471884
58.52501063161583	42.00598119246989
61.621879882511195	51.748326927790636
67.32088312481274	57.214926394876265
61.03688375560206	49.70648745058928
78.47836612459905	40.78220820624245
64.71103322754642	55.5930593959718
54.30695836060677	55.96606546114789
46.73389005153699	46.46047393399314
64.46434282569034	55.254413340467586
52.97535734495565	54.21661548436984
58.951815655207824	51.15728648985172
52.789096662593124	57.01193314061473
74.13961181733852	46.164431965872836
46.278557688124515	46.34078387353452
55.1323190797762	47.73256337597233
72.59597540846684	54.27765346401952
55.21349514639885	42.400091528805085
46.575949451235175	59.72418154886209
72.65009683420953	47.013703208406625
54.74793348947034	54.78008235396513
58.05014430784841	61.35348238262182
53.89065841239346	56.89483322608586
58.20434685295272	51.77906288905101
58.49131411157918	59.465183283948086
62.46148159150082	59.04676883505871
62.706885868599194	57.05714016430286
58.02185664848666	71.58757843566534
71.8355943639396	42.75594205622459
55.34518103846405	56.325208812896435
72.81421825754329	48.34469884410363
69.21088504505671	66.70911860131754
67.78561040882671	61.4167658610898
53.79619493712525	57.31746409859341
61.11995828572059	43.82016191217803
56.118720406682435	59.40396379609777
71.00923575983514	57.34621883968329
53.49013574658008	41.247913932197775
68.73865148345413	58.93391738330873
61.49166173006857	51.918229705503606
74.37681924475058	54.90843428514218
60.39917737058702	44.69197567626406
78.19543415949393	55.27369081331007
62.522469271473994	55.21833656610724
63.49032056672291	56.66705569485498
63.67691312142661	45.772543029526965
52.63409616673276	51.56946227970998
75.1414506568077	41.63575560753839
71.22618907566446	50.60041869628271
56.65301903702903	76.18215105490786
71.52509104136634	61.63988854025354
54.604136564877024	44.44596646354855
36.90743653020196	50.28573422399904
63.819891627047305	68.28693953767284
51.15739592816522	47.008120906457314
70.90050455210316	51.86609810501683
59.228981975054694	76.75552549027672
49.96375953384176	49.08261265253468
64.62218937754709	53.26083559473562
79.79070083655927	68.8561644037119
81.36789935815492	47.912770534648885
58.427187852396	60.11793923795671
77.37553092860139	50.361723592718064
66.15230412537596	52.5743293124476
59.72108696101217	51.330145292460706
66.56018614053136	43.6698158904716
56.31797761040479	50.63232959045039
65.26221694634022	59.31206864172559
51.008133036458844	39.074947854276175
65.09997181493505	64.10469931797472
70.72342142135489	54.122218290604806
74.50173138727236	51.816165888824884
71.20554455490819	52.23773337446371
54.59020191586959	60.72091513267998
51.8282919588157	48.97256744523415
62.32919528432419	46.51322845324427
85.65456464797245	53.8125990958869
69.87605125081917	60.42870995291414
67.3093557603037	47.87156673244628
73.3089367046899	61.784706776226
61.19846896286407	51.75178200871006
72.10531232354776	46.02590581955256
58.102910176538266	56.35563692393304
30.091052165458404	4.209909827373288
40.95233849512825	31.191090974670775
26.728262640247582	28.005512942811244
46.33210062630103	1.7150106932184883
34.66302026868849	2.4859497385569025
34.55419259755828	23.475568837580138
34.06047401776323	30.209853511752364
64.41057233216117	14.3556781910954
37.01420126450542	6.474969951972717
37.266515766695484	25.168658115290455
35.52737673888251	5.877086520737613
50.56134770375788	8.876093619611684
30.329281775021535	21.74664118107676
36.759473225540546	26.499598480554063
41.34796788526617	27.453584697510706
24.95665031041483	14.384761587994259
50.562088968315024	1.8811096795356406
30.224607582775334	21.12172109538976
35.54942065137803	5.067140601659137
34.98313678084029	17.02438169909651
42.82375154592494	2.1918089278435993
38.463055515871524	11.855999784456445
49.634980379384956	24.814801524792394
21.953264955121554	22.65252438286651
40.41391556041698	6.321755591494525
33.78848548586101	-0.15188390670680718
61.649998025270115	16.052838127630423
41.759833267666735	24.74589288180587
28.85321316843845	18.144658320999014
40.28542291297194	5.699609823474995
34.16786061808366	19.67840775971352
41.99570450889095	-4.315883110377797
37.026752964543114	25.37232363753857
17.862382713258295	29.229553523313335
39.61900143482504	-2.25793971725305
50.62158861713715	9.107255452916423
27.36818122293415	12.299415448693154
51.56343995379429	22.116475688858962
17.747793509793585	9.338833431187496
22.980509887640704	6.944030125519399
17.86791800497928	27.7847180919214
46.27579469341985	24.85791166155226
27.807379564193027	-0.22854350328401196
28.691914257199752	16.5992704692234
46.46329365395095	13.135023723049654
31.285769936728926	14.211353295226722
42.531953727433816	15.138942261349886
60.77023312417005	1.5872868940081712
54.32788582424752	9.714955471340708
24.03698708333988	6.705145609191128
45.97509748006712	34.48299248025427
52.726210257529814	14.500968896903988
41.80665495346764	25.03782154034451
48.95552361646243	13.839747274474778
27.62591738460358	16.28965760345172
23.408820394737162	22.263414614697467
42.66574234365695	-3.3925453892408974
42.469925121082134	8.916542576192304
44.289101841103935	29.421593952363228
38.498309939673405	4.758637130137705
19.297580537922837	14.986604127142833
25.787562016074705	29.13177655648532
46.92998316411849	4.163847447061261
31.782286966665723	11.444991567820136
34.82405482018376	33.37604641764143
44.48679111428381	11.62947492889338
28.76439459791795	19.060755541083317
30.734890656366808	10.942360358551662
35.659088719629274	5.959271467908012
61.50874483220503	2.2096481880697247
34.321550018830806	6.619228176062231
34.496326535353006	9.61231257791202
55.53301939873994	15.271252895303563
27.786580923375702	22.82683202970501
40.024847756705384	24.9424511328695
25.7287906676939	18.38346828188815
38.70785139700056	11.306903260367738
39.66483638720821	5.88346131497101
58.425180411213326	25.970101365427745
43.366033223581766	5.9566906378913815
32.37545906093974	10.743481495853423
58.30971959760753	1.8229053564602484
47.04359904000083	7.6563386856983
42.34592480352789	18.702794932057706
44.179053250500004	11.701098849045971
37.141075266773036	1.505380591468798
45.82234955367156	21.992035837513527
39.98792640251059	10.588196749225585
61.85491271255634	11.955494544574469
53.24745702937392	-11.008590242062404
36.10564627778919	18.249310772091757
43.89095413745037	-5.359031208093295
54.47268335552238	7.935639465571301
52.34449390308778	20.452875479052555
26.17441448409398	2.9374595462420334
59.34522191641069	5.576646422286043
41.107647163750286	18.278212957791546
41.29924163304174	12.28972619904853
24.679883242975496	7.730607912707257
32.13863704101655	4.108935687058574
36.60625343738677	8.592751418473048
30.217230054679625	-0.0144763920423987
44.47588572154366	3.6382647774725996
48.562740765420244	9.767911053212426
34.858371448727425	-4.098265486694093
39.479019927794745	21.605732859996795
45.61382028792262	21.257356321145963
56.65309803911539	13.493687358415016
31.262090619306743	20.571938352464215
38.189914590202605	-1.916664367789883
30.996581357356867	18.79251040477212
61.172832572803244	8.32498520065785
38.22032906462607	10.184637717463808
37.99953823242011	16.579504851621184
51.79462819890275	6.083323591277252
41.56467414264361	18.481488469961462
40.14319285736058	7.838974469115619
35.606403837571996	5.825279043212918
50.71029256346428	24.717679861001322
43.44347373186213	9.321693570143406
37.47051551088969	-8.903575859181693
18.987552194762568	3.855839196807752
31.48218751955487	25.822071015240503
43.51328982217704	14.99082834887319
50.51412236593434	6.508774409037996
37.433039672091226	16.49362201912448
43.79176682932932	16.732975181406385
36.198625066407686	22.386324852189116
55.751757607243846	10.767823652328856
28.59324881716463	2.3880036735290684
51.648217944041335	21.187210530937854
51.394098652415124	12.389419085573355
61.51120229519865	28.232880516132
57.649964413024094	20.946907398703573
43.37834246089815	23.417108813542015
31.523441956848043	8.772541180773935
33.849448993778005	28.64826268744476
34.35765801947916	-3.740642842805986
37.723801365092115	-1.4284844854597978
28.623316689605325	29.336321663501767
47.99130193350394	24.366987026272046
43.416426824695904	8.852058670864793
17.84522391055954	13.994236809347383
30.38595712004262	17.543389270479675
35.650541393686176	17.84918957980685
44.228078276974514	15.32704973782
37.77276779093965	14.370053999666741
51.6448796844374	15.442326257199193
58.49003920391412	5.385096385934657
52.28483046813652	1.634508833246528
42.9818128750183	27.321454277289533
42.456039651608606	-6.846772031575355
46.0102729986304	6.852555526136221
43.3923606681808	5.003426886199609
50.97720246769508	7.428083639049317
32.03930168829113	5.100563264013811
45.27149385387188	13.669073455889999
22.441040548156703	10.995500401165305
57.56906893964472	1.9209322211135103
35.298512835294595	10.25619611591972
27.033276646682666	-0.34762540131768915
34.789968740881925	21.2448666177071
51.539412463657854	19.690472858873832
38.11440227741025	17.155978825056877
33.79397778458874	0.3970875773162028
39.742062052247356	24.42250624188391
46.667646428019125	22.500292320202234
55.81097915138915	30.29484883197848
51.80832146728973	-1.9801529453927156
48.79837409529139	-5.207694238157661
52.336531054912655	4.19713635150465
59.82347538911306	11.124451127231017
37.73110525506722	7.499279233241383
57.4221813949678	3.6561785918508107
57.04545609627881	14.043732826041408
45.40813637969115	30.24331820203779
22.314943652791563	24.123728727259255
30.206917936971372	45.972259180946
51.353584402620186	13.35631641328107
39.82757316393062	19.056509329162154
54.376584854348735	0.16509905996065477
40.54648149178572	17.14638724011096
25.927650671967605	13.471501286689568
45.473531928550386	13.379298621369292
31.212490207513238	37.84681559121188
52.17572013659341	29.372047826510027
40.50436032916993	17.890127848279292
27.94167206232487	29.182224082172908
35.6238327869942	5.689499019790914
46.42001025695556	15.358830095478108
55.46888187132816	20.34447625688547
44.87642804111077	23.109210768405728
42.565496853521246	10.327559795010162
31.0340883262674	21.139440260874174
44.64827551426679	24.133570798997145
31.331624538818915	27.843998176408473
48.60549397055135	14.757316131327762
52.47103623233756	23.9730094500899
37.48417630630941	23.237150802534156
28.445479189320963	24.543568270211196
43.835972183762195	14.662516365443212
52.58692298616747	11.483114462752757
43.38066169703054	-0.04906710553144933
38.15999495620636	14.530196841692796
47.776487398465676	1.0471252317587876
32.306331356590036	26.189956153893917
46.1621754215982	7.277893988475805
52.80571126358325	1.4271393971410102
42.41276271044639	14.406409120290443
34.18524012851474	14.686774985349771
35.324895561935804	-7.771689407447472
59.22950815865087	17.354006667906887
24.99914147709699	0.6716856960958939
20.583313815293508	28.391762658696837
36.66501606442069	31.717046010686243
46.70720563383807	23.3022909824555
56.77889352866846	-3.8941146420041406
49.119797214653886	8.03911646913252
24.68895450381533	14.550063859069697
38.75294072351684	14.115886027993122
34.67009778691985	8.38773156470464
49.123966378941375	-7.366834929730391
42.678558066229684	9.482931226610079
49.59760343385514	24.757482437721794
34.86568771940187	16.05757437842401
44.98739788051321	19.795646000529622
41.53352251869001	29.654648355330405
53.218420348735314	21.447706339035214
31.04286298364216	26.380785477659018
35.72695825327927	-7.983385975478196
38.477368271698154	23.26319642059169
50.22161859245903	-3.8694555193793256
49.89241459568772	6.17269247570705
52.60176531894084	14.319125801475595
36.044108225227816	11.08075623597783
44.37046637142283	4.360224069737541
33.734012723304915	14.509368282481667
26.811271539093383	15.165058043508239
42.252137238668745	16.772758616311165
63.11013437834063	1.7054260624352295
63.048135334290876	37.41490346961287
32.523642901313146	-3.226503626385071
39.60245612603488	-4.573760982792013
41.33817651858233	13.845752265835202
55.0989889145648	21.263809072246474
43.44982789327873	14.593656636913735
50.523518373271386	22.917112918308092
54.87075699743295	20.558147482693208
42.010230234112356	19.064036492441062
46.54470652698635	15.719011656243053