55.862529456594125	33.039249717157375
51.162195997223606	19.033722033551822
51.162195997223606	19.033722033551822
43.9786690892659	51.798861252336295
43.9786690892659	51.798861252336295
43.9786690892659	51.798861252336295
45.52179732119395	2.2270899933971284
45.52179732119395	2.2270899933971284
77.22687115126807	89.22663687293182
77.22687115126807	89.22663687293182
78.76999938319612	39.65486708920761
88.64069743505176	69.0664746346933
81.10242818437732	80.2274213035121
81.10242818437732	80.2274213035121
83.00029875902212	52.25984111932364
83.00029875902212	52.25984111932364
83.00029875902212	52.25984111932364
68.33206705429984	57.262023056058354
68.33206705429984	57.262023056058354
60.86474509199677	33.1438082348703
60.86474509199677	33.1438082348703
59.88920549354446	97.48228314810964
54.69223363949951	33.430890320197044
54.69223363949951	33.430890320197044
84.04714147749584	14.427673357928969
84.04714147749584	14.427673357928969
84.04714147749584	14.427673357928969
85.9184047905808	36.81477873249307
85.9184047905808	36.81477873249307
80.72143441175079	71.76338442936553
80.72143441175079	71.76338442936553
82.83214980193964	36.958321250371405
82.83214980193964	36.958321250371405
75.36482783963658	12.84010495396839
75.36482783963658	12.84010495396839
75.36482783963658	12.84010495396839
70.66449585548102	97.83457727036284
70.66449585548102	97.83457727036284
72.27857285099542	12.983644521416812
72.27857285099542	12.983644521416812
2.6334792137767957	92.98042903436368
98.27229776623858	19.45572085080368
1.453961920013764	48.371494706587725
1.453961920013764	48.371494706587725
95.18604130238246	19.599263368682006
95.18604130238246	19.599263368682006
88.28630797355515	10.247752201794134
88.28630797355515	10.247752201794134
92.09978631374132	19.742802936130428
92.09978631374132	19.742802936130428
92.09978631374132	19.742802936130428
22.525641440109027	64.46042595907043
22.525641440109027	64.46042595907043
24.396906228408938	86.84753133363454
24.396906228408938	86.84753133363454
19.12898561077765	58.07529852051386
19.12898561077765	58.07529852051386
12.229252281950334	48.72378882884094
12.229252281950334	48.72378882884094
13.772380513878387	98.15201904511673
13.772380513878387	98.15201904511673
13.772380513878387	98.15201904511673
9.142995818094214	48.86732987150431
9.142995818094214	48.86732987150431
10.686124050022267	98.29555861256515
10.686124050022267	98.29555861256515
92.80962388039491	25.736653727483343
92.80962388039491	25.736653727483343
87.55057333342685	79.17952572811181
87.55057333342685	79.17952572811181
89.44844243285668	51.2119470191383
89.44844243285668	51.2119470191383
89.44844243285668	51.2119470191383
82.47776034044303	77.13959881747225
82.47776034044303	77.13959881747225
86.36218744421554	51.35548658658671
86.36218744421554	51.35548658658671
79.39150387658692	77.28313838492066
79.39150387658692	77.28313838492066
11.520121952951946	67.30087679640604
11.520121952951946	67.30087679640604
6.1369110697078195	58.732281404546534
10.305131752610704	89.83152321363352
10.305131752610704	89.83152321363352
3.334448184982092	16.75917501196746
3.334448184982092	16.75917501196746
4.9485251804964845	30.90824226302143
4.9485251804964845	30.90824226302143
0.24819172112598298	16.90271605463084
0.24819172112598298	16.90271605463084
0.24819172112598298	16.90271605463084
29.106461164447868	46.853632472840765
29.106461164447868	46.853632472840765
31.21717655463671	12.048566343416724
31.21717655463671	12.048566343416724
26.029074771255	30.21227832925328
26.029074771255	30.21227832925328
28.139788686228894	94.40721219982925
28.139788686228894	94.40721219982925
20.956261778271184	28.172349943398753
20.956261778271184	28.172349943398753
20.956261778271184	28.172349943398753
15.688341160639885	98.40011713027808
15.688341160639885	98.40011713027808
17.870005314415064	28.315890986062122
17.870005314415064	28.315890986062122
48.92767462719377	53.61278941233942
48.92767462719377	53.61278941233942
51.10933878096894	82.52856326812346
51.10933878096894	82.52856326812346
51.10933878096894	82.52856326812346
43.615412507535964	9.765032530473032
43.615412507535964	9.765032530473032
38.91507904816545	94.75950632208244
38.91507904816545	94.75950632208244
40.812949622810244	66.79192613789397
40.812949622810244	66.79192613789397
33.2746803721358	77.9528728067128
33.2746803721358	77.9528728067128
33.2746803721358	77.9528728067128
37.72669315895413	66.93546718055735
37.72669315895413	66.93546718055735
20.211657067479628	14.889017180752328
20.211657067479628	14.889017180752328
22.393319746039857	43.80479103653637
22.393319746039857	43.80479103653637
17.13426772385685	97.24766303716484
17.13426772385685	97.24766303716484
10.234534395029536	87.89615334549191
10.234534395029536	87.89615334549191
10.234534395029536	87.89615334549191
14.048012735215702	97.39120407982823
14.048012735215702	97.39120407982823
6.864485827257993	31.15634182339774
6.864485827257993	31.15634182339774
8.975201217446832	95.3512756939737
8.975201217446832	95.3512756939737
40.1038178185969	85.36901410545909
40.1038178185969	85.36901410545909
33.133137201398206	12.296665903793027
33.133137201398206	12.296665903793027
33.133137201398206	12.296665903793027
34.72060693535278	76.80041871359957
34.72060693535278	76.80041871359957
30.09122371478356	27.515731015202103
30.09122371478356	27.515731015202103
31.634350471496653	76.94395975626293
31.634350471496653	76.94395975626293
24.450823563538947	10.709097499832449
24.450823563538947	10.709097499832449
24.450823563538947	10.709097499832449
56.07608150979339	50.77270253083984
56.07608150979339	50.77270253083984
57.690158505307785	64.9217697818938
57.690158505307785	64.9217697818938
50.71947493767917	90.84942158022774
50.71947493767917	90.84942158022774
54.612769161684994	48.28041563830631
54.612769161684994	48.28041563830631
54.612769161684994	48.28041563830631
47.6420885444863	74.20806743664025
73.69789362786751	62.185877462271115
73.69789362786751	62.185877462271115
77.51137196805368	71.68092672139245
77.51137196805368	71.68092672139245
70.61163863922636	62.32941702971952
70.61163863922636	62.32941702971952
70.61163863922636	62.32941702971952
72.19910837318092	27.833171314741033
72.19910837318092	27.833171314741033
67.49877491381041	13.827643631135482
67.49877491381041	13.827643631135482
60.031455901937264	88.70942880994743
60.031455901937264	88.70942880994743
62.1421712921261	53.90436415573835
62.1421712921261	53.90436415573835
62.1421712921261	53.90436415573835
47.25222470119653	82.52892574874453
47.25222470119653	82.52892574874453
48.79535293312458	32.95715596502033
48.79535293312458	32.95715596502033
41.89561812908231	23.605644798132445
41.89561812908231	23.605644798132445
36.636567582114274	77.04851827397587
36.636567582114274	77.04851827397587
38.81823173588945	6.964292129759919
38.81823173588945	6.964292129759919
38.81823173588945	6.964292129759919
33.55031111825815	77.19205931663925
33.55031111825815	77.19205931663925
35.73197527203333	7.1078316972083275
35.73197527203333	7.1078316972083275
64.51929595176888	72.33791108064008
64.51929595176888	72.33791108064008
59.60611915206928	65.16986786705515
59.60611915206928	65.16986786705515
61.71683306704316	30.36480321284606
61.71683306704316	30.36480321284606
61.71683306704316	30.36480321284606
54.222906793610186	56.60127395041058
54.222906793610186	56.60127395041058
58.674919580428515	45.583868324255135
58.674919580428515	45.583868324255135
51.136651804969034	56.74481499307396
51.136651804969034	56.74481499307396
53.31831448352925	85.66058737364305
53.31831448352925	85.66058737364305
53.31831448352925	85.66058737364305
84.37598379630793	11.957487275135307
84.37598379630793	11.957487275135307
77.19245688835024	44.722625018704825
77.19245688835024	44.722625018704825
79.30317227853908	9.91756036449574
79.30317227853908	9.91756036449574
74.11506901994241	28.081270875117326
74.11506901994241	28.081270875117326
76.22578441013125	92.27620622090825
76.22578441013125	92.27620622090825
76.22578441013125	92.27620622090825
71.02881255608631	28.224810442565747
71.02881255608631	28.224810442565747
1.3837203940826397	9.221594955512629
1.3837203940826397	9.221594955512629
2.9977973895970322	23.370663681781547
2.9977973895970322	23.370663681781547
97.29746393022651	9.365134522961037
97.29746393022651	9.365134522961037
97.29746393022651	9.365134522961037
0.19533450487131565	80.39755433877257
0.19533450487131565	80.39755433877257
91.70140675622338	7.634025076337092
91.70140675622338	7.634025076337092
87.00107624728278	92.6284988679465
87.00107624728278	92.6284988679465
88.61515176758222	7.777567594215428
88.61515176758222	7.777567594215428
46.08655847926382	17.710044512885023
46.08655847926382	17.710044512885023
46.08655847926382	17.710044512885023
49.970985583036324	90.9259322819995
49.970985583036324	90.9259322819995
43.00030201540771	17.853584080333444
43.00030201540771	17.853584080333444
44.898172590052496	88.88600537135993
44.898172590052496	88.88600537135993
39.63912056786949	43.32887737198839
39.63912056786949	43.32887737198839
39.63912056786949	43.32887737198839
32.73938871425713	33.97736768031547
32.73938871425713	33.97736768031547
36.55286557922834	43.47241841465177
36.55286557922834	43.47241841465177
65.97872070559606	88.19003996237682
65.97872070559606	88.19003996237682
67.52184893752411	38.61826870343765
67.52184893752411	38.61826870343765
62.892465716954895	88.33357952982523
62.892465716954895	88.33357952982523
62.892465716954895	88.33357952982523
55.354196466280456	0.49452619864404634
55.354196466280456	0.49452619864404634
57.225461254580374	22.88163304842311
57.225461254580374	22.88163304842311
52.59607508358124	72.59694387481069
52.59607508358124	72.59694387481069
54.13920331550929	23.02517409108648
54.13920331550929	23.02517409108648
54.13920331550929	23.02517409108648
83.56505991709197	67.74279711402649
83.56505991709197	67.74279711402649
78.29714077467564	38.970564300905814
78.29714077467564	38.970564300905814
80.47880345323586	67.8863366814749
80.47880345323586	67.8863366814749
75.21088283560456	39.114103868354235
75.21088283560456	39.114103868354235
77.11762200569764	93.3616284979149
77.11762200569764	93.3616284979149
77.11762200569764	93.3616284979149
70.14694138849895	20.289281771463802
70.14694138849895	20.289281771463802
2.275557989649021	10.30701870773423
2.275557989649021	10.30701870773423
4.386273379837861	74.50195405352515
4.386273379837861	74.50195405352515
95.91895436796472	50.383739232337106
95.91895436796472	50.383739232337106
95.91895436796472	50.383739232337106
1.3000183911967098	74.64549362097357
1.3000183911967098	74.64549362097357
92.83269642889366	50.52727879978551
92.83269642889366	50.52727879978551
94.70396121719355	72.91438564956458
94.70396121719355	72.91438564956458
90.003629233038	58.90885796595903
90.003629233038	58.90885796595903
72.5595404299349	70.58324795136211
72.5595404299349	70.58324795136211
72.5595404299349	70.58324795136211
74.67025582012374	35.77818329715302
74.67025582012374	35.77818329715302
69.47328396607878	70.72678751881051
69.47328396607878	70.72678751881051
71.58399935626761	35.921722864601435
71.58399935626761	35.921722864601435
66.38702897743762	70.87032708625892
66.38702897743762	70.87032708625892
66.38702897743762	70.87032708625892
59.4252140052573	80.01308369834202
59.4252140052573	80.01308369834202
61.32308457990209	52.04550498936851
61.32308457990209	52.04550498936851
92.38075389268079	77.34240489086076
92.38075389268079	77.34240489086076
94.56241804645597	7.258177271429852
94.56241804645597	7.258177271429852
94.56241804645597	7.258177271429852
87.02414879578153	18.419123940248667
87.02414879578153	18.419123940248667
82.39476409999736	68.13443476663625
82.39476409999736	68.13443476663625
10.967093104176701	56.89516056729548
10.967093104176701	56.89516056729548
10.967093104176701	56.89516056729548
13.14875725795188	85.81093442307952
13.14875725795188	85.81093442307952
7.8808366403205925	57.038701609958856
7.8808366403205925	57.038701609958856
0.9811033114932761	47.687191918285926
0.9811033114932761	47.687191918285926
4.794580176464472	57.18224117740726
4.794580176464472	57.18224117740726
96.90371544308545	31.045836299483486
96.90371544308545	31.045836299483486
96.90371544308545	31.045836299483486
98.4468436750135	80.47406651575928
98.4468436750135	80.47406651575928
30.859255330508933	28.37515749200222
30.859255330508933	28.37515749200222
23.88857323809528	54.30280781512122
23.88857323809528	54.30280781512122
25.50265023360967	68.45187654139013
25.50265023360967	68.45187654139013
25.50265023360967	68.45187654139013
20.80231677423916	54.446348857784585
20.80231677423916	54.446348857784585
22.41639376975356	68.59541758405351
22.41639376975356	68.59541758405351
15.49005465458137	10.598591975918197
15.49005465458137	10.598591975918197
0.24536719615001357	17.618965444603607
0.24536719615001357	17.618965444603607
0.24536719615001357	17.618965444603607
2.1432377707948094	88.65138526041514
2.1432377707948094	88.65138526041514
94.1725542031662	15.579037058749082
94.1725542031662	15.579037058749082
98.0569813069387	88.79492482786355
98.0569813069387	88.79492482786355
91.08629921452504	15.72257810141245
91.08629921452504	15.72257810141245
85.88932736048008	50.67118232306995
85.88932736048008	50.67118232306995
85.88932736048008	50.67118232306995
88.00891134611722	98.08122248261
88.00891134611722	98.08122248261
17.867180789439104	29.03214037603489
17.867180789439104	29.03214037603489
22.248244812671086	53.29389476467135
22.248244812671086	53.29389476467135
15.064717904713376	86.05903250824088
15.064717904713376	86.05903250824088
15.064717904713376	86.05903250824088
16.607844661426483	36.48726272451666
16.607844661426483	36.48726272451666
11.978461440857268	86.20257355090425
11.978461440857268	86.20257355090425
4.44019071496787	97.36352021972306
4.44019071496787	97.36352021972306
6.595250557613129	77.63397815904473
6.595250557613129	77.63397815904473
6.595250557613129	77.63397815904473
37.72386715876321	67.65171657053011
37.72386715876321	67.65171657053011
39.83458254895205	32.846651916321036
39.83458254895205	32.846651916321036
32.65105564099434	65.61178818467559
32.65105564099434	65.61178818467559
27.383135023363042	36.83955684676987
27.383135023363042	36.83955684676987
29.564800652353178	65.75532922733896
29.564800652353178	65.75532922733896
29.564800652353178	65.75532922733896
24.29688003472189	36.98309641421829
24.29688003472189	36.98309641421829
26.487411308730405	49.11397508375148
26.487411308730405	49.11397508375148
55.27473198846595	15.344054467183227
55.27473198846595	15.344054467183227
50.645348767896735	65.05936381835585
50.645348767896735	65.05936381835585
50.645348767896735	65.05936381835585
52.1884769998248	15.487594034631647
52.1884769998248	15.487594034631647
45.004948616652136	48.25273177820115
45.004948616652136	48.25273177820115
49.38601411509907	72.51448764205257
49.38601411509907	72.51448764205257
41.91869215279601	48.39627134564957
41.91869215279601	48.39627134564957
41.91869215279601	48.39627134564957
44.073751995441285	28.666730760186198
44.073751995441285	28.666730760186198
28.82906306179497	35.687102753656646
28.82906306179497	35.687102753656646
21.929329732967652	26.335593061983722
21.929329732967652	26.335593061983722
25.74280659793886	35.83064232110506
25.74280659793886	35.83064232110506
18.55927968998115	68.59578006467457
18.55927968998115	68.59578006467457
18.55927968998115	68.59578006467457
20.66999508016999	33.790715410465495
20.66999508016999	33.790715410465495
15.473024701339988	68.73932110733794
15.473024701339988	68.73932110733794
44.83679965956966	32.951208958819
44.83679965956966	32.951208958819
46.45087665508406	47.10027768508793
46.45087665508406	47.10027768508793
46.45087665508406	47.10027768508793
41.75054319571355	33.09475000148238
41.75054319571355	33.09475000148238
43.36462019122794	47.24381725253634
43.36462019122794	47.24381725253634
36.39393809881428	73.17146905087029
36.39393809881428	73.17146905087029
31.480759823899728	66.00342878771527
31.480759823899728	66.00342878771527
33.02388805582778	16.431657528776096
33.02388805582778	16.431657528776096
33.02388805582778	16.431657528776096
62.449744657410456	61.1492805517161
62.449744657410456	61.1492805517161
66.30756449962313	85.71985387958314
66.30756449962313	85.71985387958314
59.33688093199451	12.647505677917092
59.33688093199451	12.647505677917092
54.13991055316451	47.59611137478955
54.13991055316451	47.59611137478955
54.13991055316451	47.59611137478955
56.25062594335335	12.791046720580471
56.25062594335335	12.791046720580471
49.06709903539564	45.556184464149986
49.06709903539564	45.556184464149986
52.88057737558181	55.05123519848628
52.88057737558181	55.05123519848628
82.3153010973978	82.9839600847455
82.3153010973978	82.9839600847455
83.8584278541109	33.412191776236256
83.8584278541109	33.412191776236256
83.8584278541109	33.412191776236256
79.22904463354169	83.12750260262385
79.22904463354169	83.12750260262385
71.69077538286724	94.28844927144266
71.69077538286724	94.28844927144266
73.87243806142749	24.204221652011753
73.87243806142749	24.204221652011753
68.6045203942261	94.43198883889107
68.6045203942261	94.43198883889107
68.6045203942261	94.43198883889107
70.50238949365593	66.46440865470261
70.50238949365593	66.46440865470261
53.554940560442226	29.184666734842637
53.554940560442226	29.184666734842637
48.33136144483743	15.487956515252707
48.33136144483743	15.487956515252707
50.513027073827566	44.40373037103676
50.513027073827566	44.40373037103676
45.24510645619627	15.631497557916076
45.24510645619627	15.631497557916076
45.24510645619627	15.631497557916076
47.426770609971456	44.54726993848517
47.426770609971456	44.54726993848517
39.88849988408206	55.70821660730399
39.88849988408206	55.70821660730399
71.30091153957748	3.6093075835469355
71.30091153957748	3.6093075835469355
73.4204955252146	51.019346267872045
73.4204955252146	51.019346267872045
73.4204955252146	51.019346267872045
65.9531750381265	26.90113292189895
65.9531750381265	26.90113292189895
70.33424053657346	51.16288878575037
70.33424053657346	51.16288878575037
62.8669185742704	27.044672489347366
62.8669185742704	27.044672489347366
64.97763396445924	91.23960783513829
64.97763396445924	91.23960783513829
64.97763396445924	91.23960783513829
59.78066358562924	27.188213532010735
59.78066358562924	27.188213532010735
89.13556994841062	8.184998044957617
89.13556994841062	8.184998044957617
91.0334405230554	79.21741786076913
91.0334405230554	79.21741786076913
85.80986288266557	65.52070764117921
85.80986288266557	65.52070764117921
87.92057827285441	30.715644462185093
87.92057827285441	30.715644462185093
87.92057827285441	30.715644462185093
82.72360789402443	65.66425015905754
82.72360789402443	65.66425015905754
75.75292580161077	91.59190195739149
75.75292580161077	91.59190195739149
77.36700132191021	6.740969208445459
77.36700132191021	6.740969208445459
9.992259268164636	46.80457423945283
9.992259268164636	46.80457423945283
9.992259268164636	46.80457423945283
11.898996963042766	2.0520988690135002
11.898996963042766	2.0520988690135002
4.360727712368326	13.213045537832327
4.360727712368326	13.213045537832327
98.73134301658415	62.92835783943487
98.73134301658415	62.92835783943487
1.2744712485122056	13.356586580495694
1.2744712485122056	13.356586580495694
1.2744712485122056	13.356586580495694
93.37473939489985	4.005076888822781
93.37473939489985	4.005076888822781
97.1882147846561	13.500126147944115
97.1882147846561	13.500126147944115
80.31171461502872	39.94122126286231
80.31171461502872	39.94122126286231
82.18297940332863	62.32832663742642
82.18297940332863	62.32832663742642
76.91505878569734	33.55609382430574
76.91505878569734	33.55609382430574
76.91505878569734	33.55609382430574
70.01532545687003	24.204585607847783
70.01532545687003	24.204585607847783
73.82880379705618	33.69963634218408
73.82880379705618	33.69963634218408
66.9290689930139	24.348125175296193
66.9290689930139	24.348125175296193
68.47219722494197	73.77635539157198
68.47219722494197	73.77635539157198
68.47219722494197	73.77635539157198
1.168402459567785	78.5607989325725
1.168402459567785	78.5607989325725
92.63900180434163	72.93685041514046
92.63900180434163	72.93685041514046
94.53687237898642	44.96927023095199
94.53687237898642	44.96927023095199
89.83653891961592	30.963744022561396
89.83653891961592	30.963744022561396
91.45061591513031	45.1128097984004
91.45061591513031	45.1128097984004
91.45061591513031	45.1128097984004
84.47993382271666	71.0404630719493
84.47993382271666	71.0404630719493
16.608551899081686	61.05820148343469
16.608551899081686	61.05820148343469
18.719267289270537	26.25313535401065
18.719267289270537	26.25313535401065
13.495691124095659	12.556426609635675
13.495691124095659	12.556426609635675
13.495691124095659	12.556426609635675
15.393560223525487	83.58884790066216
15.393560223525487	83.58884790066216
8.422878131111831	10.51649822378115
8.422878131111831	10.51649822378115
3.225906277066872	45.46510539586857
3.225906277066872	45.46510539586857
5.336621667255723	10.66003926644453
5.336621667255723	10.66003926644453
34.19489111057761	40.61095568465445
34.19489111057761	40.61095568465445
34.19489111057761	40.61095568465445
38.57595513380959	64.87271154850588
38.57595513380959	64.87271154850588
31.117503242169782	23.969601541066968
31.117503242169782	23.969601541066968
33.22821863235863	88.16453688685789
33.22821863235863	88.16453688685789
28.315040357444065	80.9964951484879
28.315040357444065	80.9964951484879
28.315040357444065	80.9964951484879
20.776771106769626	92.15744181730672
20.776771106769626	92.15744181730672
22.958435260544803	22.07321419787581
22.958435260544803	22.07321419787581
7.713747802113457	29.09358619134626
7.713747802113457	29.09358619134626
9.895410480673677	58.00935857191535
9.895410480673677	58.00935857191535
4.671834315498798	44.31265130275534
4.671834315498798	44.31265130275534
4.671834315498798	44.31265130275534
96.70115222308515	70.24030310108928
96.70115222308515	70.24030310108928
98.59902279772994	42.27272291690081
98.59902279772994	42.27272291690081
93.33110218009864	13.500491578995092
93.33110218009864	13.500491578995092
95.51276485865885	42.41626395956418
95.51276485865885	42.41626395956418
95.51276485865885	42.41626395956418
25.30008553839441	8.646341867780976
25.30008553839441	8.646341867780976
20.670702317825203	58.36165269416856
20.670702317825203	58.36165269416856
22.213830549753258	8.789882910444353
22.213830549753258	8.789882910444353
15.322965816374234	81.65347803252057
15.322965816374234	81.65347803252057
19.136442681345432	91.14852729164191
19.136442681345432	91.14852729164191
19.136442681345432	91.14852729164191
11.952915773387721	24.913665035211416
11.952915773387721	24.913665035211416
14.063631163576572	89.10860038100233
14.063631163576572	89.10860038100233
45.192247764726645	79.12633879248772
45.192247764726645	79.12633879248772
38.22156567231299	6.053989115606717
38.22156567231299	6.053989115606717
38.22156567231299	6.053989115606717
42.07938698974061	30.624565393903676
42.07938698974061	30.624565393903676
35.17965218569834	21.27305422701579
35.17965218569834	21.27305422701579
36.722780417626396	70.70128444329158
36.722780417626396	70.70128444329158
31.809603617926786	63.5332427049216
31.809603617926786	63.5332427049216
31.809603617926786	63.5332427049216
61.16450998070816	44.53002721786848
61.16450998070816	44.53002721786848
62.77858697622256	58.679092993707485
47.53354663657108	3.9139963453264053
49.64426202675993	68.10893169111732
49.64426202675993	68.10893169111732
32.48396532757225	37.666672766063
32.48396532757225	37.666672766063
36.297443667758415	47.161724975614256
36.297443667758415	47.161724975614256
36.297443667758415	47.161724975614256
29.397710338931095	37.81021380872637
29.397710338931095	37.81021380872637
24.174132698541257	24.113506539566366
24.174132698541257	24.113506539566366
26.284848088730097	88.30844041014232
26.284848088730097	88.30844041014232
18.817527601642	64.19022558895428
18.817527601642	64.19022558895428
23.19859310008895	88.45197997759074
23.19859310008895	88.45197997759074
23.19859310008895	88.45197997759074
52.34065464732627	76.28625043577317
52.34065464732627	76.28625043577317
53.88378140403937	26.71447917683402
53.88378140403937	26.71447917683402
49.25439818347016	76.4297900032216
49.25439818347016	76.4297900032216
41.71612893279571	87.5907366720404
41.71612893279571	87.5907366720404
43.90666168201919	0.7216153415736076
43.90666168201919	0.7216153415736076
43.90666168201919	0.7216153415736076
38.638741064387894	70.94938252845293
38.638741064387894	70.94938252845293
40.82040521816307	0.8651549090220172
40.82040521816307	0.8651549090220172
71.87807453094177	26.162056285729232
71.87807453094177	26.162056285729232
64.69454762298406	58.92719255408379
64.69454762298406	58.92719255408379
64.69454762298406	58.92719255408379
66.8052630131729	24.122126424659747
66.8052630131729	24.122126424659747
61.58168537278306	10.425419155499734
61.58168537278306	10.425419155499734
63.76334952655825	39.341193011283785
63.76334952655825	39.341193011283785
56.22508027588381	50.50213968010261
56.22508027588381	50.50213968010261
87.92128551050962	55.28658174588816
87.92128551050962	55.28658174588816
87.92128551050962	55.28658174588816
89.46441374243769	5.714810486948996
89.46441374243769	5.714810486948996
82.28088683447997	38.47994823051851
82.28088683447997	38.47994823051851
86.66195085771197	62.741704094369936
86.66195085771197	62.741704094369936
79.19463037062387	38.62348927318188
79.19463037062387	38.62348927318188
79.19463037062387	38.62348927318188
81.31421288104603	86.03352943272193
81.31421288104603	86.03352943272193
76.11724250221603	21.982135129594393
76.11724250221603	21.982135129594393
36.91322220867151	41.065726367641
36.91322220867151	41.065726367641
40.79764783722906	15.28161561197043
40.79764783722906	15.28161561197043
40.79764783722906	15.28161561197043
33.8269657448154	41.20926741030438
33.8269657448154	41.20926741030438
35.72483631946019	13.241688701330853
35.72483631946019	13.241688701330853
30.501257203855396	98.54497995695588
30.501257203855396	98.54497995695588
23.530576586656696	25.472630280074878
23.530576586656696	25.472630280074878
25.14465358217109	39.621699006343796
25.14465358217109	39.621699006343796
25.14465358217109	39.621699006343796
56.76991005321058	79.68530403735119
56.76991005321058	79.68530403735119
58.38398557351001	93.83437128840514
58.38398557351001	93.83437128840514
51.413304956311315	20.762023086739088
51.413304956311315	20.762023086739088
46.50012668139675	13.593981348369107
46.50012668139675	13.593981348369107
46.50012668139675	13.593981348369107
48.04325343810986	63.0222115646449
48.04325343810986	63.0222115646449
41.15238870473083	36.88580668672112
41.15238870473083	36.88580668672112
44.96586704491698	46.380855945842455
44.96586704491698	46.380855945842455
74.39172364649966	91.0984774935675
74.39172364649966	91.0984774935675
69.12380302886837	62.32624468044683
69.12380302886837	62.32624468044683
69.12380302886837	62.32624468044683
71.3054657074286	91.24202001144583
71.3054657074286	91.24202001144583
63.76719645675415	3.402966680264659
63.76719645675415	3.402966680264659
67.93541713965705	34.502207014136694
67.93541713965705	34.502207014136694
61.00907802448485	75.50538288121635
61.00907802448485	75.50538288121635
62.55220625641291	25.933613097492135
62.55220625641291	25.933613097492135
62.55220625641291	25.933613097492135
94.24841001582377	30.71805516327769
94.24841001582377	30.71805516327769
86.71014076514932	41.879001832096506
86.71014076514932	41.879001832096506
88.89180639413946	70.79477568788056
88.89180639413946	70.79477568788056
83.62388577650817	42.02254287475987
83.62388577650817	42.02254287475987
85.53062494660125	96.27006897953551
85.53062494660125	96.27006897953551
85.53062494660125	96.27006897953551
78.55994137897264	23.197719302654498
78.55994137897264	23.197719302654498
63.386202684127625	93.93892980611808
63.386202684127625	93.93892980611808
65.49691807431647	59.13386367669404
65.49691807431647	59.13386367669404
60.29994622027151	94.08247084878144
60.29994622027151	94.08247084878144
60.29994622027151	94.08247084878144
62.41066161046036	59.277404719357406
62.41066161046036	59.277404719357406
54.94333964815729	35.159189898169366
54.94333964815729	35.159189898169366
50.2430091392167	21.153662214563813
50.2430091392167	21.153662214563813
52.114273927516614	43.54076906434287
52.114273927516614	43.54076906434287
52.114273927516614	43.54076906434287
80.97254189562354	73.4916854825528
80.97254189562354	73.4916854825528
85.35360591885554	97.75344134640422
85.35360591885554	97.75344134640422
77.88628395655248	73.63522505000121
77.88628395655248	73.63522505000121
79.9969993467413	38.830161871007085
79.9969993467413	38.830161871007085
79.9969993467413	38.830161871007085
74.80002896791132	73.77876756787954
74.80002896791132	73.77876756787954
67.83821694616091	82.92152417996263
67.83821694616091	82.92152417996263
69.73608604559074	54.953943995774154
69.73608604559074	54.953943995774154
1.7937553583694337	80.2508438972664
1.7937553583694337	80.2508438972664
3.9754195121446116	10.166616277835494
3.9754195121446116	10.166616277835494
3.9754195121446116	10.166616277835494
97.70749889451332	80.39438493992978
97.70749889451332	80.39438493992978
90.80776556568601	71.04287524825686
90.80776556568601	71.04287524825686
92.35089379761406	21.47110398931769
92.35089379761406	21.47110398931769
87.7215091018299	71.18641481570526
87.7215091018299	71.18641481570526
89.59277389012979	93.57352166548434
89.59277389012979	93.57352166548434
19.380094569865356	59.80359957370113
19.380094569865356	59.80359957370113
19.380094569865356	59.80359957370113
14.750708398866223	10.518910400088707
14.750708398866223	10.518910400088707
16.293838106009236	59.94713914114954
16.293838106009236	59.94713914114954
9.39410477718192	50.595629449476625
9.39410477718192	50.595629449476625
13.207581642153126	60.09068165902787
13.207581642153126	60.09068165902787
13.207581642153126	60.09068165902787
6.316716908774102	33.95427530588913
6.316716908774102	33.95427530588913
90.07202945034274	40.97464582414462
90.07202945034274	40.97464582414462
91.96989854977258	13.007067115171111
91.96989854977258	13.007067115171111
84.99921645735893	38.93471891350506
84.99921645735893	38.93471891350506
88.88364356113142	13.150608157834478
88.88364356113142	13.150608157834478
88.88364356113142	13.150608157834478
81.91295999350281	39.07825995616843
81.91295999350281	39.07825995616843
83.5270369890172	53.227327207222395
83.5270369890172	53.227327207222395
78.82670500486165	39.2218009988318
78.82670500486165	39.2218009988318
8.658367186623709	20.527402975794303
8.658367186623709	20.527402975794303
10.556237761268495	91.55982279160584
10.556237761268495	91.55982279160584
10.556237761268495	91.55982279160584
5.855904301897982	77.55429658321523
5.855904301897982	77.55429658321523
7.469981297412385	91.70336530948416
7.469981297412385	91.70336530948416
0.499300680213689	18.631015632603145
0.499300680213689	18.631015632603145
94.30232735095377	53.579622804690565
94.30232735095377	53.579622804690565
94.30232735095377	53.579622804690565
96.42191281180587	1.9896614890156619
96.42191281180587	1.9896614890156619
28.5505308881709	91.00739842528608
28.5505308881709	91.00739842528608
30.66124627835974	56.20233377107701
30.66124627835974	56.20233377107701
23.477717895187073	88.96747151464652
23.477717895187073	88.96747151464652
23.477717895187073	88.96747151464652
18.209798752770734	60.195238701525845
18.209798752770734	60.195238701525845
20.391461431330963	89.11101255730989
20.391461431330963	89.11101255730989
12.85319365587147	1.2719592261287174
12.85319365587147	1.2719592261287174
17.3052064426898	89.2545521247583
17.3052064426898	89.2545521247583
46.13686862445185	70.56015410172081
46.13686862445185	70.56015410172081
46.13686862445185	70.56015410172081
48.2475840146407	35.75508944751173
48.2475840146407	35.75508944751173
43.33440573972614	28.58704770914174
43.33440573972614	28.58704770914174
35.796137964266656	39.747994377960566
35.796137964266656	39.747994377960566
37.97780064282687	68.66376675852966
37.97780064282687	68.66376675852966
37.97780064282687	68.66376675852966
32.70988150041053	39.89153542062393
32.70988150041053	39.89153542062393
34.90041277441906	52.02241261494217
34.90041277441906	52.02241261494217
19.655725315987702	59.042784608412624
19.655725315987702	59.042784608412624
12.755991987160384	49.691274916739694
12.755991987160384	49.691274916739694
14.299120219088438	0.11950513301548615
14.299120219088438	0.11950513301548615
14.299120219088438	0.11950513301548615
9.385941944173883	91.9514633946455
9.385941944173883	91.9514633946455
11.496657334362723	57.146398740436425
11.496657334362723	57.146398740436425
4.02933684727462	33.02818244403341
4.02933684727462	33.02818244403341
35.654593318314106	73.09178747504079
35.654593318314106	73.09178747504079
35.654593318314106	73.09178747504079
37.24206452748362	38.59554028484733
37.24206452748362	38.59554028484733
30.342331198656307	29.244030593174408
30.342331198656307	29.244030593174408
34.155808063627504	38.73908280272567
34.155808063627504	38.73908280272567
26.972281155669794	71.50421907108023
26.972281155669794	71.50421907108023
29.082996545858645	36.69915294165619
29.082996545858645	36.69915294165619
29.082996545858645	36.69915294165619
23.886024691813684	71.6477601137436
23.886024691813684	71.6477601137436
53.24093252981002	52.64454315147552
53.24093252981002	52.64454315147552
57.13422675381585	10.07553573433912
57.13422675381585	10.07553573433912
50.1635446614022	36.003189007888025
50.1635446614022	36.003189007888025
50.1635446614022	36.003189007888025
51.777620181701636	50.152256258941996
51.777620181701636	50.152256258941996
47.07728967276104	36.146730050551405
47.07728967276104	36.146730050551405
39.89376128958837	68.91186631890596
39.89376128958837	68.91186631890596
41.43688952151643	19.34009653518175
41.43688952151643	19.34009653518175
41.43688952151643	19.34009653518175
73.13309475614226	24.124538600967306
73.13309475614226	24.124538600967306
74.7205644900968	88.6282928859888
74.7205644900968	88.6282928859888
67.74988387289811	15.555944684322746
67.74988387289811	15.555944684322746
62.55291201885315	50.50455038119521
62.55291201885315	50.50455038119521
64.66362740904201	15.699484251771167
64.66362740904201	15.699484251771167
64.66362740904201	15.699484251771167
57.480100501084294	48.46462199534067
57.480100501084294	48.46462199534067
61.29357736605549	57.959672729676974
61.29357736605549	57.959672729676974
44.417077196428124	84.40076784459517
44.417077196428124	84.40076784459517
39.15802517424512	38.84363984522364
39.15802517424512	38.84363984522364
39.15802517424512	38.84363984522364
41.33968785280534	67.75941370100769
41.33968785280534	67.75941370100769
33.80142007734586	78.92036036982651
33.80142007734586	78.92036036982651
38.25343286416419	67.9029532684561
38.25343286416419	67.9029532684561
30.71516361348975	79.06389993727493
30.71516361348975	79.06389993727493
32.613034188134534	51.09632122830141
32.613034188134534	51.09632122830141
32.613034188134534	51.09632122830141
64.23829065917401	91.15992478409383
64.23829065917401	91.15992478409383
56.74436438574103	18.396395521658363
56.74436438574103	18.396395521658363
58.92602706430126	47.31216790222745
58.92602706430126	47.31216790222745
53.65810792188492	18.539936564321728
53.65810792188492	18.539936564321728
53.65810792188492	18.539936564321728
55.83977060044514	47.455710420105774
55.83977060044514	47.455710420105774
50.571849982813845	18.683477606985107
50.571849982813845	18.683477606985107
79.71391300526614	6.51774658995259
79.71391300526614	6.51774658995259
81.82462987066994	70.7126819357435
81.82462987066994	70.7126819357435
76.63652513685831	88.87639097115014
76.63652513685831	88.87639097115014
76.63652513685831	88.87639097115014
78.74724052704715	54.07132631694107
78.74724052704715	54.07132631694107
71.279921515174	29.95311149575301
71.279921515174	29.95311149575301
66.5795880558035	15.94758381214746
66.5795880558035	15.94758381214746
68.19366357610294	30.09665253841639
68.19366357610294	30.09665253841639
68.19366357610294	30.09665253841639
97.54857141409927	11.093435576148302
97.54857141409927	11.093435576148302
2.7167906217872053	42.19267738523529
2.7167906217872053	42.19267738523529
94.22286582356918	68.42914812279982
94.22286582356918	68.42914812279982
96.33358121375802	33.624081993375775
96.33358121375802	33.624081993375775
91.1366078844981	68.57268769024824
91.1366078844981	68.57268769024824
91.1366078844981	68.57268769024824
84.16592726729941	94.50033948858218
84.16592726729941	94.50033948858218
88.050351420642	68.7162287329116
88.050351420642	68.7162287329116
71.10290248742828	31.436485337836682
71.10290248742828	31.436485337836682
73.00077306207308	3.4689051536482127
73.00077306207308	3.4689051536482127
73.00077306207308	3.4689051536482127
67.74172103989008	56.91177715427667
67.74172103989008	56.91177715427667
60.84198771106276	47.560267462603754
60.84198771106276	47.560267462603754
62.385115942990815	96.98849767887954
62.385115942990815	96.98849767887954
57.75573124720664	47.703808505267126
57.75573124720664	47.703808505267126
57.75573124720664	47.703808505267126
59.298859479134705	97.13203724632795
59.298859479134705	97.13203724632795
88.72471608071737	42.849658794053006
88.72471608071737	42.849658794053006
83.78493201945793	86.03630408965056
83.78493201945793	86.03630408965056
85.32806025138599	36.46453430592635
85.32806025138599	36.46453430592635
78.42832544734371	27.113023139038468
78.42832544734371	27.113023139038468
78.42832544734371	27.113023139038468
82.24180378752988	36.608073873374764
82.24180378752988	36.608073873374764
75.34207045870257	27.256564181701847
75.34207045870257	27.256564181701847
7.39973977148125	52.5534640831941
7.39973977148125	52.5534640831941
9.581403925256438	81.4692364637632
9.581403925256438	81.4692364637632
9.581403925256438	81.4692364637632
2.043133199367041	92.630183132582
2.043133199367041	92.630183132582
6.2202224777182185	7.944528280203179
6.2202224777182185	7.944528280203179
98.24954038530457	33.872181553752085
98.24954038530457	33.872181553752085
0.8636173808189562	48.021250280021015
0.8636173808189562	48.021250280021015
0.8636173808189562	48.021250280021015
95.16328392144845	34.0157211212005
95.16328392144845	34.0157211212005
25.021551889555383	63.966639014625386
25.021551889555383	63.966639014625386
27.132267279744223	29.161572885201345
27.132267279744223	29.161572885201345
21.93529690091422	64.1101785820738
21.93529690091422	64.1101785820738
23.80656021399918	86.49728543185286
23.80656021399918	86.49728543185286
23.80656021399918	86.49728543185286
16.835879596800485	13.424937230186805
16.835879596800485	13.424937230186805
11.638907742755526	48.373542927059255
11.638907742755526	48.373542927059255
13.749623132944366	13.568478272850173
13.749623132944366	13.568478272850173
97.57588443809935	84.30968730109879
97.57588443809935	84.30968730109879
97.57588443809935	84.30968730109879
0.6865998282881979	49.504622646889715
0.6865998282881979	49.504622646889715
92.21927786598513	25.386406350486713
92.21927786598513	25.386406350486713
87.52781447727787	93.59598495584525
87.52781447727787	93.59598495584525
89.42568505192267	65.62840477165679
89.42568505192267	65.62840477165679
81.88741580124824	76.7893514404756
81.88741580124824	76.7893514404756
81.88741580124824	76.7893514404756
86.33942858806655	65.77194581432015
86.33942858806655	65.77194581432015
16.126747792587143	32.002025197751905
16.126747792587143	32.002025197751905
18.30841194636233	60.91779757832099
18.30841194636233	60.91779757832099
13.040492803945991	32.14556476520033
13.040492803945991	32.14556476520033
13.040492803945991	32.14556476520033
6.114153688773797	73.14874063227998
6.114153688773797	73.14874063227998
8.012022788203625	45.18116192330647
8.012022788203625	45.18116192330647
2.7441021705723263	16.408929110185788
2.7441021705723263	16.408929110185788
4.925767799562474	45.324701490754876
4.925767799562474	45.324701490754876
35.983437112341164	70.62160139224713
35.983437112341164	70.62160139224713
35.983437112341164	70.62160139224713
29.08370230829889	61.270091700574206
29.08370230829889	61.270091700574206
30.626830540226944	11.698320441635039
30.626830540226944	11.698320441635039
26.00631591510603	44.62873608177176
26.00631591510603	44.62873608177176
27.549444147034084	94.05696629804756
27.549444147034084	94.05696629804756
27.549444147034084	94.05696629804756
20.365915763861416	27.82210404161707
20.365915763861416	27.82210404161707
51.991172234900894	67.88570759740949
51.991172234900894	67.88570759740949
53.605249230415296	82.03477632367841
53.605249230415296	82.03477632367841
46.63456713800164	8.96242812201236
46.63456713800164	8.96242812201236
46.63456713800164	8.96242812201236
50.51899424177413	82.17831589112683
50.51899424177413	82.17831589112683
43.59265365138698	24.181493233421445
43.59265365138698	24.181493233421445
38.32473450897066	94.40926042030077
38.32473450897066	94.40926042030077
40.22260360840048	66.44168023611229
40.22260360840048	66.44168023611229
23.27515467518677	29.161936841037363
23.27515467518677	29.161936841037363
23.27515467518677	29.161936841037363
27.159580303744313	3.377826085366796
27.159580303744313	3.377826085366796
20.18889821133066	29.305477883700743
20.18889821133066	29.305477883700743
21.802973731630093	43.4545451347547
21.802973731630093	43.4545451347547
17.11151034292283	12.664122264898298
17.11151034292283	12.664122264898298
17.11151034292283	12.664122264898298
9.644189855834728	87.54590744371025
9.644189855834728	87.54590744371025
11.75490524602358	52.740842789501166
11.75490524602358	52.740842789501166
43.167316901519	0.6419337657441063
43.167316901519	0.6419337657441063
44.71044513344705	50.07016250680495
44.71044513344705	50.07016250680495
37.810711804619736	40.718652815132025
37.810711804619736	40.718652815132025
37.810711804619736	40.718652815132025
32.54279118698845	11.946420002011344
32.54279118698845	11.946420002011344
34.69784955441875	91.21687941654797
34.69784955441875	91.21687941654797
29.500877700373792	27.165483638205473
29.500877700373792	27.165483638205473
31.611593090562632	91.36042045921134
31.611593090562632	91.36042045921134
31.611593090562632	91.36042045921134
60.75365611301492	79.19468796696387
60.75365611301492	79.19468796696387
55.48573549538362	50.42245515384319
55.48573549538362	50.42245515384319
57.6673996491588	79.33822900962726
57.6673996491588	79.33822900962726
50.129130398484364	90.49917567844606
50.129130398484364	90.49917567844606
50.129130398484364	90.49917567844606
54.590011780750984	62.6968733908248
54.590011780750984	62.6968733908248
47.051742530076545	73.85782005964363
47.051742530076545	73.85782005964363
49.23340520863677	3.7735953906426296
49.23340520863677	3.7735953906426296
80.29107599663041	29.070493816919928
80.29107599663041	29.070493816919928
73.1075490886727	61.83563156048944
73.1075490886727	61.83563156048944
73.1075490886727	61.83563156048944
75.21826447886156	27.03056690628036
75.21826447886156	27.03056690628036
70.0212926248166	61.97917112793785
70.0212926248166	61.97917112793785
72.17634951703194	42.24963054247448
72.17634951703194	42.24963054247448
66.90843184983055	13.477397729353799
66.90843184983055	13.477397729353799
66.90843184983055	13.477397729353799
24.45078584988354	87.13071315801653
24.45078584988354	87.13071315801653
25.993914081811607	37.558943374292326
25.993914081811607	37.558943374292326
21.080737282111997	30.39090163592234
21.080737282111997	30.39090163592234
23.191452672300837	94.58583698171326
23.191452672300837	94.58583698171326
23.191452672300837	94.58583698171326
15.724130709997779	70.46762216052522
15.724130709997779	70.46762216052522
11.032667321290516	39.6771992906688
11.032667321290516	39.6771992906688
12.64674431680492	53.82626654172277
12.64674431680492	53.82626654172277
42.0016506795863	34.82304957945468
42.0016506795863	34.82304957945468
45.88607630814383	9.03893882378411
45.88607630814383	9.03893882378411
45.88607630814383	9.03893882378411
38.91539569094513	34.96659209733302
38.91539569094513	34.96659209733302
40.81326479037497	6.9990119131445425
40.81326479037497	6.9990119131445425
35.545345647958634	77.22677910002388
35.545345647958634	77.22677910002388
28.619005057571478	19.229954967103527
28.619005057571478	19.229954967103527
28.619005057571478	19.229954967103527
32.50343068612902	92.44584273621798
32.50343068612902	92.44584273621798
61.858339999340316	73.44262724916487