49.67381261451224	41.57647389778378
42.490284231339565	74.34161016613834
42.490284231339565	74.34161016613834
46.30376109631077	83.83666090047463
46.30376109631077	83.83666090047463
39.404027767483456	74.48515120880171
39.404027767483456	74.48515120880171
70.46169708026214	0.7820511102939712
70.46169708026214	0.7820511102939712
72.64336123403734	29.697823490863062
72.64336123403734	29.697823490863062
28.398508280326375	77.32560204613732
30.509223670515215	42.52053739192824
30.509223670515215	42.52053739192824
61.6378402716653	32.53827432819867
61.6378402716653	32.53827432819867
63.74855566185414	96.73320967398958
63.74855566185414	96.73320967398958
56.281236649981	72.61499485280154
56.281236649981	72.61499485280154
56.281236649981	72.61499485280154
50.36591151505428	81.14011358642347
50.36591151505428	81.14011358642347
50.36591151505428	81.14011358642347
79.22418095837617	12.091030004633389
79.22418095837617	12.091030004633389
81.33489634856502	76.2859653504243
81.33489634856502	76.2859653504243
76.13792449452006	12.234571047296756
76.13792449452006	12.234571047296756
69.1761109975547	21.377327659379848
69.1761109975547	21.377327659379848
73.06053662611224	94.59321690370928
73.06053662611224	94.59321690370928
73.06053662611224	94.59321690370928
66.08985453369858	21.520868702043217
66.08985453369858	21.520868702043217
67.98772510834337	92.55328851785475
67.98772510834337	92.55328851785475
0.045394421122061046	18.850188419347003
0.045394421122061046	18.850188419347003
89.05940462843864	9.642219770337455
89.05940462843864	9.642219770337455
90.64687436239319	74.14597258014399
90.64687436239319	74.14597258014399
90.64687436239319	74.14597258014399
83.6761937451945	1.0736243784779393
83.6761937451945	1.0736243784779393
68.78624715426493	29.69818744669908
68.78624715426493	29.69818744669908
70.32937538619298	79.12641618775992
70.32937538619298	79.12641618775992
63.42964205736566	69.774906496087
63.42964205736566	69.774906496087
67.24311892233686	79.26995723042329
67.24311892233686	79.26995723042329
67.24311892233686	79.26995723042329
60.34338559350955	69.9184460635354
60.34338559350955	69.9184460635354
55.084333571326546	24.361319539378833
55.084333571326546	24.361319539378833
57.26599772510173	53.27709191994792
57.26599772510173	53.27709191994792
86.05331840483727	19.50717130337967
86.05331840483727	19.50717130337967
86.05331840483727	19.50717130337967
90.22153761252521	50.60641163725171
90.22153761252521	50.60641163725171
83.25085699532652	76.53406491080061
83.25085699532652	76.53406491080061
84.86493251562595	90.68313216185457
84.86493251562595	90.68313216185457
80.16459905625544	76.67760595346398
80.16459905625544	76.67760595346398
72.67067425803742	3.9140752158135435
72.67067425803742	3.9140752158135435
72.67067425803742	3.9140752158135435
74.85233693659765	32.8298490715976
74.85233693659765	32.8298490715976
6.910006249376337	58.12674749787489
6.910006249376337	58.12674749787489
95.64022435277748	91.03542628410779
95.64022435277748	91.03542628410779
97.75093974296631	56.230360154683744
97.75093974296631	56.230360154683744
92.5628350091547	74.3940721405203
92.5628350091547	74.3940721405203
92.5628350091547	74.3940721405203
94.67355039934353	39.58900601109626
94.67355039934353	39.58900601109626
24.531819842665428	69.53992242930619
24.531819842665428	69.53992242930619
19.831486383294916	55.53439622091559
19.831486383294916	55.53439622091559
21.7293569579397	27.566816036727108
21.7293569579397	27.566816036727108
14.19108770726526	38.727762705545935
14.19108770726526	38.727762705545935
14.19108770726526	38.727762705545935
18.64310049408359	27.710357079390487
18.64310049408359	27.710357079390487
11.149174220650611	53.94682634174005
11.149174220650611	53.94682634174005
13.259889610839451	19.14176168753097
13.259889610839451	19.14176168753097
97.08614944077948	89.88297219099455
97.08614944077948	89.88297219099455
97.08614944077948	89.88297219099455
90.11546882358078	16.810623989328498
90.11546882358078	16.810623989328498
92.01333792301061	87.84304380514003
92.01333792301061	87.84304380514003
86.74541878059428	59.070812467234305
86.74541878059428	59.070812467234305
88.92708293436945	87.98658632301836
88.92708293436945	87.98658632301836
88.92708293436945	87.98658632301836
83.66803091218647	42.42945832364682
83.66803091218647	42.42945832364682
14.09388751376913	87.14707987137187
14.09388751376913	87.14707987137187
15.637015745697186	37.57530861243271
15.637015745697186	37.57530861243271
11.007631049913023	87.29061943882029
11.007631049913023	87.29061943882029
12.550759281841078	37.718849655096086
12.550759281841078	37.718849655096086
12.550759281841078	37.718849655096086
5.36723089866841	70.48398592345065
5.36723089866841	70.48398592345065
0.6669003897278135	56.47845971506005
0.6669003897278135	56.47845971506005
2.2543701236823708	21.982212524866586
2.2543701236823708	21.982212524866586
31.680225250050086	66.6998355478066
31.680225250050086	66.6998355478066
31.680225250050086	66.6998355478066
35.49370359023625	76.19488628214289
35.49370359023625	76.19488628214289
28.593970261408934	66.843375115255
28.593970261408934	66.843375115255
23.326049643777637	38.071143777349285
23.326049643777637	38.071143777349285
25.223918743207474	10.103563593160814
25.223918743207474	10.103563593160814
18.253238126008778	36.03121539149476
18.253238126008778	36.03121539149476
18.253238126008778	36.03121539149476
22.146532350014603	92.46220944957334
22.146532350014603	92.46220944957334
51.50144018801094	73.45899396252021
51.50144018801094	73.45899396252021
53.11551718352534	87.60805973835922
53.11551718352534	87.60805973835922
48.41518372415483	73.60253352996862
48.41518372415483	73.60253352996862
48.41518372415483	73.60253352996862
40.94786176185177	49.48431723356562
40.94786176185177	49.48431723356562
43.058577152040606	14.679254054571496
43.058577152040606	14.679254054571496
22.785421153081856	34.73522173093312
22.785421153081856	34.73522173093312
17.588450774251854	69.68382742780558
17.588450774251854	69.68382742780558
19.699166164440705	34.87876129838154
19.699166164440705	34.87876129838154
14.502194310395744	69.82736847046894
14.502194310395744	69.82736847046894
14.502194310395744	69.82736847046894
16.612908225369626	35.022303816259864
16.612908225369626	35.022303816259864
9.429381317411917	67.78744008461442
9.429381317411917	67.78744008461442
40.495920700853866	76.29944479985582
40.495920700853866	76.29944479985582
42.67758337941409	6.215217180424904
42.67758337941409	6.215217180424904
35.13931412873965	17.37616384924373
35.13931412873965	17.37616384924373
35.13931412873965	17.37616384924373
39.591326915557964	6.358758223088283
39.591326915557964	6.358758223088283
32.053057664883525	17.519703416692142
32.053057664883525	17.519703416692142
34.23472181865871	46.43547727247619
34.23472181865871	46.43547727247619
29.29493923261423	89.62212109285879
29.29493923261423	89.62212109285879
29.29493923261423	89.62212109285879
58.08225843713482	55.85219900107558
58.08225843713482	55.85219900107558
60.26392259091	84.76797285685963
60.26392259091	84.76797285685963
54.99600197327871	55.995741518953906
54.99600197327871	55.995741518953906
57.17766612705389	84.911513899523
57.17766612705389	84.911513899523
57.17766612705389	84.911513899523
51.90974698463755	56.13928108640233
51.90974698463755	56.13928108640233
45.010012180595275	46.7877713947294
45.010012180595275	46.7877713947294
46.55314041252333	96.2160016110052
46.55314041252333	96.2160016110052
77.97442066346706	27.332195925782322
77.97442066346706	27.332195925782322
80.08513752887085	91.52713127157324
80.08513752887085	91.52713127157324
80.08513752887085	91.52713127157324
72.61781556656778	67.40891497517023
72.61781556656778	67.40891497517023
67.91748210719727	53.40338876677965
67.91748210719727	53.40338876677965
69.53155910271168	67.55245749304856
69.53155910271168	67.55245749304856
62.56087701029803	93.48010781616755
62.56087701029803	93.48010781616755
62.56087701029803	93.48010781616755
66.44530411407052	67.69599706049698
66.44530411407052	67.69599706049698
23.677260223863193	35.82064548315473
23.677260223863193	35.82064548315473
25.787975614052034	1.0155793537306905
25.787975614052034	1.0155793537306905
20.591003760007084	35.9641865258181
20.591003760007084	35.9641865258181
20.591003760007084	35.9641865258181
13.62032166759343	61.89183832415204
13.62032166759343	61.89183832415204
17.504747296150963	36.10772609326651
17.504747296150963	36.10772609326651
10.53406520373731	62.03537936681542
10.53406520373731	62.03537936681542
12.148142199251714	76.18444661786938
12.148142199251714	76.18444661786938
43.78226726573948	0.46315646262590404
43.78226726573948	0.46315646262590404
43.78226726573948	0.46315646262590404
36.59874035778177	33.22829273098046
36.59874035778177	33.22829273098046
38.14186858970983	82.65652294725625
38.14186858970983	82.65652294725625
33.51248389392566	33.37183377364383
33.51248389392566	33.37183377364383
35.05561212585372	82.80006398991964
35.05561212585372	82.80006398991964
28.1558787970264	73.44855282303175
28.1558787970264	73.44855282303175
28.1558787970264	73.44855282303175
59.21354810980509	98.74545419973896
59.21354810980509	98.74545419973896
61.368605002020445	79.01591066384567
61.368605002020445	79.01591066384567
54.18507809406274	12.781049882630132
54.18507809406274	12.781049882630132
57.99855643424889	22.276099141751477
57.99855643424889	22.276099141751477
57.99855643424889	22.276099141751477
51.09882310542157	12.92459092529351
51.09882310542157	12.92459092529351
45.830902487790276	83.15235811217283
45.830902487790276	83.15235811217283
48.01256664156546	13.06813049274192
48.01256664156546	13.06813049274192
76.79988584608606	78.29820840095871
76.79988584608606	78.29820840095871
76.79988584608606	78.29820840095871
81.26076870356762	50.49590758855241
81.26076870356762	50.49590758855241
73.72249945289319	61.65685425737123
73.72249945289319	61.65685425737123
75.62036855232303	33.68927554839772
75.62036855232303	33.68927554839772
70.92003656816746	19.683747864792167
70.92003656816746	19.683747864792167
63.45271460586441	94.5655330436041
63.45271460586441	94.5655330436041
63.45271460586441	94.5655330436041
65.56342999605324	59.76046691418007
65.56342999605324	59.76046691418007
50.38969130120824	31.501677417643652
50.38969130120824	31.501677417643652
52.544749668638545	11.772136832180278
52.544749668638545	11.772136832180278
47.27682905100724	81.99990401905961
47.27682905100724	81.99990401905961
47.27682905100724	81.99990401905961
40.09330361826449	15.765041762629114
40.09330361826449	15.765041762629114
42.20401900845334	79.95997710842003
42.20401900845334	79.95997710842003
37.00704715440838	15.908581330077535
37.00704715440838	15.908581330077535
39.11776254459723	80.10351667586845
39.11776254459723	80.10351667586845
67.97603051270416	11.054434569293335
67.97603051270416	11.054434569293335
67.97603051270416	11.054434569293335
63.28456564878194	79.26401169943692
63.28456564878194	79.26401169943692
64.89864264429633	93.4130789504909
64.89864264429633	93.4130789504909
57.927962027097635	20.340730748824836
57.927962027097635	20.340730748824836
62.09617975957062	51.43997255791183
62.09617975957062	51.43997255791183
62.09617975957062	51.43997255791183
54.557910508896164	62.600919226730646
54.557910508896164	62.600919226730646
56.73957466267136	91.51669160729973
56.73957466267136	91.51669160729973
87.797245450665	17.81359150879199
87.797245450665	17.81359150879199
80.8709063354928	58.816765900656684
80.8709063354928	58.816765900656684
80.8709063354928	58.816765900656684
84.7553304888354	33.03265514498611
84.7553304888354	33.03265514498611
77.78464839642174	58.96030841853502
77.78464839642174	58.96030841853502
6.383583186945968	96.36634718522672
6.383583186945968	96.36634718522672
1.7630670866100853	30.29676282536343
1.7630670866100853	30.29676282536343
1.7630670866100853	30.29676282536343
3.3061953185381396	79.72499304163922
3.3061953185381396	79.72499304163922
95.40646051449586	70.37348187475135
95.40646051449586	70.37348187475135
90.13854284729449	41.601250536845626
90.13854284729449	41.601250536845626
92.03641194672431	13.633670352657155
92.03641194672431	13.633670352657155
75.08896301351061	75.35392548236726
75.08896301351061	75.35392548236726
75.08896301351061	75.35392548236726
78.97338864206816	49.5698147266967
78.97338864206816	49.5698147266967
72.04704952689596	90.57299206899131
72.04704952689596	90.57299206899131
66.77912890926466	61.800759255870624
66.77912890926466	61.800759255870624
68.96079306303984	90.71653163643971
68.96079306303984	90.71653163643971
68.96079306303984	90.71653163643971
61.4225238123654	2.877478305258543
61.4225238123654	2.877478305258543
65.59074302005334	33.976720114345525
65.59074302005334	33.976720114345525
94.94564938283472	14.973503152077447
94.94564938283472	14.973503152077447
96.55972637834911	29.122571878346367
96.55972637834911	29.122571878346367
91.86826298964185	97.33214900848996
91.86826298964185	97.33214900848996
91.86826298964185	97.33214900848996
84.40094102733879	73.2139341873019
84.40094102733879	73.2139341873019
86.51165641752763	38.40886805787787
86.51165641752763	38.40886805787787
81.31468603869763	73.35747375475033
81.31468603869763	73.35747375475033
83.42540142888647	38.55240910054125
83.42540142888647	38.55240910054125
83.42540142888647	38.55240910054125
13.567462976123805	26.38667808350873
13.567462976123805	26.38667808350873
8.299543833707466	96.61444527038805
8.299543833707466	96.61444527038805
10.454600725922807	76.88490468492468
10.454600725922807	76.88490468492468
5.257630347092806	12.833510381797135
5.257630347092806	12.833510381797135
7.368345737281657	77.02844572758805
7.368345737281657	77.02844572758805
7.368345737281657	77.02844572758805
98.9010237749786	52.910229431185044
98.9010237749786	52.910229431185044
31.52628172123303	92.97383446219243
31.52628172123303	92.97383446219243
33.42415082066286	65.00625575321891
33.42415082066286	65.00625575321891
25.885883045203375	76.16720242203773
25.885883045203375	76.16720242203773
25.885883045203375	76.16720242203773
30.34676442747	48.36490160963143
30.34676442747	48.36490160963143
22.808493701580602	59.52584827845025
22.808493701580602	59.52584827845025
24.99015785535578	88.44162065901934
24.99015785535578	88.44162065901934
19.72223871293944	59.669387845898655
19.72223871293944	59.669387845898655
2.8457370680971166	86.11048296081687
2.8457370680971166	86.11048296081687
2.8457370680971166	86.11048296081687
6.659213933068313	95.6055322199382
6.659213933068313	95.6055322199382
98.4756870251106	29.370669963507712
98.4756870251106	29.370669963507712
1.6307468677558739	9.641129378044338
1.6307468677558739	9.641129378044338
95.36282625012457	79.86889656492366
95.36282625012457	79.86889656492366
95.36282625012457	79.86889656492366
88.4630914460823	70.51738687325074
88.4630914460823	70.51738687325074
90.00621967801035	20.945615614311574
90.00621967801035	20.945615614311574
22.702426387851137	25.73005768009713
22.702426387851137	25.73005768009713
24.245554619779192	75.15828937158788
24.245554619779192	75.15828937158788
17.062026236606524	8.923425639942435
17.062026236606524	8.923425639942435
17.062026236606524	8.923425639942435
12.370561372684305	77.13300277008602
12.370561372684305	77.13300277008602
13.984638368198697	91.28207149635494
13.984638368198697	91.28207149635494
7.013956275785043	18.209723294688896
7.013956275785043	18.209723294688896
10.898383379557547	91.42561106380336
10.898383379557547	91.42561106380336
40.25328974233892	72.42239557675025
40.25328974233892	72.42239557675025
40.25328974233892	72.42239557675025
35.05631788829396	8.37100127362269
35.05631788829396	8.37100127362269
37.16703475369777	72.5659366194136
37.16703475369777	72.5659366194136
29.956900584180225	56.6857599217357
29.956900584180225	56.6857599217357
33.84132768795272	30.901649166065123
33.84132768795272	30.901649166065123
33.84132768795272	30.901649166065123
26.87064412032411	56.82929948918411
26.87064412032411	56.82929948918411
28.4847211158385	70.97836821545305
28.4847211158385	70.97836821545305
60.10997906209295	12.041971771245457
60.10997906209295	12.041971771245457
52.642657099789886	86.92375695005741
52.642657099789886	86.92375695005741
52.642657099789886	86.92375695005741
54.75337248997872	52.118692295848334
54.75337248997872	52.118692295848334
49.84906281051246	28.165755371227487
49.84906281051246	28.165755371227487
51.392191042440516	77.59398558750328
51.392191042440516	77.59398558750328
44.4924577136132	68.24247589583037
44.4924577136132	68.24247589583037
29.24777025518184	75.26284641408584
29.24777025518184	75.26284641408584
29.24777025518184	75.26284641408584
31.42943293374207	5.178620269869893
31.42943293374207	5.178620269869893
26.16151379132573	75.40638745674923
26.16151379132573	75.40638745674923
28.34317794510091	5.322159837318313
28.34317794510091	5.322159837318313
21.133045250798325	88.44198313964041
21.133045250798325	88.44198313964041
21.133045250798325	88.44198313964041
15.865124633167037	59.669750326519726
15.865124633167037	59.669750326519726
18.046788786942216	88.58552418230377
18.046788786942216	88.58552418230377
46.83410946667776	54.81560356573553
46.83410946667776	54.81560356573553
51.286122253496096	43.79819646436512
51.286122253496096	43.79819646436512
43.74785300282166	54.959143133183936
43.74785300282166	54.959143133183936
43.74785300282166	54.959143133183936
45.92951568138187	83.874916988968
45.92951568138187	83.874916988968
40.670465134413824	38.31778898959645
40.670465134413824	38.31778898959645
33.48693822645612	71.08292673316596
33.48693822645612	71.08292673316596
35.597653616644955	36.277862078956886
35.597653616644955	36.277862078956886
35.597653616644955	36.277862078956886
66.72627169300999	26.295597540012356
66.72627169300999	26.295597540012356
68.83698560798388	90.49053288580328
68.83698560798388	90.49053288580328
63.640013753938916	26.43914005789069
63.640013753938916	26.43914005789069
56.66933313674022	52.36679185622464
56.66933313674022	52.36679185622464
56.66933313674022	52.36679185622464
58.25680434590975	17.870544666031176
58.25680434590975	17.870544666031176
53.34362607099518	10.702502927661193
53.34362607099518	10.702502927661193
55.45434146118402	74.89743679823715
55.45434146118402	74.89743679823715
84.31260942929094	5.848354691662035
84.31260942929094	5.848354691662035
79.6122774451354	90.84282700805649
79.6122774451354	90.84282700805649
79.6122774451354	90.84282700805649
81.2263544406498	5.9918942591104445
81.2263544406498	5.9918942591104445
74.25567087302119	31.919547532659347
74.25567087302119	31.919547532659347
78.14896657224197	88.35054011552296
78.14896657224197	88.35054011552296
71.17828447982832	15.278193389071864
71.17828447982832	15.278193389071864
71.17828447982832	15.278193389071864
73.0761550544731	86.3106132048834
73.0761550544731	86.3106132048834
57.831466120826796	93.33098372313889
57.831466120826796	93.33098372313889
50.93173279199948	83.97947403146595
50.93173279199948	83.97947403146595
54.74520965697069	93.47452624101722
54.74520965697069	93.47452624101722
47.84547632814337	84.12301507412933
47.84547632814337	84.12301507412933
47.84547632814337	84.12301507412933
49.38860456007143	34.55124529040513
49.38860456007143	34.55124529040513
44.73261555315733	35.621241675545285
44.73261555315733	35.621241675545285
73.87467710039466	23.455512133727726
73.87467710039466	23.455512133727726
75.41780385710776	72.88374087478856
75.41780385710776	72.88374087478856
75.41780385710776	72.88374087478856
70.78842063653855	23.599051701176148
70.78842063653855	23.599051701176148
72.3315488684666	73.02728044223697
72.3315488684666	73.02728044223697
65.43181701485425	63.67577222577901
65.43181701485425	63.67577222577901
60.17276351745629	18.11864422640748
60.17276351745629	18.11864422640748
62.35442767123146	47.03441660697657
62.35442767123146	47.03441660697657
62.35442767123146	47.03441660697657
93.41209698401015	72.33131503325387
93.41209698401015	72.33131503325387
95.30996755865495	44.363736324280346
95.30996755865495	44.363736324280346
88.3392854662413	70.2913881226143
88.3392854662413	70.2913881226143
83.14231508741129	6.239995294701707
83.14231508741129	6.239995294701707
83.14231508741129	6.239995294701707
85.25303047760013	70.43492916527767
85.25303047760013	70.43492916527767
77.78570851529707	46.316714344089625
77.78570851529707	46.316714344089625
82.21111699098549	85.65399427668675
82.21111699098549	85.65399427668675
11.998436195506077	51.88407218490354
11.998436195506077	51.88407218490354
11.998436195506077	51.88407218490354
13.896305294935903	23.916492000715067
13.896305294935903	23.916492000715067
9.19597331078036	9.910965792324474
9.19597331078036	9.910965792324474
1.7286528236922467	84.79274949592147
1.7286528236922467	84.79274949592147
3.839368213881098	49.987684841712394
3.839368213881098	49.987684841712394
97.65126495528443	68.15139535233399
97.65126495528443	68.15139535233399
97.65126495528443	68.15139535233399
0.7619803454732699	33.34633069812491
0.7619803454732699	33.34633069812491
84.5882401754133	5.087541201588476
84.5882401754133	5.087541201588476
77.61755955821461	31.015191524707475
77.61755955821461	31.015191524707475
79.5154301328594	3.0476113405189933
79.5154301328594	3.0476113405189933
79.5154301328594	3.0476113405189933
74.24750951522809	73.27538147782825
74.24750951522809	73.27538147782825
76.42917366900329	3.19115385839733
76.42917366900329	3.19115385839733
68.9352473955703	29.427624595961852
68.9352473955703	29.427624595961852
1.5605038666097806	69.49122815175429
1.5605038666097806	69.49122815175429
3.174580862124184	83.64029540280823
3.174580862124184	83.64029540280823
3.174580862124184	83.64029540280823
95.20389729449558	10.567948676357144
95.20389729449558	10.567948676357144
0.37211797739845653	41.66718901022918
0.37211797739845653	41.66718901022918
91.83384872672401	52.828135679047996
91.83384872672401	52.828135679047996
94.01551140528423	81.74390953483204
94.01551140528423	81.74390953483204
94.01551140528423	81.74390953483204
88.7564608583162	36.18678153546051
88.7564608583162	36.18678153546051
19.182317459898872	80.90440308318556
19.182317459898872	80.90440308318556
22.99579432487007	90.39945381752186
22.99579432487007	90.39945381752186
16.096060996042752	81.04794265063397
16.096060996042752	81.04794265063397
16.096060996042752	81.04794265063397
17.639189227970817	31.47617434212473
17.639189227970817	31.47617434212473
12.72601095305625	24.30813260375474
12.72601095305625	24.30813260375474
5.755328860642595	50.23578292687374
5.755328860642595	50.23578292687374
7.342798594597152	15.739537211895234
7.342798594597152	15.739537211895234
39.039005304437936	20.523980752895735
39.039005304437936	20.523980752895735
39.039005304437936	20.523980752895735
40.58213353636599	69.95220949395657
40.58213353636599	69.95220949395657
33.68239873232371	60.60069980228365
33.68239873232371	60.60069980228365
28.414479589907376	31.828466989162973
28.414479589907376	31.828466989162973
30.312348689337203	3.860888280189462
30.312348689337203	3.860888280189462
30.312348689337203	3.860888280189462
23.341668072138507	29.788540078523408
23.341668072138507	29.788540078523408
27.234962296144342	86.21953413660198
27.234962296144342	86.21953413660198
10.287511887715672	48.93978926631208
10.287511887715672	48.93978926631208
5.090541508885681	83.88839496318454
5.090541508885681	83.88839496318454
97.51894326121526	47.49576190501489
30.144199732254737	87.55936693602227
30.144199732254737	87.55936693602227
30.144199732254737	87.55936693602227
22.676879245166635	63.441150639619266
22.676879245166635	63.441150639619266
24.787594635355475	28.636085985410187
24.787594635355475	28.636085985410187
19.590624256525484	63.58469168228264
19.590624256525484	63.58469168228264
21.701339646714324	28.779627028073556
21.701339646714324	28.779627028073556
14.517811263541656	61.54476329642811
14.517811263541656	61.54476329642811
14.517811263541656	61.54476329642811
45.584349171768636	70.0567680116695
45.584349171768636	70.0567680116695
47.766011850328866	98.9725403922386
47.766011850328866	98.9725403922386
42.498094183127485	70.20030905433288
42.498094183127485	70.20030905433288
44.67975686168771	0.1160829101169305
44.67975686168771	0.1160829101169305
37.14148761101327	11.277029578935746
37.14148761101327	11.277029578935746
37.14148761101327	11.277029578935746
32.51210439044406	60.992340405323326
32.51210439044406	60.992340405323326
34.05523114715716	11.420569146384167
34.05523114715716	11.420569146384167
63.17068838326456	49.609523688104225
63.17068838326456	49.609523688104225
67.62270117008289	38.59211806194878
67.62270117008289	38.59211806194878
67.62270117008289	38.59211806194878
60.08443191940844	49.7530647307676
60.08443191940844	49.7530647307676
62.26609459796867	78.66883711133669
62.26609459796867	78.66883711133669
56.99817545555233	49.89660429821602
56.99817545555233	49.89660429821602
50.09844212672501	40.54509460654309
50.09844212672501	40.54509460654309
50.09844212672501	40.54509460654309
53.91192046691118	50.04014681609434
53.91192046691118	50.04014681609434
14.495052407392675	75.96122399937651
14.495052407392675	75.96122399937651
16.614637868244778	24.371262683701623
16.614637868244778	24.371262683701623
11.417666014199817	59.31986985578903
11.417666014199817	59.31986985578903
4.446982446571204	85.24752017890802
4.446982446571204	85.24752017890802
4.446982446571204	85.24752017890802
6.061059442085597	0.396588905176946
6.061059442085597	0.396588905176946
1.3607274579300421	85.39106122157139
1.3607274579300421	85.39106122157139
2.9748044534444453	0.5401284726253556
2.9748044534444453	0.5401284726253556
32.09026021433689	38.72908448956037
32.09026021433689	38.72908448956037
32.09026021433689	38.72908448956037
27.38992675496638	24.72355680595482
27.38992675496638	24.72355680595482
29.00400375048077	38.87262405700879
29.00400375048077	38.87262405700879
22.033323133282074	64.80027733055769
22.033323133282074	64.80027733055769
25.91774876183962	39.016165099672165
25.91774876183962	39.016165099672165
18.947066669425965	64.9438168980061
18.947066669425965	64.9438168980061
18.947066669425965	64.9438168980061
50.075684745790994	54.961555309491494
50.075684745790994	54.961555309491494
52.186400135979845	20.156489180067453
52.186400135979845	20.156489180067453
45.011740348255465	36.13673173738611
45.011740348255465	36.13673173738611
48.82521868844162	45.63178247172241
48.82521868844162	45.63178247172241
48.82521868844162	45.63178247172241
41.92548388439935	36.28027130483453
41.92548388439935	36.28027130483453
43.4686121163274	85.70850299632528
43.4686121163274	85.70850299632528
38.8392288957582	36.42381382271285
38.8392288957582	36.42381382271285
67.62654810027878	2.6538917309296446
67.62654810027878	2.6538917309296446
69.78160646770908	81.92435114546628
69.78160646770908	81.92435114546628
69.78160646770908	81.92435114546628
64.86842819279452	74.7563094070963
64.86842819279452	74.7563094070963
66.41155642472259	25.18453814815712
66.41155642472259	25.18453814815712
59.51182309589527	15.833028456484206
59.51182309589527	15.833028456484206
54.24390395347893	86.06079564336352
54.24390395347893	86.06079564336352
54.24390395347893	86.06079564336352
56.42556663203915	15.976568023932616
56.42556663203915	15.976568023932616
41.180880648822765	22.996941492618024
41.180880648822765	22.996941492618024
43.36254332738298	51.912713873187116
43.36254332738298	51.912713873187116
35.83314267215683	46.28876535575508
35.83314267215683	46.28876535575508
30.919964397242268	39.120723617385096
30.919964397242268	39.120723617385096
30.919964397242268	39.120723617385096
33.03067978743112	4.315657487961058
33.03067978743112	4.315657487961058
25.563359300343016	79.19744414198796
25.563359300343016	79.19744414198796
29.944424798789957	4.459200005839384
29.944424798789957	4.459200005839384
58.80269276689688	34.41011494883435
58.80269276689688	34.41011494883435
58.80269276689688	34.41011494883435
60.9577511343272	14.680574363370974
60.9577511343272	14.680574363370974
55.68983199191086	84.9083415502503
55.68983199191086	84.9083415502503
48.506303608738186	18.67347929381981
48.506303608738186	18.67347929381981
50.61701899892703	82.86841463961073
50.61701899892703	82.86841463961073
50.61701899892703	82.86841463961073
45.42004714488207	18.81701886126823
45.42004714488207	18.81701886126823
47.53076253507092	83.01195420705915
47.53076253507092	83.01195420705915
78.65938208665091	73.02969261854453
78.65938208665091	73.02969261854453
71.6886985190223	98.95734441687848
71.6886985190223	98.95734441687848
73.31164410998498	96.32151795689653
73.31164410998498	96.32151795689653
73.31164410998498	96.32151795689653
68.61131212582943	82.31598879807603
68.61131212582943	82.31598879807603
70.50918122525925	54.348410089102515
70.50918122525925	54.348410089102515
62.97091344979978	65.50935675792134
62.97091344979978	65.50935675792134
94.66711720921064	70.29380029892184
94.66711720921064	70.29380029892184
94.66711720921064	70.29380029892184
96.2102454411387	20.722029039982687
96.2102454411387	20.722029039982687
89.28390632596651	61.7252063822773
89.28390632596651	61.7252063822773
93.16833195452404	35.94109415139176
93.16833195452404	35.94109415139176
86.19764986211038	61.86874594972571
86.19764986211038	61.86874594972571
88.09552043675518	33.901165765537236
88.09552043675518	33.901165765537236
88.09552043675518	33.901165765537236
82.82759981912389	5.128934427631516
82.82759981912389	5.128934427631516
65.95109964949651	31.570028067334764
65.95109964949651	31.570028067334764
69.76457503925276	41.065078801671056
69.76457503925276	41.065078801671056
62.8648431856404	31.71356910999813
62.8648431856404	31.71356910999813
62.8648431856404	31.71356910999813
64.4168385378018	64.35690414002306
64.4168385378018	64.35690414002306
59.78745531723257	15.072214966410646
59.78745531723257	15.072214966410646
52.24918606655813	26.233161635229475
52.24918606655813	26.233161635229475
54.14705664120293	97.26558145104099
54.14705664120293	97.26558145104099
54.14705664120293	97.26558145104099
85.7723131122424	38.32918648204838
85.7723131122424	38.32918648204838
87.38638863254184	52.47825373310234
87.38638863254184	52.47825373310234
80.41570801534314	78.40590553143629
80.41570801534314	78.40590553143629
75.19213037495332	64.70919678706132
75.19213037495332	64.70919678706132
77.37379305351354	93.62496916763041
77.37379305351354	93.62496916763041
77.37379305351354	93.62496916763041
72.10587391109719	64.85273635450973
72.10587391109719	64.85273635450973
74.00374448574198	36.88515764553622
74.00374448574198	36.88515764553622
4.358652323738326	17.881940683268144
4.358652323738326	17.881940683268144
98.16168046969337	52.83054785535555
98.16168046969337	52.83054785535555
98.16168046969337	52.83054785535555
1.2812629801155397	1.2405865396806477
1.2812629801155397	1.2405865396806477
92.8139439682424	76.1223717184926
92.8139439682424	76.1223717184926
97.19500799147438	1.3841275823440267
97.19500799147438	1.3841275823440267
89.72768750438628	76.26591276115597
89.72768750438628	76.26591276115597
89.72768750438628	76.26591276115597
91.83840289457513	41.46084810694689
91.83840289457513	41.46084810694689
24.25081307485559	88.36193760797488
24.25081307485559	88.36193760797488
16.71254382418115	0.5228842767937034
16.71254382418115	0.5228842767937034
18.894209453171296	29.43865665736279
18.894209453171296	29.43865665736279
13.67063181278146	15.741949388202789
13.67063181278146	15.741949388202789
13.67063181278146	15.741949388202789
15.781345727755342	79.93688325877875
15.781345727755342	79.93688325877875
10.584373873710392	15.8854889556512
10.584373873710392	15.8854889556512
92.63692494049668	77.60574556057628
92.63692494049668	77.60574556057628
94.53479551514147	49.638166851602755
94.53479551514147	49.638166851602755
94.53479551514147	49.638166851602755
89.26687637272512	20.865934038482084
89.26687637272512	20.865934038482084
91.45740764673364	32.99681123280031
91.45740764673364	32.99681123280031
83.91913839605921	44.157757901619135
83.91913839605921	44.157757901619135
79.28975370027503	93.87306872800671
79.28975370027503	93.87306872800671
80.8328819322031	44.30129894428251
80.8328819322031	44.30129894428251
80.8328819322031	44.30129894428251
11.25873853378576	89.01892049200755
11.25873853378576	89.01892049200755
15.072215398756967	98.51397122634386
15.072215398756967	98.51397122634386
7.888688490799257	32.279108969913366
7.888688490799257	32.279108969913366
9.999403880988098	96.47404284048933
9.999403880988098	96.47404284048933
9.999403880988098	96.47404284048933
4.775826240598261	82.77733409611436
4.775826240598261	82.77733409611436
96.87609291177095	73.42582440444143
96.87609291177095	73.42582440444143
1.6895697767421514	82.92087513877773
1.6895697767421514	82.92087513877773
31.115426378324823	28.63849816171773
31.115426378324823	28.63849816171773
31.115426378324823	28.63849816171773
32.65855461025288	78.06672690277857
32.65855461025288	78.06672690277857
27.74537633533832	70.89868516440858
27.74537633533832	70.89868516440858
20.783564313587917	80.04144177649168
20.783564313587917	80.04144177649168
22.39763983388735	94.19050902754563
22.39763983388735	94.19050902754563
17.697306374516838	80.18498281915504
17.697306374516838	80.18498281915504
17.697306374516838	80.18498281915504
19.31138337003124	94.33405007020902
19.31138337003124	94.33405007020902
48.666289732812615	75.33083458315589
48.666289732812615	75.33083458315589
43.46931935398261	11.279440280028345
43.46931935398261	11.279440280028345
45.580034744171456	75.4743741506043
45.580034744171456	75.4743741506043
45.580034744171456	75.4743741506043
38.39650783621374	9.23951189417382
38.39650783621374	9.23951189417382
42.254327678426414	33.81008669725582
42.254327678426414	33.81008669725582
35.28364558601276	59.73773849558977
35.28364558601276	59.73773849558977
20.109906891167753	31.478948999053348
20.109906891167753	31.478948999053348
22.220622281356594	95.67388434484427
22.220622281356594	95.67388434484427
22.220622281356594	95.67388434484427
14.753300319053533	71.55566804844125
14.753300319053533	71.55566804844125
19.134365817500473	95.81742391229267
19.134365817500473	95.81742391229267
11.959707504991055	12.797666469611338
11.959707504991055	12.797666469611338
13.50283573691912	62.22589521067217
13.50283573691912	62.22589521067217
13.50283573691912	62.22589521067217
8.873451041134947	12.941207512274705
8.873451041134947	12.941207512274705
37.660770245655534	78.1712854204915
37.660770245655534	78.1712854204915
39.84243587464567	8.087057801060588
39.84243587464567	8.087057801060588
34.57451525701438	78.31482646315487
34.57451525701438	78.31482646315487
36.756179410789564	8.230600318938926
36.756179410789564	8.230600318938926
36.756179410789564	8.230600318938926
31.488258793158266	78.45836750581825
31.488258793158266	78.45836750581825
24.27812462364072	62.57818933292538
24.27812462364072	62.57818933292538
26.459790252630857	91.49396318870943
26.459790252630857	91.49396318870943
57.51745956540956	17.790861614986728
57.51745956540956	17.790861614986728
57.51745956540956	17.790861614986728
59.69912371918473	46.70663547077078
59.69912371918473	46.70663547077078
52.160852993295336	57.86758213958959
52.160852993295336	57.86758213958959
47.53146977272612	8.582892965977168
47.53146977272612	8.582892965977168
49.08346660010248	41.22622652078715
49.08346660010248	41.22622652078715
49.08346660010248	41.22622652078715
41.89993821692981	73.99136426435666
41.89993821692981	73.99136426435666
46.281003715376755	98.25312012820808
46.281003715376755	98.25312012820808
75.13927168348368	29.204038021632968
75.13927168348368	29.204038021632968
77.24998707367253	93.39897189220892
77.24998707367253	93.39897189220892
72.05301669484253	29.347577589081375
72.05301669484253	29.347577589081375
72.05301669484253	29.347577589081375
65.08233312721391	55.27522938741532
65.08233312721391	55.27522938741532
68.96676023098642	29.491118631744754
68.96676023098642	29.491118631744754
61.756626061468864	13.610941934066837
61.756626061468864	13.610941934066837
63.867341451657715	77.80587727985775
63.867341451657715	77.80587727985775
63.867341451657715	77.80587727985775
48.693602756812695	49.54708630810638
48.693602756812695	49.54708630810638
41.72292066439904	75.47473810644033
41.72292066439904	75.47473810644033
43.33699765991344	89.62380535749429
43.33699765991344	89.62380535749429
38.63666567575789	75.6182791491037
38.63666567575789	75.6182791491037
40.25074119605733	89.76734787537262
40.25074119605733	89.76734787537262
40.25074119605733	89.76734787537262
33.28892917430692	98.91010301224075
33.28892917430692	98.91010301224075
64.70133935458739	46.81119251326874
64.70133935458739	46.81119251326874
66.24446758651546	96.23942420475949
66.24446758651546	96.23942420475949
59.34473425768813	86.88791303787161
59.34473425768813	86.88791303787161
59.34473425768813	86.88791303787161
63.15821259787429	96.38296377220792
63.15821259787429	96.38296377220792
56.258477793832014	87.03145408053498
56.258477793832014	87.03145408053498
50.99055865141568	58.259221267414304
50.99055865141568	58.259221267414304
53.145615543631024	38.52967920673597
53.145615543631024	38.52967920673597
82.2876785660833	26.363949664918422
82.2876785660833	26.363949664918422
82.2876785660833	26.363949664918422
86.10115690626947	35.85899892403976
86.10115690626947	35.85899892403976
79.2014221022272	26.50749070758179
79.2014221022272	26.50749070758179
80.74455033415525	75.93571944864262
80.74455033415525	75.93571944864262
76.11516711358604	26.65103027503021
76.11516711358604	26.65103027503021
76.11516711358604	26.65103027503021
68.57689638769664	37.811976943849025
68.57689638769664	37.811976943849025
70.76742913692011	49.94285561338222
70.76742913692011	49.94285561338222
2.825098449698808	75.23975551487447
2.825098449698808	75.23975551487447
4.722969024343593	47.272175330686
4.722969024343593	47.272175330686
4.722969024343593	47.272175330686
96.75228693192994	73.19982712901994
96.75228693192994	73.19982712901994
91.55531507788498	9.148432825892403
91.55531507788498	9.148432825892403
93.66603046807383	73.34336817168332
93.66603046807383	73.34336817168332
88.46905861402887	9.291972393340814
88.46905861402887	9.291972393340814
90.62411698145917	88.56243180787745
90.62411698145917	88.56243180787745
90.62411698145917	88.56243180787745
73.10907941476972	36.51598328328738
73.10907941476972	36.51598328328738
68.19590113985515	29.347940069702446
68.19590113985515	29.347940069702446
70.306616530044	93.54287689070833
70.306616530044	93.54287689070833
62.83929751817085	69.42466059430531
62.83929751817085	69.42466059430531
62.83929751817085	69.42466059430531
67.22036154140285	93.68641645815673
67.22036154140285	93.68641645815673
59.75304105431474	69.5682016369687
59.75304105431474	69.5682016369687
61.87262356473692	17.978241796508744
61.87262356473692	17.978241796508744
93.00124311631691	7.995978732779172
93.00124311631691	7.995978732779172
86.0305595486883	33.92363053111312
86.0305595486883	33.92363053111312
86.0305595486883	33.92363053111312
87.92843012333309	5.956051822139606
87.92843012333309	5.956051822139606
82.66051098091675	76.18381900901892
82.66051098091675	76.18381900901892
84.84217365947697	6.099591389588015
84.84217365947697	6.099591389588015
79.6185974943021	91.40288264521305
79.6185974943021	91.40288264521305
79.6185974943021	91.40288264521305
9.973503857083477	72.39966715815993
9.973503857083477	72.39966715815993
11.587580852597869	86.54873440921389
11.587580852597869	86.54873440921389
6.887248868442314	72.5432082008233
6.887248868442314	72.5432082008233
8.785117967872152	44.57562801663483
8.785117967872152	44.57562801663483
1.2468501924126707	55.73657468545365
1.2468501924126707	55.73657468545365
1.2468501924126707	55.73657468545365
95.6174654966285	6.451885511841227
95.6174654966285	6.451885511841227
97.16059372855655	55.88011572811702
97.16059372855655	55.88011572811702
27.595317450372555	83.81284061437626
27.595317450372555	83.81284061437626
31.408794315343762	93.3078928239275
31.408794315343762	93.3078928239275
31.408794315343762	93.3078928239275
24.509060986516445	83.95638313225459
24.509060986516445	83.95638313225459
19.241140368885148	55.184150319133906
19.241140368885148	55.184150319133906
21.13901241874489	27.216570134945435
21.13901241874489	27.216570134945435
14.16832885111628	53.14422340849434
14.16832885111628	53.14422340849434
18.026150168543907	77.71479673636138
18.026150168543907	77.71479673636138
18.026150168543907	77.71479673636138
1.1496485237015732	5.155890376064628
1.1496485237015732	5.155890376064628
2.6927767556296387	54.58412059234042
2.6927767556296387	54.58412059234042
97.06339353506043	5.299431418727996
97.06339353506043	5.299431418727996
89.52512280917102	16.46037808754682
89.52512280917102	16.46037808754682
89.52512280917102	16.46037808754682
91.42299338381581	87.49279937857331
91.42299338381581	87.49279937857331
86.72266139966025	73.48727169496776
86.72266139966025	73.48727169496776
88.3367369199597	87.63633894602172
88.3367369199597	87.63633894602172
18.700513353404325	51.84822679750278
18.700513353404325	51.84822679750278
13.503541499359367	86.7968339695902
13.503541499359367	86.7968339695902
13.503541499359367	86.7968339695902
15.614256889548205	51.99176931538112
15.614256889548205	51.99176931538112
10.417285035503257	86.94037353703861
10.417285035503257	86.94037353703861
12.528001900907055	52.13530888282953
12.528001900907055	52.13530888282953
5.344474992949346	84.90044662639905
5.344474992949346	84.90044662639905
5.344474992949346	84.90044662639905
36.40214283051308	11.19734505267634
36.40214283051308	11.19734505267634
38.55720119794339	90.46780446721297
38.55720119794339	90.46780446721297
31.089880710855287	66.34958964602491
31.089880710855287	66.34958964602491
35.47094473408727	90.61134550987633
35.47094473408727	90.61134550987633
35.47094473408727	90.61134550987633
28.003624246999166	66.4931306886883
28.003624246999166	66.4931306886883
30.114339637188017	31.68806455926425
30.114339637188017	31.68806455926425
25.20116136227345	24.520024296109217
25.20116136227345	24.520024296109217
53.988482042009	89.75010220432601
53.988482042009	89.75010220432601
56.17901479123247	2.880979398644248
56.17901479123247	2.880979398644248
56.17901479123247	2.880979398644248
50.911094173601185	73.10874806073852
50.911094173601185	73.10874806073852
53.09275832737636	3.0245204413076157
53.09275832737636	3.0245204413076157
47.82483770974506	73.25228762818695
47.82483770974506	73.25228762818695
40.925104380917745	63.90077793651402
40.925104380917745	63.90077793651402
42.4682326128458	14.329006677574853
42.4682326128458	14.329006677574853
42.4682326128458	14.329006677574853
1.9971431420265042	90.16579153475548
1.9971431420265042	90.16579153475548
4.152202984671764	70.43624947407714
4.152202984671764	70.43624947407714
95.61393225878237	81.59719614289597
95.61393225878237	81.59719614289597
90.98454903821315	32.312506969283554
90.98454903821315	32.312506969283554
90.98454903821315	32.312506969283554
92.5276772701412	81.7407386607743
92.5276772701412	81.7407386607743
85.62794246609893	72.38922749388642
85.62794246609893	72.38922749388642
89.4414208062851	81.88427822822273
89.4414208062851	81.88427822822273
19.583482353522413	69.7185472111902
19.583482353522413	69.7185472111902
21.703066339159548	18.12858737073027
21.703066339159548	18.12858737073027
21.703066339159548	18.12858737073027
16.506095960329557	53.07719306760272
16.506095960329557	53.07719306760272
9.535413867915903	79.00484486593666
9.535413867915903	79.00484486593666
13.419839496473436	53.22073263505113
13.419839496473436	53.22073263505113
6.4491559288448235	79.14838590860005
6.4491559288448235	79.14838590860005
6.4491559288448235	79.14838590860005
8.063232924359216	93.297453159654
8.063232924359216	93.297453159654
39.68849087061366	34.36105671544643
39.68849087061366	34.36105671544643
32.47835670109612	18.48088149298347
32.47835670109612	18.48088149298347
34.092433696610506	32.62994874403744
34.092433696610506	32.62994874403744
34.092433696610506	32.62994874403744
29.392100237240008	18.62442106043189
29.392100237240008	18.62442106043189
31.0061772327544	32.77348978670081
31.0061772327544	32.77348978670081
24.035496615555704	58.7011401098198
24.035496615555704	58.7011401098198
55.16411321670577	48.71887852130518
55.16411321670577	48.71887852130518
57.274828606894616	13.9138138670961
57.274828606894616	13.9138138670961
57.274828606894616	13.9138138670961
50.100170294385194	29.894056424414753
50.100170294385194	29.894056424414753
53.9136471593564	39.3891056835361
53.9136471593564	39.3891056835361
47.013913830529084	30.03759599186317
47.013913830529084	30.03759599186317
41.745994688112745	1.2653631787424926
41.745994688112745	1.2653631787424926
41.745994688112745	1.2653631787424926
43.927657366672975	30.18113703452654
43.927657366672975	30.18113703452654
26.41262127519848	77.13468703472152
26.41262127519848	77.13468703472152
30.864634062016812	66.11728288378104
30.864634062016812	66.11728288378104
23.654501367714214	50.237104710888175
23.654501367714214	50.237104710888175
23.654501367714214	50.237104710888175
25.19762959964228	0.665334927163964
25.19762959964228	0.665334927163964
20.568246379073063	50.38064575355154
20.568246379073063	50.38064575355154
13.029975653183664	61.54159242237037
13.029975653183664	61.54159242237037
15.211639806958843	90.45736627815441
15.211639806958843	90.45736627815441
46.26930911973754	16.754264704431716
46.26930911973754	16.754264704431716
46.26930911973754	16.754264704431716
48.450971798297765	45.67003708500081
48.450971798297765	45.67003708500081
43.19192125132972	0.11291056084423035
43.19192125132972	0.11291056084423035
36.008394343372004	32.87804682919877
36.008394343372004	32.87804682919877
38.119109733560855	97.07298217498969
38.119109733560855	97.07298217498969
38.119109733560855	97.07298217498969
32.922137879515894	33.02158787186215
32.922137879515894	33.02158787186215
35.03285326970474	97.21652321765308
35.03285326970474	97.21652321765308
63.891122713026625	28.167439635862998
63.891122713026625	28.167439635862998
59.19078925365612	14.161911952257446
59.19078925365612	14.161911952257446
60.778260462825635	78.66566623727894
60.778260462825635	78.66566623727894
60.778260462825635	78.66566623727894
53.59473207965297	12.430803980848458
53.59473207965297	12.430803980848458
57.97579757809991	36.69255984469988
57.97579757809991	36.69255984469988
50.508477091011805	12.574343548296879
50.508477091011805	12.574343548296879
52.619192481200656	76.76927889408779
52.619192481200656	76.76927889408779
83.74781055756569	66.78701730557319
83.74781055756569	66.78701730557319
83.74781055756569	66.78701730557319
76.77712846515203	92.71466910390713
76.77712846515203	92.71466910390713
51.95440365422878	11.421890930398606
44.98372303703008	37.34954125351759
44.98372303703008	37.34954125351759
40.070544762115524	30.18150099036257
40.070544762115524	30.18150099036257
40.070544762115524	30.18150099036257
41.613672994043576	79.6097297314234
41.613672994043576	79.6097297314234
71.03952812041129	25.32735275436341
71.03952812041129	25.32735275436341
74.8530049853825	34.82240201348475
74.8530049853825	34.82240201348475
67.95327313177015	25.47089232181182
67.95327313177015	25.47089232181182
67.95327313177015	25.47089232181182
62.69422110958713	78.91376432244029
62.69422110958713	78.91376432244029
64.87588378814735	8.829538178224336
64.87588378814735	8.829538178224336
57.337616012687874	19.990484847043163
57.337616012687874	19.990484847043163
61.50583522037581	51.089726656130146
61.50583522037581	51.089726656130146
90.86074305837215	32.08650969386207
90.86074305837215	32.08650969386207
90.86074305837215	32.08650969386207
92.47481857867157	46.235576944916026
92.47481857867157	46.235576944916026
87.77448659451602	32.230050736525435
87.77448659451602	32.230050736525435
80.28056032108304	58.46652147408997
80.28056032108304	58.46652147408997
82.46222299964327	87.38229385465905
82.46222299964327	87.38229385465905
82.46222299964327	87.38229385465905
77.19430385722694	58.61006104153838
77.19430385722694	58.61006104153838
79.09217443187173	30.64248085734991
79.09217443187173	30.64248085734991
9.447080794653097	11.63926537029679
9.447080794653097	11.63926537029679
4.250110415823105	46.5878725423842
4.250110415823105	46.5878725423842
6.360825806011945	11.782806412960158
6.360825806011945	11.782806412960158
6.360825806011945	11.782806412960158
1.1727210722003194	29.946516923581754
1.1727210722003194	29.946516923581754
3.2834364623891705	94.14145079415772
3.2834364623891705	94.14145079415772
94.81611745051603	70.02323744818462
94.81611745051603	70.02323744818462
80.1390156751305	91.81031309595524
80.1390156751305	91.81031309595524
80.1390156751305	91.81031309595524
82.03688624977528	63.84273438698173
82.03688624977528	63.84273438698173
74.49861699910085	75.00368105580054
74.49861699910085	75.00368105580054
78.95062978591918	63.9862754296451
78.95062978591918	63.9862754296451
71.4567035124862	90.22274469199466
71.4567035124862	90.22274469199466
71.4567035124862	90.22274469199466
73.56741890267503	55.41768003778558
73.56741890267503	55.41768003778558
68.37044704863008	90.36628573465804
68.37044704863008	90.36628573465804
97.72535488662642	71.36307024760491
97.72535488662642	71.36307024760491
0.6232239860562462	43.39549006341644
0.6232239860562462	43.39549006341644
94.35530631885486	14.623257250295774
94.35530631885486	14.623257250295774
94.35530631885486	14.623257250295774
96.5369689974151	43.53902963086486
96.5369689974151	43.53902963086486
91.27791697523209	96.98190163149332
91.27791697523209	96.98190163149332
84.37818364640478	87.6303919398204
84.37818364640478	87.6303919398204
85.92131187833283	38.05862363131115
85.92131187833283	38.05862363131115
85.92131187833283	38.05862363131115
18.61751711295865	42.843065697096705
18.61751711295865	42.843065697096705
20.160645344886706	92.27129443815754
20.160645344886706	92.27129443815754
12.977118436928997	26.036432181727054
12.977118436928997	26.036432181727054
8.276786452773443	12.030905973336463
8.276786452773443	12.030905973336463
8.276786452773443	12.030905973336463
9.864256186728	76.534658783143
9.864256186728	76.534658783143
2.964522857900684	67.18314909147007
2.964522857900684	67.18314909147007
6.777999722871892	76.67819835059142
6.777999722871892	76.67819835059142
36.20385632445456	22.39582137353142
36.20385632445456	22.39582137353142
30.935935706823265	92.62358856041075
30.935935706823265	92.62358856041075
30.935935706823265	92.62358856041075
32.833804806253106	64.65600985143723
32.833804806253106	64.65600985143723
25.863124189054407	90.58366164977117
25.863124189054407	90.58366164977117
29.75641841306023	48.01465423263479
29.75641841306023	48.01465423263479
22.785737795861536	73.94230603096874
22.785737795861536	73.94230603096874
24.39981331616097	88.09137475723766
24.39981331616097	88.09137475723766
24.39981331616097	88.09137475723766
9.722713015990411	10.878451880223231
9.722713015990411	10.878451880223231
2.255392528902309	85.76023558382023
2.255392528902309	85.76023558382023
4.366107919091149	50.95517092961115
4.366107919091149	50.95517092961115
98.45292964417659	43.78712919124116
98.45292964417659	43.78712919124116
98.45292964417659	43.78712919124116
1.040400853346108	9.290882001047706
1.040400853346108	9.290882001047706
93.0697172857175	35.21853527459661
93.0697172857175	35.21853527459661
25.198336837297482	25.236272210867035
25.198336837297482	25.236272210867035
27.309052227486333	89.43120755665795
27.309052227486333	89.43120755665795
22.112080373441373	25.379813253530404
22.112080373441373	25.379813253530404
22.112080373441373	25.379813253530404
24.222795763630213	89.57474712410637
24.222795763630213	89.57474712410637
17.039267380457545	23.339884867675877
17.039267380457545	23.339884867675877
11.780216833489497	76.78275686830435
11.780216833489497	76.78275686830435
13.961880987264687	6.6985307240883945
13.961880987264687	6.6985307240883945
13.961880987264687	6.6985307240883945
42.74920019178528	71.92861010752014
42.74920019178528	71.92861010752014
47.20121297860359	60.91120300614974
47.20121297860359	60.91120300614974
39.662943727929154	72.07214967496856
39.662943727929154	72.07214967496856
41.84460935691931	1.987923530752604
41.84460935691931	1.987923530752604
36.576688739288	72.21569071763193
36.576688739288	72.21569071763193
36.576688739288	72.21569071763193
29.36655604498542	56.335514019954026
29.36655604498542	56.335514019954026
31.548218723545638	85.25128640052311
31.548218723545638	85.25128640052311
62.60588803632434	11.548184826800416
62.60588803632434	11.548184826800416
64.78755366531448	40.46396015779942
64.78755366531448	40.46396015779942
64.78755366531448	40.46396015779942
59.51963304768318	11.69172734467874
59.51963304768318	11.69172734467874
52.619898243640904	2.3402161777908574
52.619898243640904	2.3402161777908574
54.163026475568955	51.76844639406665
54.163026475568955	51.76844639406665
49.258716796102696	27.815509469445814
49.258716796102696	27.815509469445814
51.36943366150649	92.01044334002178
51.36943366150649	92.01044334002178
51.36943366150649	92.01044334002178
33.92534485840337	4.684833325424851
33.92534485840337	4.684833325424851
29.22501287424783	89.67930711703426
29.22501287424783	89.67930711703426
30.839088394547264	4.8283728928732605
30.839088394547264	4.8283728928732605
23.86840630213361	30.756026166422163
23.86840630213361	30.756026166422163
23.86840630213361	30.756026166422163
27.752831930691155	4.971915410751598
27.752831930691155	4.971915410751598
20.542699236388557	88.09173723785872
20.542699236388557	88.09173723785872
22.65341462657741	53.28667258364964
22.65341462657741	53.28667258364964
53.78203122772748	43.30441099513502
53.78203122772748	43.30441099513502
46.811350610528784	69.23206279346897
46.811350610528784	69.23206279346897
46.811350610528784	69.23206279346897
50.69577623908633	43.44795056258344
50.69577623908633	43.44795056258344
43.725094146672674	69.37560236091738
43.725094146672674	69.37560236091738
45.339169666972104	83.5246710871863
45.339169666972104	83.5246710871863
40.64770627826485	52.734248217329906
40.64770627826485	52.734248217329906
40.64770627826485	52.734248217329906
69.78976930071714	40.568517200297386
69.78976930071714	40.568517200297386
71.33289753264519	89.99674741657317
71.33289753264519	89.99674741657317
66.70351283686101	40.71205824296076
66.70351283686101	40.71205824296076
68.24664106878907	90.1402869840216
68.24664106878907	90.1402869840216
68.24664106878907	90.1402869840216
61.34690773996175	80.78877729234867
61.34690773996175	80.78877729234867
56.07898712233047	52.016544479227996
56.07898712233047	52.016544479227996
58.234046964975725	32.28700389376462
58.234046964975725	32.28700389376462
87.37610851221305	20.12127287673211
87.37610851221305	20.12127287673211
91.18958537718426	29.616323611068406
91.18958537718426	29.616323611068406
91.18958537718426	29.616323611068406
84.28985204835693	20.264815394610437
84.28985204835693	20.264815394610437
79.02193143072564	90.49258258148976
79.02193143072564	90.49258258148976
81.20359558450082	20.40835496205886
81.20359558450082	20.40835496205886
73.66532633382637	31.569301630877675
73.66532633382637	31.569301630877675
73.66532633382637	31.569301630877675
78.126207716093	3.767000818471363
78.126207716093	3.767000818471363
60.61117014940354	50.720550818666354
60.61117014940354	50.720550818666354
62.509040724048326	22.752970634477883
62.509040724048326	22.752970634477883
57.80870726467783	8.74744442608729
57.80870726467783	8.74744442608729
57.80870726467783	8.74744442608729
50.341388252804684	83.6292281296843
50.341388252804684	83.6292281296843
52.45210364299352	48.82416347547521
52.45210364299352	48.82416347547521
47.2551303137336	83.77277064756261
47.2551303137336	83.77277064756261
49.41019015637887	64.04322858688428
49.41019015637887	64.04322858688428
80.46785946915756	89.34012848837654
80.46785946915756	89.34012848837654
80.46785946915756	89.34012848837654
73.28433256119986	23.105266231946054
73.28433256119986	23.105266231946054
75.39504795138869	87.30020010252201
75.39504795138869	87.30020010252201
70.19807462212877	23.24880579939446
70.19807462212877	23.24880579939446
72.30879001231763	87.44374114518538
72.30879001231763	87.44374114518538
72.30879001231763	87.44374114518538
64.84147100044449	63.32552484878238
64.84147100044449	63.32552484878238
96.4755945917173	86.60423616875386
96.4755945917173	86.60423616875386
98.08967158723169	1.7533019445928613
98.08967158723169	1.7533019445928613
91.11898949481804	27.680955218141765
91.11898949481804	27.680955218141765
95.28720870250596	58.7801955520138
95.28720870250596	58.7801955520138
95.28720870250596	58.7801955520138
87.74894092704649	69.94114222083262
87.74894092704649	69.94114222083262
89.9306036056067	98.8569146014017
89.9306036056067	98.8569146014017
84.66268446319037	70.08468326349599
84.66268446319037	70.08468326349599
15.061933803213217	66.15699036997361
15.061933803213217	66.15699036997361
15.061933803213217	66.15699036997361
18.94636090698571	40.372879614303045
18.94636090698571	40.372879614303045
11.975677339357096	66.30053141263699
11.975677339357096	66.30053141263699
13.873547914001891	38.332952703663466
13.873547914001891	38.332952703663466
8.605628771585552	9.5607198905428
8.605628771585552	9.5607198905428
1.7058954427582358	0.20921019886987424
1.7058954427582358	0.20921019886987424
1.7058954427582358	0.20921019886987424
3.24902367468629	49.6374389399307
3.24902367468629	49.6374389399307
87.65174073355035	19.36045938665855
87.65174073355035	19.36045938665855
89.19486749026346	68.7886881277194
89.19486749026346	68.7886881277194
82.29513416143614	59.437178436046466
82.29513416143614	59.437178436046466
82.29513416143614	59.437178436046466
77.02721354380485	30.66494562292579
77.02721354380485	30.66494562292579
78.92508411844963	2.697366913952278
78.92508411844963	2.697366913952278
71.95440202603598	28.625018712286224
71.95440202603598	28.625018712286224
75.83882765459352	2.8409079566156454
75.83882765459352	2.8409079566156454
6.238078469831313	97.91321506309328
6.238078469831313	97.91321506309328
6.238078469831313	97.91321506309328
0.9701578522000259	69.14098372518755
0.9701578522000259	69.14098372518755
3.1518220059752036	98.05675610575665
3.1518220059752036	98.05675610575665
94.61355275530076	10.21770277457547
94.61355275530076	10.21770277457547
98.78177196298869	41.3169431084475
98.78177196298869	41.3169431084475
98.78177196298869	41.3169431084475
91.81109134578999	67.2445963819964
91.81109134578999	67.2445963819964
93.42516686608944	81.39366215783541
93.42516686608944	81.39366215783541
26.050423337128915	22.457267188842795
26.050423337128915	22.457267188842795
18.591971445489104	80.55415718140388
18.591971445489104	80.55415718140388
18.591971445489104	80.55415718140388
20.702686835677945	45.7490925271948
20.702686835677945	45.7490925271948
15.505714981632996	80.69769822406725
15.505714981632996	80.69769822406725
17.616430371821835	45.89263209464322
17.616430371821835	45.89263209464322
10.432903463864127	78.65776983821273
10.432903463864127	78.65776983821273
41.490571301427856	4.954669739704988
41.490571301427856	4.954669739704988
41.490571301427856	4.954669739704988
43.64563114407313	84.22512915424161
43.64563114407313	84.22512915424161
38.44865929002817	20.173734851114062
38.44865929002817	20.173734851114062
40.55937468021701	84.36867019690499
40.55937468021701	84.36867019690499
33.09205419312891	60.25045390050198
33.09205419312891	60.25045390050198
33.09205419312891	60.25045390050198
28.391720733758394	46.24492769211139
28.391720733758394	46.24492769211139
30.289591308403192	18.277347507922904
30.289591308403192	18.277347507922904
86.19341233703896	13.443119297077383
86.19341233703896	13.443119297077383
90.6454251238573	2.4257121957069763
90.6454251238573	2.4257121957069763
83.11602299341618	95.8017651534899
83.11602299341618	95.8017651534899
83.11602299341618	95.8017651534899
85.29768714719137	25.717537534058987
85.29768714719137	25.717537534058987
80.02976800477504	95.94530619615328
80.02976800477504	95.94530619615328
73.13003320073275	86.5937950292654
73.13003320073275	86.5937950292654
76.9435115409189	96.08884576360168
76.9435115409189	96.08884576360168
76.9435115409189	96.08884576360168
7.085573088156233	83.92311474656917
7.085573088156233	83.92311474656917
9.240631455586545	64.1935741611058
9.240631455586545	64.1935741611058
3.9727123131702053	35.42134134798513
3.9727123131702053	35.42134134798513
96.07297750912792	26.0698316563122
96.07297750912792	26.0698316563122
97.61610574105599	75.498061872588
97.61610574105599	75.498061872588
97.61610574105599	75.498061872588
92.98672252048678	26.21337269897557
92.98672252048678	26.21337269897557
94.52985075241483	75.64160144003641
94.52985075241483	75.64160144003641
24.671912299652156	63.47587189821885
24.671912299652156	63.47587189821885
19.9715803154966	49.4703442146133
19.9715803154966	49.4703442146133
19.9715803154966	49.4703442146133
21.594524431244327	46.834517754631364
21.594524431244327	46.834517754631364
14.623843814045642	72.76216807775035
14.623843814045642	72.76216807775035
18.508269442603176	46.97805732207978
18.508269442603176	46.97805732207978
11.537585874974564	72.90570912041372
11.537585874974564	72.90570912041372
11.537585874974564	72.90570912041372
42.666203951339604	62.92344605668415
42.666203951339604	62.92344605668415
44.77691934152844	28.118381402475066
44.77691934152844	28.118381402475066
37.56678812244081	12.238206180012117
37.56678812244081	12.238206180012117
41.45121375099835	85.45409247391163
41.45121375099835	85.45409247391163
34.48053018336974	12.381745747460538
34.48053018336974	12.381745747460538
34.48053018336974	12.381745747460538
36.09460717888414	26.530814473729457
36.09460717888414	26.530814473729457
31.394275194728586	12.525286790123905
31.394275194728586	12.525286790123905
13.950186391625467	24.199675300312023
13.950186391625467	24.199675300312023
16.060901781814316	88.39460917088799
16.060901781814316	88.39460917088799
16.060901781814316	88.39460917088799
11.14772350689975	81.22656743251801
11.14772350689975	81.22656743251801
12.699720334276098	14.869903937757888
12.699720334276098	14.869903937757888
5.799987005448781	5.518392770870015
5.799987005448781	5.518392770870015
0.5320663878174824	75.7461614329643
0.5320663878174824	75.7461614329643
2.713730541592671	5.661933813533383
2.713730541592671	5.661933813533383
2.713730541592671	5.661933813533383
33.77139985437136	30.958832239810683
33.77139985437136	30.958832239810683
35.95306400814654	59.87460609559473
35.95306400814654	59.87460609559473
28.742931313843954	43.994429397916825
28.742931313843954	43.994429397916825
23.475010696212667	15.222196584796142
23.475010696212667	15.222196584796142
23.475010696212667	15.222196584796142
25.656674849987844	44.13796896536523
25.656674849987844	44.13796896536523
18.118405599313405	55.298915634184056
18.118405599313405	55.298915634184056
22.570419861346682	44.28151000802861
22.570419861346682	44.28151000802861
51.357739065867285	10.511589391460362
51.357739065867285	10.511589391460362
51.357739065867285	10.511589391460362
53.5394017444275	39.42736177202945
53.5394017444275	39.42736177202945
48.28035119745945	92.87023524787288
48.28035119745945	92.87023524787288
41.09682428950175	26.635371516227423
41.09682428950175	26.635371516227423
43.20753967969058	90.83030538680339
43.20753967969058	90.83030538680339
38.01056782564564	26.778912558890802
38.01056782564564	26.778912558890802
38.01056782564564	26.778912558890802
40.121283215834474	90.97384790468172
40.121283215834474	90.97384790468172
71.24989981698455	80.99158336573718
71.24989981698455	80.99158336573718
64.27921919978586	7.919236639286093
64.27921919978586	7.919236639286093
65.86669040895538	72.42298944909263
65.86669040895538	72.42298944909263
65.86669040895538	72.42298944909263
60.95351213404081	65.25494771072265
60.95351213404081	65.25494771072265
63.06422752422965	30.44988305651357
63.06422752422965	30.44988305651357
55.59690703714155	6.331668235325514
55.59690703714155	6.331668235325514
40.91980673697099	28.118745358311095
40.91980673697099	28.118745358311095
40.91980673697099	28.118745358311095
42.53388225727042	42.26781260936506
42.53388225727042	42.26781260936506
35.563201640071725	68.195464407699
35.563201640071725	68.195464407699
39.45649586407756	25.62645846577757
39.45649586407756	25.62645846577757
32.48581229644895	51.554110264111515
32.48581229644895	51.554110264111515
34.38368434630869	23.586531555138006
34.38368434630869	23.586531555138006
34.38368434630869	23.586531555138006
29.115763728677397	93.81429874201733
29.115763728677397	93.81429874201733
58.541620330260066	39.531920289742374
58.541620330260066	39.531920289742374
62.355095720016315	49.02696954886371
62.355095720016315	49.02696954886371
55.455362391189	39.67546133240575
55.455362391189	39.67546133240575
56.998492098332015	89.10369154868154
56.998492098332015	89.10369154868154
52.34250161620297	90.17368645860674
52.34250161620297	90.17368645860674
52.34250161620297	90.17368645860674
45.15897470824526	23.93882420217626
45.15897470824526	23.93882420217626
46.70210146495836	73.36705294323708
46.70210146495836	73.36705294323708
78.39830669958417	78.15149795945256
78.39830669958417	78.15149795945256
79.94143493151223	28.579726700513394
79.94143493151223	28.579726700513394
79.94143493151223	28.579726700513394
73.04170160268491	19.228217008840467
73.04170160268491	19.228217008840467
67.78265105571687	72.67108900946893
67.78265105571687	72.67108900946893
69.9643137342771	2.5868628652529835
69.9643137342771	2.5868628652529835
64.6963931166458	72.8146300521323
64.6963931166458	72.8146300521323
64.6963931166458	72.8146300521323
66.59426516650555	44.84704986794383
66.59426516650555	44.84704986794383
95.94917152928693	25.843834380890716
95.94917152928693	25.843834380890716
90.75220115045693	60.79243860254821
90.75220115045693	60.79243860254821
92.86291654064577	25.987373948339126
92.86291654064577	25.987373948339126
85.39559457834271	1.8691606023660392
85.39559457834271	1.8691606023660392
85.39559457834271	1.8691606023660392
89.82100157881615	41.206437584533255
89.82100157881615	41.206437584533255
82.28273380335668	52.36738425335207
82.28273380335668	52.36738425335207
84.1806029027865	24.39980554437856
84.1806029027865	24.39980554437856
69.50350260261594	46.186882667364124
69.50350260261594	46.186882667364124
69.50350260261594	46.186882667364124
62.036180640312885	22.068667846176083
62.036180640312885	22.068667846176083
64.14689603050172	86.26360319196701
64.14689603050172	86.26360319196701
58.95879424712001	5.427313702588599
58.95879424712001	5.427313702588599
61.06950963730886	69.62224904837952
61.06950963730886	69.62224904837952
61.06950963730886	69.62224904837952
55.8725377832639	5.570853270037008
55.8725377832639	5.570853270037008
85.22744562126023	85.5676377829839
85.22744562126023	85.5676377829839
87.12531619590503	57.600057598795416
87.12531619590503	57.600057598795416
81.85739557827374	28.82782478567474
81.85739557827374	28.82782478567474
84.03905973204891	57.74359864145879
84.03905973204891	57.74359864145879
84.03905973204891	57.74359864145879
76.50079048137448	68.90454678549256
76.50079048137448	68.90454678549256
71.84479999924542	69.97454169541776
71.84479999924542	69.97454169541776
73.45887699475982	84.12361042168669
73.45887699475982	84.12361042168669
3.813783357541201	65.1203934594186
3.813783357541201	65.1203934594186
3.813783357541201	65.1203934594186
7.982004040444086	96.2196352685056
7.982004040444086	96.2196352685056
0.4437347897696462	8.38058193732442
0.4437347897696462	8.38058193732442
2.625397468329866	37.29635431789351
2.625397468329866	37.29635431789351
96.36634692136182	90.73922631852197
96.36634692136182	90.73922631852197
89.46661359253451	81.38771810206401
89.46661359253451	81.38771810206401
89.46661359253451	81.38771810206401
93.28009045750571	90.88276736118534
93.28009045750571	90.88276736118534
23.70594705908838	36.600388908910396
23.70594705908838	36.600388908910396
25.249075291016446	86.02861912518618
25.249075291016446	86.02861912518618
20.335897016101878	78.8605773868162
20.335897016101878	78.8605773868162
20.335897016101878	78.8605773868162
13.365214923688225	5.7882291851501515
13.365214923688225	5.7882291851501515
14.979291919202616	19.93729791141907
14.979291919202616	19.93729791141907
10.323301437073576	21.00729282134427
10.323301437073576	21.00729282134427
11.866429669001631	70.43552451283502
11.866429669001631	70.43552451283502
11.866429669001631	70.43552451283502
93.98992949937426	96.87661815253827
93.98992949937426	96.87661815253827
88.72200888174295	68.10438533941759
88.72200888174295	68.10438533941759
90.61987798117279	40.13680515522911
90.61987798117279	40.13680515522911
83.6491973639741	66.06445842877801
83.6491973639741	66.06445842877801
87.54249158797992	23.49545101164163
87.54249158797992	23.49545101164163
87.54249158797992	23.49545101164163
80.57180802035131	49.42310428519053
80.57180802035131	49.42310428519053
12.70042757193131	39.440839746246
12.70042757193131	39.440839746246
14.811142962120151	4.63577509203692
14.811142962120151	4.63577509203692
7.3438209998170905	79.51756027084888
7.3438209998170905	79.51756027084888
7.3438209998170905	79.51756027084888
11.724885023049083	4.779316134700299
11.724885023049083	4.779316134700299
4.541358115091363	37.54445240305485
4.541358115091363	37.54445240305485
6.084486347019428	86.9726840945456
6.084486347019428	86.9726840945456
1.4284973401053354	88.0426790044708
1.4284973401053354	88.0426790044708
30.286765308212264	18.99359689789568
30.286765308212264	18.99359689789568
30.286765308212264	18.99359689789568
32.397480698401104	83.1885322436866
32.397480698401104	83.1885322436866
27.200510319571112	19.137136465344092
27.200510319571112	19.137136465344092
29.311225709759952	83.33207181113501
29.311225709759952	83.33207181113501
22.127697326587285	17.097209554704527
22.127697326587285	17.097209554704527
22.127697326587285	17.097209554704527
16.859778184170946	87.32497674158385
16.859778184170946	87.32497674158385
19.050309458179466	0.4558554111170422
19.050309458179466	0.4558554111170422
50.10798024617311	25.75275383739434
50.10798024617311	25.75275383739434
52.289642924733336	54.66852769317839
52.289642924733336	54.66852769317839
44.7513736740589	65.8294743619972
44.7513736740589	65.8294743619972
44.7513736740589	65.8294743619972
40.12199045348969	16.544783713169835
40.12199045348969	16.544783713169835
41.66511721020279	65.97301540466059
41.66511721020279	65.97301540466059
34.48159177746004	98.73815167301514
34.48159177746004	98.73815167301514
38.90699877793348	39.075431605612266
38.90699877793348	39.075431605612266
38.90699877793348	39.075431605612266
21.391961211244034	86.0289830810222
21.391961211244034	86.0289830810222
23.573623889804253	15.944755461591296
23.573623889804253	15.944755461591296
18.305704747387914	86.17252264847063
18.305704747387914	86.17252264847063
11.405971418560597	76.8210129567977
11.405971418560597	76.8210129567977
11.405971418560597	76.8210129567977
15.219448283531804	86.31606369113399
15.219448283531804	86.31606369113399
8.035921375574095	20.08119995948855
8.035921375574095	20.08119995948855
10.155505361211226	67.49124159424356
10.155505361211226	67.49124159424356
41.28412343757626	57.50897853051399
41.28412343757626	57.50897853051399
34.31344134516261	83.43663032884795
34.31344134516261	83.43663032884795
34.31344134516261	83.43663032884795
35.927516865462046	97.58569905511686
35.927516865462046	97.58569905511686
31.22718635652145	83.58016989629635
31.22718635652145	83.58016989629635
32.84126187682088	97.72923862256528
32.84126187682088	97.72923862256528
25.631129182518297	81.84906192488737
25.631129182518297	81.84906192488737
25.631129182518297	81.84906192488737
57.256385653557786	22.912666955894753
57.256385653557786	22.912666955894753
58.870461173857215	37.061734206948714
58.870461173857215	37.061734206948714
51.89978055665852	62.98938748049762
51.89978055665852	62.98938748049762
55.784206185216064	37.20527524961209
55.784206185216064	37.20527524961209
55.784206185216064	37.20527524961209
48.81352409280241	63.13292704794604
48.81352409280241	63.13292704794604
43.61655223875745	98.08153126960353
43.61655223875745	98.08153126960353
45.727267628946294	63.27646661539445
45.727267628946294	63.27646661539445
74.87819924684686	34.32584041211108
74.87819924684686	34.32584041211108
74.87819924684686	34.32584041211108
78.69167463660311	43.82089262166233
78.69167463660311	43.82089262166233
71.79194278299076	34.4693829299894
71.79194278299076	34.4693829299894
73.33507101491881	83.89761167105024
73.33507101491881	83.89761167105024
68.70568631913464	34.61292249743782
68.70568631913464	34.61292249743782
61.167417068460196	45.77386916625664
61.167417068460196	45.77386916625664
61.167417068460196	45.77386916625664
63.32247543589051	26.044327105578308
63.32247543589051	26.044327105578308
48.43252884496092	54.668891649014405
48.43252884496092	54.668891649014405
49.975657076888986	5.097120390075248
49.975657076888986	5.097120390075248
43.07592374806167	94.74561069840232
43.07592374806167	94.74561069840232
37.80800460564533	65.97337788528164
37.80800460564533	65.97337788528164
37.80800460564533	65.97337788528164
39.98966728420555	94.88915026585073
39.98966728420555	94.88915026585073
34.72174814178921	66.11691745273006
34.72174814178921	66.11691745273006
36.9034122955644	95.03269130851412
36.9034122955644	95.03269130851412
65.69960009553328	44.477875505694996
65.69960009553328	44.477875505694996
65.69960009553328	44.477875505694996
60.78642182061871	37.30983376732502
60.78642182061871	37.30983376732502
62.89713721080756	2.504767637900979
62.89713721080756	2.504767637900979
55.42981819893441	77.38655281671292
55.42981819893441	77.38655281671292
59.81088074695145	2.6483086805643468
59.81088074695145	2.6483086805643468
52.3435617350783	77.53009385937631
52.3435617350783	77.53009385937631
52.3435617350783	77.53009385937631
54.498618627293645	57.80055327391293
54.498618627293645	57.80055327391293
85.55628794007235	83.09745170019022
85.55628794007235	83.09745170019022
78.3727625073296	16.86258944375974
78.3727625073296	16.86258944375974
80.48347789751844	81.05752478955065
80.48347789751844	81.05752478955065
80.48347789751844	81.05752478955065
75.28650456825852	17.00613048642311
75.28650456825852	17.00613048642311
77.39721995844737	81.20106435699907
77.39721995844737	81.20106435699907
72.2002481044024	17.14967005387153
72.2002481044024	17.14967005387153
2.5551559423987418	97.14645309160345
2.5551559423987418	97.14645309160345
4.178101533361426	94.5106266316215
4.178101533361426	94.5106266316215
4.178101533361426	94.5106266316215
98.47776807399093	80.50509894801596
98.47776807399093	80.50509894801596
1.37563864863571	52.53752023904244
1.37563864863571	52.53752023904244
92.83736939796127	63.69846690786126
92.83736939796127	63.69846690786126
88.20798617739206	14.413777734248841
88.20798617739206	14.413777734248841
88.20798617739206	14.413777734248841
89.75111440932011	63.84200647530968
89.75111440932011	63.84200647530968
72.84800697813291	41.63778714898046
72.84800697813291	41.63778714898046
76.73243260669044	15.85367491809492
76.73243260669044	15.85367491809492
69.76175051427678	41.78132819164384
69.76175051427678	41.78132819164384
69.76175051427678	41.78132819164384
71.65962108892158	13.813748007455354
71.65962108892158	13.813748007455354
66.39170047129029	84.04151519433468
66.39170047129029	84.04151519433468
59.49196714246297	74.69000550266176
59.49196714246297	74.69000550266176
63.30544400743417	84.18505623699805
63.30544400743417	84.18505623699805
92.73130060901686	29.90267925993806
92.73130060901686	29.90267925993806
92.73130060901686	29.90267925993806
94.2832974363932	62.54601281474803
94.2832974363932	62.54601281474803
89.65391274060902	13.26132364113562
89.65391274060902	13.26132364113562
82.11564348993458	24.422270309954435
82.11564348993458	24.422270309954435
84.01351258936441	95.45469012576596
84.01351258936441	95.45469012576596
84.01351258936441	95.45469012576596
79.31318060520887	81.44916391737537
79.31318060520887	81.44916391737537
80.92725760072325	95.59823116842934
80.92725760072325	95.59823116842934
11.282163963504633	76.59501568137621
11.282163963504633	76.59501568137621
6.0585877983297545	62.898306937001244
6.0585877983297545	62.898306937001244
8.240251952104943	91.81407931757033
8.240251952104943	91.81407931757033
8.240251952104943	91.81407931757033
2.9723313344736457	63.041846504449666
2.9723313344736457	63.041846504449666
4.87020190911843	35.07426779547614
4.87020190911843	35.07426779547614
96.89951981670478	61.00191959381009
96.89951981670478	61.00191959381009
29.028137893069815	51.019656530080525
29.028137893069815	51.019656530080525
29.028137893069815	51.019656530080525
31.138853283258655	16.21459187587144
31.138853283258655	16.21459187587144
23.680399916403886	74.31148186843252
23.680399916403886	74.31148186843252
28.061465414850826	98.57323773228394
28.061465414850826	98.57323773228394
20.594144927762724	74.45502143588095
20.594144927762724	74.45502143588095
20.594144927762724	74.45502143588095
22.704860317951578	39.64995678167186
22.704860317951578	39.64995678167186
17.79168204303701	32.48191504330188
17.79168204303701	32.48191504330188
73.69550159645783	27.647686832456362
73.69550159645783	27.647686832456362
75.877165750233	56.56346068824041
75.877165750233	56.56346068824041
70.65358958505813	42.866753419080396
70.65358958505813	42.866753419080396
70.65358958505813	42.866753419080396
72.76430497524699	8.061687289656353
72.76430497524699	8.061687289656353
67.56733312120203	43.0102929865288
67.56733312120203	43.0102929865288
60.59664955357341	68.93794478486276
60.59664955357341	68.93794478486276
62.49452012821819	40.97036607588924
62.49452012821819	40.97036607588924
62.49452012821819	40.97036607588924
93.5521894409969	66.26726450216654
93.5521894409969	66.26726450216654
95.73385359477207	95.18303688273562
95.73385359477207	95.18303688273562
88.20445293954592	89.55908984051855
88.20445293954592	89.55908984051855
83.5750697189767	40.274400666906125
83.5750697189767	40.274400666906125
83.5750697189767	40.274400666906125
85.11819647568981	89.70262940796695
85.11819647568981	89.70262940796695
78.2184631468625	80.35111971629404
78.2184631468625	80.35111971629404
82.03194148704866	89.84616897541538
82.03194148704866	89.84616897541538
12.174003034285972	77.68043943359781
12.174003034285972	77.68043943359781
14.284718424474823	42.87537330417378
14.284718424474823	42.87537330417378
9.061140784084987	29.178666035013773
9.061140784084987	29.178666035013773
9.061140784084987	29.178666035013773
2.1614074552576703	19.827154868125888
2.1614074552576703	19.827154868125888
5.974885795443825	29.32220707767714
5.974885795443825	29.32220707767714
98.07515099140156	19.970697386004215
98.07515099140156	19.970697386004215
0.6182792233296157	69.39892612706505
0.6182792233296157	69.39892612706505
0.6182792233296157	69.39892612706505
32.030690878825034	17.300015628093043
32.030690878825034	17.300015628093043
25.06001026162634	43.22766890164195
25.06001026162634	43.22766890164195
26.682954377374067	40.591840966445055
26.682954377374067	40.591840966445055
21.982620918003565	26.586313282839505
21.982620918003565	26.586313282839505
21.982620918003565	26.586313282839505
23.596697913517957	40.73538200910842
23.596697913517957	40.73538200910842
16.626015821104303	66.66303380744237
16.626015821104303	66.66303380744237
1.4522771262592955	38.40424431090595
1.4522771262592955	38.40424431090595
3.5629925164481353	3.599178181481909
3.5629925164481353	3.599178181481909
95.37946413327546	36.36431444983646
95.37946413327546	36.36431444983646
95.37946413327546	36.36431444983646
0.2372839754881254	60.934890728133425
0.2372839754881254	60.934890728133425
92.26660335828943	86.8625410512524
92.26660335828943	86.8625410512524
87.06963150424448	22.81114822333983
87.06963150424448	22.81114822333983
89.18034689443331	87.0060820939158
89.18034689443331	87.0060820939158
89.18034689443331	87.0060820939158
19.038616337755208	17.956998512125715
19.038616337755208	17.956998512125715
23.4196803609872	42.218754375977134
23.4196803609872	42.218754375977134
16.245022048477782	58.19899693329579
16.245022048477782	58.19899693329579
17.788150280405837	8.627227149571578
17.788150280405837	8.627227149571578
17.788150280405837	8.627227149571578
13.158765584621662	58.34253797595917
13.158765584621662	58.34253797595917
5.620496333947222	69.50348464477798
5.620496333947222	69.50348464477798
7.8021604877224	98.41925702534708
7.8021604877224	98.41925702534708
38.8598298005011	24.71615692683933
38.8598298005011	24.71615692683933
41.04149247906132	53.63193078262338
41.04149247906132	53.63193078262338
41.04149247906132	53.63193078262338
35.77357333664498	24.859697969502697
35.77357333664498	24.859697969502697
28.563440642342396	8.979521271824789
28.563440642342396	8.979521271824789
30.745104796117584	37.89529365239388
30.745104796117584	37.89529365239388
25.477184178486286	9.12306083927321
25.477184178486286	9.12306083927321
25.477184178486286	9.12306083927321
27.658848332261464	38.038834695057254
27.658848332261464	38.038834695057254
56.446169011997014	4.268912603274051
56.446169011997014	4.268912603274051
51.816784316212846	53.98422342966163
51.816784316212846	53.98422342966163
53.359912548140905	4.412452170722461
53.359912548140905	4.412452170722461
46.185252760416525	20.392694728041114
46.185252760416525	20.392694728041114
46.185252760416525	20.392694728041114
50.566318258863475	44.654450591892534
50.566318258863475	44.654450591892534
43.09899777177537	20.53623724591945
43.09899777177537	20.53623724591945
45.20971316196422	84.7311711164954
45.20971316196422	84.7311711164954
30.035972991904238	56.47238161995899
30.035972991904238	56.47238161995899
30.035972991904238	56.47238161995899
23.065292374705542	82.40003194307798
23.065292374705542	82.40003194307798
26.94971800326309	56.6159211874074
26.94971800326309	56.6159211874074
19.739585308960503	40.73574448972949
19.739585308960503	40.73574448972949
21.850300699149344	5.930678360305454
21.850300699149344	5.930678360305454
16.653327369889436	40.87928553239286
16.653327369889436	40.87928553239286
16.653327369889436	40.87928553239286
46.008236683100726	21.87607004533974
46.008236683100726	21.87607004533974
47.62231220340016	36.02513582117874
47.62231220340016	36.02513582117874
42.92197874402965	22.01960961278815
42.92197874402965	22.01960961278815
44.536055739544054	36.16867833905708
44.536055739544054	36.16867833905708
44.536055739544054	36.16867833905708
37.57424224257869	45.311434951140164
37.57424224257869	45.311434951140164
32.66106544287908	38.143393212770185
32.66106544287908	38.143393212770185
34.20419367480714	87.57162195383101
34.20419367480714	87.57162195383101
63.63004880117485	33.289243501556065
63.63004880117485	33.289243501556065
67.44352566614606	42.78429423589236
67.44352566614606	42.78429423589236
67.44352566614606	42.78429423589236
60.54379233731874	33.4327860194344
60.54379233731874	33.4327860194344
55.2758731949024	4.660553206313724
55.2758731949024	4.660553206313724
57.430930087117744	83.93100967042044
57.430930087117744	83.93100967042044
50.24740317916003	17.696148889204906
50.24740317916003	17.696148889204906
50.24740317916003	17.696148889204906
54.0608815193462	27.1911996235412
54.0608815193462	27.1911996235412
83.48673664571392	71.90882117126625
83.48673664571392	71.90882117126625
85.02986487764197	22.337049912327082
85.02986487764197	22.337049912327082
80.4004801818578	72.05236073871465
80.4004801818578	72.05236073871465
80.4004801818578	72.05236073871465
72.86221093118337	83.21330740753349
72.86221093118337	83.21330740753349
75.05274368040683	95.34418607706667
75.05274368040683	95.34418607706667
69.78482453799049	66.571953263946
69.78482453799049	66.571953263946
71.68269511263527	38.60437455497248
71.68269511263527	38.60437455497248
54.73524322899166	1.3246296846825998
54.73524322899166	1.3246296846825998
54.73524322899166	1.3246296846825998
49.53827285016166	36.27323538155505
49.53827285016166	36.27323538155505
51.6489882403505	1.4681722025609256
51.6489882403505	1.4681722025609256
46.45201638630555	36.416776424218426
46.45201638630555	36.416776424218426
48.60707475373585	16.687235838755043
48.60707475373585	16.687235838755043
48.60707475373585	16.687235838755043
41.06880550306141	27.84818250757387
41.06880550306141	27.84818250757387
72.48121715855683	74.74927200860185
72.48121715855683	74.74927200860185
74.59193254874569	39.94420735439277
74.59193254874569	39.94420735439277
67.12461206165759	15.825991057989771
67.12461206165759	15.825991057989771
71.50567608488956	40.087746921841195
71.50567608488956	40.087746921841195
71.50567608488956	40.087746921841195
64.0383541225865	15.969533575868098
64.0383541225865	15.969533575868098
66.15793958343859	63.37957226019321
66.15793958343859	63.37957226019321
60.960967729393644	98.32817795706566
60.960967729393644	98.32817795706566
90.31587556738998	79.32496099479758
90.31587556738998	79.32496099479758
90.31587556738998	79.32496099479758
92.2137446668198	51.35738228582406
92.2137446668198	51.35738228582406
86.9458240491885	22.585149472703385
86.9458240491885	22.585149472703385
89.12748967817865	51.50092332848743
89.12748967817865	51.50092332848743
83.85956906054736	22.728690515366754
83.85956906054736	22.728690515366754
76.93322994537516	63.73186490723145
76.93322994537516	63.73186490723145
76.93322994537516	63.73186490723145
78.54730694088956	77.88093363350038
78.54730694088956	77.88093363350038
11.17256341192904	18.944538664507753
11.17256341192904	18.944538664507753
13.070433986573825	89.97695848031928
13.070433986573825	89.97695848031928
5.532164735899386	2.137905149138099
5.532164735899386	2.137905149138099
5.532164735899386	2.137905149138099
0.902778564900253	51.853215975525686
0.902778564900253	51.853215975525686
2.445908272043266	2.2814461918014777
2.445908272043266	2.2814461918014777
94.55504206344929	75.14504131387768
94.55504206344929	75.14504131387768
98.36852040363544	84.64009204821399
98.36852040363544	84.64009204821399
81.49201875879312	12.08118568791723
81.49201875879312	12.08118568791723
76.22409961637679	82.30895435001152
76.22409961637679	82.30895435001152
76.22409961637679	82.30895435001152
78.12196871580662	54.34137416582304
78.12196871580662	54.34137416582304
71.15128662339296	80.269025964157
71.15128662339296	80.269025964157
75.03571372716546	54.48491373327146
75.03571372716546	54.48491373327146
68.10937461199327	95.48809107556608
68.10937461199327	95.48809107556608
68.10937461199327	95.48809107556608
69.65250284392133	45.9163198166269
69.65250284392133	45.9163198166269
2.3487066033321793	50.70076188241246
2.3487066033321793	50.70076188241246
93.81043735265774	61.861708551231274
93.81043735265774	61.861708551231274
95.70830792730253	33.89412984225776
95.70830792730253	33.89412984225776
95.70830792730253	33.89412984225776
91.00797446793203	19.888602158652212
91.00797446793203	19.888602158652212
92.62205146344641	34.03767088492114
92.62205146344641	34.03767088492114
85.66023796648105	43.180427497004224
85.66023796648105	43.180427497004224
17.788856042846092	33.19816443327465
17.788856042846092	33.19816443327465
19.899571433034932	97.39309977906557
19.899571433034932	97.39309977906557
19.899571433034932	97.39309977906557
14.70260105420493	33.34170547593803
14.70260105420493	33.34170547593803
16.81331644439377	97.53664082172895
16.81331644439377	97.53664082172895
9.629788061221102	31.301777090083494
9.629788061221102	31.301777090083494
4.361868918804774	2.529544276962824
4.361868918804774	2.529544276962824
6.516927286235076	81.80000369149946
6.516927286235076	81.80000369149946
6.516927286235076	81.80000369149946
35.375195254342	12.750921584924331
35.375195254342	12.750921584924331
39.756259277573996	37.012675973560796
39.756259277573996	37.012675973560796
32.28893879048589	12.89446115237274
32.28893879048589	12.89446115237274
34.39965418067473	77.0893950229487
34.39965418067473	77.0893950229487
34.39965418067473	77.0893950229487
29.486475905760166	69.92135475979367
29.486475905760166	69.92135475979367
21.948208130300685	81.0823014286125
21.948208130300685	81.0823014286125
24.138739404309195	93.21318009814568
24.138739404309195	93.21318009814568
8.894050470662894	1.2335506164011827
8.894050470662894	1.2335506164011827
11.075716099653029	30.14932447218523
11.075716099653029	30.14932447218523
11.075716099653029	30.14932447218523
5.807795482021742	1.3770916590645506
5.807795482021742	1.3770916590645506
97.90806215319442	91.02558196739163
97.90806215319442	91.02558196739163
0.4511903851224801	41.453810708452465
0.4511903851224801	41.453810708452465
94.53801211020792	34.28576897008247