68.84727058266115	8.462644287499158
44.53892430773885	42.645942361010924
37.44408040383415	6.562126766856892
41.50587941657249	41.08011081095419
34.29574524705495	25.199935588491226
36.30003896707924	92.81361316929245
67.79226650639433	87.65064599406271
60.342683210202814	29.96264080037295
62.38244983680533	30.436736160955782
55.59800824880581	0.8815890480216909
59.411485113777005	10.376639782357984
76.35964128464592	72.22732046113597
71.23361819418731	71.89676466800157
63.872720852478714	44.359806136588254
67.85470103096746	31.94184833215824
60.768727197726015	78.0731390269683
62.755282251638775	80.25660550505629
93.75973999172771	8.262876524053695
86.44318562726058	94.80144353660104
90.66461640763826	25.191312752967924
83.70280143545794	34.33406936505101
13.36596325413236	37.55267988077983
5.570504735457436	40.475589901303465
10.013648926827473	46.24307798618392
2.8212548986364308	95.7931109160043
4.88762731158381	45.9125221930495
96.5888086627983	98.88129735788019
29.06329901121682	28.288120555152158
31.18288299685395	75.69816071469222
24.114647829724042	88.25965956178561
26.118941549748335	56.873337142586834
21.35652792223979	61.36207723795225
19.56225596799854	86.62716310188823
14.657946288532264	62.67422617726739
16.830740371644204	9.374893744087338
9.567396104651863	94.20408816391459
11.669242899392412	76.18391869595635
6.481141116010701	94.34763068179291
35.69415142683436	46.90273669953858
39.66726300987483	51.269672606144454
32.69658091746117	77.19732587969335
7.421560689104929	59.9342036801936
3.5282664650991027	3.5032110973299844
6.987000987353569	90.3940707569156
98.63497224109327	46.07221851446637
1.6303944152393486	31.470791281518455
95.98327400377356	15.7558910051928
26.417997725589565	43.68861884188195
28.44002863651044	77.7325045749665
21.24763313310444	28.282538980001817
23.331742736948403	43.832158409330354
18.099296501110285	46.920344851206245
20.245486273092293	43.975699451993734
14.91548548732295	33.69773441784402
44.208314632396196	33.188783759331955
46.194869686308955	35.3722517126349
39.11776592373075	64.7186472211941
43.34806529955672	77.32362125131013
36.42172618438453	19.326797118389777
37.89390417751129	5.034188824672439
33.27338955239038	37.964604464809156
62.27355504766998	96.35719790300534
64.48182351257508	74.91828472482186
57.40471974999687	5.264680233381062
61.599544744029686	85.00923500850053
54.54017669713311	80.78583866934306
56.50012743991594	34.32399365661353
50.531592207514436	44.55848350774061
35.36672210811772	98.51479882495333
37.29119699389242	20.192533082012282
30.24069754244414	98.18424155660396
32.64407510721166	4.477635756116532
25.78868475562582	10.201648657974367
20.63605587882232	60.22577842359252
22.622610932735068	62.40924637689547
51.729199573394176	18.383097580081337
56.172343764764214	24.150585664961795
48.6074687277449	85.66621936774814
51.0463206743056	23.820029871827384
43.986954102623976	19.596633532669916
38.78998077336406	54.54523922954236
66.57515459308746	36.468479084966035
61.93690277706996	3.968685097604463
63.87911632895621	90.07662898216171
56.66011503920533	90.98134747073465
58.83290912231726	37.68201651276956
88.54255930303032	40.28299062525217
90.40495549588195	79.45499266128209
83.5406965488478	2.9639007493907723
86.05936437922817	87.05365605242723
79.02660211867646	32.47557415451719
81.25260924969311	76.46687060383198
74.47703625714188	30.126826829432083
76.88041382190941	35.42021955372971
62.13236328293756	92.4864596419371
63.93268078286609	51.15272650650809
56.891049926866096	13.359539794848901
59.01063391250323	60.76958142960392
53.99103249220916	57.02028045102928
47.10903782949338	14.098981862069595
48.89161666331038	6.335040574357247
78.09575837868574	74.67504325356872
81.50128280346541	64.27527255544453
76.86302951223296	31.775478568082953
69.36910323879998	58.01194930564749
73.09389414928826	37.35595337770732
65.97244740946859	51.626823342305876
68.02995122696768	18.53112980560194
0.2738610441605166	87.34523079582615
92.19675580636735	17.691623353955457
95.17658912484396	20.96682602151735
90.46738854524013	23.74619352416265
83.3548089256538	21.232171252940255
86.74259615953687	44.40219240253273
16.82257901385111	50.73072768925623
18.871214235901917	34.4199278635882
14.02898472457369	90.97272611042631
6.969616677677112	86.74932977126883
8.965041802253111	72.14790253832092
2.2870218844181425	39.17401171516157
4.113943695476589	46.48559302097997
86.49462984341979	81.16472773462327
90.6273761445295	80.40354881349873
83.79859010407357	35.772877631818936
86.13101890525476	76.34543184612343
79.00070356998681	8.401198472187794
81.15576193741711	87.67165641150946
74.30924018127955	76.61077560233139
76.53524583708122	21.602072051646175
6.579754309602299	95.07018955858807
1.9681068047147083	12.21570853725897
3.759555709194945	86.66687206329577
95.70905625774667	65.6585820131024
97.73108569345258	0.7024692214019007
91.03532858472103	1.2983687707442675
94.83106825879565	44.363209877582285
25.26579345582661	72.29593476384152
19.98013712251369	77.09349379843752
22.418989069074392	15.247304302516747
15.129037540522217	51.43118575631152
18.747406780845942	34.19393206338167
11.546144157206609	1.5288587042379431
42.69249942446823	56.976806743221616
44.63471150113952	44.08475062777884
38.054246133235765	24.477012755860056
40.26251459814086	3.038099577676566
33.48694013037468	55.69805580327665
35.34046920299297	12.654953025557438
28.64471061904646	13.250854050114762
32.42271457743944	89.88548405423954
15.58168731439029	49.186996948939345
9.648626463781952	91.28190753027795
11.71499887672933	41.401318807323165
4.646762234384462	53.96281765441656
8.797245726390774	19.631849836005255
1.8620380157702878	77.41992088933577
3.4849821315180143	74.78409295413888
35.07476422076432	82.9872787301497
27.536496445304838	94.1482253989685
29.76250210110653	39.13952332349827
24.91140399433001	13.477213806157318
46.080638064356485	42.93229653466562
48.20022204999362	90.34233521899071
41.04329945316583	72.75278887902262
45.30907468599994	18.218180688920242
37.75306824442892	62.94891920545574
39.98794249567889	90.15532194373463
71.43582853296749	69.91682922454423
64.34098610427775	33.83301510560516
65.9373273841105	81.55187420437579
61.09509787278228	39.104669500783984
63.179207476626246	54.65429188054244
55.703016918874894	47.32097077039029
40.999310832359456	20.46273197691349
44.32501937331946	62.12702238069189
37.32773001934598	39.4093597377784
39.332023739370264	8.02303731857963
32.27265569247369	3.7996409794221613
27.42155758569717	77.13733293729618
29.177530633169276	20.728075733121432
58.57678144840708	16.80038431481402
62.505550054206076	6.091796152674194
55.401840505283	85.79287721998598
57.299709604712824	57.82529851101246
50.44431925312697	63.54931288808525
45.575483955453876	71.45679374324601
47.18956095096827	85.60586246951493
76.57107310009452	16.247959948494277
78.72613146752484	95.51841788781594
73.67105714065255	59.908700604674664
68.03952558485622	26.31717190305415
70.01721351853564	45.28553651782291
62.807080824233054	29.405358344930036
66.70924364368719	69.05145721675774
96.03754422012368	1.402927288457204
90.9824698932514	64.79320853010096
92.93355204058595	35.1162587036223
85.4041513853598	29.492308710975294
89.882769958523	67.12021752606728
82.30902632605539	46.42074493988952
84.50842767072714	41.766728423171855
46.98056159040515	56.50512060851642
39.82364046879232	38.91557279333336
42.05851619525726	66.12197553161225
37.10099641831619	43.878409724496564
38.679599032037416	26.16705624533901
33.668866207191634	5.632863030943422
63.03264116542131	68.84475235763944
64.7708784972118	46.00528552596643
58.19041312930804	26.397549129262586
60.08828222873787	97.42996894507412
54.864706063562984	83.73326020069915
56.656153492828274	59.184423726735936
49.88944909572535	95.05948476608518
81.0269342923237	68.29232799131971
82.7563030286659	62.2377578211125
75.9984657517963	81.3279236742109
79.63457218301662	30.520878133564352
72.45991239529225	46.501120690883006
67.36049656639345	94.81587933899601
69.6929238923597	36.388433553300516
0.20746644842528894	12.257103238516969
2.5931068222962295	51.12028486010135
94.82640094997834	86.99534737466554
96.3074504889833	55.917843894697356
89.51413883032053	43.14759049279917
91.95299077688124	80.30140247209336
87.05754969286326	39.5635688860067
88.95542026750805	11.595990177033178
71.91928537981143	43.16519864446684
74.06547367657848	40.22055324525433
68.75321155692068	95.37279636338795
61.791398059955306	5.515552975471035
64.07061676366172	47.79747830728068
58.2705833695628	36.11895961964144
89.53222890243725	71.36326876214899
91.65181288807439	19.77330892168904
84.13128082829652	96.36446521800615
86.29520779117513	59.85002944629191
81.71903466808071	8.855967679959381
83.57256226548404	64.81286490224016
76.85019937040761	16.763450010335106
78.4731449613703	14.127622075138214
11.107270027858066	37.40633191989474
3.9237416446853985	70.17146966346425
5.511212853854914	35.67522247327079
0.8640909671741661	19.96032514737504
2.788568803378786	40.638059404433996
94.25916667293768	35.01411088700196
27.735805356583302	47.72777361228203
29.367618067779322	28.30705049083428
24.4721784589763	86.56921837996256
17.45715338932118	97.42134610955083
19.612210281536523	77.69180552408744
13.74122959906624	2.2924483264550766
15.701180341849073	54.83060331372555
0.6516005080651861	88.58327973446214
92.67204982020324	32.29582524383199
96.60081842600225	21.587238556907124
89.39068573169966	5.707061859229215
91.56347981481159	51.407729426049166
86.2512176951538	7.559974019397739
16.730285869426222	50.56822444961764
19.88748962165371	15.145521916947397
12.641882545557957	66.40492596427292
7.8972075841609515	37.32387421192166
9.892631233521993	22.722446978973743
2.753447302805745	70.56311026650393
4.757739547615079	39.17678784730514
35.80654026494549	81.25858145983331
37.97933582327237	27.959249026653257
32.711415205641075	98.18701768874753
25.412598032070527	52.15579285357821
27.523313422259363	17.350728199369133
22.6190037427931	92.39779127474829
24.162131974721156	42.82602001580912
55.476989080285364	76.36095804081151
48.47083260607854	70.4281905841489
50.00509224255831	37.64131598667555
45.4200505240156	3.4321508818088358
47.38886986224672	39.18540773239854
40.19647288362576	88.73544213743386
25.01386706854742	77.2615478271483
27.15118676986618	91.1017961389717
19.639523305536613	51.908057249037924
23.985112946975438	44.30939385789279
18.397925843635537	25.793389225017982
11.07250288372011	30.11684994860124
12.837343051425554	55.922700508605566
43.3983739695298	31.173732315360862
38.71577770105588	82.5984142592536
40.51609520098441	41.264682599039524
33.36804119960491	6.89023812239065
37.22586251703254	31.46081292547265
30.148757279239376	60.807206958816906
32.073233640229034	81.48494269109081
63.742833088509975	37.62407031562894
56.25777393531033	47.07564586694261
58.306410632576096	30.76484751648954
53.29567928294527	10.230652826879005
55.17581266669347	15.832864490407209
48.14304893092681	60.25478406771212
79.36922155722307	63.6386739552231
80.89461259825454	47.636693068785654
75.8395367961673	12.026975785644364
77.91477780456296	44.36149040122376
72.67346444849152	64.23457350456546
65.56088630412015	61.72054828291315
67.6982060054389	75.56079806995149
52.48899292880072	15.441589318418513
54.87463330267166	54.304770940002896
47.32749545654893	82.25061427028753
42.307895511469816	78.50131476692785
44.40974230621036	60.48114382375468
36.91581455756243	86.7176145613192
41.12837821770678	33.892380439151886
70.51876043749628	46.74958273188038
72.09736305121751	29.03823220315274
67.46797688021839	78.75354302954032
59.88536612751744	74.83896562961343
61.9783443268097	73.60369134790606
85.91456689976873	14.171461213996867
80.95704417239774	90.92789540688118
73.48085656507631	83.594575771944
75.68025643453312	78.94055925522632
8.119273876373416	75.48696319750172
9.946197162646833	82.79854597853509
3.0819367403977265	6.307455541858731
96.79627893186985	11.105011626024808
98.86265282003218	60.22442437828498
92.68127129687166	77.29639869943267
77.85340487408013	87.4266954638978
79.69806387603516	61.16848787242944
72.54114275442232	43.57893858203141
74.96225751008645	15.302540933827325
67.84080929505183	29.57341237364082
70.19097676234456	36.576174740228645
65.21571979450691	47.90240078082963
67.35304097104063	61.74264909265301
96.15809589124285	93.40293810358305
91.45776538230226	79.3974104199775
93.71037682444882	73.03402278575467
86.51798132104281	23.584054240360086
88.76172416774108	34.00556179238812
82.04822986811294	68.17125023901725
15.45391978817222	17.164074454304192
10.593953085947417	8.286661598429054
12.270110249599854	3.9414640209419654
5.512272972730256	23.031628398825394
1.0602601859119254	34.0490355001958
2.975867951453295	71.51166494350561
34.4680954907684	66.34869924349083
36.51673071281919	50.03790089303775
29.2001748731371	37.57646643037015
31.639026819697804	74.73027693444938
27.337780155500443	97.40446586955518
20.349360872190204	57.90190804039086
22.069859537869146	68.63223305643452
6.975936726843808	87.3093854084254
98.65051376692838	91.63284613200867
3.9428918356774414	85.74355385836867
94.29605405482631	17.01640470940466
98.41106316503945	49.8250176359968
91.65322588816986	68.91518348909518
93.923574521213	28.982004007155687
24.1454549026999	63.7522177890804
26.424672131191347	7.034143120890047
18.983955955233164	31.561242740949414
21.39620211544898	20.069740278996186
16.48302531574937	12.901697065411238
9.556686200577177	53.90487293249089
11.75608754524895	49.25085641577322
41.21741705340983	26.828897218494845
43.46116137532306	37.25040329530791
36.27763299215039	70.01554103887743
38.25532092582981	88.98390270321627
31.47974645806362	42.64386040403133
33.900861213727744	14.367462755827237
29.102974679640973	85.99578359619609
31.32898181065761	30.98708004551089
60.3912259988603	70.8854057047361
62.36891245732477	89.85377031950486
55.25633578816836	87.33974509785254
57.695187734729046	25.493555601931774
52.22329089700199	85.7739135477958
45.03089391838103	36.32394647761618
49.083821385241166	87.62682718317929
31.95013194761332	6.829882699372393
34.26482650832785	80.97222581096365
29.129933347205977	97.42656667929505
22.283411591068415	86.36568439490202
24.598103201353016	61.50802898170823
17.991032047104383	92.254976668542
19.516423088135856	76.25299725731952
50.299167417232454	27.881649407803348
52.07287765560115	36.902601831126894
47.3636770759973	39.68197080898717
40.463943747169985	30.33045964209928
42.32633846480665	69.5024616781292
35.5862398540486	55.02283863394083
37.75016534171223	18.50840138701163
67.06073167768207	83.42966183121281
69.25126295169059	95.56053902553103
62.48455855458765	32.43560006488027
66.71485793041363	45.040575570211246
59.65548988351705	40.817179231053785
61.588834839955005	44.71001977707683
54.78665458584394	48.724661561429514
85.59600470128542	48.99862667794581
87.67124570968109	81.33314424395512
80.8513297398884	19.91757640080951
83.27244302033756	90.64117727739045
76.05344173058668	91.54589576596341
72.0625944318646	21.7487517070742
74.99808477309973	9.948428830675427
34.695498615797995	63.87220219865982
27.946529934376684	66.1774743407223
30.172537065393325	11.168772265252054
23.370358286497222	15.183414049604732
17.783169707942363	95.66741089194488
21.374933161921224	29.784841282552648
52.42373535446658	71.86663637029575
45.426447475708045	49.14897372738228
47.32431657513788	21.18139354319381
43.74142171660732	70.27906796633519
36.850556983228294	44.142661613196445
38.420291001501226	43.21620627071967
68.0146494413865	66.02081927967839
69.90364994536803	54.83813428174078
65.25652953390224	39.12323548063007
67.23421599236669	58.09160009539884
60.20145520702995	3.5135167222738346
62.06384992466662	42.68552023351871
57.07085576593238	87.58153517140646
85.86704356590127	37.02671789337239
88.03097052877986	0.5122806464431997
83.472536071797	14.948429982823917
85.33493078943364	54.12043201885383
78.01837494975156	41.65899755618623
72.83027316636985	59.82270806680783
74.89664557931722	9.942119343853038
57.762956141689386	28.14517486004614
61.99325551751536	40.750150365377124
55.05804780689487	98.53821994349266
57.248580556118355	11.669098613025865
49.84333876195334	68.0566174880818
45.08979520510803	55.760460921981405
46.544237482553164	75.03764300076578
75.9523554180243	54.32505492099255
80.17378619840198	83.71492561257439
73.0789452449272	47.63111001842036
20.794592764360846	45.16287332849159
59.275239586986174	79.50246398242618
63.79820113739085	33.205895391048905
56.17124593223348	14.215795397591275
87.45063013121948	15.890314167597099
89.53473973506345	31.439935072140596
82.22705249082965	2.1936054232221367
86.06713514214573	60.333970598805855
79.10532312039533	69.47672721088894
81.08300957885977	88.44509035044274
76.28512304477302	61.07340971559664
58.78782266898015	74.45717081850486
60.85419508192753	24.576582095550073
55.541932962269726	79.72882521368369
57.70585844993337	43.2143879667545
52.50001800044012	94.94789032509277
45.35196694949054	60.573447323658854
47.054728424272895	5.873561236989274
78.29863676625078	74.6876622272135
80.38274637009474	90.237283131757
75.38088214069725	52.918193255895595
68.04659058533353	74.02655064094466
70.03314563924629	76.21001711903266
63.06246502204759	3.137668917366595
67.32823730445178	47.60306367769414
96.20424393867025	43.98418972340234
98.35930230610056	24.254649137938962
93.4283868402894	50.65639629685574
85.93446056685643	76.89286703442028
90.01399382006143	77.84106070601585
82.99897022562128	88.69318843560409
84.5864414347908	54.196942720625586
17.01658880596785	67.52824332436681
9.744377418742175	70.14233293044491
11.837354142819473	68.90705717352259
7.003993226939547	9.674958758894887
8.97281256517067	45.42821708469953
1.6562567254885772	32.96678262203193
85.3228833125743	9.836106478010967
87.43359870276315	74.03104182380189
82.1834167512434	11.68902011339446
84.3828166207002	7.035002121461822
77.21702690363907	6.230348017314665
71.99344926324925	91.5336392729397
74.10416612865305	56.72857461873061
4.113200219380941	98.33627287067594
8.299156617965464	95.8657243072612
1.0269437555248322	98.47981391333931
2.995761618540997	35.23307076392901
97.10032053452301	93.49524012827227
89.64186864288321	52.59213012083337
91.77031974875368	83.2172736189076
23.801384750402452	59.868859079152436
25.761334017970324	13.407012591207957
20.715128286546342	60.012400121815816
13.726709003236104	20.509842292651474
15.731002723260396	88.1235198734527
10.631583943931693	37.43827704635075
12.227925223764458	85.15713614512138
41.352249580105195	7.561195500590586
36.34151675525943	86.02700228619501
38.41675776365509	19.3615169017744
33.35281631654948	0.5366948048839845
34.895943073262586	49.96492502115977
29.787657173700545	16.06457885552364
12.86681402683171	27.43014695126622
14.445415165337975	9.71879642253858
9.683003013044386	14.207536517903995
11.483319037757957	71.87380485768992
6.188792633781782	93.45625760332183
98.22698061203138	3.599014215404912
0.7612402485111407	69.81213961793156
32.36875805343909	44.445533546225704
34.16907555336761	3.1118033612265905
27.00328583630649	2.3071492570794327
21.77970819591665	87.61044198791942
23.908160777002088	19.235585485993663
18.826480663784928	33.98055376160496
20.431687588636066	64.91451619890978
49.55601342019176	86.31857702959394
44.42998885451819	85.98801976124457
46.203700568101844	95.00897365978308
41.521104299627915	47.43365560367581
43.05536541132265	14.646779530987503
38.02689539558028	27.682376689093644
67.22216851550735	13.80727455455597
68.91606139484142	74.8922851293522
64.07383188351321	32.44508190097535
66.19341734436529	79.85512058530045
58.68175388003573	40.66138317058166
53.81291858236262	48.56886402574243
55.98571414068951	94.26953306777733
38.55936105326803	72.37413268067868
42.71871314072262	21.258268200801577
35.74803104830897	47.185919999135535
37.34436937771183	94.90477909790617
32.66177458445286	47.3294610417989
25.105768142881832	92.06019660790449
27.260826510312132	72.3306560224411
58.33623301398742	64.05776555143164
60.42921121327967	62.822491269724274
55.20563357288984	49.125782525349315
48.27042733748431	7.9138535786798165
49.87563426233545	38.84781601598464
45.21964378020641	39.9178124011248
46.66521893741821	75.97988966616003
75.90483503458674	77.18031160036807
70.83202204160291	75.1403846897285
72.92500171611015	73.90511040802114
67.75463564841006	58.49903054614103
69.85648096793565	40.47885960296784
62.78824580080574	53.040358450061234
64.79253952083003	21.654036030862464
96.09852803094596	71.97386924211571
89.21653189301522	29.052569177941066
91.10553239699675	17.869885655218418
84.10824599345318	94.15222301230494
88.25872801024454	59.82125519389365
80.8889605978727	49.06919184873119
65.70635183236442	37.59529606323068
67.79933150687165	36.36002178152331
60.456169880844676	74.25327435282324
63.81735132838289	48.77798253638325
58.79775138330377	45.02868155780861
51.64083026169094	27.43913521784051
55.463175722110435	20.14928929071098
84.65844884203752	6.2741871561733165
86.8223758049161	68.75975138445908
81.48350642369849	75.26668006134528
74.40640266112028	5.613075569904485
76.18898149493727	96.84913280697718
71.55072967891975	64.34933881961562
73.51067894648764	17.88749380688609
3.5817932053535806	41.00092427986044
5.61269123650779	58.25991777712405
97.93467131867283	25.286025478749746
92.87072692113729	6.461203381859317
94.88388923660987	57.28998577640969
88.00189309867915	14.368684237020085
91.78876565252042	74.21842053010896
21.78006107713678	50.395909154556
23.68680024722987	5.643435259331627
18.906650904039683	43.701964251983796
11.820677070798231	89.83325347157891
13.496834234450668	85.48805589409183
8.636866057010895	76.6106430382167
10.37510338880139	53.77117768175863
92.52520753030393	29.857585762709295
87.2572883878876	1.0853529495886274
89.27044922814522	51.914135344138984
82.07805372473923	2.4641682739593618
86.14871838249594	20.19725713180579
78.92084849729677	37.8868708066296
81.06703826927878	34.94222540741709
13.23112925222203	56.82038159868407
6.083078201272447	22.4459371220352
8.202660711694621	69.85597875679022
3.014558928312912	88.01968779219685
4.903559432294458	76.83700426947419
98.91943386900851	5.948124021111085
29.22113013431509	87.65427817634816
31.198818067994505	7.622642791116919
26.001844738734597	42.571248487989365
28.094822938026855	41.335974206282
21.026587770896942	53.89747305337539
15.714325651239143	10.049716171509019
17.674274918807026	62.587869683564534
46.692177604983215	87.41067422447395
51.12645320090495	10.963057495605264
43.5970525456788	5.339108978173228
45.52152890666847	26.01684471044714
40.82119544729796	12.01131555162663
33.69974723226334	26.28218699144014
35.32269429844098	23.646360531458193
97.3978912333879	85.01187857652941
98.98536096734246	50.51563138633595
91.81956977506637	49.710978757403744
87.12810638635912	18.92055588754733
88.94615960196927	43.017032379616595
83.6072916959666	49.52396253171774
85.40760772068016	8.19023087150367
15.56740793402904	61.454709481969445
10.75178273383073	67.65282069484002
12.853629528571277	49.63265122688179
5.732182788751613	63.90352119148034
9.62547701275745	21.334515249558898
2.477423011377952	85.96007077291003
4.659088640368088	15.875843153479115
33.84549316484687	18.785637680407262
28.781548767311335	98.96081410830189
42.78534600149682	90.39671284972951
44.488108951494134	35.6968282382749
37.50855826363218	78.4093752228597
32.28498062324236	64.71266647848473
34.457776181569244	11.41333404530467
27.25651208271495	77.74826363659086
31.327176740471675	95.4813524944373
60.557924242191916	14.466669614896196
62.48240060318158	35.14440387195515
57.27656162890328	86.87790475507846
50.181719200213536	50.794090636139394
52.310171781298976	81.41923413421364
47.06885695001255	2.2923172375553365
49.09975645638172	19.55130778438903
80.4500879437391	84.94666506438799
73.23108665398823	85.85138355296094
75.03140120348684	44.517650417531904
69.79008784741538	64.39073352087362
71.90967035783756	12.800772205198715
66.64175269063618	83.02854086729299
49.73864525944897	60.82432006574882
53.0288764681859	70.62818973931569
45.62363614923583	28.01570713915667
40.70159075408794	37.63256206225251
42.84778052606995	34.68791518782503
35.35385277742201	60.924385925389565
39.80586556424034	49.906980299234114
68.61979203032077	64.78237264869833
63.502637535310434	47.6669201940981
65.40050810995523	19.699341485124588
58.110558056618004	55.8832214637044
62.509359270746586	46.5751869550541
55.299226576444	30.695010257376193
57.11728126726911	54.791488224660405
87.70491502128831	78.68783447266314
82.67644795597587	91.72343015555433
84.23731190358555	8.581869999328395
79.45716256039537	46.640400467195526
71.9454990960658	7.446660102046816
74.10942605894441	69.93222285511762
6.6637337663975496	46.274990851346836
8.526129959249165	85.4469914121618
0.996729304023018	79.82304436994471
94.93278638170246	60.99822079783933
96.72423381096773	36.44938432387612
92.0061646359156	56.01364701277228
93.68232032435307	51.66844943528519
78.64160908601748	68.63622919455598
71.31618465088711	72.95969139335419
73.12536927104897	14.84106454688927
68.19445380523783	41.242813181021006
70.42932953170276	68.44921296886997
63.22806543284846	35.78414256015617
94.50744963183446	37.458659854947044
95.99736629107277	88.596261188728
89.07102717590058	30.59943705580764
93.38114243554622	90.14035588488089
85.88721616211325	17.376826622445414
87.84716690489607	69.91498013450092
31.82522961045654	95.66909368136542
26.62825775641158	31.61770085345284
82.59415747797044	8.28920486363635
86.43424012928652	66.42957003922007
79.50790101411434	8.432747381514677
74.20450601468987	46.800095313397435
76.43051462092147	90.79139176271224
68.92771827682523	34.81275768652762
73.22009929600422	28.923465412887627
3.0340242868696894	43.798857762351844
5.011710745334146	62.767222377120596
98.97437360935845	92.58771324626264
91.62234338788319	48.26585952859847
95.80829978646771	45.795310965183745
88.89082926674381	70.01359164601253
90.38074592598211	22.151192979793482
23.014872467684846	45.42990134933505
15.325835619174478	44.93406765963342
19.689163926724834	3.7656138959865606
12.558848591456877	34.82138052205092
14.16405551630802	65.75534295935574
9.304090289298175	56.877930103480615
38.73881401111418	84.8106564649548
40.3174166248354	67.09930446101221
35.56387159277515	54.80314937012676
37.13360561104808	53.87669402764998
30.242740877669057	27.740287674511237
25.30295829162457	70.92693149489384
26.970245384613758	83.3666291036576
9.783344374296167	4.279055737355863
13.845141911819544	38.79703978145316
6.901065605750767	14.370006021034524
8.834409086973762	18.262846567057572
3.566489944557434	88.4906137539369
95.62241363848865	64.06357999351827
97.62670735851295	32.67725757431949
29.906090082283995	34.35177634432532
31.360532359729127	53.628958423109694
26.25224646016709	19.728610782258613
18.962296406829875	55.91249223605339
23.13051561451781	87.01173256992543
16.044543256491316	34.14302326473549
18.164125766913493	81.55306342427555
49.29274531849348	71.57079888533102
42.13582419688065	53.981252545362906
43.865189982792934	47.926680899940756
38.82785284681723	77.74717324429776
40.752329207806895	98.4249075013567
33.87920019010949	38.7187122509312
64.89252800086169	48.94008660846279
67.08305927487021	61.07096527799599
61.83287732335045	97.72894209237359
94.84198018946886	56.134359334023756
89.0330796751366	61.24073583263538
81.8495527671789	94.00587505141985
84.03121544573912	23.92164743198894
78.79877068511595	27.00983387386483
80.86514309806334	76.12924515091004
65.6470599507619	32.794930110412956
58.765065288046124	88.87363152145328
60.2815877336293	89.65654582126669
54.765346443445836	35.861379698385
49.896512620987686	43.76886202876073
51.4839838301572	9.27261483856727
80.6437825682911	62.537094924247995
85.08692675966114	68.30458300912845
77.53978891353842	96.25042633941308
79.73919025821017	91.59640834748046
74.63977295409644	40.911166995593476
67.0837665125254	85.64190256169904
71.53577929934374	74.6244969355436
1.2876255972861168	8.994155588763833
3.4072081077083016	56.40419722351885
98.01727548902802	48.92733507070333
90.94904032189811	61.48883539301168
86.12454800146647	84.4718417921331
88.5367941616823	72.98033785496492
18.767540188187574	90.96565497542382
20.32840708622717	7.82409481919789
15.672418079313077	8.894091204338046
17.5880243696395	46.356722122862806
10.2803371254057	17.11039247394435
4.9414692194030225	23.61732115083054
7.140870564074785	18.963303158897915
90.84297005773873	27.69304774508847
93.00689702061732	90.17861049815929
85.47749636539118	84.55466198072723
80.848111669607	35.269972807114826
82.31142401771538	37.76225969964834
77.1853994520418	37.43170390651393
79.1896931720661	6.045381487315149
9.234201644587168	79.51349899425703
4.507263874086748	16.862656869404063
6.130207989834474	14.226828934207173
98.00876125001481	28.49770037402068
1.4032687441190852	50.5759868093542
95.38366879903997	46.82668878120948
97.44117409175402	13.730995244505552
27.9113721953632	73.52414086097632
21.89849398572023	68.68310811857265
24.01807797135736	17.093146802897742
19.300007321090277	36.657410967008865
21.54375016778854	47.07891556860699
14.36022473504579	79.84405478739146
16.586230390847472	24.835351236706256
46.2249318079742	62.7154883144107
48.43320174809426	41.27657513622721
41.39157236730923	3.4833884245680227
43.61757802311091	47.47468487388282
38.26097292621165	87.55140687370066
31.139526186391983	2.8222753630842328
33.1083425741932	38.575535164103854
18.049894144961023	89.11310677109131
20.01871348319216	25.86636509689597
12.932741125165663	71.99765579170604
7.833322345836958	21.31241296460409
9.67798134779199	94.05420537313573
2.9733571188271024	12.435000108728953
4.818016120782135	85.17679251726058
36.57630004833105	71.46696827929013
30.11112642125509	31.655592986110175
32.07994428427126	67.40885131191483
27.441690993038797	34.909057324553274
29.17992832482928	12.06959196809521
22.005268537104907	28.04983452541387
53.08067651599514	19.776942579189445
55.11157454714936	37.0359346012381
48.32713295914984	7.480786013089049
50.73051052391737	12.774178737386674
43.671141001805836	8.550783873444162
47.68859556208776	27.99324384879575
40.81546801960532	67.28704859837026
43.12129250965659	59.21428837142732
72.52941044512772	38.50169881643913
74.08140727250407	71.14503532167902
69.41654819492673	88.99992541785507
61.94922770783863	64.88171207188199
63.92691564151804	83.85007373622082
59.270925159388995	84.92007159657594
61.230874426956866	38.45822510863145
43.653758167344336	4.906041412582461
38.64302681771351	83.37184819818688
40.77147792358398	14.99699317147608
35.68979781036683	29.741959971872408
37.23292604229488	79.17019018814821
30.129215018156845	59.87127125545999
61.6835256760399	36.214036301259284
63.44836584374535	62.01988538604864
56.39786639229707	41.01159533585528
60.628167243338	53.61656936597131
53.07215932655202	98.34730640729184
55.27156067122378	93.69328989057416
50.35838387152418	86.52524815220418
79.58026277779614	22.295460458913947
81.17660258241393	70.01431808246963
76.1126581848784	51.18949451036425
78.06374033221296	21.51254468388558
71.1373997418258	62.515720550965234
66.2153543466779	72.13257252363114
67.820562746744	4.066536436150928
97.02470446211936	72.4065391153624
2.4323742716962355	46.313610895676206
94.12468850267739	17.06727977154279
88.8478992895978	5.0799436198879295
90.38215892607757	71.29306754719963
85.17631847658433	24.026568430322936
87.26042955564324	39.57618933486642
70.14447583369703	24.209455953772775
64.95637405031532	42.373164989179415
67.09369522684904	56.21341477621775
60.00772139360759	3.344703995812864
64.2557564851152	81.37988912864212
57.21412710433015	43.58670241698294
58.721782429680005	61.154513378262166
90.38251180729769	34.078537664266115
82.84424255662326	45.23948433308493
84.80419329940608	97.77763784514045
80.13046562638046	33.417424602782326
82.0904163691633	85.95557811483783
74.59649009573032	13.192048852402369
7.266089544011259	68.33117647694048
8.82695349162094	84.18961632071456
1.7143753472495682	81.67559257427722
5.9092003412823715	62.420147349396665
97.58377738136694	66.74360807297992
0.5348580534865364	37.0666567712863
94.49752091751084	66.8871491156433
24.834691564610587	81.45372252587693
28.83440745878097	35.4659743489452
21.695223528064723	83.30663616126041
23.770464536460395	16.64115077683981
16.551463246709517	17.545869265412758
11.389965774457725	84.35489421728178
13.527286950991442	98.19514400432011
71.69258654200712	70.21263297300092
73.81217200285921	18.622671657326016
66.46901037683224	56.51592422862595
61.14787966172615	29.453062533010424
62.91272130464655	55.25891161779979
58.15917774780126	42.962755051699396
59.524934070763464	32.08889046820731
91.15905913725123	55.36759883774888
83.63852707747338	32.95875513406598
87.60277006506556	54.11058770213768
80.17979255521891	45.06789547448039
82.28163934995946	27.047726006522154
77.27977512056196	88.72863613066076
7.439575333910845	42.993114741126526
11.279657985226919	2.133479916710253
4.326713083709849	93.49134134254248
5.949657199457574	90.85551488256054
1.0010060179648075	51.827053889194
92.74653034642076	20.871351647555414
94.62666373016896	26.47356331108362
26.91491504938829	11.363188370053548
29.05223622592202	25.20343668187694
23.82865858553218	11.506727937501969
16.707211845712518	25.777597902100506
20.334449681484536	90.7554490229198
13.416979161760635	15.973728228533636
15.013317491163495	63.69258732730428
0.11450378000057726	10.102045581776272
92.19703326027668	34.32032626260507
93.71355570585986	35.103240562418485
89.06643381917911	19.388341761307775
90.6273007172187	35.24678160508185
83.49698243152083	66.30254823114622
15.794103821403422	34.40727515343537
17.73631737328967	21.515220513207566
10.872056951040562	44.0241300765312
15.01367184759857	26.47805744437077
7.4931397878207155	4.06921374068787
9.65706675069932	66.55477649375868
4.415751919412898	86.42785812188542
33.81500125943573	82.50016522836306
37.63734671985524	75.21032077644848
30.52477005069882	72.69629703001114
32.67982694291416	52.966756444547755
25.602721705121002	82.31314900267705
20.28159099001491	55.25028878227649
22.090775610176784	96.13166193581155
53.64508479284488	72.47442698161085
55.188213024772935	22.902658673101598
48.20866233691099	65.61520418247144
42.993953291969454	35.13360025184562
45.20222323208951	13.694688548877094
39.9431712099065	67.13756054950557
42.0982295773368	47.40801848882723
24.503376126827686	47.4256266404949
19.652278020051167	21.7633185983689
21.869415080404554	82.53951023393456
14.366620211523284	26.560877632964903
18.53484089442618	57.660117966836935
11.643974685832196	31.52371308891315
13.391080613070972	90.89935254620423
45.49523828788832	16.57861604445029
38.16981385275794	20.902076768033545
33.10587093043736	2.0772531959281584
35.163374747936444	67.98155965922423
28.077400914694994	15.11284887881934
31.97069513870083	71.5438429368979
61.254655688325784	87.81978893985165
63.205736360445364	58.14283763815803
58.398981230910316	47.556052189562784
51.10903117757309	83.73993364335756
54.966852495000715	9.310506971224605
47.74784973003488	10.21522545979755
49.54816722996341	67.88149379958348
81.19115941668451	74.37530845808915
73.67949742756991	35.18156809294044
75.63944669513779	87.71972308021091
70.94798330643053	56.929300210354505
72.45563568135046	74.49711117163372
65.47608646870347	18.20965815621853
50.39990084857472	3.317020135707705
52.43966747517722	3.791116971505494
47.21609131000235	89.09440822713051
48.94545857112958	83.03983953213829
41.797404569750086	48.665395055489405
37.15915127851761	16.165601068127845
38.711149581108934	48.808936098152785
68.09266173023518	78.45103357713212
72.29635531971628	42.41069464121568
64.793560450835	85.43205908981611
66.94861881826532	65.70251850435274
62.03544054335075	58.53447676598274
54.50604136333956	52.910528248550705
56.767519925719455	29.76224395286207
87.81632211826482	71.84403904060518
89.72305981314294	27.091563670165847
82.84106367521221	83.17026360599121
77.91901828006431	92.7871170538721
79.7459386159078	1.0986998349054375
74.48688806893976	54.54157183553391
76.38475716836959	26.573991651345438
6.38492266364919	84.96658656475658
1.5426931523209608	42.51938186116477
3.617934160716643	74.85389795195911
95.15948226907683	33.95078794452021
0.3720459292211793	80.12555234713795