72.0734681910327	75.50978886079977
65.48413422768066	72.68694617513184
59.00122340970811	66.44535977923866
61.59084000367483	16.255952117053273
62.32693047545316	9.109647232587134
55.99478430488663	14.524842670429338
58.637612471543086	61.62606389073881
85.95275220772196	42.14875156788789
88.5867132541451	7.034866499233277
82.44967470822604	39.18236783955659
82.5294905920457	86.1183096880839
5.762951690222376	81.38596564084428
6.445830589310961	75.94903187388329
8.982237085802868	27.468995329203075
2.366297336105945	75.00083967750267
3.0137018534013715	37.70348665554511
95.46870939207582	49.95616803862288
98.09380184305066	31.62717963143408
90.56439971260956	26.003231114002045
93.12741199544634	26.16850901056924
76.60565269332075	74.21379520023814
80.38365517649878	51.84842520436291
71.56831555734504	5.034286069380182
74.16680074676005	37.059981745729
67.64841554699433	97.95797757005418
70.10500320923666	2.5419977016317006
70.30898090454738	12.489408417861952
63.95022894763598	68.25928941445673
66.3536065124035	73.55268066353939
96.11646679059136	74.44428513373181
96.44460334696322	47.403161767235076
90.34303918283733	12.411079412125037
92.95039296770062	27.651882852652914
93.00360454039037	25.942511735147757
86.52956231786612	2.9160301530037023
89.11917891183283	51.726622490818336
82.71608545289493	92.42098089388237
82.76929702558468	90.71160830116226
13.807082287454643	66.27145904714813
16.157248279532414	73.27422288895092
16.831257107957747	84.62218578345573
5.071558552120586	66.39326323590768
5.3287463449061025	74.63130135941782
8.104603443286942	67.95909331074945
1.5773496480729403	46.641982846110544
4.166964766824696	95.45257665914014
31.437764476192015	60.89973879232856
34.018512474710434	27.495226316394056
27.225200816047668	14.724974389710818
29.717264335298115	50.1694137762849
22.844136792815675	89.46321852585939
24.990326564797684	86.51857312664688
41.53053029547509	29.474433848179338
43.96937929160586	66.62824582747353
35.61520516054837	37.99955405701622
38.036319916212484	9.72315640881213
38.621642790154894	89.92006969061059
33.504489770359534	72.8046187112253
26.968367379697238	68.27240490805222
27.43839998802681	69.67295708632679
30.444839092848287	22.593474195136103
57.786584615372036	51.76147631353262
60.57131030920117	28.304371603398437
53.82234162777986	30.609643745460914
54.55843209955821	23.463338860994767
56.98841397545566	77.40204602653982
50.50550463269807	71.16045963064663
50.966668645579354	89.34590847038702
44.47488775694356	0.8892172607446686
47.44585247997188	20.94931511455741
5.005946621351358	61.03284017071843
5.617875281638657	90.87506936897925
7.506877260835149	79.69238437104165
0.9973606565177323	24.805485009115984
3.5603714641395587	24.970764380898153
94.1707229512889	63.48165188022932
96.76920666548894	95.5073490317931
89.8340004300834	54.29542008512361
92.53004016942963	0.6872701879279283
23.106661418418312	57.06167209417343
23.37271780665212	48.514815031432704
20.960471646436304	60.0063189686009
14.051868246945736	67.43970446317884
14.317924635179544	58.89284740043812
16.98735858818088	55.63938158678006
10.087626734568518	46.28787189510714
12.65950613763865	29.66825460542348
42.33368193655854	0.40881093812449243
44.80800678969745	69.42304069720029
37.890536269973545	93.64132285324403
38.129988347077436	36.44914987404094
31.638207458441645	46.992460139613556
34.16574388427031	15.297318781184199
34.85749137880719	92.0754913031873
28.277027486118396	72.4677534312685
31.23025354303516	27.097641657582972
58.64294930436021	20.98648081075766
61.2591716846718	19.442386114604755
54.82947096417406	11.491430076421365
57.374746056114255	45.22649982070525
57.51664358328693	73.66817389026158
51.35299925102299	57.17036078933747
53.525794809349875	3.8710298313723843
45.16274913241418	91.02723177195098
47.50404800425863	15.81489080000461
31.053237465719363	28.581014024451676
31.718377698696404	56.71387210520736
34.148361049808805	11.652579270752403
28.046798360897885	75.66049839085731
30.210723848561518	39.14606114392814
21.324435465821452	27.611083498952265
23.896314868891572	10.991466209268612
17.537562911980164	66.76134720586339
65.17942457624262	87.30416325578227
58.62556499468375	17.341739825110903
59.0689932918834	69.09697756213806
61.72069005398815	0.4133050714116304
53.33990866137083	22.13929738449195
55.76989201248324	76.078004550037
84.89421636882398	97.48206390550621
87.92726125999033	0.04789545556293939
81.25810993760365	49.28910797093777
81.69266963935502	18.829243844645692
84.05170422688109	9.047111024982653
78.01221875567829	54.560763841331564
78.56207019825744	3.897259343348396
71.90178747131905	36.35357814768733
74.5534842334238	66.66990418174596
74.87275219434737	56.413676001500086
58.377600153781614	54.10427515720144
60.81645062512735	91.25808566128067
54.37788130918131	1.0920248093481435
56.470860983688524	98.85675052764077
47.894970491208774	93.85043841345494
49.94360571325958	77.53964006300187
43.53164218365841	36.018892177101804
46.342973663832424	61.20710485864496
47.0879312558441	37.275904787927956
76.80645003200546	23.091985189374665
79.360592244179	40.04215679697778
72.45199031990339	47.475542291555705
72.91315433278467	65.6609911312961
66.14644993568173	2.536052170645343
68.80701676844973	16.067483018453103
62.19107554353785	63.59932441632278
62.6877139382123	14.645192511059738
65.14430455088454	18.22921264263725
94.9603749265472	17.41144452010956
97.60320456841862	64.51266574041904
88.61936163574734	39.61153661941757
91.61693214512053	9.31694743926279
85.05420396811337	55.139419194842276
85.3379960720288	13.022771759599838
87.86553397307242	80.32763187638544
81.19638412590069	30.568844391760276
83.84807941279048	60.88517042581889
12.775150759686564	71.25008582601386
15.098710965419471	29.607535226569208
15.843668557431142	5.676335155852197
9.351890619225268	16.219645421424815
11.799609686019295	36.58856221446815
98.72951176470687	11.830972660915103
1.751541200412782	45.87485986921461
92.85888248824173	97.21708410513426
95.43076189131186	80.59746681545062
95.83871580671834	1.4922867726961568
89.14296017320174	2.0881863220385237
92.08731910988519	72.5029682593889
20.46453753898714	34.53138963278197
23.479846714471883	69.66701155534044
16.837299703215123	68.55353998717764
17.555652984096877	94.97702547521321
19.967899144312693	83.48552153804502
12.819848093363111	49.111080011826054
15.781942745728182	85.9560715766747
6.939995865014609	89.49661800044456
9.671511461368956	67.74888588303048
39.57626779151453	97.0821658979942
40.250279570369784	9.430127317284068
42.55610258520609	1.3573685655560888
36.028848789992104	79.04025810091719
38.494305047682715	65.8393845214588
29.57254228314948	22.443987621486365
32.55237560162608	25.7191888138333
26.051726117542	53.04739426565678
28.189047294075717	66.88764257748016
28.48171094386936	7.986099955986869
11.667287991950126	15.932928767149056
14.30124756315829	79.8190451737094
7.445857211572434	85.54305955078217
9.89357922879639	6.91197486861055
3.2066907155131283	89.72297923170206
5.814044500376416	5.963781197014972
97.93204688723073	62.04248113284033
98.14489170277479	55.20499518760476
28.960965028867353	54.38722706507707
31.63926757731699	34.34886754038312
24.686322675799918	26.706728966215348
27.31141365155979	8.377739083811582
27.54199713321539	66.97046424128925
20.979267480993258	13.792934521653786
23.95023367923654	33.853032375466526
15.259051445928975	49.05035915775682
17.334292454324657	81.38487524855117
47.274526116693316	43.578573043296494
49.438451604356956	7.064137271582271
42.893460618246365	19.316818654660032
45.571763166696	98.27845765475112
45.68705343230884	78.07482023348996
39.56775355250133	76.65252972609659
42.09528997832999	44.957388367667235
33.386372029340805	93.7245069976742
35.958251432410925	77.1048882327756
65.60582292020091	98.20013012422916
68.17770232327103	81.58051283454552
60.96756962896845	65.7003361368676
63.74342525213433	59.028129563414204
63.81437401572067	23.74896659819238
57.455622058809254	79.51884759478716
60.000897150749466	14.253917339071041
53.44703756919059	43.29149243318471
55.646437438647396	38.63747591646704
38.91183332097775	93.5202451009416
39.169021113763264	2.758283224451726
32.58855574585951	82.15054535253293
34.76135130418639	28.85121439456784
27.82614359356591	86.63928544789836
30.105360822057342	29.921210779707994
23.959455155904948	78.85360730628217
26.5047287726302	13.588674100136132
55.85963661062654	93.585458613083
56.36514360074928	27.84643004635415
58.77738976096509	16.35492758440091
53.59815509781673	17.733742908771646
46.18404618341838	90.90615549486348
48.55194936639273	64.33912896416454
86.89956873250864	53.45214888707698
90.97023486548032	71.18523774492341
84.2390033749556	39.92071803926922
86.68672391696458	60.28963483231255
78.11970201993313	38.498427531875855
80.72705580479642	53.739229497188774
64.08113764160969	39.77304829436968
64.62211901352559	5.8944389826373875
67.6196895228988	74.59985127769757
58.6890566877023	47.98934808876103
61.4737838567464	24.532246329056775
62.201004257861484	34.170836630841485
55.602801699061146	48.132889131424406
58.38752739289028	24.67578737172014
50.01561312050629	29.616885973764557
52.578625403343075	29.782162395116806
82.2616683224963	82.737822066352
82.88246705344685	95.79515607836197
85.4809537180768	28.820854705140697
78.98917282944102	39.36416349549836
79.09559597482053	35.945419785273096
72.62155375229626	12.918941153558958
75.1934331553664	95.29932238866034
75.87631205445498	89.86239009691431
69.28697809110294	87.03954593603142
71.66374986952559	43.68762421908161
2.577374795119456	56.236009047794475
3.171567739725118	20.648028618557024
95.75073708989063	94.91217591890782
98.17185184555474	66.63577827070372
98.44677682923684	41.30402602171215
91.81309988864334	23.405659267298496
94.8372761843614	41.75638452839114
86.06627806723418	10.017769462154112
88.62042027940772	26.967942544972175
19.631601230147762	52.88247884971063
19.86218471180336	12.475202531973354
22.7976750530385	0.674882606004496
16.181733828126617	48.20672400387417
16.483264598153596	71.52028619613002
10.399439100139258	2.9584149437332172
12.785079474010198	41.82159804053256
13.246243486891476	60.00704540505799
6.843150027953566	1.7014023329070607
7.339788422628014	51.74726895242906
89.86237209774389	15.868077735628702
92.68257069815122	24.27139523092101
93.17034197259234	91.10215703669385
86.44797907751591	43.05274362000376
89.0021227649044	60.00291670282183
80.61247130162383	98.51380567736796
83.23756375259866	80.18481727017915
76.61275540745345	45.501553854299694
79.22010919231674	60.74235729482757
79.32653086248129	57.32361505981726
10.586031010558553	9.261084674316713
12.927328407188043	33.0487422271554
4.635232969053639	84.92578415294209
7.402221471986187	95.03847129052458
7.588460501185366	39.55567237925655
1.5578451006458116	68.28442853413964
2.036747779638633	52.90008700137831
94.4385452208383	66.86213950196122
97.00155602846013	67.02741739852844
97.50706449379783	1.2883888317995749
28.704482998522092	70.72012622527
31.187677922324244	23.94946079809494
22.780290743362045	96.03014014514278
25.565014961976228	72.57303838543852
25.786729848183533	48.950657253952095
19.419109295823834	22.50543343679774
21.55643047235755	36.34568322383608
14.99370229535038	82.16815350420062
88.96162671785885	8.989164827842037
81.88452295528064	38.335560336401244
84.34111061752297	41.91958194319371
12.86022804901256	32.38967886135809
15.370027283944633	34.26432787543045
9.206384426895655	17.766513299291386
9.605469746853856	54.446228442787785
12.372456774571447	64.55891705558524
5.791992881882649	44.95117770845149
6.226551108419051	14.491312106944454
98.8057189833696	88.75545940729525
0.31122744870729646	23.01643084056638
34.410810248100645	33.0942671058645
28.229428724940124	50.1662414270122
30.419961474163603	62.297120096545385
21.985968508856516	85.73248500234581
24.61992808006469	50.61860140890616
17.941908162229723	17.644710585746797
18.491758129593922	65.9812075629786
21.444987136940608	20.61109431407811
51.136898651542126	56.78185879906245
51.65127571232813	73.25793652129768
44.787016765293984	95.76684608462132
47.554003793011574	6.879533222203815
41.009012806900984	19.13221460528159
43.34144160808217	59.70476734437113
36.53926282918607	63.719410603938755
42.78307592648981	89.93863567045668
37.4796824022803	29.305985077554396
38.198035683162054	55.72947056558996
31.688517603629688	0.8425712036642935
34.47324329745882	76.38546944396003
25.578084844055503	81.63538551002007
28.53131237618723	36.265273736334535
58.161145197865665	90.93030452507487
58.480413158789226	80.674076344829
61.25627025717007	74.00186977137561
52.91096324634592	28.588281339452482
55.4118938858297	47.247827014990655
49.29259253080723	45.82553650759729
49.36354129439356	10.546375017590432
52.30790170629195	80.96115843015575
43.81182857284683	23.890789639712192
46.22407473306266	12.399287177758954
76.42149323778692	81.83102309601442
76.68754962602073	73.28416750848866
79.40132803147849	85.1062257635763
71.10923111812912	37.983267689363
73.88508821650997	31.311059640694637
67.28688565770963	45.27311214127756
67.5884164277366	68.5866743335334
70.16916590146998	35.1821618575989
63.79267527844703	25.521833226695392
64.54650294112194	83.80573796972752
47.909451898168555	53.05466158065757
48.68988534718836	60.98388076493715
51.43913665922432	5.666358275021351
44.80545971863081	86.76799152060771
45.55928590609077	46.051897738854805
38.86353027257418	46.64779728819717
39.617356460034145	5.931703506444266
42.02960262024997	93.44019956927607
35.706325045131734	82.07049982086743
36.48675849415153	89.99972048036194
66.45359499243516	1.8387327163546847
66.69304559432409	43.646561212366535
69.61079874466265	65.41603018368444
62.98599039951743	30.732766767804986
63.66000070315773	42.0807296623098
57.07066673980568	39.25788697664187
57.54069934813525	40.658440630131395
60.05936865373057	25.748194457952895
53.66514379024096	49.657656199551106
54.28594252119151	62.71499021156108
83.94237965399986	67.02533544154885
86.92221444769142	70.30053810911073
87.12619066778718	80.24794735012603
80.77630583110911	20.232933160469948
81.48579051654256	63.44131530997134
74.82550926481916	95.89763411431026
77.89402706256372	30.323883444148617
78.39066693245313	80.36975153888557
71.95209614129213	89.20368773652312
72.44873601118154	40.24955583126007
3.1583861918946017	42.85052994374268
6.1559567012678	12.555942238802855
6.66146369139054	45.816913672073994
0.0721297280384926	42.99407098640606
0.7550086271270768	37.557138694660026
93.45833683835372	74.83275191228383
95.88832018946613	29.77146055304383
96.42043296593374	12.67774642756239
90.39868616084249	24.621607396194626
90.92193034186181	24.31278845696405
74.6839646188666	30.241425736175543
74.90567802985895	6.619046079904079
77.64606074644662	67.08641877623914
71.30504745564676	89.28650940033222
71.50902367574253	0.23392011656246536
64.76892211455456	84.75429559715913
67.08361667526907	59.89664018396534
7.282615303561206	21.659716325935495
9.331252000826959	5.348917975482431
10.085078188286923	63.632824193729526
3.4159268659002455	13.874038184319314
6.156308107272969	74.34141088065438
96.79326538076718	62.49761429644795
0.2498530430095065	66.08163590324041
0.7642301037954968	82.55771215026068
30.553696168328234	33.094629586485574
33.613345370624515	83.30577410257477
24.620635317719895	75.18953869260922
27.635943017989675	11.325160615167679
20.97566029105129	43.7814794195066
21.250583799518434	18.449727170515025
24.035310968562523	93.99262393559582
15.725476864316578	80.43945623388421
18.492465367249125	90.55214337146671
1.9441002787786565	89.95211511988819
2.414134362323186	91.35266729816276
5.4560463737228755	76.13360366196864
95.8712887610098	87.91218820924861
98.3012721121222	42.85089389957871
91.88930858252104	1.330146013678633
92.52784450436816	79.81768965318689
95.15293548012804	61.488701245998094
88.56360151677599	58.66585856033015
88.68776185305208	21.677324477603175
19.920656214784465	23.969481126070164
22.35063956589688	77.90818681640026
23.015779798873922	7.041044897155935
16.311154094694075	24.421841107964113
18.883034972979154	7.802222343065502
10.120905451300219	58.27871209057763
12.621836090784	76.93825629090084
6.564616379114539	57.02169947975146
6.759725478976968	83.75400390701762
9.739557322238612	87.0292065745795
39.57336636401281	52.64164807955009
39.60884074580598	84.50206733454667
33.18800862075653	59.766214634897445
35.69780933090357	61.640863648969805
36.38068822999215	56.203931357223766
29.871171625674734	1.3170319952981009
32.21246902230421	25.104689548136786
23.884897727161682	45.12131221892691
26.518858773584807	10.007428625487236
56.5300382491099	35.92196640544066
56.73401594442062	45.869374171240985
59.72271638313056	32.35968165255202
51.075878602279424	62.63253250358802
53.745312555280755	59.379068165144915
47.43090357561081	31.2244732304854
47.66148558205145	89.81719691274812
50.366393916845965	19.424151829301586
42.03882409691839	39.440774500091706
44.8501555770924	64.62898570641991
28.248578915932168	65.73832709713157
28.949193530702388	26.731604432883824
31.405784143374625	30.315626039676296
23.01613268009405	68.82651353900746
25.472721817551328	72.41053514579994
18.847913472406113	37.727271729920474
21.33997699165656	73.17171259170951
14.724037241959646	21.703555464794146
16.887964204838237	84.18911821786496
46.46458545382692	41.563521599325405
46.69516746026756	1.156246756803081
49.45328589253687	28.053829080636437
42.84621621350319	58.80077676747022
45.22298799192584	15.44885505052042
36.4697270656952	49.14044813656671
38.935183323385814	35.93957455710833
33.88010899651353	0.32985579875209114
81.54857644712087	69.5179862899184
73.25648100898647	22.39502821570508
75.61551559651254	12.612895396042038
69.16807916033316	38.231729730360364
69.85982665487003	16.009900777148506
72.62681220737268	26.12258938994597
53.93225882213515	28.46720653757995
56.67264153872282	88.93457923391502
50.20746643643191	49.123202465520116
50.278415200018244	13.844040975513243
52.93011343733796	44.16036700957186
45.79092803140676	92.00102734667212
48.37167602992517	58.596514870737614
42.199164577427894	58.883596956064366
42.39427220207536	85.61590138333051
72.34337298467737	31.02470546703994
74.9063837922992	31.18998336360714
68.39686718798178	75.30308252646653
68.45894735611982	56.808816222710504
71.21706578838912	83.70640002175882
64.63660189570032	64.09866214984004
67.29716725325338	77.63009152243283
58.34879722716031	84.58938165642795
61.08031134829969	62.84164806379892
90.97620055821193	9.959824740228452
93.0691787575042	8.724548983306128
86.40889603056581	41.18086778764506
87.0829063342061	52.52883068214988
89.47741530352533	74.60711711748341
81.09663391090801	96.33311090577868
83.52661726202041	51.27181807132372
77.06144363494445	11.460442778143765
77.7265838679215	39.59329938368449
80.27185895986172	73.32836912796837
11.123405192532493	5.371018785222292
13.571125734541479	25.739935578265612
6.706866787507331	48.2488436663743
7.460692974967295	7.532749884621395
0.7028571733126651	26.62291573771977
3.4609756055819623	53.52049806155313
3.6028731327546377	81.9621750815394
96.4303602050424	82.24925716686614
98.86921215160311	20.403067670945365
80.54713682476394	10.782084045613376
82.92390860318659	66.43016380387853
76.44986638066234	43.40368222173447
76.96424196623337	59.8797599439697
80.02389116852966	11.090904460058912
71.41252776947168	73.2241730908765
73.86911838214392	76.80819469766898
74.58746871259576	4.231680185704551
67.93605605632064	19.903103803792625
70.89815365911561	56.74809684385623
98.43500680628682	13.64840338951889
2.193126713771094	40.54598571335226
94.76342599327334	32.595028199953894
95.03835097695544	7.263275950962318
97.43286142148963	29.341563861510807
91.3224271867005	11.134378167866576
91.51753628656293	37.86668407034769
85.16765144988486	76.8516698806916
87.82821828265287	90.38310072849937
88.51109718174145	84.94616843675334
19.16753578976476	89.25651219152614
19.68191137533579	6.732589913761375
13.527135638520146	72.44988015137145
15.983724775977436	76.03390175816392
16.648866484169435	5.1667583637046395
10.245771550016565	45.861116766768674
12.569331755749461	4.218564692109061
3.8160708295188206	37.91015925337031
6.308134348769268	73.3545986399444
35.92022997955112	62.58942127640141
71.6658309184059	94.82205467880482
0.1938154701288256	68.50725641071834
2.614931701007904	40.23085728729928
95.5311047277786	70.66898751011745
95.6907379706329	65.54087268238703
98.65283557342788	3.3858657224506317
90.03260210370667	82.30402953951909
92.45371685937077	54.027631891314996
85.97080456618328	47.786045495421796
86.7157636334099	23.854846899919753
88.74666166456412	41.113838921968394
19.9884246217448	26.62110038418453
22.391802186512326	31.914491633267197
14.011019318680043	53.64048542156247
16.618376053973257	68.88128738687539
10.117725094674217	96.2094913634839
11.634247540257395	96.99240713851228
5.115863815706644	58.8904014876225
7.740953316251558	40.5614130804337
8.219855995244378	25.177071547672373
38.435013166080196	61.039018568641076
40.669887417330166	88.24541983170501
32.20929014089317	63.035470296258026
34.772300948514996	63.20074819282522
28.058808124101816	97.36643958988428
28.38694468047367	70.32531474817259
31.349039332838743	8.170307788236187
24.42270021766655	49.17348365531584
27.030054002529834	64.41428562062876
8.619294196422699	24.64225533302031
11.00493457029365	63.50543842981965
4.548628063451027	6.909164999958911
4.78807866533996	48.716994971185734
7.315616566383575	17.02185361275637
0.9568646094721676	72.79173460935114
3.502139701412379	7.5268043536350255
93.74001017973343	58.003291150717224
96.08130905157789	81.79095165398583
27.15456869524101	89.21122017975331
29.185466726395223	7.470213677016913
22.87992486695861	61.53072208089158
22.99521808300137	41.327084659630415
25.921839828788226	46.311658444697464
19.465533321945607	88.71538649005169
19.501007703738775	21.575805745048253
13.15999293772395	43.77589636914131
15.554501907043184	65.85418427968979
45.414916735162265	80.11194022590782
46.0889255635876	91.45990164519768
48.62533206007951	42.97986657573241
42.195631339581766	35.02890906233406
42.24884438748648	33.319537944828916
35.74819490340239	60.64774192143742
38.53292059723154	37.19063868651821
39.29561538013979	78.68964971851445
32.688544225891164	10.436595930133267
33.300474361393405	40.27882660360905
62.93030718307184	94.9438573923494
65.95448347878991	14.294582653442035
66.23827705792031	71.17793669341455
59.790839146525975	96.79676807730296
62.19421671129351	3.0901622768155437
53.82230391412447	8.031259403644999
56.58929241705702	18.14394801644246
49.6895590882297	8.792438324769535
50.30148922373195	38.634666047815415
52.8467628404572	72.36973579209929
36.03234136375291	80.31656312804652
38.58648505114141	97.2667362108646
31.784304797030345	2.281379470432224
33.43385617433792	48.290865976482756
26.631677395441816	52.305507760835425
29.345452850469652	64.12756896635298
69.16525168492728	38.94797912033313
62.62912929426499	34.41576384194508
63.11690056870611	2.2465256477179434
57.83124276017822	7.044084682313937
60.491808117731274	20.57551405490674
89.97087481678874	63.583765960341594
90.20145682322938	23.17648964260431
92.69352181769479	58.62092902917839
86.17513514271413	20.518924853503584
88.95099224109497	13.846716804835227
79.95828071297538	5.730481394869667
82.52129152059723	5.8957592914368675
68.1811963722468	82.85681786167486
0.25660287592208486	74.5839273906654
0.9394817750106691	69.14699509891936
93.28806764352058	84.81841724179247
94.02415664008396	77.67211235732633
96.76453935667163	39.13948652887636
90.26389134780251	66.46769198069983
90.42352459065681	61.33957715296942
83.96721955902915	4.743306673538605
86.86723551847112	60.08256601735822
87.04460595222201	21.38466081712609
17.86067927831458	20.566892694598398
20.778432428653147	42.3363616659163
11.821195282326745	66.0805455109473
14.871975889174728	34.07658521328736
8.114140087520086	53.1667525416007
8.460013834788525	91.5558373273873
11.05849902420352	24.581535954166025
4.868250380809675	58.43840693677953
5.001279312534058	4.66497914301665
87.585941680573	49.29152014724533
90.1312167725132	83.02658841631425
90.84957005339497	10.450075379564776
83.83454498373985	21.302203109153012
86.17584238036933	45.089862137206644
79.99446085720881	62.161837933569295
82.42444420832122	17.100545099114346
73.70665766388375	82.65255744015721
76.68649098236035	85.9277601077191
7.307453733375539	58.3776860827103
7.9814655122307885	69.72564897721512
10.491264747162862	71.60029946650243
4.034959715535198	15.004027511856656
4.176857242707873	43.445704531842914
96.67620628340883	70.77390703323648
0.6028295044106509	75.75848229351848
0.780199938161537	37.06057709328634
93.66090005835402	35.638286585892985
96.01993464588008	25.856155241444906
26.365973888428126	23.637834940642637
28.751614262299075	62.50101656222702
23.359533308391686	70.71731783183333
23.58124819459899	47.09493670034689
18.2249945037049	49.9571258668013
11.43168432025709	37.18687246490311
14.411519113948662	40.462075132465
5.525229255993628	28.927097487489142
8.478456788125364	82.55698423858864
1.8093054657386873	32.7981997043934
3.8135977105480205	1.4118772851946195
33.69175120477864	81.0998428589109
34.39236581954885	42.0931187194482
36.90216652969589	43.96776773352056
29.90487865093736	21.25010656582204
30.605494740922527	81.24338242635933
23.634812648508873	8.171034224693276
26.1978234561307	8.336312121260487
19.697175447261575	35.664517573083955
22.277923445779997	2.260005097149452
22.934196558523706	47.177756888941026
52.59950376199531	34.7032084078929
53.33559423377365	27.55690352342675
46.66644143617201	76.7981189892315
49.59306465717383	81.78269129908358
49.76156649547642	59.86968276031727
43.46489470670306	97.14529745315603
45.80619210333254	21.932955005994714
37.45201649706009	92.30426471075236
39.63368065083527	22.220037091321448
69.41427811991971	88.5418497137972
72.29655836368006	78.45089943011853
72.64243063573355	17.83998569112008
66.17725700865759	77.02860892272517
68.6161089552183	15.182420902019357
62.09772228023762	76.0804152511296
64.34146660215086	86.50192280315764
55.455178219410776	74.9669436829668
58.23990243802496	51.50984044804759
41.48756112945872	40.96240148023882
44.03283474618397	74.69746974930774
44.57381759331484	40.818861912790396
39.01323480110486	70.94817172116302
32.59240267605541	46.21231902151381
35.146546363443896	63.162493579546826
35.377129845099496	22.75521726180954
28.938559053938498	31.589154934662055
31.27985792578295	55.37681396271569
59.2867451564987	13.677672686652926
61.7078599121628	84.40127503844883
55.136263139707346	48.008640505064214
57.433217559095375	56.720776939587104
50.914832359329665	18.61877128869734
51.17202015211518	26.856809412207475
53.681820862262214	28.73145990149479
47.19890856907471	22.489873505601597
49.77078797214483	5.870256215917944
77.34311845153914	93.63098054136222
80.28747591300763	65.04576395392753
73.53850870680128	67.35103609599001
73.91985683586289	38.60054013677317
76.8819529634429	75.44553465205175
70.25714461829769	40.76227123617228
70.94002204217132	35.32533894442625
64.18218476530173	54.41550479752462
66.83388300262143	84.73183083158325
67.56110487895147	94.37042260858291
97.12885753249186	68.52972117629422
0.10654399095633094	87.49808284063306
92.6679746750103	96.33202198870053
95.23098695784708	96.49729988526772
86.35356569534035	68.17742557882605
89.31566329813532	6.022420094104623
82.88596257763757	97.07146258070627
84.88138622699863	82.47003387254338
68.1201763229841	88.70749156620043
70.45260512416529	30.280044305289966
7.724983481885517	86.05854961262301
8.097463015498843	74.09294883965703
1.5524705541732988	86.3456302227348
4.009059691630577	89.9296503543123
96.67691352106405	95.3448457921545
96.7922037866769	75.14120689567838
90.30042437325605	85.68451716125101
93.34233933508567	70.46545352505687
93.45762960069851	50.26181462858075
25.958727210676855	28.313953742315125
26.13609764442774	88.61604854208298
19.848292975887713	10.106768048670894
22.18072325228387	50.67932078776043
15.680075243414745	78.00752623958391
16.070290492709685	32.47213656933117
9.667197033771775	73.16649202196527
11.990757239504669	31.52394289773559
12.655897472481712	59.65679950327631
69.67715562674248	18.925771923962753
72.42640693877846	62.608252384476884
65.58875377808918	34.762474913832996
66.19181384292817	81.38959929834468
59.48718961396329	98.77039403393792
61.78414550856626	8.482528993245838
55.43426067188819	47.46751480358976
55.522946626371116	77.61856294108117
58.08595890920791	77.78384083764838
87.95524233277527	75.25670012240057
90.5182531403971	75.42197949418275
83.74268014784587	29.081935719782834
85.81792115624155	61.41645181057719
79.2285871928895	58.593609124909264
79.53011648770153	81.90716984195015
72.6392517543225	55.770766439241314
75.34416008911701	84.37771988057983
5.699067927113341	65.3745043935267
8.288684521080055	15.185096731341341
1.6993505577280086	12.362254045673406
3.9697006659861085	71.4290745637339
4.3776545813925924	91.32389304576448
96.8858736927568	2.8672033113371023
0.4400159049303356	19.817376394155175
92.69991729417228	5.337751874751835
95.05008328625006	12.340515716554606
23.755439746938833	46.32781372345096
25.830680755334505	78.66232833903035
19.43645441662993	3.571791555843525
21.63585576130169	97.91777208869594
15.454475713356139	15.98974936027354
15.800349460624577	54.378835621275094
18.19485842994381	76.45712353182358
11.62326018227339	40.06448899843896
14.177403869661882	57.014663556471994
96.27429643847468	34.810442754927806
98.84617731675976	18.190826940459115
91.91096813092432	75.97889651857467
92.56724124366802	21.896649785581204
85.65864079460738	29.330033804944183
88.36354912940189	57.93699019671261
81.8628996453178	85.26519269810618
83.92927205826518	35.384605450366344
84.15985406470583	93.97732913262905
14.69213233645304	36.2762084453438
10.027274734090668	54.13110001673481
10.319936908669352	94.22955739524153
12.421783703409899	76.20938645206833
5.699420808333469	28.159973035378236
8.191484327583916	63.60441242195232
1.4513857168258597	49.12478937776394
4.129688265275496	29.086428377855025
33.52006900985004	41.94363214579847
36.20724015374796	5.120375959638692
27.30321458011131	27.155190162379505
23.241769923808047	54.42267328491879
25.113034712107964	76.80978013469785
18.701072657721763	35.289032248797774
21.42371670819789	30.32619679284953
12.74140454555359	28.738628388888962
15.605947598417352	52.21746700249706
8.990007848720428	0.7493113507966513
9.672886747809011	94.31237905905061
12.12060581460305	15.681294376878991
40.02993997060254	59.61600162479062
42.48652763284486	63.20002175636813
36.438176516623685	26.498569758967907
36.92594631584984	93.32933156474076
39.38253545330713	96.91335169631827
30.806644960827363	91.90704253256234
33.555896272863336	36.58952004264657
27.250355888641682	90.65002844652123
27.43659639305582	35.1672295352532
30.460771213558925	53.51795479634584
60.12607841703054	41.0434063152977
60.80895731611912	35.60647402355166
55.34592907384035	79.10193530794989
57.953282858703645	94.34273874847776
50.494830967063834	53.43962726582388
52.97802441565104	6.668961838648828
44.570637236688825	78.74964266091163
47.1602553058705	28.560234998726262
77.01180301375624	59.602884655980176
79.5304708441366	44.69263995901664
79.84086873439692	51.221306965021626
72.87018811719823	77.14895876335557
75.47754190206152	92.38976072866848
69.29616037890099	10.46173652503113
69.54448105145318	35.48467131000709
63.09704314005885	61.10350269389549
65.66892254312897	44.483886879426805
48.93431990067428	0.36665606390134997
49.244717790934594	6.895323069906331
51.86094017124617	5.351231324183344
45.35142356692875	49.46433048704273
47.87009287252409	34.55408431486422
39.099094755396855	2.8154692486271986
42.007979310287126	41.36983340619596
35.52506849231459	35.12824701030276
35.76451909420352	76.93607698152958
66.79558262063733	53.58766096655944
69.51822814632843	48.624825510611196
69.66012419828614	77.0665010553825
63.59403589116838	73.93484090569895
66.02401924228079	28.873546596029033
57.226415338808685	47.48961561332962
59.92245507815489	92.88146571613395
52.96064158118953	3.0242223282170313
55.27533319147415	77.16656691502324
85.07366932667013	10.918589164997266
87.63668160950692	11.083867061564478
87.83178923415439	37.81617148883062
81.35774553641518	14.789691381901525
83.89415055769214	65.30965483722132
77.28708087865847	96.05660104884014
77.64182174616025	18.660792123590824
71.06135637825649	98.05305425167202
73.81060769029244	42.73553176175625
4.555732252798692	77.19692660445038
6.914765365109798	67.41479526000231
98.97955912970427	26.20286631333281
0.5737520743099326	89.61488588409536
3.216580240966389	37.716105629189876
95.49421734588996	88.66669221249978
95.97311854966783	73.2823492045235
89.12659679353027	62.221468395345426
91.39694690178837	22.28828891340593
74.5736568296358	47.02001291081898
83.05199129696938	38.66017059854929
13.930144791199998	19.348134697050636
16.12067606520851	31.47901336658382
7.198911825460318	87.08361646661139
9.850610062780024	18.39994250067002
3.4475166038421143	59.09429942851909
5.575967709712592	89.71944440180829
97.58754842640235	50.21688657264396
0.7692125801775309	79.132660428428
30.886815201082122	2.6284530229411978
33.25471985927145	75.06142649224225
33.50303758139371	1.0843598020032525
26.966915190731417	95.55214599883016
29.343686969154067	52.20022428188037
22.87851334207811	12.388847513485448
23.215517018683297	67.56282896073786
17.05187416163432	51.06501438459879
19.464121797065104	39.57351044743059
19.783388282773707	29.31728226718472
3.483343866855411	53.74018732536719
4.210564267970498	63.378779102366856
96.55028154103212	95.83509643149083
0.5035090731638504	50.4649846578053
0.7163553639228636	43.62749871256973
93.22457447528707	54.17080897814235
95.89400990350336	50.917344639699245
89.13617262663377	70.00751049279764
89.57073085317016	39.547644891290595
21.921062340527552	5.9430021712895496
22.399963544305415	89.55865916331327
15.819499651616619	69.9509198161795
18.444589152161534	51.62193288420567
11.855256664024445	48.799088723322775
13.965972054213296	13.994024069113696
14.453741853439452	80.82478587488654
7.7402490290262715	15.990477271945588
10.47176315016565	93.24274367931656
40.08385730573254	82.47756631577359
40.36765088486293	40.36092035574611
33.884740066890394	34.1193339598529
36.44775234972719	34.28461185642011
29.938234270194815	78.39771249449444
30.381662567394468	31.15295023152159
32.79390725239533	19.661447769568355
26.16023031180182	1.7630810151547127
28.856270051148037	47.15492964274409
58.27325805728242	9.65744637671999
58.70781628381882	78.19758225042791
52.216036870397986	88.74088956557061
54.557334267027464	13.528550068839207
47.764024083579656	0.7582966669410219
48.517850271039634	59.04220140997316
51.293707369420474	52.36999483651976
44.872875244371016	27.634142136870544
45.3340392572523	45.819589501395974
28.900965909609628	25.015922353341324
31.437372406101534	75.53588728387606
31.517189765136166	23.471830607618337
25.016541756267042	50.80003458422686
27.996373599528685	54.07523725178875
19.207638291504875	55.906411082838474
21.814992076368174	71.14721157293643
14.782231291031433	16.569131150241354
17.451665244032768	13.315666811798254
18.06359685474997	43.15789453484413
47.87080011017929	59.12502307378225
50.48702249049088	57.58092837762935
43.826739763552496	90.03724865718324
44.29677237188207	91.43780083545781
38.195208207756174	56.44571995556273
40.155158950539004	9.98387346761825
33.70772103914468	35.602707801936575
35.853910811126696	32.6580609275091
75.78013131574887	4.059728846478936
70.53881795967742	23.932811949820636
72.99540709713469	27.516830606183188
56.56233374949201	6.713163458128539
56.83725873317412	80.38141268435191
50.71795737815165	78.9591236521735
53.28096966098843	79.12440007352576
53.396259926601275	58.92076117704964
46.789188772352645	89.66771033909838
49.556177275285194	0.7803989518958412
42.92250180990664	81.88203072226725
43.596510638331985	93.2299921415571
73.26181784180359	80.75544366050896
75.7893557428472	49.060302302079606
76.14409661034898	70.66449337683031
69.52815686065205	19.196336249914935
72.4813843927838	72.82622300101444
65.63486263664623	61.76534366705133
65.9363934066732	85.07890438409223
59.38253382511432	15.116480953420844
62.388971454720846	67.03699806223015
62.56634336368669	28.33909286199803
92.34694083277114	94.66090548447377
95.01637626098744	91.40744114603066