87.32326143660674	38.90780747414294
80.14860312409732	54.888050031461596
80.14860312409732	54.888050031461596
80.14860312409732	54.888050031461596
82.25931851428618	20.082983902037554
82.25931851428618	20.082983902037554
77.06234813545618	55.031591074124975
77.06234813545618	55.031591074124975
79.173063525645	20.226524944700934
79.173063525645	20.226524944700934
61.728973247326934	31.900914930104012
71.53759260625948	79.80678877934568
73.4354617056893	51.83920859515722
73.4354617056893	51.83920859515722
73.4354617056893	51.83920859515722
68.16754256327297	23.066977257251494
68.16754256327297	23.066977257251494
97.5933976896407	67.78459880497655
97.5933976896407	67.78459880497655
0.13652592156875043	18.212827546037378
0.13652592156875043	18.212827546037378
89.12393034254043	59.35954445578041
89.12393034254043	59.35954445578041
84.21075354284083	52.19150271741043
84.21075354284083	52.19150271741043
85.7538817747689	2.6197314584712608
85.7538817747689	2.6197314584712608
16.179736901136607	47.33735448141127
16.179736901136607	47.33735448141127
19.993213766107814	56.83240521574756
19.993213766107814	56.83240521574756
13.093480437280498	47.48089404885968
13.093480437280498	47.48089404885968
13.093480437280498	47.48089404885968
7.8255612948641575	18.70866271095397
7.8255612948641575	18.70866271095397
10.016094044087628	30.839539905272197
10.016094044087628	30.839539905272197
2.477824793413188	42.00048804930598
2.477824793413188	42.00048804930598
6.646044001101126	73.099728383178
90.31267058818685	49.969052239157044
85.61233860403131	35.963524555551494
85.61233860403131	35.963524555551494
78.14501664172825	11.845309734363447
78.14501664172825	11.845309734363447
80.30007500915855	91.11576914890007
80.30007500915855	91.11576914890007
80.30007500915855	91.11576914890007
75.0321558667422	62.34353633577939
75.0321558667422	62.34353633577939
76.93002496617203	34.37595615159093
76.93002496617203	34.37595615159093
7.284932804168377	15.372740664537794
7.284932804168377	15.372740664537794
2.0879609501234166	50.32134636141026
2.0879609501234166	50.32134636141026
2.0879609501234166	50.32134636141026
4.1986763403122564	15.516280231986213
4.1986763403122564	15.516280231986213
98.0017044862673	50.46488592885866
98.0017044862673	50.46488592885866
1.1212899471193978	97.87492608839872
1.1212899471193978	97.87492608839872
92.65396798481633	73.75671126721068
92.65396798481633	73.75671126721068
25.279225931070773	14.82031629821806
25.279225931070773	14.82031629821806
25.279225931070773	14.82031629821806
27.1770950305006	85.8527361140296
27.1770950305006	85.8527361140296
19.63882577982616	97.0136827828484
19.63882577982616	97.0136827828484
24.09083856664449	85.996275681478
24.09083856664449	85.996275681478
16.55256931597005	97.15722235029682
16.55256931597005	97.15722235029682
18.70762768340035	77.42768176483344
18.70762768340035	77.42768176483344
18.70762768340035	77.42768176483344
13.51065730457036	13.376287461705902
44.76343424199652	65.40549326567925
39.49551362436522	36.633260452558595
39.49551362436522	36.633260452558595
41.67717777814041	65.54903283312768
41.67717777814041	65.54903283312768
36.409257160509114	36.776800020007
36.409257160509114	36.776800020007
36.409257160509114	36.776800020007
29.518392427130088	10.640393666868265
29.518392427130088	10.640393666868265
31.061520659058143	60.068625358359014
31.061520659058143	60.068625358359014
16.455369122473922	46.57653951612275
16.455369122473922	46.57653951612275
17.99849587918702	96.00476973239856
17.99849587918702	96.00476973239856
17.99849587918702	96.00476973239856
10.814970446444267	29.76990600075311
10.814970446444267	29.76990600075311
6.114636987073753	15.764379792362519
6.114636987073753	15.764379792362519
7.7287139825881574	29.913448518631437
7.7287139825881574	29.913448518631437
0.802374867415964	70.91662291049613
0.802374867415964	70.91662291049613
0.802374867415964	70.91662291049613
4.61585173238716	80.41167364483242
4.61585173238716	80.41167364483242
34.04170685875487	26.129295192557475
34.04170685875487	26.129295192557475
28.773787716338546	96.35706385465176
28.773787716338546	96.35706385465176
30.67165829098333	68.38948367046328
30.67165829098333	68.38948367046328
23.70097472335472	94.31713546879723
23.70097472335472	94.31713546879723
23.70097472335472	94.31713546879723
27.58540182712721	68.53302471312666
27.58540182712721	68.53302471312666
20.614719734713557	94.4606765114606
20.614719734713557	94.4606765114606
22.23766532567625	91.82484857626372
22.23766532567625	91.82484857626372
53.862920321500766	32.88845360727109
53.862920321500766	32.88845360727109
53.862920321500766	32.88845360727109
46.39560130962762	8.77023731086809
46.39560130962762	8.77023731086809
48.506316699816466	72.965172656659
48.506316699816466	72.965172656659
43.59313842490191	65.79713091828901
43.59313842490191	65.79713091828901
45.13626665682996	16.225362609779776
45.13626665682996	16.225362609779776
38.20992754165777	57.22853700164447
38.20992754165777	57.22853700164447
38.20992754165777	57.22853700164447
69.33854561802279	47.24627541312985
69.33854561802279	47.24627541312985
71.44926100821165	12.441209283705813
71.44926100821165	12.441209283705813
66.25228767895173	47.389814980578265
66.25228767895173	47.389814980578265
68.36300306914058	12.584750326369182
68.36300306914058	12.584750326369182
68.36300306914058	12.584750326369182
61.17947616118286	45.3498880699387
61.17947616118286	45.3498880699387
55.91155701876652	16.577655256818016
55.91155701876652	16.577655256818016
58.09322117254171	45.493427637387114
58.09322117254171	45.493427637387114
40.587052201300544	75.6620839265462
40.587052201300544	75.6620839265462
45.03906646333383	64.6446768251758
45.03906646333383	64.6446768251758
45.03906646333383	64.6446768251758
37.500795737444435	75.80562349399462
37.500795737444435	75.80562349399462
39.682459891219615	5.72139734977866
29.386070733060908	88.98476021954916
29.386070733060908	88.98476021954916
60.44374004583961	15.281661596256377
60.44374004583961	15.281661596256377
62.625404199614785	44.197433976825465
62.625404199614785	44.197433976825465
62.625404199614785	44.197433976825465
57.35748358198349	15.425201163704797
57.35748358198349	15.425201163704797
50.45775025315617	6.0736914720318715
50.45775025315617	6.0736914720318715
52.000878485084236	55.50192168830766
52.000878485084236	55.50192168830766
47.08770168538463	48.333878474722724
47.08770168538463	48.333878474722724
47.08770168538463	48.333878474722724
49.19841707557347	13.52881382051364
49.19841707557347	13.52881382051364
78.06555216391374	26.694835052472712
78.06555216391374	26.694835052472712
73.36522017975818	12.689308844082118
73.36522017975818	12.689308844082118
74.97929717527258	26.83837609513608
74.97929717527258	26.83837609513608
68.00861508285892	52.766027893470024
68.00861508285892	52.766027893470024
68.00861508285892	52.766027893470024
71.89304071141648	26.981917137799446
71.89304071141648	26.981917137799446
64.92236009421778	52.909568936133404
64.92236009421778	52.909568936133404
66.79362340730272	75.2966743106975
66.79362340730272	75.2966743106975
97.92224148366775	65.31441272218288
97.92224148366775	65.31441272218288
97.92224148366775	65.31441272218288
90.9515593912541	91.24206304530188
90.9515593912541	91.24206304530188
94.83598501981164	65.45795228963131
94.83598501981164	65.45795228963131
87.86530440261295	91.3856055631802
87.86530440261295	91.3856055631802
89.47937992291239	6.53467281423417
89.47937992291239	6.53467281423417
84.77904646354187	91.52914513062862
84.77904646354187	91.52914513062862
67.6276213102324	44.3019924945384
67.6276213102324	44.3019924945384
67.6276213102324	44.3019924945384
69.1707480669455	93.73022123559923
69.1707480669455	93.73022123559923
64.54136484637628	44.44553206198681
64.54136484637628	44.44553206198681
66.08449307830433	93.87376080304766
66.08449307830433	93.87376080304766
59.18475827426207	84.52225258658969
59.18475827426207	84.52225258658969
53.916839131845734	55.750019773469006
53.916839131845734	55.750019773469006
53.916839131845734	55.750019773469006
56.098503285620914	84.6657921540381
56.098503285620914	84.6657921540381
85.21395904651335	23.854746695758156
85.21395904651335	23.854746695758156
89.02743738669952	33.34979890530942
89.02743738669952	33.34979890530942
82.12770258265725	23.998289213636493
82.12770258265725	23.998289213636493
82.12770258265725	23.998289213636493
76.8597834402409	94.22605640051582
76.8597834402409	94.22605640051582
79.04144759401609	24.141828781084904
79.04144759401609	24.141828781084904
71.50317834334165	35.30277544990373
71.50317834334165	35.30277544990373
75.95519113015997	24.285369823748283
75.95519113015997	24.285369823748283
5.751380405343817	72.73055254571422
5.751380405343817	72.73055254571422
5.751380405343817	72.73055254571422
7.649249504773644	44.7629738367407
7.649249504773644	44.7629738367407
2.9489175206181004	30.75744615313515
2.9489175206181004	30.75744615313515
94.48159555831504	6.639231331947095
94.48159555831504	6.639231331947095
96.59231094850388	70.83416520252307
96.59231094850388	70.83416520252307
96.59231094850388	70.83416520252307
91.39534056967388	6.782772374610474
91.39534056967388	6.782772374610474
93.50605595986272	70.97770624518644
93.50605595986272	70.97770624518644
25.634674036227757	60.995443181456864
25.634674036227757	60.995443181456864
18.424539866710212	45.11526648377895
18.424539866710212	45.11526648377895
20.535255256899053	10.310203304784832
20.535255256899053	10.310203304784832
20.535255256899053	10.310203304784832
15.338284878069052	45.258807526442325
15.338284878069052	45.258807526442325
17.4490002682579	10.45374287223324
17.4490002682579	10.45374287223324
9.981678305954842	85.33552657583024
9.981678305954842	85.33552657583024
94.30457948099922	8.122605174030767
94.30457948099922	8.122605174030767
94.30457948099922	8.122605174030767
95.92752359674697	5.486777238833875
95.92752359674697	5.486777238833875
88.95684150433331	31.41442903716782
88.95684150433331	31.41442903716782
93.12506071202124	62.51366937103985
93.12506071202124	62.51366937103985
85.5867914613468	73.67461603985868
85.5867914613468	73.67461603985868
87.76845561512198	3.5903913708576765
87.76845561512198	3.5903913708576765
87.76845561512198	3.5903913708576765
82.50053647270565	73.81815855773701
82.50053647270565	73.81815855773701
12.926391599073362	19.53578010546205
12.926391599073362	19.53578010546205
16.73986846404456	29.030829364583393
16.73986846404456	29.030829364583393
9.813530824087323	70.034006706878
9.813530824087323	70.034006706878
11.711399923517162	42.066426522689525
11.711399923517162	42.066426522689525
6.443479305885863	13.294193709568855
6.443479305885863	13.294193709568855
98.54374597705855	3.94268401789593
98.54374597705855	3.94268401789593
1.0868742089866013	53.37091275895676
1.0868742089866013	53.37091275895676
1.0868742089866013	53.37091275895676
32.78308091882738	58.155356299957276
32.78308091882738	58.155356299957276
34.33507627098877	90.79869132998222
34.33507627098877	90.79869132998222
27.435342942161455	81.44718016309433
27.435342942161455	81.44718016309433
22.167422324530158	52.67494734997365
22.167422324530158	52.67494734997365
22.167422324530158	52.67494734997365
24.065292899174942	24.707368641000137
24.065292899174942	24.707368641000137
17.094612281976246	50.635020439334085
17.094612281976246	50.635020439334085
20.979036435318832	24.850909683663506
20.979036435318832	24.850909683663506
50.33394427331517	5.847694196610386
50.33394427331517	5.847694196610386
50.33394427331517	5.847694196610386
45.13697241927021	40.79629841826788
45.13697241927021	40.79629841826788
47.29203078670052	21.0667578328045
47.29203078670052	21.0667578328045
39.75376153602608	32.22770450162333
38.56537564681476	4.403665360098229
38.56537564681476	4.403665360098229
23.888273871429227	26.1907424830838
23.888273871429227	26.1907424830838
16.429821979789416	84.2876324756449
16.429821979789416	84.2876324756449
18.540537369978257	49.48256634622085
18.540537369978257	49.48256634622085
13.343566991148265	84.43117351830827
13.343566991148265	84.43117351830827
15.454282381337105	49.62610738888423
15.454282381337105	49.62610738888423
15.454282381337105	49.62610738888423
8.270755473379396	82.39124513245375
8.270755473379396	82.39124513245375
39.32842478615809	8.688145033946002
39.32842478615809	8.688145033946002
41.51008746471832	37.60391741451509
41.51008746471832	37.60391741451509
36.24216832230198	8.83168460139441
36.24216832230198	8.83168460139441
36.24216832230198	8.83168460139441
38.39722668973228	88.10214401593103
38.39722668973228	88.10214401593103
30.929904727429218	63.983927719528026
30.929904727429218	63.983927719528026
26.229572743273675	49.97840151113744
26.229572743273675	49.97840151113744
28.12744331791846	22.01082132694896
28.12744331791846	22.01082132694896
56.91476252243905	87.24090071038071
56.91476252243905	87.24090071038071
56.91476252243905	87.24090071038071
61.36677530925738	76.22349508422526
61.36677530925738	76.22349508422526
53.83737612924619	70.59954656679322
53.83737612924619	70.59954656679322
56.01903880780641	0.5153189473623186
56.01903880780641	0.5153189473623186
50.75111819017511	70.74308613424164
50.75111819017511	70.74308613424164
50.75111819017511	70.74308613424164
43.851386336562754	61.39157644256873
43.851386336562754	61.39157644256873
47.66486320153396	70.88662717690502
47.66486320153396	70.88662717690502
76.80692622398624	58.7208961598725
76.80692622398624	58.7208961598725
78.91764161417508	23.91583150566342
78.91764161417508	23.91583150566342
78.91764161417508	23.91583150566342
73.72066828491516	58.864437202535875
73.72066828491516	58.864437202535875
66.79433064495792	0.8676130696155302
66.79433064495792	0.8676130696155302
68.33745887688599	50.295841810676365
68.33745887688599	50.295841810676365
63.70807270588686	1.0111526370639399
63.70807270588686	1.0111526370639399
65.25120093781491	50.439382853339744
65.25120093781491	50.439382853339744
65.25120093781491	50.439382853339744
22.509764309167423	67.2093457172449
22.509764309167423	67.2093457172449
17.80943084979691	53.20381803363936
17.80943084979691	53.20381803363936
19.432376440759608	50.56799157365742
19.432376440759608	50.56799157365742
12.461694348345953	76.49564337199136
12.461694348345953	76.49564337199136
12.461694348345953	76.49564337199136
16.346119976903488	50.71153114110583
16.346119976903488	50.71153114110583
9.37543935970479	76.63918293943978
9.37543935970479	76.63918293943978
40.50405596085487	66.65692135092516
40.50405596085487	66.65692135092516
42.614771351043714	31.85185669671608
42.614771351043714	31.85185669671608
35.431244443086	64.61699296507064
35.431244443086	64.61699296507064
35.431244443086	64.61699296507064
39.24472278327217	74.11204517462188
39.24472278327217	74.11204517462188
32.318383668099976	16.115219566486584
32.318383668099976	16.115219566486584
33.932459188399406	30.264288292755513
33.932459188399406	30.264288292755513
29.232127204243856	16.25876060914996
29.232127204243856	16.25876060914996
29.232127204243856	16.25876060914996
58.09039369713582	46.20967702735988
58.09039369713582	46.20967702735988
60.201109087324674	11.404612373150803
60.201109087324674	11.404612373150803
55.28793228762507	4.236570634780822
55.28793228762507	4.236570634780822
56.83106051955312	53.66479937584165
56.83106051955312	53.66479937584165
56.83106051955312	53.66479937584165
49.940195786174094	27.528395973132834
49.940195786174094	27.528395973132834
44.6722751685428	97.75616316001215
44.6722751685428	97.75616316001215
46.85394079753294	27.671935540581245
46.85394079753294	27.671935540581245
77.91160863509668	52.96883396685854
77.91160863509668	52.96883396685854
80.09327278887186	81.8846078226426
80.09327278887186	81.8846078226426
80.09327278887186	81.8846078226426
72.55500353819741	93.0455544914614
72.55500353819741	93.0455544914614
67.61521947693798	37.232198311844
67.61521947693798	37.232198311844
69.79688510592811	66.1479706924131
69.79688510592811	66.1479706924131
62.25861438003872	77.30891736123192
62.25861438003872	77.30891736123192
62.25861438003872	77.30891736123192
66.71062716685704	66.29151321029143
66.71062716685704	66.29151321029143
49.195589600167594	14.245063210486418
49.195589600167594	14.245063210486418
51.37725522915773	43.16083706627047
51.37725522915773	43.16083706627047
46.109334611526435	14.388604253149785
46.109334611526435	14.388604253149785
46.109334611526435	14.388604253149785
38.92580770356872	47.15374052150434
38.92580770356872	47.15374052150434
41.045390213990906	94.56378215625935
41.045390213990906	94.56378215625935
35.848418359945946	30.512386377916858
35.848418359945946	30.512386377916858
37.95913375013479	94.70732172370778
37.95913375013479	94.70732172370778
69.08775330171478	84.72506013519316
69.08775330171478	84.72506013519316
69.08775330171478	84.72506013519316
62.11706973408617	11.652710458312148
62.11706973408617	11.652710458312148
63.73114672960057	25.80177918458107
63.73114672960057	25.80177918458107
58.79136266834112	68.98842300496366
58.79136266834112	68.98842300496366
60.90207805852996	34.18335687553962
60.90207805852996	34.18335687553962
60.90207805852996	34.18335687553962
53.434759046656815	10.065143529566528
53.434759046656815	10.065143529566528
85.06001404248134	50.12874708535895
85.06001404248134	50.12874708535895
86.67409103799574	64.27781433641292
86.67409103799574	64.27781433641292
79.70341042079704	90.20546760996181
79.70341042079704	90.20546760996181
79.70341042079704	90.20546760996181
83.58783604935459	64.42135537907629
83.58783604935459	64.42135537907629
76.61715248172598	90.3490086526252
76.61715248172598	90.3490086526252
78.52389165181906	45.59653328218587
78.52389165181906	45.59653328218587
73.25597250940271	16.824300469065186
73.25597250940271	16.824300469065186
3.6818276357704245	61.54192201679024
3.6818276357704245	61.54192201679024
3.6818276357704245	61.54192201679024
7.49530597595659	71.03697275112653
7.49530597595659	71.03697275112653
0.5955711719143154	61.68546158423866
0.5955711719143154	61.68546158423866
2.13869940384237	12.113693275729405
2.13869940384237	12.113693275729405
96.48271039692828	13.183688185654603
96.48271039692828	13.183688185654603
96.48271039692828	13.183688185654603
89.29918348897057	45.94882592922412
89.29918348897057	45.94882592922412
90.84231172089864	95.3770561454999
90.84231172089864	95.3770561454999
76.23615870909944	81.88497177847862
76.23615870909944	81.88497177847862
77.77928694102751	32.31320051953945
77.77928694102751	32.31320051953945
77.77928694102751	32.31320051953945
70.8795536122002	22.961690827866523
70.8795536122002	22.961690827866523
65.6116329945689	93.18945801474584
65.6116329945689	93.18945801474584
67.79329714834407	23.105231870529902
67.79329714834407	23.105231870529902
62.534246601376026	76.54810387115836
62.534246601376026	76.54810387115836
64.43211570080587	48.58052368696989
64.43211570080587	48.58052368696989
64.43211570080587	48.58052368696989
93.78702353880219	29.57730819991677
93.78702353880219	29.57730819991677
88.59005168475723	64.52591389678922
88.59005168475723	64.52591389678922
90.70076707494609	29.72084776736518
90.70076707494609	29.72084776736518
83.23344658785797	5.602634421392095
83.23344658785797	5.602634421392095
83.23344658785797	5.602634421392095
87.65885358833143	44.939914353989224
87.65885358833143	44.939914353989224
80.120584337657	56.10086102280804
80.120584337657	56.10086102280804
82.01845491230178	28.13328083861957
82.01845491230178	28.13328083861957
14.643711383341259	68.19688586962694
14.643711383341259	68.19688586962694
7.176390896253157	44.07866957322394
7.176390896253157	44.07866957322394
7.176390896253157	44.07866957322394
9.287106286441997	9.273604919014861
9.287106286441997	9.273604919014861
4.090134432397036	44.22221061588731
4.090134432397036	44.22221061588731
6.200849822585887	9.417145961678228
6.200849822585887	9.417145961678228
1.0127480392041774	27.580854997084867
1.0127480392041774	27.580854997084867
1.0127480392041774	27.580854997084867
30.367654401985554	8.577639510031748
30.367654401985554	8.577639510031748
32.26552497663034	79.61005932584327
32.26552497663034	79.61005932584327
26.99760435899905	50.83782798793756
26.99760435899905	50.83782798793756
29.17926851277423	79.75360184372161
29.17926851277423	79.75360184372161
21.64099778688483	90.91454851254042
21.64099778688483	90.91454851254042
21.64099778688483	90.91454851254042
17.011614566315615	41.629859338928014
17.011614566315615	41.629859338928014
18.59908577548513	7.133612148734549
18.59908577548513	7.133612148734549
1.6516368422714283	68.85386727844465
1.6516368422714283	68.85386727844465
5.819854574744397	0.9531090875316491
5.819854574744397	0.9531090875316491
5.819854574744397	0.9531090875316491
97.28158679928491	12.114055756350465
97.28158679928491	12.114055756350465
0.4632509530601041	41.029828136919555
0.4632509530601041	41.029828136919555
94.1953303354288	12.257596799013845
94.1953303354288	12.257596799013845
87.29559700660148	2.9060871073409182
87.29559700660148	2.9060871073409182
91.11794246702098	94.6162411802114
91.11794246702098	94.6162411802114
91.11794246702098	94.6162411802114
21.543797593388703	40.33386272793644
21.543797593388703	40.33386272793644
23.086925825316758	89.7620944194272
23.086925825316758	89.7620944194272
18.17374902561715	82.59405120584225
18.17374902561715	82.59405120584225
11.203066933203493	9.521703004176207
11.203066933203493	9.521703004176207
11.203066933203493	9.521703004176207
12.817143928717886	23.670771730445125
12.817143928717886	23.670771730445125
8.116810469347385	9.665244046839575
8.116810469347385	9.665244046839575
9.7042816785169	74.16899833186108
9.7042816785169	74.16899833186108
39.130136804884614	19.886619879586124
39.130136804884614	19.886619879586124
39.130136804884614	19.886619879586124
33.862217662468275	90.11438706646544
33.862217662468275	90.11438706646544
35.76008823711307	62.14680688227698
35.76008823711307	62.14680688227698
28.78940466948446	88.07446015582588
28.78940466948446	88.07446015582588
32.67383177325695	62.290349400155314
32.67383177325695	62.290349400155314
32.67383177325695	62.290349400155314
25.703148205628338	88.2179997232743
25.703148205628338	88.2179997232743
56.840634877441666	61.45084294850882
56.840634877441666	61.45084294850882
58.95135026763051	26.64577681908478
58.95135026763051	26.64577681908478
51.484031255757365	2.5275619978967367
51.484031255757365	2.5275619978967367
55.8650938037744	26.789319336963118
55.8650938037744	26.789319336963118
55.8650938037744	26.789319336963118
48.68156837103164	59.55445560531766
48.68156837103164	59.55445560531766
50.224695127744745	9.982685821593464
50.224695127744745	9.982685821593464
45.59531190717553	59.69799664798104
45.59531190717553	59.69799664798104
28.124617317727534	22.727070716921737
28.124617317727534	22.727070716921737
28.124617317727534	22.727070716921737
30.235332707916385	86.92200606271265
30.235332707916385	86.92200606271265
25.038360853871424	22.870610284370148
25.038360853871424	22.870610284370148
27.149076244060264	87.06554710537603
27.149076244060264	87.06554710537603
19.965549336102555	20.830683373730583
19.965549336102555	20.830683373730583
14.697628718471256	91.0584505606099
14.697628718471256	91.0584505606099
14.697628718471256	91.0584505606099
16.879294347461403	20.974224416393948
16.879294347461403	20.974224416393948
47.94583078047343	29.486229131635355
47.94583078047343	29.486229131635355
32.31944231176035	3.4716269672561424
32.31944231176035	3.4716269672561424
36.7005078102073	27.733382831107566
36.7005078102073	27.733382831107566
65.53216999196935	9.038984808070065
65.53216999196935	9.038984808070065
65.53216999196935	9.038984808070065
67.71383414574453	37.95475718863916
67.71383414574453	37.95475718863916
62.44591352811323	9.182524375518486
62.44591352811323	9.182524375518486
55.546180199285914	98.83101468384557
55.546180199285914	98.83101468384557
59.35965706425712	9.326066893396812
59.35965706425712	9.326066893396812
59.35965706425712	9.326066893396812
52.17613015629941	42.091203161751366
52.17613015629941	42.091203161751366
54.28684554648825	7.286137032327329
54.28684554648825	7.286137032327329
85.42433221830159	79.51898025756185
85.42433221830159	79.51898025756185
78.45365012588793	6.446632055895807
78.45365012588793	6.446632055895807
78.45365012588793	6.446632055895807
80.06772564618736	20.59569930694977
80.06772564618736	20.59569930694977
75.3673936620318	6.590173098559175
75.3673936620318	6.590173098559175
76.9814706575462	20.739240349613137
76.9814706575462	20.739240349613137
70.01078856513254	46.66689362316205
70.01078856513254	46.66689362316205
55.120841974202975	75.29145521616823
55.120841974202975	75.29145521616823
55.120841974202975	75.29145521616823
56.70831465858745	40.79520802597477
56.70831465858745	40.79520802597477
49.737631090958836	66.72286129952367
49.737631090958836	66.72286129952367
53.62205819473134	40.9387505438531
53.62205819473134	40.9387505438531
46.651376102317684	66.8664008669721
46.651376102317684	66.8664008669721
46.651376102317684	66.8664008669721
41.45440424827272	2.8150080390595016
41.45440424827272	2.8150080390595016
43.56511963846156	67.00994190963546
43.56511963846156	67.00994190963546
72.71604978114719	38.059315706352095
72.71604978114719	38.059315706352095
76.52952812133334	47.55436644068838
76.52952812133334	47.55436644068838
69.62979479250602	38.20285674901546
69.62979479250602	38.20285674901546
69.62979479250602	38.20285674901546
71.17292154921913	87.6310854900763
71.17292154921913	87.6310854900763
66.54353832864992	38.34639779167884
66.54353832864992	38.34639779167884
59.00526760276052	49.507344460497656
59.00526760276052	49.507344460497656
61.18693175653569	78.42311684106674
61.18693175653569	78.42311684106674
61.18693175653569	78.42311684106674
92.24460254452934	4.720015267344041
92.24460254452934	4.720015267344041
94.11586585761431	27.107122117123108
94.11586585761431	27.107122117123108
87.21613252878699	17.75561242545018
87.21613252878699	17.75561242545018
81.9482119111557	87.9833796123295
81.9482119111557	87.9833796123295
81.9482119111557	87.9833796123295
84.12987606493087	17.89915199289859
84.12987606493087	17.89915199289859
78.86195692251452	88.12692065499289
78.86195692251452	88.12692065499289
81.04362107628971	18.04269451077693
81.04362107628971	18.04269451077693
10.830940280810307	83.27277241899372
10.830940280810307	83.27277241899372
5.926630601344031	59.31983549437288
5.926630601344031	59.31983549437288
5.926630601344031	59.31983549437288
8.037345991532872	24.5147708401638
8.037345991532872	24.5147708401638
0.5700255044447693	0.3965545437607846
0.5700255044447693	0.3965545437607846
4.9510910028917205	24.658310407612205
4.9510910028917205	24.658310407612205
96.48376904058865	0.5400955864241633
96.48376904058865	0.5400955864241633
98.5944844307775	64.73503093221508
98.5944844307775	64.73503093221508
83.4207457359325	36.47624143567866
83.4207457359325	36.47624143567866
83.4207457359325	36.47624143567866
76.21061304162991	20.596063262785787
76.21061304162991	20.596063262785787
78.32132843181874	84.7909986085767
78.32132843181874	84.7909986085767
73.12435657777378	20.739604305449166
73.12435657777378	20.739604305449166
75.23507196796264	84.93453817602513
75.23507196796264	84.93453817602513
75.23507196796264	84.93453817602513
70.03810158913264	20.88314534811253
70.03810158913264	20.88314534811253
0.39300795191401094	1.8799283858444555
0.39300795191401094	1.8799283858444555
2.007084947428403	16.028995636898415
2.007084947428403	16.028995636898415
96.31562008350619	84.23857424225697
96.31562008350619	84.23857424225697
98.21349065815097	56.2709940580685
98.21349065815097	56.2709940580685
98.21349065815097	56.2709940580685
90.67522140747654	67.43194072688732
90.67522140747654	67.43194072688732
86.04583671169236	18.147251553274895
86.04583671169236	18.147251553274895
87.58896494362043	67.57548176955069
87.58896494362043	67.57548176955069
18.0148215452031	13.293103317275737
18.0148215452031	13.293103317275737
18.0148215452031	13.293103317275737
21.828299885389256	22.788154051612032
21.828299885389256	22.788154051612032
14.901959295002104	63.791329918691694
14.901959295002104	63.791329918691694
16.7998298696469	35.823751209718175
16.7998298696469	35.823751209718175
11.531909252015604	7.051518396597503
11.531909252015604	7.051518396597503
11.531909252015604	7.051518396597503
4.632175923188287	96.70000722970961
4.632175923188287	96.70000722970961
8.445654263374442	7.195057964045913
8.445654263374442	7.195057964045913
37.871509389742165	51.912680986985926
37.871509389742165	51.912680986985926
39.41463762167022	2.3409097280467543
39.41463762167022	2.3409097280467543
34.79412152133434	35.27132536818348
34.79412152133434	35.27132536818348
34.79412152133434	35.27132536818348
27.255852270659897	46.4322720370023
27.255852270659897	46.4322720370023
29.15372284530468	18.46469185281383
29.15372284530468	18.46469185281383
24.45338938593418	4.459165644423234
24.45338938593418	4.459165644423234
26.067466381448572	18.608234370692152
26.067466381448572	18.608234370692152
26.067466381448572	18.608234370692152
9.120017448234861	80.32848950040227
9.120017448234861	80.32848950040227
3.9230441189749534	16.277095197274722
3.9230441189749534	16.277095197274722
6.078102486405254	95.54755313659639
6.078102486405254	95.54755313659639
0.8101833439889147	66.77532179869068
0.8101833439889147	66.77532179869068
2.7080524434187416	38.8077416145022
2.7080524434187416	38.8077416145022
2.7080524434187416	38.8077416145022
94.73737182622004	64.73539341283615
94.73737182622004	64.73539341283615
26.865988427370127	54.75313182432153
26.865988427370127	54.75313182432153
28.976703817558967	19.948067170112445
28.976703817558967	19.948067170112445
21.509384805685823	94.82985087370945
21.509384805685823	94.82985087370945
21.509384805685823	94.82985087370945
25.899317424366107	3.306711551310003
25.899317424366107	3.306711551310003
18.431995462063046	78.18849673012195
18.431995462063046	78.18849673012195
20.542710852251886	43.38343207591288
20.542710852251886	43.38343207591288
15.629534052552279	36.21538886232794
15.629534052552279	36.21538886232794
44.416854732287824	2.445469720974638
44.416854732287824	2.445469720974638
46.59851741084805	31.361242101543738
46.59851741084805	31.361242101543738
46.59851741084805	31.361242101543738
41.330598268431714	2.589009288423058
41.330598268431714	2.589009288423058
43.48565516064706	81.85946722774473
43.48565516064706	81.85946722774473
38.28868478181706	17.808072924617175
38.28868478181706	17.808072924617175
31.318002689403404	43.73572472295112
31.318002689403404	43.73572472295112
31.318002689403404	43.73572472295112
33.2158732640482	15.768146013977608
33.2158732640482	15.768146013977608
64.27354257682688	41.06504444025491
64.27354257682688	41.06504444025491
66.45520525538711	69.98081829603895
66.45520525538711	69.98081829603895
58.91693600471267	81.14176496485779
58.91693600471267	81.14176496485779
54.2964199043768	15.072180604994497
54.2964199043768	15.072180604994497
54.2964199043768	15.072180604994497
55.839548136304856	64.50040934605533
55.839548136304856	64.50040934605533
48.9398162826925	55.14889965438241
48.9398162826925	55.14889965438241
52.753291672448746	64.64395186393367
52.753291672448746	64.64395186393367
10.011855043801242	81.41391472783883
10.011855043801242	81.41391472783883
10.011855043801242	81.41391472783883
12.122570433990093	46.608850073629746
12.122570433990093	46.608850073629746
6.925598579945133	81.55745429528726
6.925598579945133	81.55745429528726
98.99925946477293	23.560630162366902
98.99925946477293	23.560630162366902
3.812736329744147	33.055680896703194
3.812736329744147	33.055680896703194
95.91300300091683	23.70417120503027
95.91300300091683	23.70417120503027
95.91300300091683	23.70417120503027
97.45613123284488	73.1323999460911
97.45613123284488	73.1323999460911
29.868542888340304	21.033490922334057
29.868542888340304	21.033490922334057
22.89786079592665	46.961142720668
22.89786079592665	46.961142720668
24.511937791441053	61.11021144693692
24.511937791441053	61.11021144693692
24.511937791441053	61.11021144693692
19.820474402733794	30.31978857708052
19.820474402733794	30.31978857708052
21.434549923033227	44.46885582813448
21.434549923033227	44.46885582813448
14.463867830619572	70.39650762646842
14.463867830619572	70.39650762646842
45.592485906984614	60.41424603795381
45.592485906984614	60.41424603795381
45.592485906984614	60.41424603795381
47.70320129717345	25.609181383744726
47.70320129717345	25.609181383744726
40.519674389215744	58.374317652099286
40.519674389215744	58.374317652099286
44.33315125418694	67.86936838643558
44.33315125418694	67.86936838643558
37.40681213901475	9.872542778300271
37.40681213901475	9.872542778300271
32.20984176018475	44.82114995038769
32.20984176018475	44.82114995038769
32.20984176018475	44.82114995038769
34.320557150373595	10.016085296178609
34.320557150373595	10.016085296178609
63.17882364326557	39.96700023917357
63.17882364326557	39.96700023917357
67.55988914171252	64.22875610302499
67.55988914171252	64.22875610302499
60.376362233754804	96.99389384659452
60.376362233754804	96.99389384659452
60.376362233754804	96.99389384659452
61.91949046568286	47.4221240628703
61.91949046568286	47.4221240628703
57.29897436534698	80.35253970300703
57.29897436534698	80.35253970300703
49.76070511467254	91.51348637182585
49.76070511467254	91.51348637182585
51.94236926844771	21.429258752394933
51.94236926844771	21.429258752394933
36.69768181001637	28.449632221080343
36.69768181001637	28.449632221080343
36.69768181001637	28.449632221080343
38.87934596379155	57.36540460164943
38.87934596379155	57.36540460164943
33.61142534616026	28.593171788528753
33.61142534616026	28.593171788528753
26.42789843820255	61.35830953209827
26.42789843820255	61.35830953209827
28.582955330417896	41.62876894663489
28.582955330417896	41.62876894663489
28.582955330417896	41.62876894663489
23.315036188001557	12.856536133514213
23.315036188001557	12.856536133514213
25.496700341776734	41.77230851408331
25.496700341776734	41.77230851408331
54.28401954629734	8.002386422300097
54.28401954629734	8.002386422300097
49.65463632572812	57.717697248687685
49.65463632572812	57.717697248687685
51.19776308244121	8.145928940178432
51.19776308244121	8.145928940178432
51.19776308244121	8.145928940178432
44.01423617448351	40.91106520853299
44.01423617448351	40.91106520853299
48.40417026837875	48.38792588613355
48.40417026837875	48.38792588613355
40.93684830607569	24.269711064945504
40.93684830607569	24.269711064945504
43.047563696264525	88.46464493552146
43.047563696264525	88.46464493552146
43.047563696264525	88.46464493552146
74.17618177262956	78.48238334700685
74.17618177262956	78.48238334700685
67.2054996802159	5.410035145340796
67.2054996802159	5.410035145340796
71.0899267839884	78.62592291445526
71.0899267839884	78.62592291445526
64.11924321635979	5.553576188004164
64.11924321635979	5.553576188004164
64.11924321635979	5.553576188004164
65.9905080046597	27.940681562568273
65.9905080046597	27.940681562568273
60.79353615061475	62.88928725944072
60.79353615061475	62.88928725944072
90.14844398861108	43.8860717723876
90.14844398861108	43.8860717723876
91.76252098412547	58.035139023441566
91.76252098412547	58.035139023441566
87.06218752475496	44.02961133983601
87.06218752475496	44.02961133983601
87.06218752475496	44.02961133983601
88.67626452026937	58.17868006610494
88.67626452026937	58.17868006610494
81.70558390307067	84.10633186443889
81.70558390307067	84.10633186443889
76.8012742236044	60.15339493981804
76.8012742236044	60.15339493981804
78.34440245553245	10.581625156093832
78.34440245553245	10.581625156093832
78.34440245553245	10.581625156093832
61.46790081069012	37.02271879579708
61.46790081069012	37.02271879579708
65.28137767566133	46.51776953013337
65.28137767566133	46.51776953013337
58.38164434683401	37.16625983846045
58.38164434683401	37.16625983846045
53.11372372920271	8.39402702533978
53.11372372920271	8.39402702533978
55.2953878829779	37.30979940590887
55.2953878829779	37.30979940590887
48.08525518867531	21.429622708230962
48.08525518867531	21.429622708230962
51.89873205364651	30.924673442567254
51.89873205364651	30.924673442567254
51.89873205364651	30.924673442567254
81.32458865522918	75.64229499029231
81.32458865522918	75.64229499029231
82.86771688715724	26.070525206568096
82.86771688715724	26.070525206568096
78.23833219137308	75.78583603295567
78.23833219137308	75.78583603295567
70.70006294069863	86.94678417698945
70.70006294069863	86.94678417698945
72.88172709447382	16.862556557558538
72.88172709447382	16.862556557558538
72.88172709447382	16.862556557558538
67.6226750722908	70.305428558187
67.6226750722908	70.305428558187
69.5205456469356	42.33784837399854
69.5205456469356	42.33784837399854
98.87545348493194	23.334632886945418
98.87545348493194	23.334632886945418
93.67848163088698	58.28323710860291
93.67848163088698	58.28323710860291
93.67848163088698	58.28323710860291
95.78919702107581	23.478173929608786
95.78919702107581	23.478173929608786
90.59222516703086	58.42677815126629
90.59222516703086	58.42677815126629
92.7029405572197	23.621713497057208
92.7029405572197	23.621713497057208
85.20901428378673	49.85818423462173
85.20901428378673	49.85818423462173
85.20901428378673	49.85818423462173
17.621425939282148	96.75927521086467
17.621425939282148	96.75927521086467
19.732141329471	61.95420908144063
19.732141329471	61.95420908144063
12.264819367167938	37.83599426025259
12.264819367167938	37.83599426025259
16.645884865614878	62.09774864888905
16.645884865614878	62.09774864888905
9.178564378526776	37.979535302915956
9.178564378526776	37.979535302915956
9.178564378526776	37.979535302915956
11.289279768715616	3.1744706487068766
11.289279768715616	3.1744706487068766
6.092307914670666	38.12307487036438
6.092307914670666	38.12307487036438
88.15372610169028	83.05843481382364
88.15372610169028	83.05843481382364
90.05159815155002	55.09085610485011
90.05159815155002	55.09085610485011
90.05159815155002	55.09085610485011
84.78367753391875	26.31862329172944
84.78367753391875	26.31862329172944
86.96534021247896	55.23439714751349
86.96534021247896	55.23439714751349
81.69742107006262	26.46216433439281
81.69742107006262	26.46216433439281
74.79768774123531	17.110654642719883
74.79768774123531	17.110654642719883
74.79768774123531	17.110654642719883
76.38515747518987	81.61440745252644
76.38515747518987	81.61440745252644
9.010413946229352	22.67801248353381
9.010413946229352	22.67801248353381
10.908284520874137	93.7104337745603
10.908284520874137	93.7104337745603
3.370015270199697	5.871380443379113
3.370015270199697	5.871380443379113
97.74063204963048	55.58668979455173
97.74063204963048	55.58668979455173
97.74063204963048	55.58668979455173
0.28376028155854593	6.014921486042492
0.28376028155854593	6.014921486042492
92.38402547751627	95.66341179436957
92.38402547751627	95.66341179436957
96.19750381770243	6.1584610534909014
96.19750381770243	6.1584610534909014
26.632227539518432	34.09118741496509
26.632227539518432	34.09118741496509
26.632227539518432	34.09118741496509
21.364308397102103	5.318954601844421
21.364308397102103	5.318954601844421
23.262178971746888	76.3513758928709
23.262178971746888	76.3513758928709
16.291495404118276	3.279027691204855
16.291495404118276	3.279027691204855
20.17592103267582	76.49491693553428
20.17592103267582	76.49491693553428
13.205240415477125	3.4225687338682222
13.205240415477125	3.4225687338682222
13.205240415477125	3.4225687338682222
14.792711624646639	67.92632154367476
14.792711624646639	67.92632154367476
46.48891538405749	72.71076508467527
46.48891538405749	72.71076508467527
38.95064760859801	83.8717117534941
38.95064760859801	83.8717117534941
40.84851670802784	55.90413156930562
40.84851670802784	55.90413156930562
40.84851670802784	55.90413156930562
36.1481847238723	41.89860388570007
36.1481847238723	41.89860388570007
37.762261719386686	56.047672611969
37.762261719386686	56.047672611969
30.791578151758078	81.97532441030295
30.791578151758078	81.97532441030295
15.626708052361362	36.93163825230071
15.626708052361362	36.93163825230071
17.737423442550202	2.1265735980916234
17.737423442550202	2.1265735980916234
17.737423442550202	2.1265735980916234
12.540451588505242	37.07517929496407
12.540451588505242	37.07517929496407
14.651166978694093	2.2701146407549913
14.651166978694093	2.2701146407549913
7.467640070736383	35.03525238432451
7.467640070736383	35.03525238432451
2.199720928320043	6.263019571203838
2.199720928320043	6.263019571203838
2.199720928320043	6.263019571203838
4.381383606880263	35.17879195177293
4.381383606880263	35.17879195177293
33.21304578864231	16.484395403950387
33.21304578864231	16.484395403950387
37.59411128708926	40.74614979258685
37.59411128708926	40.74614979258685
30.126790800001164	16.627934971398794
30.126790800001164	16.627934971398794
32.237506190190004	80.82287179240467
32.237506190190004	80.82287179240467
32.237506190190004	80.82287179240467
27.324327915275436	73.65482857881973
27.324327915275436	73.65482857881973
19.786058664600997	84.81577524763856
19.786058664600997	84.81577524763856
21.967722818376185	14.731549103422598
21.967722818376185	14.731549103422598
53.034260726603165	23.243552343449043
53.034260726603165	23.243552343449043
53.034260726603165	23.243552343449043
55.215924880378346	52.159324724018134
55.215924880378346	52.159324724018134
49.948004262747055	23.38709338611241
49.948004262747055	23.38709338611241
43.04827093391974	14.035583694439485
43.04827093391974	14.035583694439485
44.5913991658478	63.46381243550033
44.5913991658478	63.46381243550033
44.5913991658478	63.46381243550033
39.678222366148184	56.295772172345295
39.678222366148184	56.295772172345295
41.78893775633703	21.490706042921254
41.78893775633703	21.490706042921254
70.62059846288413	2.796309495098713
70.62059846288413	2.796309495098713
65.99121524231491	52.51162032148629
65.99121524231491	52.51162032148629
67.53434347424297	2.9398490625471334
67.53434347424297	2.9398490625471334
67.53434347424297	2.9398490625471334
60.63460867020069	92.58833937087421
60.63460867020069	92.58833937087421
64.44808701038686	3.0833901052105013
64.44808701038686	3.0833901052105013
57.26456010242915	35.84852637356506
57.26456010242915	35.84852637356506
59.37527549261799	1.043461719355977
59.37527549261799	1.043461719355977
59.37527549261799	1.043461719355977
44.21040539322127	54.99977556135374
44.21040539322127	54.99977556135374
37.23972182559266	80.92742883490264
37.23972182559266	80.92742883490264
41.1241474541502	55.143318079232074
41.1241474541502	55.143318079232074
34.1534668369515	81.07096987756601
34.1534668369515	81.07096987756601
34.1534668369515	81.07096987756601
35.76754383246589	95.22003712861998
35.76754383246589	95.22003712861998
31.067210373095392	81.21450944501443
31.067210373095392	81.21450944501443
60.20927192033271	69.04877990319687
60.20927192033271	69.04877990319687
61.796743129502225	34.552532713003416
61.796743129502225	34.552532713003416
57.09641114534667	20.547005029397866
57.09641114534667	20.547005029397866
57.09641114534667	20.547005029397866
58.710488140861074	34.69607375566679
58.710488140861074	34.69607375566679
51.73980457323246	60.62372555400073
51.73980457323246	60.62372555400073
46.54283419440246	95.57233125087319
46.54283419440246	95.57233125087319
48.6535495845913	60.76726659666411
48.6535495845913	60.76726659666411
48.6535495845913	60.76726659666411
77.79561113182862	48.601535579631594
77.79561113182862	48.601535579631594
81.61795806746308	41.311689652502075
81.61795806746308	41.311689652502075
74.71822326342081	31.960179960829148
74.71822326342081	31.960179960829148
69.4503026457895	3.1879471477084795
69.4503026457895	3.1879471477084795
71.63196827477965	32.103721003492524
71.63196827477965	32.103721003492524
71.63196827477965	32.103721003492524
64.0936990241052	43.26466767231134
64.0936990241052	43.26466767231134
68.54571181092354	32.247262046155896
68.54571181092354	32.247262046155896
97.33303101544412	97.4773399543727
97.33303101544412	97.4773399543727
0.23090159008890943	69.50975977018422
0.23090159008890943	69.50975977018422
0.23090159008890943	69.50975977018422
94.57491258317482	70.57975763053933
94.57491258317482	70.57975763053933
87.03664185728543	81.74070429935816
87.03664185728543	81.74070429935816
89.2183060110606	11.65647667992724
89.2183060110606	11.65647667992724
83.95038539342931	81.88424386680657
83.95038539342931	81.88424386680657
86.1320495472045	11.800017722590619
86.1320495472045	11.800017722590619
86.1320495472045	11.800017722590619
70.88736208877314	18.8203882408461
70.88736208877314	18.8203882408461
63.71270377626372	34.80063079816476
63.71270377626372	34.80063079816476
65.82341916645258	98.99556614395568
65.82341916645258	98.99556614395568
60.62644878762257	34.94417331604309
60.62644878762257	34.94417331604309
60.62644878762257	34.94417331604309
62.737164177811415	0.13910718661904986
62.737164177811415	0.13910718661904986
55.269842215508355	75.02089236543101
55.269842215508355	75.02089236543101
86.89509868654784	16.08449592122342
86.89509868654784	16.08449592122342
88.50917420684728	30.23356464749235
88.50917420684728	30.23356464749235
88.50917420684728	30.23356464749235
81.53849358964858	56.1612164458263
81.53849358964858	56.1612164458263
85.68010848620659	38.61514381366585
85.68010848620659	38.61514381366585
78.21278652390353	14.496927517262854
78.21278652390353	14.496927517262854
80.32350191409238	78.69186286305377
80.32350191409238	78.69186286305377
75.12653006004741	14.640468559926223
75.12653006004741	14.640468559926223
75.12653006004741	14.640468559926223
5.481437898043751	94.63725307287311
5.481437898043751	94.63725307287311
9.365863526601295	68.85314084198757
9.365863526601295	68.85314084198757
2.4040500296359335	77.99589745407066
2.4040500296359335	77.99589745407066
4.301920604280719	50.028317269882194
4.301920604280719	50.028317269882194
4.301920604280719	50.028317269882194
98.03399998664942	21.256085931976468
98.03399998664942	21.256085931976468
91.13426665782211	11.904574765088585
91.13426665782211	11.904574765088585
92.67739488975016	61.332806456579334
92.67739488975016	61.332806456579334
25.373598649161025	66.11724852236489
25.373598649161025	66.11724852236489
26.916728356304038	16.54547726342572
26.916728356304038	16.54547726342572
26.916728356304038	16.54547726342572
20.01699502747672	7.193967571752806
20.01699502747672	7.193967571752806
15.077210966217278	50.38061286735035
15.077210966217278	50.38061286735035
16.62033919814534	0.8088416084111923
16.62033919814534	0.8088416084111923
9.720605869318026	90.45733191673827
9.720605869318026	90.45733191673827
9.720605869318026	90.45733191673827
13.534082734289223	0.9523811758596019
13.534082734289223	0.9523811758596019
95.65758108944691	27.39347629077781
95.65758108944691	27.39347629077781
9.01147554031964	10.03441840908841
11.122190930508491	74.22935375487933
11.122190930508491	74.22935375487933
5.898611814903696	60.53264501050435
5.898611814903696	60.53264501050435
7.796482389548482	32.56506630153084
7.796482389548482	32.56506630153084
0.825800297134827	58.49271809986479
0.825800297134827	58.49271809986479
0.825800297134827	58.49271809986479
31.954418373499866	48.51045651135017
31.954418373499866	48.51045651135017
34.065133763688706	13.705390381926135
34.065133763688706	13.705390381926135
28.868161909643746	48.65399607879859
28.868161909643746	48.65399607879859
30.987745895280888	96.06403476312369
30.987745895280888	96.06403476312369
30.987745895280888	96.06403476312369
23.520425408192775	71.94582141715061
23.520425408192775	71.94582141715061
18.820091948822274	57.940292258330096
18.820091948822274	57.940292258330096
20.717963998682016	29.972713549356577
20.717963998682016	29.972713549356577
49.50528320320261	95.20279293278833
49.50528320320261	95.20279293278833
53.95729599002094	84.18538583141792
53.95729599002094	84.18538583141792
53.95729599002094	84.18538583141792
46.41902821456146	95.34633250023674
46.41902821456146	95.34633250023674
48.5740851067768	75.61679191477337
48.5740851067768	75.61679191477337
43.37711325273184	11.565396136430865
43.37711325273184	11.565396136430865
36.40643263553314	37.49304940997977
36.40643263553314	37.49304940997977
36.40643263553314	37.49304940997977
38.30430173496298	9.525469225791298
38.30430173496298	9.525469225791298
0.8030429162008159	72.90917732759824
0.8030429162008159	72.90917732759824
2.9847070699759937	2.824949708167334
2.9847070699759937	2.824949708167334
96.71678645234469	73.05271837026162
96.71678645234469	73.05271837026162
89.81705312351738	63.70120720337373
89.81705312351738	63.70120720337373
89.81705312351738	63.70120720337373
91.36904995089373	96.34454370861363
91.36904995089373	96.34454370861363
86.73966673032452	47.05985305978624
86.73966673032452	47.05985305978624
88.28279348703762	96.48808327606203
88.28279348703762	96.48808327606203
18.424856509489896	84.32235225902953
18.424856509489896	84.32235225902953
18.424856509489896	84.32235225902953
13.724523050119384	70.31682605063894
13.724523050119384	70.31682605063894
15.338600045633786	84.46589182647793
15.338600045633786	84.46589182647793
8.412260930461594	26.469069168772545
8.412260930461594	26.469069168772545
12.22573779543279	35.964118427893894
12.22573779543279	35.964118427893894
5.3260044666054736	26.612610211435925
5.3260044666054736	26.612610211435925
5.3260044666054736	26.612610211435925
36.383673779384175	51.90950863771322
36.383673779384175	51.90950863771322
38.28154435402896	23.9419299287397
38.28154435402896	23.9419299287397
31.310860786400347	49.8695802518587
31.310860786400347	49.8695802518587
35.195287890172835	24.08546949618812
35.195287890172835	24.08546949618812
35.195287890172835	24.08546949618812
28.224605797759185	50.013121294522065
28.224605797759185	50.013121294522065
29.84755138872188	47.37729483454013
29.84755138872188	47.37729483454013
25.147217929351367	33.37176715093458
25.147217929351367	33.37176715093458
54.00548737267325	63.3226835691445
54.00548737267325	63.3226835691445
54.00548737267325	63.3226835691445
56.116202762862095	28.517618914935422
56.116202762862095	28.517618914935422
51.20302448794754	21.349577176565443
51.20302448794754	21.349577176565443
52.74615271987559	70.77780591762627
52.74615271987559	70.77780591762627
45.8198136047034	12.780983259920884
45.8198136047034	12.780983259920884
40.62284175065844	47.729587481578385
40.62284175065844	47.729587481578385
40.62284175065844	47.729587481578385
42.73355714084729	12.924522827369305
42.73355714084729	12.924522827369305
27.559816970787313	83.66573333083288
27.559816970787313	83.66573333083288
29.670532360976154	48.86066720140884
29.670532360976154	48.86066720140884
22.487006928233402	81.62580494497836
22.487006928233402	81.62580494497836
22.487006928233402	81.62580494497836
17.219086310602115	52.85357360707264
17.219086310602115	52.85357360707264
19.400750464377293	81.76934598764173
19.400750464377293	81.76934598764173
11.871349809151145	76.14539747020969
11.871349809151145	76.14539747020969
16.323362595969474	65.12799184405425
16.323362595969474	65.12799184405425
45.11068180049006	31.358069752271028
45.11068180049006	31.358069752271028
45.11068180049006	31.358069752271028
47.292345954265244	60.27384213284013
47.292345954265244	60.27384213284013
42.024425336633946	31.501610794934408
42.024425336633946	31.501610794934408
34.84089842867623	64.26674706328896
34.84089842867623	64.26674706328896
36.995958271321506	44.53720647782559
36.995958271321506	44.53720647782559
36.995958271321506	44.53720647782559
31.72803765369021	15.76497366470491
31.72803765369021	15.76497366470491
33.90970033225043	44.68074752048896
33.90970033225043	44.68074752048896
64.96736964502912	69.97764742198122
64.96736964502912	69.97764742198122
58.06763631620181	60.62613625509333
58.06763631620181	60.62613625509333
58.06763631620181	60.62613625509333
59.61076602334482	11.054366471369129
59.61076602334482	11.054366471369129
54.69758774843026	3.886324732999137
54.69758774843026	3.886324732999137
56.808303138619095	68.08126007879005
56.808303138619095	68.08126007879005
49.34984977176433	27.17814859613619
49.34984977176433	27.17814859613619
80.97510771801878	67.24175362714358
80.97510771801878	67.24175362714358
80.97510771801878	67.24175362714358
82.58918323831821	81.39082087819753
82.58918323831821	81.39082087819753
75.61850114590456	8.31847415174644
75.61850114590456	8.31847415174644
79.5029267744621	81.53436339607588
79.5029267744621	81.53436339607588
72.5322461572634	8.462013719194859
72.5322461572634	8.462013719194859
72.5322461572634	8.462013719194859
74.40350947034835	30.849120568973916
74.40350947034835	30.849120568973916
69.20653909151835	65.79772626584638
69.20653909151835	65.79772626584638
52.259087207874735	28.517981395556482
52.259087207874735	28.517981395556482
56.14351431164722	2.7338706398859167
56.14351431164722	2.7338706398859167
49.17283221923357	28.661522438219862
49.17283221923357	28.661522438219862
49.17283221923357	28.661522438219862
50.786909214747965	42.810591164488784
50.786909214747965	42.810591164488784
46.08657575537746	28.80506348088323
46.08657575537746	28.80506348088323
38.903048847419754	61.570201224452745
38.903048847419754	61.570201224452745
40.455045674796104	94.21353477926273
40.455045674796104	94.21353477926273
40.455045674796104	94.21353477926273
72.15125090942192	98.99797832026324
72.15125090942192	98.99797832026324
73.69437914134998	49.42620706132407
73.69437914134998	49.42620706132407
66.7946443373077	40.07469736965114
66.7946443373077	40.07469736965114
61.52672667010632	11.302464556530463
61.52672667010632	11.302464556530463
61.52672667010632	11.302464556530463
63.70838934866654	40.21823841231452
63.70838934866654	40.21823841231452
56.498256654363956	24.338061714636606
56.498256654363956	24.338061714636606
60.311733519335164	33.83311097375794
60.311733519335164	33.83311097375794
89.73758864570287	78.55073399669794
89.73758864570287	78.55073399669794
84.46966950328654	49.77850265879224
84.46966950328654	49.77850265879224
84.46966950328654	49.77850265879224
86.65133365706171	78.69427503936133
86.65133365706171	78.69427503936133
79.11306440638728	89.85522170818014
79.11306440638728	89.85522170818014
83.56507719320561	78.83781460680974
83.56507719320561	78.83781460680974
76.02680794253116	89.99876127562857
76.02680794253116	89.99876127562857
76.02680794253116	89.99876127562857
77.93354563740928	45.24628738040419
77.93354563740928	45.24628738040419
10.55880358366373	85.30989241141157
10.55880358366373	85.30989241141157
3.09148162136067	61.19167611500856
3.09148162136067	61.19167611500856
5.20219701154951	26.386611460799482
5.20219701154951	26.386611460799482
0.005226632719507851	61.335217157671934
0.005226632719507851	61.335217157671934
0.005226632719507851	61.335217157671934
2.1159420229083588	26.530151028247893
2.1159420229083588	26.530151028247893
95.9189701688634	61.47875820033531
95.9189701688634	61.47875820033531
78.7320691585458	81.39118483403357
78.7320691585458	81.39118483403357
80.84278454873464	46.586118704609525
80.84278454873464	46.586118704609525
80.84278454873464	46.586118704609525
75.64581416990464	81.53472587669694
75.64581416990464	81.53472587669694
77.75652956009348	46.72966122248785
77.75652956009348	46.72966122248785
70.28920759779042	22.61144492608485
70.28920759779042	22.61144492608485
65.58887561363487	8.605918717694257
65.58887561363487	8.605918717694257
65.58887561363487	8.605918717694257
67.20295260914926	22.75498596874822
67.20295260914926	22.75498596874822
96.56672756737895	85.96687529544424
96.56672756737895	85.96687529544424
1.7349482502818268	18.06611562931627
1.7349482502818268	18.06611562931627
93.19667752439243	29.227062298135085
93.19667752439243	29.227062298135085
95.3783416781676	58.142834678704176
95.3783416781676	58.142834678704176
95.3783416781676	58.142834678704176
90.11042106053632	29.370603340798464
90.11042106053632	29.370603340798464
83.210687731709	20.01909217391058
83.210687731709	20.01909217391058
87.02416607189515	29.514144383461833
87.02416607189515	29.514144383461833
17.423416887132962	25.586451489939463
17.423416887132962	25.586451489939463
17.423416887132962	25.586451489939463
19.321285986562792	96.61887278096594
19.321285986562792	96.61887278096594
14.053365368931493	67.84663996784528
14.053365368931493	67.84663996784528
7.153632040104176	58.49513027617235
7.153632040104176	58.49513027617235
8.69676027203223	8.923359017233176
8.69676027203223	8.923359017233176
4.0673770514630245	58.63866984362077
4.0673770514630245	58.63866984362077
4.0673770514630245	58.63866984362077
5.610503808176121	9.066898584681597
5.610503808176121	9.066898584681597
35.045229005207084	36.99962642137074
35.045229005207084	36.99962642137074
29.777308387575786	8.227393608250065
29.777308387575786	8.227393608250065
31.675178962220585	79.25981489927655
31.675178962220585	79.25981489927655
31.675178962220585	79.25981489927655
24.704498345021886	6.187466697610498
24.704498345021886	6.187466697610498
28.588922498364465	79.40335446672498
28.588922498364465	79.40335446672498
21.618240405950807	6.331006265058918
21.618240405950807	6.331006265058918
6.444501711105801	77.0722167685225
6.444501711105801	77.0722167685225
6.444501711105801	77.0722167685225
8.599560078536102	57.34267618305911
8.599560078536102	57.34267618305911