28.688068849157837	63.09937167000791
46.63512136174349	83.46841119579304
15.073960605862109	54.28025877976027
25.165506801079214	49.960723818485235
4.585399726576263	84.90996385972413
28.780176569295726	77.58726522946591
24.197840961047156	73.59199259064205
26.0750374171421	50.4891436701956
16.61993544628649	68.5085346229716
23.26582531438246	53.33224668026284
22.041891890899667	67.75589156694926
19.497906591087386	85.8259662018671
28.612615818781663	55.88780594258905
12.678459905217197	74.7077250517755
15.881828819014896	68.86279280480504
11.722285854863742	58.979454115555825
43.00417678523978	68.46003735694902
33.80532710873216	74.71207512285334
42.919951880735276	69.8818930436371
37.667525608092035	72.44652679438214
6.482302385885692	88.22826222637218
29.03881735662569	64.66108521627021
36.94094096721673	63.39505354483621
16.437531367158698	72.706905530453
4.843202053831369	76.50967016012116
3.240427811626013	76.16273842478793
27.954535329941297	75.53455122273644
5.078132167173248	80.78011891865972
22.102290181354572	69.86863424473461
8.127123345128089	81.32922790811176
25.791766403014577	57.086651318009594
31.59810732488259	63.50175648872345
20.12819632151739	68.88725999820143
16.323913211251888	59.0045508494917
17.68186399726922	66.83465012347827
14.001659886930696	80.4726800500989
26.77124339972961	75.66065957468639
39.60226237356732	63.7484969122246
12.002787050599515	53.5686635720766
7.710094435639656	61.01130958416603
5.52589334634165	66.91421359919109
27.16243313739636	67.88805834939512
10.197276900574469	83.00104885111988
30.83003400770467	74.21462176849228
16.976809195395916	66.70123841727579
31.691743314308493	61.49027453876875
37.581006952653986	80.52060144871338
19.536878029931398	73.06766976347072
19.213524661290528	46.36037175612445
31.76413353161827	64.19519750346733
35.25295431402908	81.38669049793272
23.741941860450268	73.18556454313718
22.996564434511903	68.23569211134091
22.571094733054323	65.60139328088918
28.63233452379881	56.78341971981434
9.216347693609496	63.366264339451504
21.464286138260526	65.2988097994702
14.592024552999922	86.28805966929627
22.66391159526254	58.61845597020447
11.710899609113225	65.29430548179589
3.343523990233013	78.20360547990437
39.62092447829798	63.696194869666854
18.462337418278914	55.304014759635585
34.677991010348975	66.9296537014278
29.73092317294828	63.9819983826251
14.016984279826557	58.10139348068296
29.350651624223264	71.75208293609765
22.91725872938062	65.77391575571438
25.870752680475825	72.44462849141897
18.415707023644913	65.41940940417764
29.35291062321814	74.51362619791868
17.83894870189178	61.207078444673634
15.878534951197167	62.35620633282322
36.275057258247934	53.9041905577771
11.95971346988955	71.37560093919815
16.943612104650512	72.89659831747197
29.234109803564497	63.31396072977548
30.772525722861445	63.20031013644201
24.623544684729364	68.32381167476152
42.227994072415015	60.26023667302776
16.00615839092315	55.90929799194862
17.913393208407438	84.06937947721954
15.524505901915338	59.32188999538593
32.16928668593944	67.84120964955866
33.64641531557232	56.9575663728111
23.995671664572544	59.68940131671783
4.023299699297684	61.95693692385812
6.872228934092705	68.7925316366375
27.061200653591914	78.32879132759673
19.36393164244276	63.44946443864483
36.43952349439528	65.38675769122297
15.734685102203247	48.34748050596622
38.064561947219325	58.993591145031644
22.60795275635503	65.2559902728931
18.464516022154683	73.43911838265416
33.163264961806476	72.15908705364963
35.51854791277595	73.20686313421226
25.729466253900537	67.06466578111358
19.706019430692802	59.797344769018814
17.00378271639856	64.09892320902625
13.143146900238225	55.739934174087956
21.976915479114606	60.7952109256442
19.533681372427733	47.04965801067698
25.876087769353155	69.9381544003458
25.872448328645856	65.37485993422433
27.390844559209107	63.299722402672096
33.42493352709664	64.13836437949026
33.55115566602058	58.18435551822191
25.367348602007176	57.054270878957595
29.989420738120884	76.53453824249365
22.63188318969008	53.023557645834146
34.748255222138816	69.7731960675746
37.09620908964871	52.06600104657644
19.538550735380888	64.24619512274539
7.985245886869993	67.87171158065175
38.21925512589897	81.81228035090282
25.557801693944683	74.38428046209408
34.89559024401741	76.82074275825764
15.844460267774464	62.37762011173603
22.151519542177194	86.3151439691575
13.084865704720201	70.94972540387802
28.83068820082846	62.595865322948896
21.272826091508556	83.3977697388482
32.229169048866915	69.0929932905308
27.27263872960193	59.76704525737038
13.458476646764936	81.3107222718676
10.683838786509984	81.88495042187155
9.89916640783553	51.10940080715734
17.35102083542523	62.80792532141129
21.63659986231296	81.25989765201896
32.68485745923746	71.7857022339599
21.088226675707645	67.57051074397425
23.583666656457613	74.93241708213615
28.81184330466612	65.34793925213539
18.347885323153793	57.9923326514767
21.01340071837875	75.54415430765226
27.396169841117217	68.8122153777906
20.153874266934487	70.7493950997277
16.093035632445343	60.539779043159555
31.521859558266268	61.318582080613474
27.542898916602063	60.047575926273545
25.07129448174006	70.51606046860324
9.052692164181373	74.610478401678
38.19131873608493	77.7750188951617
40.62077873305496	62.45856428402543
-1.6681021455872234	57.30227991543837
39.80345797090345	79.3026103919163
36.45185481072538	54.992916939212265
20.856593838505184	66.87435328564737
22.623259347724996	61.228873945425256
11.559954044477752	76.89882574769236
45.492992315529605	80.08409608730955
18.399299760203785	72.68000027171297
30.975027834157864	60.32254906687968
33.913271174966546	70.9972683957062
34.90233588300679	83.00355371711834
3.0200803186800407	57.872390318302415
22.045076874700996	71.96119636136271
32.8684888967609	56.576818638395764
15.761599506682295	78.5027815794976
26.18262357708937	78.40961087784808
27.617044975933382	59.205379135904195
39.15654661908544	77.17009833406985
35.39848732290337	64.54785787720836
26.00356261819749	69.5967622074115
39.58464885420476	56.97830167194217
17.7219995442372	50.12158717154149
26.139167455009762	75.07938169350476
32.97662239279562	79.19301222289766
17.58139233821644	65.02729048616061
18.546631872260402	55.53430706055664
37.43975638777171	74.99547514809777
19.38901812326383	76.4453282073693
7.000981829621326	68.76441469778263
21.484573161611234	65.9242370784697
26.643301220428953	65.68209090486458
21.58064425408429	79.00599324476806
36.2146184302167	45.99577227634623
40.27794876480949	53.38954460876391
29.359540174039925	78.95335562255005
28.551427220638104	70.22399972514005
21.16980711604896	77.2970956768149
-1.3657433960309504	71.17538367109869
24.746574851510164	65.76882966505481
16.670785646260416	67.8253703664174
14.30868848937868	57.07075019587009
38.05771388162323	79.86915731950167
-0.25572802418935936	66.05513394362706
28.157103649686935	56.26203721924283
20.017053291378936	61.44269996584306
17.185796366586167	78.29090597484755
31.118067536518957	70.33871367471829
15.477385218647392	60.1510264358175
14.64689568160483	51.63482180624554
29.58217218251766	76.79430161900602
41.81054630034084	61.19070611873517
18.77839065205637	55.31157851892052
31.919497455016277	71.77500534724544
5.6044545004616815	67.13504728531393
16.35775080229956	75.68705455231523
9.183035619343915	76.55958579452819
12.403151665262518	65.70970521167555
13.53821411947879	65.18028486748506
24.030982483067127	57.807423558234234
12.49958341297598	49.93628337701183
34.01319199903307	65.64820874496505
28.02988733491531	76.16305427598569
34.97390972111715	63.0794138247824
30.3695839701538	48.40232854498447
14.855303252875679	77.18635242959505
22.945502359636297	59.925942589313685
10.836632267947564	69.20372762829383
-2.8262608014484343	61.43630293477973
22.784896858298573	51.65390879296754
35.46033366643597	68.54414076365661
21.338407749311806	78.70109560251689
22.953101135608804	66.50693752929045
33.352844531470744	61.7813378369152
7.84539773811221	70.55406156216515
33.90756475921156	74.4266373637444
9.978628880550406	64.06176687579585
21.877500863470647	59.95381154695198
29.912363481482796	71.62724834280041
16.220712373553468	71.53807976187875
29.76342516264734	69.28094171307954
17.542008492317226	82.68701717501685
17.77991879860995	95.48541942648438
26.282055915629254	78.8206780518855
20.415244026188624	69.10567471387706
21.000873499396636	86.76663281059575
28.43781339893458	59.38162277614583
21.129236242076328	84.91215497324305
10.747933840253891	78.0012746569537
10.546361456527082	85.17122815094845
17.417152898639237	87.58342471437302
26.40603767541367	78.54963735156127
11.671250768829658	85.1755344958913
16.329289409161383	62.12059278790142
12.699662740067968	73.27560217868886
0.5062622235526923	75.2039555702004
19.939498248101543	69.3555127439884
20.89986268740535	66.17046327672905
34.56644384796894	76.90760751064393
24.11776512908188	68.07796727486408
33.33982877872689	72.67015478441358
19.243356318900574	61.96943812127782
20.733183697745524	56.14853604269573
20.3466996734721	64.32415707641171
26.785547717719307	42.878466768796955
27.178082358872533	67.59963917253732
91.27028515195808	95.93677818655547
90.83632695251167	91.76458576273377
78.11359966503633	107.75061558158798
93.92904190677974	102.59940133319854
96.23036567093676	88.99939387904062
89.87232284985633	76.4762450671381
102.2475073176044	92.98005155535104
83.53237390238583	94.25017449472111
89.80505962021684	76.29079512567935
106.39626486196377	96.07588481535505
78.72718774153739	75.19078000966523
103.76082635785022	86.03708077126149
80.54614356191817	83.45423194323057
66.31668778892251	105.69081777358839
72.36564117619193	78.19541439266595
80.9944928856389	84.21280294748664
111.1724848396369	79.15940855520975
91.30624387334855	107.24225353711175
86.64464192542098	94.51793261451127
86.46339376989577	71.21431840151772
79.8927227840891	85.56577623476177
88.08566536104821	88.46126959035811
100.26371469107976	93.34970969199746
67.56293412684552	96.1345119374454
97.88640392975046	90.4423455724497
95.19386383493111	82.10763171583902
77.67892773807212	96.61990640560003
77.01086557138477	88.51656441362651
75.64235028683562	96.28021095897002
87.08290456728504	98.79858235048222
77.3918637409528	98.62304032317195
85.93655783396342	94.81099443600891
87.05772149307454	81.91819432465952
66.17628965239055	79.13612369814635
102.72226541727017	78.73826613782768
88.48652552657049	89.51474875491961
78.4738800326112	105.21695883131248
76.76715555093446	92.47906514340364
89.76585826230314	93.62230071088018
86.44621488044625	95.03633209892625
88.40343484056255	63.82972335451929
70.8106638105233	97.84296377805667
71.06944523027636	115.55754080190529
105.3445924984639	93.07775317678256
99.45401452805109	80.35738994866878
81.97463194941018	81.17669612536882
89.13242776490374	90.60094306006586
92.64661833827343	71.73183804187609
77.65283805786686	83.06811893232465
86.88183228638428	99.53758752422476
87.17007563544313	86.18234402222178
85.79383924401019	89.97511045688476
92.7540577834296	91.4532079630209
110.31749718681904	88.77052021759087
85.2707005319087	93.83317789137432
92.60246262188477	105.66451034538281
95.56608111779113	92.34212733206027
86.34519460345528	80.411204658177
94.86446538160251	96.99783869904894
92.43560972682872	84.27007465061257
89.45746902127736	82.42389543953325
93.39211823760272	89.95584591432974
91.83038185098813	99.90107547066387
84.20524006338887	89.96752782956912
87.09361870244199	83.54709971608445
91.84815954689348	90.89597442135288
85.79887431795832	94.62774697680327
85.240733722542	88.08996270356559
73.2477109918452	90.16942506610728
91.92977137515857	99.01462721373258
103.67916456142014	89.91810278565593
70.53470255008028	90.19128074996644
89.06888707109044	94.36385787529699
91.15259379925367	89.80331869074642
81.3248011369554	64.18893432185774
83.64780122720191	111.30962763947144
78.64410074191517	83.13266054191476
93.10893472871884	85.4077627557866
92.61626864101137	69.30530725256239
96.97356018343405	79.50318471349775
80.77695385729673	98.62162783200196
78.98452600097615	84.45764413376023
76.0941749438427	103.72118052059328
78.19404915467942	85.74195844994705
72.60516715527714	74.66912008865441
84.55414223602456	91.95445758860109
107.43303170572987	90.04047010512501
83.83672310591658	99.25841938561778
83.4146983289429	82.2766873860252
84.01792239555292	78.03045052235093
90.04790749824355	94.16881387413298
81.41897447802894	75.98946904642133
103.68231308338537	110.50763831765101
80.17001061049595	85.78037540340844
85.2757836068167	98.1202889729941
91.14198873515008	84.90616100207595
108.08694679113678	93.04307394512487
99.4468064826887	109.35036215888871
89.54761956502912	109.34558707147653
75.41348684532767	103.20986039284111
84.22022047949541	89.1383849275257
85.97346216280701	91.35298540944899
93.25077741106436	70.94625367884933
77.43381887792447	88.19125223094112
82.05321498978492	87.2724951401736
99.00237893087295	105.82039558601755
83.05090921072919	75.8568036901444
111.45506287189329	87.57710019636086
102.9705538969965	92.49836588143758
90.20152500353201	69.32812881887025
97.26616509802344	76.66105844300681
81.6067414160286	87.98958370551333
85.0912990959733	110.37397513909711
93.41757717574772	90.26298427948173
83.75904975096992	94.26466352045306
82.04951264852748	88.89211316068442
94.89876762039503	98.36424774787685
85.21348502513864	102.2722256268904
78.5480797771929	96.969160098074
70.32093763188753	100.50626858954567
104.32526206961413	103.85754332175604
99.42171328319867	115.40972080860107
86.19447071848155	101.81675407709692
78.61327423519997	100.79241119237798
72.20304446504727	82.62666382480174
87.00313910050095	84.60329821887787
91.30688645436506	105.52533387527313
91.7518908324148	75.84152621208905
79.1717613017734	80.25822133062334
97.03183486624776	96.06237965993297
91.69938688410636	83.50272339395575
101.85446175523066	85.35014047038236
85.94606112164891	108.77675378990783
94.54954576551346	69.04534211206544
81.318423600232	90.41817462293912
84.41423431262139	93.88163986522896
107.49385038109168	94.45782247298278
84.22274223576393	91.86212583470596
87.63583975079864	94.65037520006177
106.97398823389561	83.87236624140539
80.28395830923903	85.36038562014176
83.59069626978477	108.27870045051353
86.0999792681118	96.97117203204878
81.0028925336316	82.05571748330296
91.8630394280491	101.23691879504068
87.81344274673108	63.915559335026124
73.64178156974381	88.10275958183311
100.04754952967576	97.28216798540599
80.99747275011865	100.77169698874357
103.27958613664525	94.54651393532706
86.294394462757	61.08296549627812
90.41039056337368	87.38160743194527
80.35675244511957	99.32128944000038
89.1433667581649	94.14068935686807
87.64920268340362	64.04045053689883
99.45730291511322	98.05031003852814
97.00989134804307	83.91731703949306
83.05799658935948	92.0977029339147
87.31026461475149	92.67299979502056
81.76720516180728	77.79064924008527
89.02695416303897	92.21434344927991
91.65407851965361	90.29523140955574
81.51605727496427	98.01027970085222
81.37110043681447	82.97394205707147
80.77708655240848	81.0013795570674
90.27799688674688	99.39875999418973
96.49953176806025	96.3705144483861
89.75267015526028	83.96019013389987
83.11098270172752	91.03802311497915
95.31231971655384	90.14405746865299
108.96184487984749	96.45598057148656
117.8004629438695	93.23870963948691
79.17951352584808	86.13667296473933
74.89751866473125	98.71343005477001
76.58132785376543	77.81486646754783
79.28013768292837	79.0364906747231
99.52607817258868	69.32016759487236
81.59875692905092	78.00124146431386
87.43027727725763	94.39450541837502
101.49903573996896	88.30554964081009
86.89535980864969	103.34015535209238
89.37362829545998	87.69726945180369
100.70799887750401	71.70374988084833
89.77378702833022	100.84425999758248
76.77491982892889	107.19308814422422
81.84028956857841	96.37051812530042
85.47007422714266	78.0612951862634
84.82986620021353	94.16391028259467
90.06919063339116	81.04970805165473
94.25835045066505	89.96064413721282
77.94056067867287	83.28992730456693
87.79933148253977	91.5497223624289
92.88585307414195	85.90755997243605
64.42528187795872	98.27824630774171
82.74544627397748	100.68660400626149
98.72804584082802	81.30457912220311
71.77978651000247	88.21433120238302
106.97769964636423	93.34630152524335
118.65010840241865	97.964399745437
95.36869380212582	71.52873834545419
83.88705188907464	80.33894457391516
102.10703561268272	84.13843121026663
107.55506308217323	89.50834080892517
85.07813718758143	117.75676972383492
68.3358595802905	83.97066303883969
95.17067232246592	90.73454707180913
79.6379173851177	107.71167166599874
99.14445432189004	93.86931203417066
70.04827799101348	78.01159390844538
85.97975702480913	95.94928127130503
80.58908858504773	89.77905193450343
75.73530564188044	106.91105102256192
85.17916483158828	92.6052546100929
106.40952418159574	92.0951675024586
83.68552064894773	86.28716985255475
104.05157376354269	84.56795694800235
92.41241040418406	94.74932250634416
104.4088180854217	67.21293935537695
82.77831843886182	97.54732390926388
74.6694535103096	93.5497610147249
91.29807453769257	109.15626429669285
95.58176466717129	95.9139931402175
91.83010881792437	96.9355096914049
80.49882726734728	96.16806779791547
92.40826872758171	88.96709448231081
89.71254863521493	87.9310812234813
81.86440392799832	84.43790423880182
81.56233541354176	100.97957769214375
66.80373775951047	108.67588459502866
84.25338218242857	81.923978434347
88.12788016138356	85.64118474227305
89.25013312212772	89.20125601396829
84.38596768051781	98.41713793283844
81.50413290013253	107.97560695711545
81.43566927484468	82.01150022273356
86.72110352893243	80.59349984065209
113.45526421613688	113.07412025156603
84.16873689316022	88.29909399883735
99.89611979506489	85.81416162789886
80.88838668184607	88.09461698211817
74.27609271507008	80.56793593101497
84.31270230226974	97.66182726745062
102.9884186971637	110.53227657831481
102.44123704584506	95.92273099627143
89.61480029347109	106.09716861825277
104.04019996415485	95.24420092006127
68.65364391880709	98.99939684241438
97.18062004902932	93.49424449638329
80.58911829188376	85.29666164184182
88.82055095301386	96.49691418228763
54.67069244656578	88.64954462440902
39.90094696299694	64.43776197073012
32.90758318693007	71.23249938553728
59.40795506661551	67.31287112274086
48.018800192596714	81.60653726783255
56.45570388954146	88.17526019115417
36.07981350509943	80.55015240031409
56.278711454292655	96.31061139858399
38.68542037128594	71.88016563643602
49.96791608199331	68.43653593457637
35.95345904468352	81.49610992852043
57.173738464969716	77.0453253053976
44.65466749687985	80.88943982920551
45.20112802612631	85.64867468261129
78.32458812129653	67.59979421604528
34.13397869360672	67.04336602652795
29.33926118748498	87.47241139850334
41.56159443419626	99.3804585124274
56.20367699907343	63.51426429573428
67.18501323134277	73.45978718854919
52.86728902883944	90.44536868342485
69.9961414637191	82.25308166098158
45.82269728013987	89.09671952242348
56.92154423284768	90.51626253060763
50.964534151779645	85.90632751572623
67.91087246883629	94.81526989600489
50.94505883718265	61.45302233277653
47.069220674454726	81.5198158159666
51.047120178472895	72.5514939285208
27.54083151349679	88.60693666838202
38.118337807543654	71.60686256060956
50.83812660219683	77.70276610545477
48.48400620193488	75.48451022815827
58.686649012346145	76.98955704716256
57.59065839393159	80.82482568662375
60.58440024444568	79.10600116305179
46.98395970649799	93.96170041614168
39.56580060410465	82.23533673186935
37.34362550454084	70.75848251509461
52.641199463445474	79.43453095850649
38.59369983070298	74.46470063989781
45.87126511504749	91.24054761158207
44.476350779949364	81.66039372460405
45.77521699555568	59.22433183633805
49.62529281682227	67.16949607059044
42.59230266774309	79.19767433408327
63.23032104390604	75.55156885900759
65.78394050318433	81.63476222947463
47.28835785067944	66.59791163103799
47.549917159530374	86.01023600013441
54.04683078134626	63.793189297650024
64.32682856853855	66.48378510912244
46.758442065476345	92.04626553827023
58.288135282901514	79.31539222262249
69.77757204903915	85.98234426178188
51.67158922565642	76.34073156571262
42.5664747980628	90.33632626393714
53.21990541884757	66.92877606214779
47.91166522057477	41.7681922612486
56.988851703056845	72.86226927222587
51.14010295163753	83.03038629224488
69.93933804448281	91.29663882821227
63.43359135424424	54.64908938209727
52.94950547124301	74.95021409908102
27.807098446846087	80.76931306070661
51.12761506240922	73.16178052560363
55.686749469024065	84.64812656452833
62.22042619447603	64.18819479981214
52.07558359334607	88.79419968331185
55.987519037502636	72.31930215485717
65.74172110694701	70.46687626850085
70.2891706925632	71.53132050621781
36.44277811293952	70.69470198092196
42.316602984866755	77.03293445470636
66.52244363211807	69.70893853383534
64.66749201922575	55.05786845318542
56.93530546166777	106.53251583134158
40.00535356900864	81.023142624569
52.96254909935259	72.07243271917346
44.67808211469729	74.10459505565642
46.8795666101397	84.5611454990059
40.03054322261013	72.74660905538212
45.00453585114186	68.69176964056147
45.939245385139714	73.70967540644025
67.10962692353932	92.89126842086102
54.9707436559679	80.09395863883779
63.75626599079057	98.36641051886689
35.950208971314495	88.10805723891067
52.9462296944281	85.03461978180503
28.75376431909168	72.05671711489865
41.205885559987244	64.67171389775564
38.044759015574485	80.23313335315922
53.04421644632884	82.56934089386472
49.56266483015277	91.31319732058107
54.66896470797685	85.82409199536417
61.38601638809216	71.2550329649782
42.69643679399765	85.48959955383148
56.92203887952209	91.36909230286818
52.61678794145394	67.40449625785058
45.672174155390934	76.19632927020358
63.08126391657901	85.73461568828564
51.04124275893107	91.31713847504682
52.39556284215333	74.90964377963184
54.663725564836575	75.18048873529155
56.91653841004059	77.09572287784539
37.485013764782735	75.62490623232817
52.337938973502894	77.05711728305516
39.76177901038392	66.80754482041095
43.364023720566	80.04363078431938
66.64704856413924	94.13455788618404
57.06871255944687	70.48020747558421
37.0629186353814	80.31339797566173
55.11319494927625	100.30319190888365
37.85126993365421	78.71368182277742
43.56738561763361	103.5910514800516
74.21155985533619	81.42489992028909
49.25477286746514	71.520813278583
59.10925349482463	81.84955071559581
37.849812067629564	77.42051426601321
37.44116244455882	87.08831717437269
38.654923298869164	89.08012375924412
53.08257355426482	81.18816828607969
53.86510196663375	68.59966286505033
53.573368419930254	79.61594679028978
56.81578430410343	87.86671636237482
55.26919933904483	77.8111759019586
45.516401564830474	64.57042197455601
44.531578626595795	88.33635889763003
60.26213991107502	79.23951676228413
68.73637937718041	84.14261332995657
71.7285446632851	83.7236214357736
31.403314559735087	92.76275465755101
47.842841934773865	67.37938932537335
57.67036170200548	81.44171815817771
38.91060862823452	79.79777215609168
51.596045827214624	65.69417845965008
53.21362638073829	77.31862323190626
47.16294826464875	73.9920984082552
52.64358116919097	77.82712420328251
49.58242190760519	89.13064574021416
54.54380181368875	99.14476765701583
65.49928790000368	79.51424043146378
62.78148113978936	66.2087991042838
58.837401207901365	81.4730000185365
49.912171284105696	77.56866842226587
54.72545208441217	75.68586774955742
54.51563541466153	75.20162342063736
48.82731882037908	85.07486059130639
39.09660491887817	85.06614737300325
22.432115603944695	58.379126798827215
41.60712358331015	80.18515544624903
46.691901793065476	83.87892805317733
47.45728316907803	96.79810282388648
58.64211636166035	74.97820394681308
63.30781231233489	92.42528084729055
39.40801365404738	83.91309696667983
53.02656833931777	82.06922519366734
62.39812302249085	81.94163262246853
48.00573291453348	72.45108585561044
51.33909661691719	77.21904263932448
39.54257412888071	67.45906897138262
44.861281680929736	83.64610096165597
44.42396847797516	77.21461134665157
55.08174469967133	92.7473853814898
53.51564229996791	90.08541356178362
61.933789477580746	61.483926186378454
46.43352113878538	90.08187586920936
51.07443270770162	79.0503239705515
45.775170706501896	83.3699748464832
52.3243530644453	77.34498599548581
36.91436256577471	83.42305356841177
50.68390451374568	92.98420878274733
36.06654504569675	82.44026562552185
43.601285677228816	69.9979617929512
40.30337982990345	77.00483592327014
58.35350491244174	71.05741821995227
63.673845038228016	75.62489826755964
60.17934368596775	90.16769240825124
59.64453298896338	90.19510301285924
57.61782301687505	72.7615695132359
41.047308965048	75.5838602719307
60.421083698454844	82.22009220813312
59.15568947689215	79.32019291013525
59.204341073089836	72.42534339403781
42.1497761402836	72.24952112545063
59.47824989972063	75.41884714929988
53.69727139053408	60.614269427238604
53.483447470640506	86.6004309893047
68.6760325228065	99.02164599650403
65.60331951660454	101.32829050251985
51.45917448374033	68.60209823786859
39.77664992703717	86.43341163181525
57.94210127031736	93.37142299220422
57.52532963878964	79.99278581061303
64.78138126858926	90.7108640761928
62.15436988601165	92.83757727344553
61.55696829504814	73.43229876506015
50.97885488266994	90.81441496302097
47.36743231318486	60.2072802280216
42.977405762996	80.0203971872537
49.89869325893216	87.72878160751
53.625705007153925	93.77468881857806
65.15858514831685	79.73427713541172
51.61467163095113	84.51119624941397
45.85210408841155	80.49516120206343
58.64828247086908	80.05349351237486
32.08123412057057	83.70594593772283
51.00772600972306	91.92256611604265
58.8764642747084	82.20162262282756
55.66888046348418	69.82903687134498
30.52240077312829	78.84584063704253
51.15660766047412	78.2950535985048
63.909095091228345	89.97347720194612
43.26030972400654	98.25160534936298
32.057594582050285	90.15266114406738
61.609242555310225	84.77148580249795
53.81996326790467	86.20835600787159
40.11769798443133	73.00608585279599
36.52659656485561	67.78278468771248
62.92033802979453	70.5922175973066
71.67780583129414	71.06085975590396
43.955447482084764	64.19928024461544
46.01251226862451	69.86975987249565
57.33195157373259	72.34826520916751
51.561137209081075	81.59379814278793
51.85205167535997	88.2359619262513
67.94350629711613	84.53925243177052
66.85835392025913	77.86448401984578
52.19797592585363	83.58484924233217
55.371820330295975	80.74373537089672
52.40246110411137	73.24167235604068
53.05385122368871	76.99723727779241
55.74790506908717	71.86532245706489
46.775552826451985	89.5420354571238
48.107432794671034	98.39520442082446
38.74621679663905	83.61664960132349
48.055634310460086	72.75221975135733
63.20898829862852	65.16430989153409
45.56494253918089	68.29843135088512
51.27256670418643	84.6904791199552
48.12841773135575	67.54377934866163
73.34396861065747	86.40330444476547
65.9775278445958	92.62950150123042
51.35296116047086	92.86920674854275
54.08684113947874	68.50860864095654
30.060948141772315	90.82204131229929
52.86068740454728	73.36517015844825
50.35533613148283	83.0871721539364
35.5155181773736	66.811481218976
52.904341430645275	76.49201339565076
81.58134442449476	86.93420754939123
65.7527364394779	80.03007186372913
70.35891079021229	86.26470207131061
77.95515116921153	81.4513264503638
82.39221721778188	111.53416910270839
67.49909687372522	85.61147270511147
50.49095432068158	68.53229378972796
79.62728047440662	74.93671931540132
70.75866877216897	83.33115929324784
53.12782549549239	87.50765041747029
69.52344718919714	75.03812067567404
51.48294263440846	62.94960877053615
72.71082152371082	98.04680648092499
73.7704537730765	83.80392556867837
51.364897162458576	65.92981030311661
47.45138736360926	66.63831913747995
91.77443613883511	89.3514926271171
65.83925480136611	73.45960391988041
61.62298370106799	90.24431318578077
65.87151857453712	85.3498537810469
70.9482500320796	68.59227857339356
68.48073042613696	74.58818281822731
54.8719037613389	88.14861665999763
69.09868033244872	65.08923650908537
64.72034150073303	89.12407817132451
77.04870528054037	90.49397582341025
54.835884752679625	76.82675902379235
78.79542631351356	86.16472117033601
70.55927187583536	69.77895411395129
53.748607271259075	82.8417955408299
63.67172304943784	86.9632148799723
77.76718868353981	84.97285761988967
58.86010269541019	75.51279125077309
79.29413854054881	87.71263910956435
53.11827054234545	90.28387021896184
60.15401397564109	73.18269736768569
61.27294290040953	80.31783525439455
70.34166116131158	107.62361303674344
80.5362038064874	84.93054138493348
62.28922244533075	87.4939465622078
74.48274123667034	103.50863980396713
97.79119810309244	85.50310893854389
68.06421737342032	94.23657291531107
59.999799088873594	92.23639524035312
79.41499884948777	90.70713539470493
59.461583240908816	76.94102617543291
66.97082483985668	73.15131705637445
69.6543687253865	95.3077472109396
59.45499828861042	73.2698866705471
86.26023484554983	80.45296287966859
63.3918604288211	78.69620886125566
62.66003620705843	76.86868090305899
64.05317710183148	94.89997879439674
57.73988858636089	80.20064132936548
77.4166074068974	78.20514421893755
76.00443980787605	62.28634674646297
59.939783108163425	94.64202548021737
71.21943570448084	85.89399983588439
52.18535955900546	77.82823271888918
77.06580261760907	87.03818366740592
83.91786930661178	91.84716506425521
85.1110018690827	65.17938636175138
56.368307842840586	73.10523442266768
75.25812901662508	84.73150442174283
87.5386489651299	67.98392238857934
58.11272579653996	86.69213598479745
76.96584206570444	72.84826009466894
65.42303901351602	88.32205235174456
64.30256283657198	88.9987066333939
74.41432356571381	98.4273396800127
93.63571295862263	65.41271911592547
88.48309537244161	78.34616646431341
69.54036742734306	111.49491754802305
51.26042378321209	89.33693795640308
63.21805473032077	89.97696021828108
61.145895894586545	79.28678304968669
60.81029598531452	81.89271320704954
80.23280082136485	67.81182940317592
68.05959497017825	84.17508620109157
45.62500613978695	64.26885336145435
63.1820112545626	93.94888201554518
58.4720479755068	81.4940251020194
79.32733317207337	97.51525338861566
64.45533476134139	81.56440337715418
63.03918140281295	67.46532078782897
72.53974135124238	93.00496476263447
69.04599589963239	90.77418481520883
62.396370369743984	93.34827137323501
66.14226092302462	59.7718468583203
65.95955467866094	86.50697462749403
83.54117051026975	80.62196962981879
64.7668302811647	59.5111738147319
47.414755964822064	79.33419805098377
48.55547918012658	103.06686539403223
65.94262735919489	90.29023535530925
57.22771133311538	101.36702639205816
63.72553129769602	88.05495403129461
78.70229729413089	64.753676254897
67.39913152062003	90.09422818860156
64.46479936060985	85.24137410557196
66.27541974354749	75.51024729853225
59.51699262508824	74.80921778374778
67.72808583443052	93.114480682677
62.85696205077841	83.77960329662957
78.65192469179772	81.8581800802698
82.15498429088336	75.7867476716846
78.47136180014624	76.98208095534974
63.3149299425837	89.49810524393712
61.583526926252446	80.15793075652346
67.17369141620229	98.6033905463679
62.308300520145444	70.7306716963798
81.25966028884282	85.85028257643734
67.58021535298859	79.13008282696836
89.02084527543504	85.4314074913231
60.43937235734357	92.8393406127143
71.03905884767549	73.1859640516957
68.65935527438461	94.48967638908326
65.15006192309133	100.22084061764414
68.85532028882103	86.91503611461444
64.2649777071611	95.45756954598333
54.02161672016595	71.04324645051469
78.91758495757588	93.95051273245244
65.86971957413454	76.32654959965998
64.38618631052603	80.43324580633326
88.49653801204785	103.60435437648438
80.04658111452133	95.34872895629515
68.02534592865884	76.6830746965466
72.99318046812179	94.62200091717125
54.60166332050948	93.35964223768651
51.25522727500234	87.87671099881395
79.65233524954886	76.22139968985601
66.69098892269528	90.9373064277826
66.03218759469938	78.24962056083073
68.20909663911608	83.09136384897118
58.367479923480204	76.33746398294258
70.94811037773748	70.04506294201828
41.99859241000033	80.14969338026037
68.71772393413441	84.85083376340539
66.0507627684955	87.31765489312757
69.19923188271191	101.59672312217066
75.0314864937143	61.76811767681508
86.53752309507202	88.85113823372623
58.394423477242164	72.87005557031118
62.78660879644018	90.61050701258617
76.5742050964327	90.34917845375736
52.044713058760664	90.11800025482489
68.31857022035861	90.63069359782962
74.49787845840892	67.60846772648308
77.72214396871179	79.30071051417463
64.33082958209204	86.53517525777123
71.23535435843527	94.52638244463768
66.58731261593266	67.45617072393816
57.26953736276156	86.96292979761704
68.26432022789703	93.42340736683096
59.33565522688241	97.49388264367529
74.07571087363786	70.93692256253665
70.28443772983896	74.21974005148593
56.44022245570571	91.6842441908959
67.4479329186196	64.16415617908547
81.28623606980469	79.55449490503122
77.0013658595161	82.32431044314147
77.80598368118324	110.04022327463902
68.6923661623085	91.18143175406493
78.57637976717282	86.15729985185533
82.08538032433735	69.78116217435591
69.63772899285242	91.6680670649102
67.3313077603758	84.1575915114846
61.11339720666285	87.8087853268312
74.28234319924353	89.51803451279909
58.726072072835905	82.8092594334362
67.2581469285164	71.16168133468858
45.954294789797295	95.4590201485299
71.0848456934312	95.02464372551208
61.802376214311195	73.61634171520177
73.62597952150766	74.81656632055702
68.90335543845792	67.24516509640652
66.49893764726008	80.66163109042522
53.073803311245285	89.07992759746993
61.50292768142769	69.93856782851928
67.5480107299494	98.33756862607424
59.04576342973894	93.56799408340635
78.70363694950102	61.985634341462216
54.89527543298313	101.66186484983989
65.59264836360433	80.31077498357514
71.26899328083208	82.12779224950384
74.02274045733203	93.08904012466864
83.09720012917887	95.91763200234996
69.6176635570308	88.30675015717549
68.27585745488986	83.23327056111043
75.39492275338884	66.39857449118176
61.32007960097352	81.25486085210942
65.86855587654861	90.32363923450559
56.45012658417493	110.02414457817213
79.55622978541756	85.625943971169
93.32704003292034	92.40604787836996
58.156273361031964	81.02062137087671
68.88919017711952	95.66485856971282
65.80231863779574	74.64286250800794
66.42724024287516	102.15263339945231
75.5223307572516	81.49316388250192
53.39495583532901	87.10416072634649
67.3226277619451	79.40946377770945
70.7302444313539	77.96126523944321
60.03935858209952	72.90825260735885
72.09198121044555	89.91713452221518
65.34571690194521	71.54581151412111
52.288260554495636	100.38060586128812
61.730071754218244	87.07246847952153
65.94069441483421	71.06911368058101
70.48296845438674	100.49326482286766
58.037361025937344	86.51363166122876
60.95823348383888	74.57221103466925
71.61187133869382	52.5976036077161
79.07759354274441	85.96910592808891
68.41378175921183	85.2623790336041
69.70459450463424	71.70371037768962
63.29930977529119	78.63499583259028
64.94331206516748	88.56218743325921
62.068878505986746	87.81663696873201
59.47163557774908	87.77965265438438
76.69063679038227	95.49605023495364
78.42102157992898	86.9594837775513
73.85375671431794	94.89389217458748
62.15995283115086	71.16879857635502
56.99454008936064	97.36067311091871
80.87370801577325	88.96652621337711
58.48625378503971	96.82380226127951
60.88271699074051	72.46576650993765
60.98679713279809	94.93372604454544
54.28755737711303	74.14756410091954
71.31587985381744	95.9645696947742
64.10179322695464	77.24932742787603
60.74145456303294	86.0369078134652
57.67551228093322	76.98965496964806
90.18630559725229	93.5171267853807
60.23551897231739	85.30414476890971
62.096565676342706	86.04114731931155
63.52755009745917	94.5710780108655
69.66012664746845	81.89293776126124
56.99700307803363	80.95228350295181
84.07938573866792	66.12751230018482
67.55775502173314	78.91050821337241
67.94133389495076	79.02371970387512
53.970484160065766	75.65909206245277
71.08052356058924	65.08280130450957
87.12233021581349	77.57218510129405
74.69973205212601	71.61390708643879
73.18474175029615	80.94497842323274
81.09030965120976	85.04850617937677
81.43104768675404	80.80933183479314