81.53547421938423	0.14507199035512564
89.71430663122919	0.4108507598328517
88.0603669067148	12.573731093381829
88.69345741720448	23.805084222321177
108.9042168968929	1.9647150093183194
80.77217310695092	-2.35396074929709
83.65457264828386	10.88241110694107
83.983709704533	10.386182431544668
99.41633444734792	-3.6855069565392737
84.99168863069572	27.565310383115825
73.41930377924436	-3.40812530629412
66.57645496436643	-9.913997490913296
96.76032102633093	10.942533123938684
79.11514241074754	11.150076790444329
87.28451393543955	2.050814480936885
92.52616269190557	-7.5383635869381385
92.36320998498805	-12.5320879191095
92.46304184704316	14.864975074101867
79.24558783894321	11.943801910691644
89.52233759412569	8.167800009326024
94.06188386879018	-11.601981742061728
89.27381861441089	10.73376770906047
90.31650147924786	16.331926390260048
104.08004994050292	16.932738049550775
89.3549543386139	0.795989833280978
89.83413543570568	4.178548968376727
96.8063711022985	23.133238339696256
95.38295067640185	19.90619695464948
92.74707185343773	4.39042463308672
90.86395108175893	13.465811177239944
89.00932312099599	27.96023873261676
78.43511409931807	6.752192373361998
83.81242515822368	-2.316458931264928
104.39058435036611	4.094923086774435
92.15181230458403	0.15556174543274892
94.52141920240385	8.255832706894447
97.48168661389437	10.426097532842661
82.31277175044815	15.022067592905888
88.56894117844223	-9.969261029179318
87.52696427847926	6.307330345304963
80.56304027555598	4.508977119499671
82.59785824869888	17.160724736614725
72.68229160726543	8.465442464663415
85.21121499709044	-2.19588240924167
83.88843537272108	1.8719842036928656
98.25690378214148	4.44615990724934
93.2070041121908	16.263065352000694
95.48556216147375	5.196407498445916
82.1356651697223	15.527660160531937
77.74696780916186	4.655898244506904
82.41310693869858	-0.8787011614460507
79.55671787978544	-4.0688036861509245
87.65168101981934	15.44500324526117
66.54030633394994	13.806402526468107
93.50636492963194	-0.8503146615559745
83.49569295819312	23.034296891027864
75.95330322911074	30.239117431914412
99.59922928723037	22.79345543781663
82.23986121677844	18.25170199248125
83.53492203590162	-1.7221493865554303
85.05113626296708	8.123098973865048
101.03289348390027	-0.22565223080864705
103.7598521996626	-6.113277277535112
81.55929427765612	2.1808167265007787
91.03074038615692	9.650224724770288
96.81091703645077	-0.7797660477254285
87.57685867270376	8.480217054136947
109.75968168290223	17.651662659174196
75.82027201395934	6.951948596124582
84.41735040659877	-16.655179917953497
87.88359801050885	6.892311380457501
93.58113053659729	10.240635729222351
81.38662046936116	19.03845598623231
90.03128132174494	12.333052333902398
88.64223190446124	-1.1881999740958555
78.5666316861687	26.896373408498906
83.39949306689395	16.346634560188424
82.53126276512117	14.678944483969893
90.29072395287695	7.602943347308637
80.55714506965637	15.082845232698912
95.16903492981912	24.5669756047805
93.12038496950741	9.325768823311344
89.8698206964165	-13.065137779086047
96.71769930159252	22.26444657341447
84.12052724664518	-1.884541337299777
102.3326762370371	-5.9109352470274645
81.2174112209259	20.91683725637105
92.36700227581711	5.19730656709992
85.2533003633935	3.2633147887246556
79.8283039924534	8.32467440527202
93.58612672132296	4.228751922770074
84.05321345826185	-16.236418152557047
105.33370257752209	12.62897474419728
75.66881819411584	5.333911986289001
80.3718807822116	3.5875737929834868
96.75669726407828	5.04618563996844
85.35447430764121	-18.443702668898357
106.49945633295034	17.06367289078846
85.23608332493228	7.004055430540185
73.91286386519944	-6.669724116146038
82.03118397190622	13.392358081340909
75.70391273679134	25.99177131287899
83.19070077127762	4.4165279382497
98.49305745975451	12.72942616101049
95.07904040192344	11.641864736014881
96.4468426400044	-7.1902059798704565
97.70856313638436	-5.744474084964662
72.39400307158319	-3.5176673724352705
71.8435419174044	-6.495920617141329
96.66344971660347	-2.956838987322077
110.98213300078494	25.76623337303565
94.03422126525216	16.789812051525193
83.27865335760919	2.8364797520822003
71.82927593163429	20.607491137149356
83.55739611416902	13.370692767549798
100.40915028341439	15.316576715106162
61.70023129818199	10.176465570085249
69.18568912499777	6.070705109449135
91.4199235281435	17.587645461900596
103.05189486970751	4.1761340304853185
83.91198348636135	9.273925643139284
92.06491390103851	-0.11811667676440596
81.92552207228168	20.813352899570756
101.22269688975896	10.315856548802072
92.5893869364371	-1.3869458025026793
89.55182030487659	7.580834510100181
96.25275489364662	16.193440525479122
100.07700397076582	7.42245342226726
85.64053855022662	12.522751333353067
105.93055742264286	4.424278484181548
83.57318931772845	1.0528302827087535
92.48671889300111	-2.2380152672141564
69.78581153173585	30.008485440663694
91.3568722473603	13.246173891569285
71.91264660949908	10.980055287265596
94.37225706923643	11.87546635943411
103.03811143577614	15.742540606347813
95.35732499480507	15.444760082867031
83.54192181150997	4.581332286574841
81.8098586505963	16.615971637806663
90.81818189846291	5.656966905555892
95.00745338987649	1.8778786100454932
86.12512580620829	-13.441329878441234
79.01606370053179	3.2218589960276267
92.19735608637596	21.844467169740135
104.0060127405152	2.0845459767915937
82.38620411095916	13.762424854031508
107.0373631804866	9.06882921575279
93.63152887577408	3.418255809765214
98.45172396792496	-5.867064556055321
92.63527935535807	6.940459218843054
97.54351701883712	5.179022996510131
85.50558605352947	13.357830197747417
69.99542393482047	22.495412461690915
84.3294684694376	5.31423040115369
111.4204602257648	13.434431654644252
95.89501475500231	2.3843151746478664
82.6647812450523	8.618545911466462
73.58588128389356	-1.1409403982264736
86.60158145420121	-7.7325775208206755
81.02777129968335	9.40134287024972
91.46718704825129	-1.5502844827747326
82.8832439644942	0.31330186599289256
79.99788833489282	0.6543909746972689
111.21700364179748	16.467058521172643
90.97077056465318	6.444097125862581
99.48383182929702	26.772200718335874
100.46112824793995	9.308171047523507
107.63484466223419	19.412016309750314
86.6488699684206	-11.552498612602502
100.8393055670028	-1.377480787769386
108.06502913618473	9.604870033337447
95.3395728493802	25.399686707682744
110.11490275579199	7.116551788018562
77.65127825171398	6.312387303941145
88.92366572168393	-1.1790239890580674
88.10255440233242	-10.786030373790286
96.59683429384926	2.2382774376882955
95.14403811273245	21.769180333392473
88.63778220151599	15.629689764533559
88.48331350557557	1.500837821956221
71.5790752818094	11.093448944062263
85.3120634998645	1.6877665107710005
86.6812591385266	9.548536347217029
102.18584859717507	7.948130302210242
66.19096287057738	9.055631687644832
96.69668392196863	0.07586648473269975
85.36963277694993	-1.0730059947508837
85.89994828600378	8.16636444748772
75.89453336905882	-0.20752711125599532
94.58361832250478	17.0594041093376
83.29435010384545	10.19310485697169
93.18911057448587	15.666731715218038
91.48481928496045	13.080848747095615
78.92782946224438	-2.684657163380833
91.44615517478753	9.65406742953027
86.23391692093685	-7.620793340181337
83.99046889083098	-4.77731063578688
100.14859145306866	-7.750201701155249
71.26855648095086	6.6638387723083214
89.5152655255369	2.0326153007959054
100.17871888518908	-2.5546779643901187
85.25104215887734	3.4363746217303883
94.22439508497688	2.363525995572224
94.26350188562422	0.14678721207853584
90.6807124533261	7.1687270981190405
83.68714430403502	15.513712246751684
77.73206106097228	27.898695839557718
85.35235983935397	14.677940435548361
71.75621811386385	8.82166911762423
91.6512962254812	9.839824739429835
104.67546073912305	-4.898160658651064
79.95546455578469	0.7001745588590094
101.10928473882198	11.903474006205917
91.5232350505742	-10.312564887529184
68.94448996114618	4.978901343357842
90.87458870202168	16.49491178508481
89.50135736128608	-14.581833882154676
81.3691574778611	-4.440294815631401
77.07794323164502	-2.663174911677401
82.60800179265017	9.468994345114787
76.49135209685181	12.655063580304976
89.37455750244453	17.065303141037404
84.84777464171394	6.460369733125135
80.2826122749011	10.45664854698071
82.28216034353005	4.02740566954364
78.90540641631247	6.5797609110916095
110.88880145452853	-4.655540275223397
91.01455765576532	3.507074294255006
93.85354564553651	18.93319793012804
76.95235005584574	-13.205146965452286
81.13910670832954	-0.06980448800546757
107.12824582128705	-9.089001528117645
99.52687880700618	15.336154875848205
91.40408581046813	10.679849439942265
97.3724873009139	-3.4462399826470618
93.52759997314645	6.878999359052225
92.18441045772461	-1.8061921870442719
70.38031989466383	22.230556837211225
110.06394428098842	28.43133881879175
84.9466329718596	3.1278576534243965
82.93188327422497	1.195022163839825
76.11123787734455	8.555323765981434
100.85388417763788	9.489542367675812
88.32187458026692	-7.700043363748818
89.34316641628813	-5.905528570812183
70.60386823422797	-2.779265225621791
93.87437301797789	5.05404728004039
111.20735433971328	18.86660457995473
82.16852641794345	14.629409251865347
-0.08683423030996362	8.883522992557829
13.116839864223362	0.500386438513412
6.6729696835264445	-14.58892072573498
11.512584800164984	6.839690862488963
3.8717273481333385	-14.399087832004955
-11.269676580011547	-2.424947796948934
-6.240920177166702	3.622983481603067
-11.18696455400841	5.375495191352547
12.16157036984998	2.3900875518088602
-3.398693645964098	-5.284833800048246
1.3344915830077144	14.176601746304776
12.417881172620337	18.58531847340625
4.39775314399559	11.015254535895902
6.9629091239503325	18.065566891621074
12.042272417875324	20.676420832141346
-1.4619732471940985	11.152468427799295
13.14392564877599	9.593954773398252
-2.1991559018337385	22.515636197628357
23.105385539451824	-1.6532745497255474
-3.526820295524068	-4.325274660635407
17.635873517297505	-1.7596217504780496
-5.708905600152985	-9.613675234444049
15.288588482405768	4.870677482747983
26.995920456042548	-9.39878304465493
23.499871755044595	1.0171158602805423
15.794508526727983	0.7034727736060651
13.27285646557566	24.13120044541335
15.961629006475986	19.516381673966762
1.052730774441414	-19.007515545919084
16.647362779209416	8.069730312334634
-0.4050352688433563	-0.7790647234396832
4.31774814954	10.580055332747435
-2.04882921845864	-11.31493856840087
-8.049661795876823	8.08921091437701
42.67402289881146	3.584019660527969
-11.520220698509652	2.340867841218067
11.802156447784704	15.068850073211372
10.236671795760493	8.813428319452589
-19.170540849772408	6.220008510903544
1.5805907665294732	-1.0353947060448414
8.140333885376553	7.903579100448042
24.878246468485713	10.003205522009484
2.3241328594190116	-8.730804057109687
20.412956899390476	-4.925495233214966
-1.8789565943633892	9.281055949233881
8.048206469574916	10.971554242930083
11.860972377835722	15.745318898509247
9.097891029959843	11.002750444887292
18.287531578718703	4.152212403379575
-6.203635656688677	17.911479247407733
6.518503651937161	20.137402340978348
19.573752177518912	20.155250379703876
-3.570228402280728	7.558003453511967
9.063865469745448	13.502211989391402
1.6791249309546865	7.388300666525578
12.177021424361584	13.775686959680488
-1.7682762739245277	6.401707796847591
25.3504746174958	18.92337758789662
7.797764945029219	17.466782690648447
-11.221634425839694	1.702706533045152
26.429740102158426	-5.758998313227084
11.326200807159104	20.68618453206331
6.75370947093382	-2.5141479643337457
9.181400730636712	-2.581889014862772
20.15437830976539	6.441842514711759
7.948269014287595	-6.188543896681147
9.265915218124105	19.741373856454224
-3.4086089808524243	-4.803241220074406
3.4821815164632044	6.638024739968412
-10.76974342921297	6.638864276358719
-0.9201158782261665	-12.882461145512767
-2.891399882304156	15.853033590885818
29.63481233292989	0.8899900544271677
-2.5006242227001287	6.436592346093275
-2.5501097581404064	25.59141052848693
-5.665433042815254	-0.25669883471747124
13.06196950813207	-3.73787155238779
6.899133476588897	18.908594902446644
11.027063583971449	-1.6200869747277062
11.570107041687818	4.1265176517059174
7.546250894480345	-5.353612641811886
15.744973200920276	7.2986697243082155
0.36760240995488225	5.827675726165311
11.357455769786213	14.76782816232496
6.377396358034276	11.58305253926255
-7.942967527477757	11.989215042097403
24.48199948545558	12.386751015982963
6.369503799628994	16.543584575580166
-8.868967181281365	9.87537178583459
10.769382297699915	-2.5485238021203296
-0.7690278566032642	4.030821160275256
-18.78507564258401	-10.159070235360922
21.29082142081151	5.62431326819265
9.819481790888442	15.218182961301679
9.185282160065302	5.751144310718327
20.818340656809962	18.787681606152354
-7.03239202495598	0.9906620350260953
-3.947707311154513	25.079382806380444
-2.9335326941806663	24.308331948387163
25.415946653221333	12.762858329782444
16.572141485644785	11.970238647850325
-1.2235403257364963	11.926304748561156
9.32437169925221	5.578938129869443
-4.322210501557432	0.6761214271028146
3.4037302987579707	8.175239826017181
9.504532262622885	0.7743985281405408
2.107385654179966	18.196222488453518
10.611667822440957	15.414363754725947
-15.634005362131761	13.51358899688275
14.643242474903099	14.12612231951466
-6.530487870789278	-1.06905494896652
-10.283109228983145	9.747529329067302
2.168962243750451	-0.23062021811424316
4.254207320742281	-0.15717792085780058
-18.245997508705713	16.11455226452109
9.261931905739614	2.151434107751757
30.21934498741544	22.3392939320072
-6.294844557141261	15.8760568361565
16.867658476063696	4.854130499758566
11.115154927278581	22.52879716459395
14.162647627999267	14.275469684662255
17.451464384194658	8.704862492333836
-8.49548726914741	-2.124579553694507
3.215497799133544	12.099997809493432
12.628519119417701	8.382001125027763
-2.8602952281311245	-0.5872781286213016
-10.11366543027112	-8.074380892196018
2.436442536051752	6.734107678461766
15.288130382557187	14.287321789811674
10.157904381543982	8.467734306999315
8.25205665147633	14.41838733132018
-0.19949612979287235	8.865181287338316
11.032747951349968	9.338411067487321
21.970737959892837	-18.91959537287125
-9.269260899878736	3.0883145355448467
9.094243738021165	-9.01521394041206
28.548890311448616	13.355674460571322
5.615797968802131	-0.3436793603136534
13.729631688330326	15.579833162285219
-8.033661148256872	5.870577512462022
16.193321985559678	-8.721404739741274
-1.4100708908859119	-0.8748473688782141
-28.64962956537523	-7.2497946356909315
-6.609219818903606	-4.6769537953791
-10.039027118549537	9.150562764675833
5.684421393699068E-4	1.6947152436130732
-3.513229393769894	17.946809691803907
-6.937471062363919	5.7803236465688395
15.567702456586177	-3.683631590108715
7.926333968991425	-13.399362399696997
-3.6649111436883945	21.41115316615012
12.352125592716796	31.882733061459344
-0.49367256656538583	5.616556412526118
18.075543567362487	-20.47034799760267
16.32424239537812	8.90168030000822
5.051777457072367	15.405748491787591
-7.627915227778271	-2.356824107587962
1.344529940925705	6.770163771180451
13.806429512121912	4.030432591914686
12.595814095412454	17.558290805396048
-9.817497239388983	27.66882599943208
19.315991549309786	29.805735417583705
5.28272560206491	12.320590551948523
-1.6458137962355268	2.0380805137491214
-2.585213671012392	7.010033298524221
14.25156797220444	-4.881312224978244
15.888069933701708	5.451387072006679
13.54528334341545	23.62867367169869
6.929654536344929	19.339824609558164
7.912159690722939	10.614368223494587
6.581610845651469	20.988698049801755
9.904924925447915	0.5730456819263408
0.6858987072006908	13.9263029381659
-0.8078744169444168	-4.177542354053549
5.303515130548833	4.828773275743771
2.8141203705723425	3.103525436685549
0.8258952601666172	-0.2776098439545489
21.069995145139636	-11.86695410893465
15.082513306511906	6.666010593856997
8.966018836107565	5.090829985582435
-2.6442758997035805	10.993690854490772
-9.796849705991388	-7.580111398383033
-3.5483215742032	14.956606191401633
19.172050731700303	-1.3269271610706541
-3.7674445283211746	28.785591371824776
-11.865973656624641	14.984409907376193
-3.917203236944065	7.98413018683954
-2.617780571316568	17.144402369075717
19.539950192908123	-1.9175552290019082
11.814341781517463	12.099878395113809
-8.662148258660107	7.892333802265643
-0.21276792803379596	21.04632962179812
0.22192985283078936	-14.101284598228055
-3.0909318551583356	16.556425489285566
6.181891660285408	9.11777640409613
6.4006247224511315	30.975786061540155
-2.3542040556889763	-2.4828360555666515
-1.9922519509612648	10.433894566250759
33.31996588754117	2.343170233207392
-2.834807698179099	6.989554482933496
6.896072272477884	3.543891832665045
7.627903969837608	-5.27412032557062
5.823020024124477	-4.779143334232155
-3.58660523962193	15.795795372641038
5.789842076604174	-0.5370086936898426
-1.3043125202921404	14.839969330147841
0.7408436594051713	17.414894034490125
20.540636928570965	-3.3931815108269694
11.858426495971049	31.765940220599195
12.672998150052546	-3.026267695917258
-9.43056068540386	23.607552130586928
5.056133013806492	10.901570648478378
13.076908492540513	19.99508937091312
19.51270491047041	-9.710295650398333
-1.5684701453784191	8.827267648044954
4.02686059855792	12.438172846319466
12.705603188726585	-7.8865334271004395
-5.121021370886506	-7.161661470442486
-9.667147433684567	9.22793815661139
-10.83828789395212	10.783444299969194
5.428663895753219	0.8363597255409836
9.769829258301101	16.764605006676025
6.762152064889514	14.758453607746077
1.4020678159702826	-4.479524795652618
1.091146846444322	17.631224543357938
-4.253295542563986	-10.265492556159934
11.16272659298364	1.2628338198786482
13.335865864285786	-7.791912988221472
8.669231692044903	11.313593411227675
-0.3660830501770338	-5.144508909116161
-12.202884581246279	-3.762618025869913
-7.287716114392644	5.957052483875989
-1.1170425176226662	7.172334716439526
1.448632921292503	1.2731874932197194
1.7954823719331339	14.20538812854782
-10.68504569102637	-9.110679117623317
4.701700100987265	18.29673676403848
-5.682929917516658	7.124449128917341
15.318841861456752	7.018869352334196
6.241292632259883	26.64776692751892
5.4161253098511795	13.88149527667555
-7.478305347778937	10.674101106489491
3.848066690265441	2.8198691917220593
1.3400113327405028	-11.486095138552706
15.477317130486579	-5.4846707480758665
8.083932799072256	-0.7798944678353408
7.099261109406763	31.62136272652404
-10.295257825029116	1.5020507877453912
-0.8006987097953289	5.942153382886259
9.34452403823964	8.204582456501035
106.34920212769839	43.41340543599182
102.58686666852817	43.131925730907085
95.29165390782991	49.70605721507259
99.35985224499196	51.424039484864416
80.84155685474482	45.71390010596193
73.22477631226405	54.29451736633153
97.31632161357919	46.69307718877269
79.93001500830903	53.56756379401991
100.71229760671527	54.68787390336338
94.47361584734335	60.48875321871048
103.86598151490657	43.132580483534795
98.43108591353852	54.2693177842057
82.58196047335194	37.91005298510923
97.2360215902524	35.26177798670935
105.67275677904962	23.92194012361019
82.32881112499683	63.97179654348887
111.8917877487001	50.761516449295236
89.61214818387447	53.157780108822756
112.0599297537423	39.500475770887384
81.19847203914094	66.93844501908708
108.75987947588833	33.15844102945038
86.64428559261059	52.28503806169677
88.33485712707068	48.77478912595044
88.40013148625266	40.60516807204269
95.97708977138987	35.09901359878293
111.68480844256287	52.58881536182946
88.66471104506422	41.22572268212548
100.53033385543705	25.249552283015998
85.82054374731425	42.601592204839136
95.75915716120002	45.933675947990615
90.97361006585336	61.39619475929038
107.01448664818801	40.57026334076768
90.2344253215571	42.031339734820364
97.44500930808019	57.18772750575761
94.33878216849884	36.48772053893482
109.67869938677832	51.52348638279378
101.11608862275699	38.25481999908575
103.82038385651983	43.95455067543719
104.09721173634733	53.85469129840539
85.01211427076545	49.725571596091456
88.24407220415905	53.16882271246091
118.26300937602556	51.00074245221934
93.84585230394377	49.747734120435084
81.03003212820303	52.00189428564805
86.64490460492028	42.66129460757742
102.56838951109484	51.26738919607056
89.26043772135971	50.10695404121293
102.14923042076589	37.911934876178556
108.97313415228065	56.636511376987556
110.7951546981727	46.50710935898081
98.82009977018922	40.59809425939839
109.15602539888752	45.67167714983131
70.6554027226245	34.10787042254608
100.02372571123509	49.8512883510141
99.62973751136997	42.53432177830322
101.51225329974224	54.48935125290063
105.88261326219937	34.84767732691026
96.53199697918286	41.14785834409596
89.53718198289255	31.158729573624157
96.94377889661264	37.013845607862976
99.70894117776258	53.083970404361025
86.30141579360378	64.56447625095429
106.6769224809244	47.19264611039767
100.40141389392477	48.70675080706907
93.45106090274193	44.0485460353787
103.43696003087825	29.935344135099236
91.48133639028475	60.65684678725581
125.48998368847163	43.34797914947538
97.50230873556986	50.17890865901011
99.44953454439859	50.47826782046966
100.5688138476272	41.419632622814184
114.67115932139666	49.98973649269842
97.81542181099742	55.46605788397906
102.45258829503928	46.56772846363383
117.7488224956217	52.3028939899812
97.20229719746075	40.68277378330458
101.70886335956914	63.384317770162994
106.04863601725258	55.70039628445308
93.02772848192994	45.721390399197745
96.69990605901916	58.6542680702457
93.15374728821669	40.828795528328875
92.2303513674712	48.01366666894206
105.26739984273756	20.33361616818895
107.13377368883592	48.38031431744906
91.21593164122328	40.14548020922184
95.5251421635299	60.02958943291776
103.14851501984077	60.29112649120252
95.5505224895483	39.415900640496986
88.2290625232903	48.324553456007195
79.52582729346437	60.16404024312462
92.7544675619601	45.30050578676095
100.00748774784353	43.016312029070704
108.27617963597365	51.74861085606777
102.75555049840412	64.0497561986701
72.25923326018811	53.138079102337954
80.40689498194133	37.606294026591854
84.39576796035016	50.510302948359445
109.9448236856765	51.47222174588412
97.7324324283944	49.58694567071398
87.31248843527192	45.63966763331296
83.67269862075078	51.437735646788994
91.75345720430312	58.549626255923364
117.00829703288716	51.21141377314276
93.37934925544174	50.63761359366568
92.57158954059584	17.34701370290837
87.5114285722536	42.47666135482555
87.97790828386533	46.786335544477915
119.66978871978202	44.140342371148655
97.57824202817415	51.65972619531574
103.20164375390232	41.60366687312732
99.76327084732473	48.847077189989314
95.42716820690717	56.42827760349988
119.74620019388928	45.513892973872885
101.67255128441215	28.526751214699996
95.01652099612387	61.85330588729583
76.70331330959885	47.565091821585085
84.47728732876864	35.94454435686755
113.67819123290207	46.34367285222857
109.3792441991624	48.99001283310779
86.0119645504795	41.14725444440208
100.61811152728403	58.96518737491561
90.71416475882583	32.09268576098635
103.67582735758123	40.62690932968101
105.26466538233285	40.90134010684459
100.87988418429451	49.41917153686925
98.72974435367021	35.711935486957124
98.56551155344238	57.33216109774351
80.45007640270617	44.07748280083813
92.05834226595276	53.061375385884794
104.17475764150694	51.65962455329967
84.69875016245705	63.62126038572489
105.25221595281036	39.639039289422286
86.92038376751982	65.4946350496955
91.66291312361089	66.10732366126545
104.23938788258084	51.839398233758004
102.07564907348961	46.45687411820409
78.94007748571696	39.232294670238815
90.26008655972034	32.76892584392351
101.27097573757464	60.44228611707793
114.09898651568112	55.82698294366571
100.32523139822217	51.51326335062712
96.99079853073114	48.62564498755566
101.15512996785266	44.99960122933932
81.77476889317225	66.11609247555782
96.86714515721216	55.68695899207474
98.87731346089988	55.86307226871377
93.47458407800721	54.075304309416296
100.20997215148444	41.44736328782287
104.2538921084199	25.632909324712248
98.52389320601513	39.76611261206847
111.80453076852996	63.06569946483891
104.16675877943256	43.232107692026396
90.6234141925193	34.47918104867124
92.30151202341479	62.245138605750554
103.71286842024092	24.51759926382521
100.05641285612381	49.26511006803487
85.23773187388558	39.22981311975114
108.25630829639672	32.260290990185034
91.41223219941865	18.853537857258367
95.799954563921	25.376715154934672
78.65702956662334	47.85733695830223
94.92385113474396	40.38297129520013
85.55665989971732	39.48809236741963
93.90034812340474	43.432334694992896
99.5523851599897	43.11899868785019
103.53683234995151	51.27748959349906
97.43073084183798	47.31199318098898
87.46842863920743	45.38162672810311
92.30902753231823	47.33556631238379
71.30682761565305	47.6910024142769
86.16972365041416	49.43241411950385
84.40364708916854	38.450907113456154
101.10280467101735	48.91768066532871
95.90894585777838	44.05268038016515
102.46057959471412	53.95008432708282
109.18260381366095	40.942213515133
100.08166365540694	41.6172430389512
84.8323013021016	39.65588829785515
103.52088716717297	61.19945670599276
106.7079074995727	50.219787331643204
99.5456365704081	57.643775626685084
84.3228403955976	67.47087158859598
92.12995619910292	53.693262468563326
98.0380550330132	29.652839554618247
89.57432808501541	59.56848319185476
89.54216711833217	39.558952888847784
95.83698120853985	55.14804837167016
91.7402012543934	50.16454117668222
84.97301017682935	43.80025418227769
104.41462982426258	34.68094274922573
102.13507707172822	49.67970227010056
92.57310048994236	37.842964220055826
80.01434929423188	54.012264722350025
101.0235382657606	59.477910869911526
92.59553192111694	75.98982914851389
105.11202646177809	49.96276559706367
93.68972521452874	32.45883119131203
95.28949939414593	44.24681723027561
93.21911976215205	46.33451073710318
96.92249483943972	35.039484020572345
84.88750987697202	60.023826448918044
91.74403972228046	56.48849693932213
93.41735279559897	56.53179050397258
95.4463546286596	56.47452757098461
115.55081377793194	33.29297722261598
113.14603322861711	29.937943645696055
97.69939554007185	39.71848847813774
88.87418535957055	46.877588969904245
106.8073571129303	40.42326797793201
97.38398350961168	54.187900951802405
96.85911305321892	53.84417856137086
89.82946294841771	55.66337652309002
102.61947690349925	26.7478555418783
85.0257666510809	44.68401856414022
97.20497980763832	37.949904952612464
111.79111152708026	27.149249089375015
93.80960826521597	54.02822223591837
112.45353924577486	51.20567260091714
115.91746275494381	40.6550540599704
89.92618897935284	44.22507733431679
116.47275351610577	40.617063951208266
102.42116005110597	38.309573278795966
89.91523843283588	34.18630864474362
93.83045881326053	34.85499601838231
96.53543563734131	54.659028597498974
98.90578300728868	54.66245718457406
97.72590305352446	68.39881360242815
104.93681364068671	42.44025626407749
87.05405393822836	52.55459151236928
92.48466709845921	28.74333935787815
84.46112407980753	37.35609851333892
92.3861797617375	37.94313689468607
118.44490310133939	58.12743077604486
88.63528847517665	54.60502236822711
109.41493236870919	37.113286917471534
105.38662831268829	39.055708173876454
94.52110904566963	38.9604147810357
98.35335283231862	55.38382312935661
125.68991259003175	59.46799920055919
95.62182224035944	24.014877162892365
86.58083996441053	58.369836367344256
104.49114233482675	48.52331250662563
110.9125328709176	48.97361848348448
82.69836686868085	61.03732591573168
99.84137593896514	41.13690667688971
98.12308453334087	61.60570315962294
92.15654758524134	47.49450754138623
87.56417565347397	43.40759268745068
85.3302477503517	39.08451104334238
88.08318823288694	63.614289226889596
12.764259742703363	51.648358715960754
-1.075235125379006	45.260904778481446
17.509831549906234	37.90761525504676
7.911908164789942	53.84593111142483
17.316637421621774	31.142299532274947
13.278398018293105	41.253606126023534
18.032856992757516	40.475937101654225
10.251084460543245	31.585665738815813
1.384257266106859	49.72163992942452
5.058756431825796	51.50034120390691
2.4402655070855346	52.073188693515974
13.806178037479508	32.3099488937501
16.9968493264154	43.35924454563378
9.452567327290696	55.682153425365236
-10.386264798809426	52.07444725533919
8.853957783300434	35.77406570982416
21.34588847731731	37.875283127189064
11.544437596514936	28.429302531962104
14.521997209531795	73.2811218997333
9.326336920859998	32.5514880976928
10.732307054062852	46.01720159209501
-5.805487131604762	56.67699952776038
3.546454724268557	40.84521763446768
13.539272648888593	34.5128122317743
20.087906309988163	47.84354004996822
5.14035917277172	63.22955009263865
0.018651101217752597	43.3994519193404
20.53814209296398	46.819995082770944
20.17764467825117	55.558210506074744
12.108934031721876	34.78789190824395
9.47116157911585	44.76727948275089
14.341671781401718	29.367056931125553
4.041603836504053	45.94382803986746
-12.033399133991397	67.07588123487054
14.682920538074839	43.618884878402106
16.47219053735512	38.693287792288224
8.327091435838685	46.83324207453101
20.527698386798047	51.05147449934863
1.8472589104569597	45.6225837019519
12.371674627220454	55.47560717147335
20.849853022121415	61.768777529467584
-11.89513305831157	58.48331428607254
5.913843174838618	62.04703437681336
19.76047134496465	56.0855366784266
-1.1720330155463081	52.14806896046903
28.612072344012667	49.87816087393635
1.4433323270587852	60.576471694266246
-0.7018515961148708	47.90721980236235
16.017452742140826	37.146060527652345
18.336904168825956	18.739127014677237
16.475239992301532	48.52452438709608
3.858339038861084	40.361589927157375
7.827492793918983	50.04701240075431
-5.520117233037013	53.85927903778773
3.934336714054112	49.58762134333419
4.968938793823894	64.12600231784742
10.904981260937417	34.97812567385563
2.5120771982955326	38.43598361466158
3.8565003348618214	43.69629403390876
14.000239775450355	31.98526164626734
7.191469161578106	35.707785775540756
11.397240143943604	54.38933509610034
13.283765623271872	52.56606157430945
-10.161086086466787	42.69085604523624
16.41251429874454	40.834168244417576
6.082963082713282	39.58267308819051
2.8089192752855814	42.803736591232244
10.589846462021129	40.162855398867386
7.374526020539393	48.86750521851019
8.882723893108757	50.41553020260797
5.422466491805577	57.98127592066185
7.223123456473011	50.81478309123834
-6.183192080396667	61.057512209259386
12.75903338936569	35.645260632676376
9.99273552775669	45.526980112601564
19.23621380108076	53.14235616134555
2.223501810133694	46.289788971202775
1.7789074684969677	47.86764699141294
7.7687363413697845	48.95843855616848
17.22854327335466	45.73141378925796
31.032585479319224	49.84498975159382
12.783420230856288	41.87605058215107
-4.900086933425682	44.77553275664311
19.792630536820212	48.97143274346823
8.379815112214155	22.832209105071428
1.4907312787987888	52.84733664930437
32.404873085268555	42.34169385233384
13.996616859717857	44.53093291002131
10.64142986681247	46.93767739627772
-3.2577272501117687	40.06676054946885
15.010058478398149	60.8224275076348
17.468127916736155	75.67999989192289
0.6117518556364185	50.11106511038725
6.86199772064805	36.17864400014866
15.40248365114103	46.073801055417015
12.024970290030124	41.05123008993596
-3.2878347007212927	43.2793110935237
13.90631042489334	52.063585040616154
11.393412654374947	29.58415198786397
10.755093827257783	56.769131771610816
1.4920961277824407	56.05981502448215
7.756351284096054	48.56907825430996
10.560821424249326	59.91031984755985
0.5983289239992349	55.12499201304323
-1.9104044617541351	39.064069380249066
10.752950339593031	36.36357299792936
16.15875129831409	50.33819498584359
1.2644554757438868	52.68377681510905
22.28483104334981	26.371350889681686
13.169872656661209	58.0634249909464
12.500376812826856	55.682778988901205
6.442370634762767	41.2305326627313
14.162314886016226	44.67565007871496
39.85076076731882	26.645111377078376
16.92629587433462	61.99618743041133
15.271500019404955	51.534379631786564
0.78853519991228	59.52497068164396
0.40753485197642014	20.518755805206855
15.763134181283522	41.57002399309775
5.839118347741477	46.12976583628952
28.395537467584255	55.406635014462694
22.303312466706835	27.16302294576186
13.007394741351598	34.76573513515041
17.11671197681213	56.32808796484309
25.154248779221867	58.07065706377584
8.855865483133158	39.00495416604536
15.635379482972809	58.653922964303916
25.058376555065266	40.62800972926344
8.517329069166857	55.299747725483506
8.249958987288421	41.984168999047284
12.214077378611496	26.67857050700272
11.709457681410601	40.31851159452999
11.182657883287249	29.08114043288743
-1.815615007677156	48.12294222186382
10.515067662734257	29.86567165443516
15.877443060770876	52.460512127707844
4.477104497440379	44.526568988278996
6.564281210814871	30.49040317910056
-0.7501497036526743	51.67720005701899
16.393065532977012	51.926804321710904
22.703476731681015	51.899923089021776
26.755094936137958	39.4634216899817
14.051759961722714	49.29053699017218
24.70418799367405	55.63382681213682
8.368423785847277	50.135019151978106
0.07685202501509991	38.164137565948636
4.296366734578149	48.03824023861319
-0.18366731657932078	52.61258352552158
4.14130061804695	42.48968375242245
9.322503791864166	37.75019054096431
-2.6429565765256235	67.7493910981355
-1.6270429902360082	26.51316785353501
1.8825134168889566	54.17410867516269
9.64823099422744	46.32486209336992
-11.200902248686306	43.26634649258037
28.744009706511072	49.11243217620326
6.894446057801031	38.42478673170403
3.833679767421735	56.01949630640536
-1.3913691099791663	37.05286009783633
12.774063144398617	55.83275152641015
6.504740959699095	48.16023907214048
10.051546552481845	36.94074722297441
8.3720493847699	40.885285648727645
16.012568916950528	33.71841618774654
10.644552814418564	37.81272985102487
16.852482799477343	34.57991917376364
7.895728287494966	16.566375737993777
30.677390237954498	34.43097382357254
-3.695327778956557	59.870463065134075
3.492590630071108	28.963992285112713
3.403202365632656	42.63777979702217
6.551948384554246	48.8939304455464
6.500178732579422	52.50095408610946
6.6677038113160005	35.38433050793041
26.30704074135415	59.91341036205278
1.0305636666775602	41.83567229588797
18.871616435424258	59.20273825787947
19.458273227912287	41.83783938701921
13.311807527997402	45.31292460602999
14.148702705544892	41.168203787862865
19.617970184371245	49.91516608030609
4.135804309534958	54.80433941702545
1.387145406946452	62.52893556537141
2.295886103290357	27.384365900089364
18.663436194608	44.40269475784384
24.523516195896587	50.553862507706526
21.63032364305016	45.982585893661664
17.045123132672646	31.881198047763494
10.480121944102331	64.75030887653581
26.232014801170635	42.99708475266831
5.2644589422164465	40.161839500373596
21.750437845738915	42.00900562087169
10.145220354974027	47.05117672667838
10.212608567701643	49.10445377687028
21.41934362596856	30.235682314598755
21.033175809468908	39.701709798418314
6.037616514604643	35.11076843231223
12.664850933582075	68.4207425514856
10.213735552825232	47.10793671634786
9.92547500079682	40.74764815023235
7.196914600556463	60.314569092108705
10.010586346722278	59.662732293170606
17.669307234895925	64.11243308295138
4.478528556853263	46.84995844178227
4.829526246820769	58.42102745093675
17.49569470111534	27.94796582304924
11.184569393632794	55.262198295225986
12.941757248014031	42.678287727803806
-0.9404322371171183	51.07063893468924
-7.0219519560167445	62.17806479546647
12.90264717329091	39.011761895137376
18.140485186226364	50.65890150163524
-1.4808928919416928	51.09620122180572
1.6569591593100697	35.82403324154491
-1.984528454418804	40.975792802576365
12.036805283259563	37.84256983587171
2.6195125157898067	23.550514960430608
3.7580613998451406	45.04918487393886
19.096219609085963	50.148752117225435
14.935898733883405	36.12012522818357
6.983614700135837	44.70260274993122
1.476948908360752	48.66382399889555
21.16036380895848	32.191376790342176
9.286996591057656	57.80057458244872
4.759371767010924	37.65218902375071
-4.134908118556735	61.45491745809848
4.420174352585755	40.457485195661405
3.5134213041490225	25.2015423153136
4.006107615300977	34.33599188634625
-6.180385105478015	49.29898140215076
13.496429186600233	45.625243701453336
1.1552272591573463	40.680088596726534
14.374818639942273	47.545047942111026
19.55252730368835	51.38732841238693
25.384636819294286	35.66037731462993
18.250949383596886	56.2550848100684
5.06068440856905	51.048633619138734
-4.187193051353434	42.99174058524375
7.528689393350977	37.67916363620888
11.571454441064978	52.57567696161899
11.997837293983093	35.899366588673175
22.62483247606888	44.932950035391876
7.761457619471973	54.7612358810894
-13.008024150463706	43.70422555293576
20.40923809073123	48.2958846423886
24.892107029262238	46.36095131629764
14.316775198985134	59.5585925047816
-6.301443981643404	43.78483296257281
21.955241916980846	53.15932675919002
6.051749835428539	63.06444236817426