11.274919720000513	48.966233987432005
5.362689236925214	59.53565001800594
1.5554542312409723	64.25475065747095
19.080148208036288	58.239981880750435
8.836149172484397	52.36925184392326
28.945567469908465	64.1261824936607
-2.2909626822094893	78.65375701818516
30.772861738480426	72.1634320949233
15.066847272517311	51.20038557011591
9.97459119265667	56.70436735132299
8.243215461957426	72.56547300196253
26.730713542987097	63.88451519355877
2.0960890216478276	76.55309623010336
25.534193718674373	77.84608347827778
2.755170481524086	90.10425401395295
-6.868654960087685	56.52667589508341
20.253031667811403	75.73658763491679
-1.8210209036589813	91.10197203110603
12.3255886078165	72.4388251465064
6.46184750119044	63.36638125120864
1.6445996260078815	78.76165519359282
3.0217110940799916	73.86151526550599
22.57743378466323	65.65570903936236
-4.147032020558369	61.50302937746595
16.712334396716553	63.837615874110384
12.296546374561597	63.0742995832409
13.926026761168577	65.83342469574768
-0.7083552634380599	54.24407608775084
11.680779040563973	75.3407331173379
14.306098960352841	60.55027842944705
5.944374735312821	71.19680622115044
2.087217391075807	66.7904204025411
35.78294769419108	80.60023541401956
7.851943677134066	72.87818467109189
11.03322233012432	84.06340388584916
9.062738150291363	71.49784461134311
3.0659890505851637	77.25477254614547
7.969039614233569	54.55977650586071
14.423295404833919	63.1502755191044
7.198515079627838	66.08524607516888
14.425541996283453	69.63915035859903
8.758063458668774	67.31242692447518
17.844988974183696	73.39635272877915
8.931234994881956	68.82701050676769
18.361882269020214	80.25854774525402
4.582215865263713	67.48611534663546
11.738934131764399	86.52842879137907
16.85612515791601	49.75911806039093
18.523505633470958	69.89035580203108
10.36928432056634	63.26009806511037
20.25458967749304	54.56613938416818
17.049264249544244	79.66384037208995
10.93307125685249	75.56002103035541
3.0860685303273936	68.2041322505749
12.963897234522086	71.72345426836574
2.207245297585642	82.58902157279027
16.22566443420519	63.3149875057724
14.532969273856057	66.04199684447346
23.40268260219549	70.64559385295959
-10.374211144506525	73.71941232884008
19.25545334117048	69.18344442866102
9.606875002957343	80.82326972465118
6.530877588727712	59.045700171651205
17.356253452675666	64.86437395658217
17.474183634574818	74.74175139364908
1.7750442726869569	77.06351570237972
7.459380539627221	59.551060045155445
16.55100989950279	59.79669657744564
11.146272697207086	71.46499079496547
14.188101976904324	46.588476095924236
20.705541161697973	63.18850824586473
7.9493382260314585	59.88566478785546
5.017615498961131	65.56135499037659
-0.368256261056791	61.56587976932311
12.661905842322588	65.47601821406741
11.301717724941833	66.18835545718568
3.077265993334975	69.7286537341343
6.609384953357768	55.580536864089005
13.770748454771812	65.76522218605137
7.910066108516736	62.67780221888383
6.46528241699978	53.277818237980455
7.352843888903312	66.26803124347052
19.218477515881936	70.56422393548179
4.171664467308049	71.77328668724205
13.942082125791828	74.9537463666984
2.1986119023476967	74.72420493192907
24.938530414147834	63.71592183175563
-12.54715304122206	68.51182865503925
3.5820328282709317	81.40611266639434
3.398934238343151	81.62827516277511
1.018876509837071	88.2808795949739
19.13130509328966	87.90321683024831
7.916688751029431	57.913062616406876
6.688445798646078	58.66917147346918
12.271404544451183	91.42942825183314
-0.7115166434725246	75.26970898743572
-3.0067363353559617	70.61847598929914
-2.1826782910345806	88.18169064032057
21.421067522158452	62.071474770950786
9.526128465627213	91.5268463689442
-3.798494783436123	44.91100266400096
13.998818748021481	76.63136400202978
20.56923333397205	72.58523281639121
7.142920652495843	85.91874854869432
22.884476657442516	79.6401366214424
29.47902696140552	75.25276337861433
-2.369617438936775	86.2476654785798
2.113076140674174	71.83623891895392
9.182756555588218	80.57200675101748
19.54281583990269	82.65830336162713
-2.9483801391558853	77.57682529866483
-1.6772174306352436	75.4573964576591
5.707914941679574	74.7960448125494
31.41207990639685	77.93079554771629
11.322603598969076	64.71742459936503
16.41580706903166	51.443742000018716
10.408144089885885	52.799750227607696
21.954350900491686	57.83387930628807
25.488182342677337	55.86724442530562
2.77668354988689	70.13028474048048
16.77160229426962	63.99279748732864
17.564220475553025	68.75566794292303
16.325742835406828	64.15722271634229
-3.7996665453406795	76.43633163434545
20.112008990030397	53.70463858144595
20.620313312375075	76.4371822618497
4.93522871105359	63.86872561895558
-8.973128188221487	73.94994315945519
13.531703043552014	60.01352231005225
23.106724882159654	64.26231537233325
18.77372505631218	67.67408046909584
16.783088960233254	76.51996739598461
-9.523228142566584	51.03262810689148
-0.2598149934806848	63.72717451013125
14.353589762752524	73.28804860285975
6.493320322593571	72.26211368566706
12.764776232226476	59.53908717217894
-3.4513391093002586	68.77676317882498
12.376149547426921	59.65062682697164
5.635929242095072	75.67099784830212
11.457100183755001	52.60064571168422
-4.184571317274406	52.308460257936915
23.29756570973865	68.24295312255462
19.021757269805804	59.322569729241835
-6.558155450330549	63.51024870158409
-0.8583876600444693	56.06790591852457
18.952439499592856	73.11662739801888
-2.417877185317108	47.79244471869929
14.04712743041817	54.31353557808836
11.337512466789105	60.73945682386571
2.607485055429734	82.70484582206915
-1.2887317430093752	72.57225224710515
15.728282860682548	92.25703534455032
4.9810166477573246	75.04537028107356
14.794206119444365	55.691802299472485
22.54929973620542	48.39881431943326
6.413454229726438	59.811882447538096
12.278170249143706	75.3622212411812
5.12303855352938	67.48100828172097
5.347196004993817	68.12841719261459
3.1949121764490016	69.89022240306784
-3.1469117384829133	55.23632743829909
10.48973739312703	66.85447579360701
6.254872387085658	85.50361850604061
8.591846087726374	81.7675936617295
23.42720950990389	84.52473921520395
30.391827065248666	72.42551763422597
3.562963421778461	74.89044826805697
-8.40051992056124	80.05137575872423
7.249167980967565	54.15899559415988
9.077529080499875	77.95889171118849
39.7036369040904	77.00395945624489
27.480354592731636	71.58256473031163
-3.3637784481485085	70.23698979991211
-0.12312346566255528	60.21853042404273
14.876534280374965	85.37612698354327
12.972035664171566	66.4421854178746
5.964845948366277	56.27488864309604
15.648438437122664	64.65478676768836
-1.2588728055756544	54.44292929513795
29.628426355632087	86.56199912234754
8.206028539798924	66.43542190530226
-2.585694055917701	87.83055301386804
14.777301214504106	75.47734943243655
23.335178016953	56.7309409920434
18.50044987865938	58.04741975388337
-8.838447685260725	55.25268218933047
15.06442686983644	73.74297329282291
-11.843420132801697	56.39193626886197
6.4817969088391205	69.49297190513498
3.1556718157661257	64.21712413133788
8.222216092354367	65.33915696877936
10.488473189512591	65.30939784633871
6.71925169031797	59.19877581491162
-0.37858225150340097	79.24917475488301
-1.8178264619936044	38.72350809247957
7.701556172372019	65.52039150529221
7.140325806462169	55.102226773167466
10.875963825133374	62.28261304510744
21.236821709315386	54.903773109873384
-0.07025698002995817	71.99037442859627
17.77778159477611	56.0073603147341
12.861088309896306	75.44167293313582
0.971944214017844	80.2638455451802
16.709254633544784	75.35549707294557
1.9470051606966088	58.57461268004268
-0.944115444363872	76.77423972535155
5.868964563049224	85.7857919916715
24.245947924766327	71.68642439577857
-3.97292981050634	66.41283539115922
12.726493724524891	56.84218808137653
10.641479753526252	84.52527936281483
13.41521153356053	79.64750896506936
-3.0646638570279414	78.27528568328916
16.664761281318718	68.16463722776818
4.8977738779521705	62.34113909353996
4.038004875803076	80.36926118355987
13.495955380274516	59.50764341613501
24.726642462776258	44.29112894071966
1.0190256005488685	53.699930431072694
10.429727940005954	60.50551455140979
23.382971305560602	60.296413047211495
4.325840411477819	50.081172121735335
4.733249934228269	72.06469566976203
25.969423272252524	83.13677902501826
7.017430198414693	79.9018430338941
0.8765163359307433	74.09354524710601
10.832599914416138	53.651963910885
10.742126632194594	38.02849986796973
5.759759106285104	68.64511858839528
21.190987163566206	53.55341087444922
12.976146249313949	90.44330421803866
12.460090419477108	79.1561445303708
9.390695640287477	76.09187800838335
18.2839355994979	68.07015762316638
4.233690072684985	72.30696311066757
12.921110506557184	61.532156493137094
5.40307104248354	87.02702452371243
0.9968531836647028	81.79734777771552
12.17099934449977	61.75511333264312
7.429115688447581	67.58754647270781
11.861580639087068	57.1518514954246
4.012275495760327	69.81529214115331
10.347359622056562	72.79453728199482
0.1889846339561263	66.82658871176695
21.19062437798584	65.97237013480428
11.706181674707377	77.48032629751344
15.749978144525514	75.01285451678362
17.08394973003254	66.9810349009291
1.2338305017073345	69.99769126038105
58.22593245037781	74.86581723507149
79.70186663871888	62.227638887632914
87.40290600561202	54.26723791028134
74.83348662830808	50.310367334958194
82.4865127998067	62.07815659828068
68.30243821928754	53.46684576862846
71.13409151532656	69.49730770520341
61.24141857732997	58.41619682705428
93.65018986016149	71.52556020523912
68.46081480057019	56.243482275576184
90.9725576002567	45.857320395847104
56.15929127076889	65.32219549244964
67.65436679342638	69.14564822896988
87.07100634216364	56.096646332174636
82.61920251955388	70.65099245705706
69.38443114476524	46.08951794893473
57.01777843094143	63.53687900890643
68.32097694745572	54.255242033023116
65.65823608647452	64.88723891562896
65.01812943149704	45.66309312431692
75.70700832864486	52.917280121913855
81.75191724693396	77.4393845593273
81.06572327173305	35.8065317460357
58.62955417278344	59.74230110888128
71.91349384005345	58.16848447364089
60.60227633451514	63.705990757534835
74.70058042897818	57.357369722735335
59.235455227270705	51.0104983940751
64.28691307235772	54.501583217937885
59.653411853572194	48.97363945829181
66.61450733200064	61.66209455408602
67.8318624157751	51.37875739449385
56.6586511001069	40.27788747023972
72.90599502736542	69.40826537326623
81.11223077359301	60.870814101077926
75.39022939109736	49.41793918801148
67.80908934672506	64.5739611817744
60.34103552162329	55.529766085690824
60.95772149768631	58.27582158431964
65.91231586968307	49.266951222565396
56.401368232301834	63.17802272789245
71.2126301843689	54.935700022428506
67.37299462511183	54.16188801776782
75.17360751536482	57.59213553742933
74.65932694746054	39.86740096694858
63.269978813540284	55.229224037670015
57.617683068145745	71.2972073740705
51.614719385629	54.900457586467866
71.79425613759781	45.73404720587539
85.64474900119738	64.44194290100609
59.51322522401675	67.28696466695408
55.455136591407935	62.345267965362304
81.33195434523297	61.207175495972635
60.24560706441598	40.11358354278079
78.90636517683042	52.043374509388734
57.19164626705868	63.66614099381916
77.95055147392117	40.85543129675173
43.21031926475402	41.54320413559259
60.27456435202272	72.82898123790164
87.81867502270407	53.111469747066494
61.48022821100121	52.520355856905006
72.54529717795282	56.358458452098056
63.45249443640642	61.6866152768098
73.50301700105909	54.88343541190035
75.15263548279451	60.72693982049602
54.20982238808896	70.64857289418254
67.32170144873467	59.9139606776033
76.27388889536594	74.0607274760791
58.510329308569425	48.77145860901444
58.53841337443479	66.88908390756613
79.28886800478102	69.39054898546149
59.09882298561416	39.59377457953787
71.76005192524858	67.1281676658636
61.56039318562574	50.20136070846219
66.2856071670623	49.76164349168419
67.38257967609455	57.43428798931521
56.08686806002669	46.36762060590699
70.061889139798	58.34876464308717
68.29559958435478	45.38886117409549
86.90482103701481	56.302627451537724
58.97407325126419	49.912247952851814
56.637883790906294	42.75038334119618
56.5219432427316	66.0681824401321
71.85000680967023	82.47175121775805
77.23032707995544	56.7635142001982
73.75958530498836	70.91863986551985
65.99120224529021	57.93435705131219
77.84113846794403	67.18658469064968
65.14076439208345	53.67861395971981
64.1526854811043	49.80140868104632
66.46706557953904	53.07396418409178
66.6336756551361	52.67803741047503
85.6194298042669	58.90563656648091
82.99110778021259	62.037326515675524
62.29107399848309	60.6351667305467
55.34414850683334	70.57700753576577
85.44394090880839	47.18885906504556
48.632731172012754	48.42322524848687
75.64102303550935	68.62748502451042
69.54496411830159	56.99721279825958
61.05086803716218	71.00490767139574
92.83515766266763	81.09942902074471
72.06317130345421	57.03906755570154
81.36930255590941	56.87040034543054
68.46162863320032	48.88992705626792
67.23142044587597	66.53008544086894
66.67480063086762	53.18639043599475
77.7633606362609	33.684223402290904
64.05603170273389	70.94435516315369
74.24189584890259	46.82927788642993
73.17044798289787	52.67800812420171
78.42419257777803	54.441111296563584
56.969226685239775	74.58491571365147
75.08916997818778	54.34538307439398
51.559487413030624	50.921237181430655
71.46995582931713	53.27111510003497
55.53544146947052	50.777881334666766
62.18104009130242	78.01356398613626
67.83436402179568	52.00234633867732
59.719530688958116	52.416828852174916
55.918179291709066	61.78417655435776
79.60897322060013	67.79977367189444
55.62903929510367	70.2378410130436
65.38510694165628	60.84434815170012
79.45797895201864	45.52785360210878
81.42210289307786	55.210495620961886
87.71743642005126	54.87410610928268
72.83640756799022	51.917832670195864
82.0871344288031	32.34247327215679
64.25407763688327	42.0311057560914
91.35026941539377	42.151733036093546
65.94176438093405	39.88796867799587
65.05275303399222	62.02771470355729
86.4150522419612	65.10529493901123
87.62638039325815	65.23347312448186
63.08139125043826	50.85257794593913
76.86797188326638	69.670229732127
59.91528180640516	69.1687924939103
65.61470876115492	73.72322527062686
69.36275695287524	55.923631778999294
66.54168993867489	48.685773511143424
61.4060525907556	67.42827302347474
77.40474456154499	67.29395895640492
70.67417687589709	61.34135157627511
78.08423536003531	55.01421000610329
57.92829041727456	40.253540856134656
61.46893767035826	54.22248025081508
64.40336248184009	68.61192745424367
79.96634605788945	57.352783253729655
57.053582657589985	65.4740421463549
61.82438319810775	61.36004742503425
60.18856319756449	47.314852334713194
69.77316851242468	48.68342469752997
81.09786563938572	60.6100351724909
100.50505819172042	47.44696514624288
70.4469129648335	65.4897192093231
56.23427749331893	71.48745869374217
58.65994137258953	58.89589803644705
64.30525822855545	48.394133503824975
87.13122110972098	61.74878509622862
56.42895164163311	56.66471415584277
59.9428583021698	41.87645481013185
83.52820794085629	38.87268049475905
75.02450008388136	65.11020981168237
58.458639538651056	63.651480626749645
66.15157609027102	49.90129539743064
83.4643947082384	62.84167215715837
80.44911342302767	62.94605339426769
69.02027692974434	50.81637815039077
91.8883196370014	73.66519119184187
50.50869798094435	46.84774433474462
87.4736742071089	58.86052741805546
77.88050630781892	69.21261991910293
61.01653368039915	46.81742818554325
65.04209451838177	56.76666804107791
65.1602923849874	43.527768097308865
56.98166453398127	56.89299619878711
71.61264040943398	52.03173088039454
62.14284330070415	45.141319645089936
61.447466540167056	57.84709896521733
72.11443758177907	59.14624384070164
78.41816638790708	51.53488657248349
68.64881533014513	57.808843052579874
74.76234995956047	65.04043168380177
59.025207039862366	53.835313705243124
80.64120577308385	49.4115088770789
65.24022440083816	58.980847835913515
67.77376860191636	70.60059544010046
71.75053643531758	51.86830180372314
63.85525169476921	73.88894456393835
64.64211955802077	58.17558079197475
70.10148615969776	67.58971761498128
80.78498138536582	56.46649702499106
88.2170296528055	35.79921701768035
62.374249889314726	64.98026175594848
57.1946962968987	76.6715522997357
65.25950009592204	60.362389103048365
63.5868821176863	69.77311168560058
69.24189287163784	44.352088084796605
53.73785659555895	36.69392944658473
61.605298055813066	62.4702870262483
57.75353961836672	68.75019007347609
46.95935930506157	54.19650959712868
78.19813740360122	58.81025247552782
56.847970872630306	75.48606242855848
57.97089561231176	59.775389759334395
71.4165258137011	71.18313438020502
73.62574792211821	57.5277474735522
57.594085258155594	64.05805353401179
69.14257280363931	66.96701998041083
64.3171031199364	45.920722078951066
74.54290207505989	56.48386185667138
85.04906661595872	55.59851137694377
66.98069832666029	66.29797283906345
84.18730678240884	55.5756392584068
65.68530657535783	67.81970742868026
69.88812435074784	67.46907738992377
74.45286001572525	33.719170111396
76.62892338353616	56.77053975905827
60.85369313567059	51.38650211440969
63.04682627152778	57.949920184415454
76.55353435043851	65.5652881236943
59.26110416935334	74.95728284394171
59.71668024270784	47.01564140632881
68.41732317646988	52.786367420366794
82.58641580033617	70.6902966657828
71.27159664452009	62.92568050131743
68.26554783217522	45.654483567036564
69.00587810639935	58.44592163914851
73.75430730701468	53.06277903514427
63.11673256072379	65.98515556801634
70.58287671030958	61.55775598765893
65.19990039749132	50.239378003306555
61.083610735726296	63.387420627176034
67.56732106021495	40.82385161147352
69.36688551930648	72.4297834040835
70.98679781544426	59.68478568236521
57.924939100526394	67.6257087609477
72.0871255959397	68.42812882000514
65.95779779069535	71.08257241436719
82.0326669625987	64.94346557194166
82.84758278830053	57.26782106051355
62.64384597016258	56.9226159267233
64.86379826107877	50.77372358329677
55.9983981417198	65.62337643487379
70.16136478176294	65.99009062898072
85.91444523765333	76.07589389049618
54.7701158008077	66.89576152873364
74.19844089336408	45.81667903906259
74.68081078468313	54.14913569265579
9.061819193001442	87.74639959626863
28.754148387460038	80.43123324985511
14.340776752591797	64.15075890686224
11.386815275428997	96.77881264371526
23.265823844703416	98.19967062073367
10.40492710081497	86.97357674146687
26.244549534367856	72.12333475770343
20.745725255309065	86.46771595819868
10.018374797458947	84.82451515872384
23.63345652917901	71.0961898800773
18.30102528294255	68.09174675038362
11.335044573616564	104.88603232941227
23.508976784197866	99.56187238860723
29.41490683269911	90.27466325148342
11.944096014800763	87.31756547227712
13.506632352755448	88.92090587578521
16.685684474403267	100.72870508625945
25.618701966691987	89.00516351626639
23.85237363210719	84.72788493265489
23.595727716583387	90.1756053650575
26.22211894140144	78.39410010040609
20.94552590816964	79.60019491371838
7.271932748342834	81.73663742653629
8.190192818391969	94.96331675265029
24.36669593182132	87.51628455342274
13.19273135680918	75.13650168360114
15.529786377947794	96.73448249630367
21.711297191103444	86.20687898868239
22.04524467737958	81.41316676827812
11.236179548803161	98.07493330534196
8.887594591632004	92.03226867148176
3.728229398398817	99.06787992802528
18.67456824342874	85.67292747151998
29.78273732310292	72.80525401154381
13.5966391520334	98.888910149776
27.33131543373512	95.79851540196853
19.188220422961663	72.55357174934419
25.677703588650164	85.51783337245789
34.52316357638447	104.19056425442115
29.50284956926707	78.01309461501566
28.53750899375587	99.69450559071521
30.468919398936933	80.31302083527017
18.454265406044396	79.8624574206382
19.10152425053183	74.10686933106334
28.47391161597464	76.90444282904885
15.489537101127056	91.27108402504413
17.960888414359182	106.58473981311892
51.67185294262697	95.39348429379447
9.956677731976896	81.66939156035716
28.21218845442158	91.3239940133755
41.09929560823433	88.3833678102849
21.18127044917653	71.89563811786415
12.162812722203817	82.71374827570372
5.2845424977891415	86.34762836455877
24.045712411936023	75.01774601878206
30.755331995053254	93.39668723035216
14.168454019897272	83.60210042498592
15.502219455367399	100.68920479336327
21.21475790379633	86.79051652045254
16.06933926019985	87.18826970630985
18.880943459664525	92.74976086179728
-0.1503101084259164	94.22539976281857
24.40667917552084	98.75296229593202
30.27581811979953	79.83448271416758
4.386288694374791	87.9886838825694
22.92523068497866	91.70684272934281
18.704945016909885	87.60414575146571
3.431910933697946	89.73348896845678
11.620683442930709	92.28033254138141
16.91383073264521	70.06957667976532
16.034201017528876	77.21546540744441
20.09369332332552	96.73126225059757
4.422329808580878	78.07048767318389
23.742444884382426	92.58570820621277
11.476163359358539	92.17272978861983
28.537581212408035	102.0530985597031
18.98530302910952	89.46972485342567
29.462137981964986	86.74946208450177
18.698108764651348	91.67847295161668
7.434968436231026	68.34527091683663
10.953699414659733	106.90701224439115
14.227568100437802	96.07371286278533
15.213648494337827	87.851758017419
12.066275948026886	100.20334314770736
39.37228975321294	96.25747141832886
22.84498131606088	88.05811788885559
21.069773823926695	63.58204405915211
7.560035222009997	71.00815529153887
19.73180170912539	86.59612160229771
20.703642218462853	69.9636302589913
3.9269472315522016	94.9350483258276
22.396592160104092	85.17480464265837
19.149229245875595	84.64999535600346
9.725626698668506	98.78856807647293
29.753845934671798	78.39476781243377
10.646975194696102	98.00556112886319
19.315439641201376	84.36215895608812
20.03789389705723	78.2173484214329
15.936622749268274	84.87391921416969
19.898762982062937	77.42040110501269
24.435046505075157	71.33613733576222
35.59052703865819	79.79335757908092
19.78532332968048	81.70893442827008
28.403173149659104	73.1442045687253
10.642773820299624	71.8153846441903
26.787777109532673	76.65719415933441
34.89705565188538	82.18091640457985
20.35461509635201	78.5812293742389
28.605928239646957	82.52967060754484
30.079416889253007	84.36266470036895
30.61233181878889	75.13569370778809
21.698238612295935	99.69126280096219
7.935350757113014	89.81705636857741
15.307001934726504	89.56792205085092
17.87600403390174	85.03672776534842
16.24635439707396	93.37884570480198
13.474475488981142	82.51416918158125
21.796893564834612	97.31687498178474
16.110979112151032	64.11541371465796
9.807954112066202	72.17178866519555
21.02968197665332	86.85034542412191
22.662762264991773	83.55909428695298
6.191217227742646	90.57678837400633
12.116698975039233	89.95628763448232
12.96900962469186	86.13994614130058
27.290790908829358	78.28881484628991
17.178220223561365	94.68819507115396
4.917026567327648	93.23447909950994
7.942802033671981	79.23338485417426
29.650336978739045	70.89993359216922
15.300310641889189	92.2217115534568
14.013170117902966	69.41671698674196
20.08280652498475	97.85478086415498
20.85657137307194	73.61257860351311
3.9701903348108374	88.70284086309184
14.254759974360852	87.41381577341068
18.238269326693462	77.21827238489858
20.905425500416907	83.47339625776432
8.982302401981643	72.02766899681792
29.64601087541579	71.48794299202252
26.48786472535654	70.46859468000706
-2.92467506651413	82.23059628616146
17.37552371333003	88.55013167313615
19.28843512303157	101.51687109944135
22.435809119720954	73.46795536013377
31.132023087438753	91.03325937469442
20.600831147277486	87.37771917425492
23.904137162575278	63.467627903142386
33.153361469308244	77.27668730183487
22.697406500596287	69.9352311122838
28.460226064154522	86.42979165785407
28.930637584027096	83.68343461389199
25.28300393159575	85.19237003996462
22.539006497658008	81.45036032704132
7.433102578447722	101.12787967581738
17.47884093337083	83.63851905085723
5.417986070114743	89.43264432927396
13.996489441080211	75.20668333835465
20.080663340687952	70.2488178962875
14.14295571641214	66.32704017259388
24.062126340793203	87.0591811228118
16.676601137468772	78.62944773090263
17.20698612943751	88.23846427850911
21.183676611302747	91.57240608750712
21.084002683550505	79.3529983159834
22.357628669598302	67.60993513849535
29.978415382111933	75.45134694500057
25.43492214652401	80.8180811931289
16.374449831083385	91.81790180798548
22.074184911345487	63.099187598215465
21.41791899079922	95.30628248675815
14.097293715942019	83.77121891373217
21.81758748273116	74.67143457288316
20.28669418477806	90.89284532353604
38.74288616792457	75.06805414005818
-1.1562593234146235	80.28326926584013
32.98735493992156	91.81429645948806
16.603625939237965	75.28661234585736
2.5636301365704313	73.08081076291609
-8.575840175904613	70.71336771672735
8.995865059805489	81.23880514157514
11.761780083581138	98.55245098380577
2.49956823469126	79.59384124044666
22.97779649782134	82.06078235678893
30.893063316486984	69.67286158011886
26.097737380084265	78.85634200950379
13.942412491119866	74.73840594930981
18.715781911259036	100.0147733024412
18.04170215349362	84.50384146389234
32.850185575920655	89.05340213238807
-3.32638666433963	92.96489623019946
20.979334021916326	86.34559052534601
28.168518852850774	65.36084824846958
3.225487684275606	102.08328977783258
40.59920029388709	91.99187843502649
13.217147179788604	77.24055956013248
26.069984589996924	80.9293905380735
34.24910609158229	85.70905538444437
19.75113919931038	98.2984298886669
6.884512667822525	79.30161579449974
24.456343480430792	81.52852499287798
13.17703984654066	85.25430199803498
26.132257679446802	72.24312367864681
8.564711732101863	93.30124236362684
31.04896659719312	94.12697960795981
33.9054742851017	91.89854423888963
8.230744673490394	80.37399941904384
4.935146659013306	82.47219059051315
17.187724340716375	91.99665572394773
14.998020006346643	90.68026629954377
35.74718689157996	81.13457989404881
23.70416133195125	95.57045340293948
23.75269378058855	75.45886402608885
12.166225464805791	74.40797019589226
30.827157842598897	83.65685063088615
28.614262580578433	94.14649981579393
-10.6569575635978	77.01146319425798
16.047170275527566	74.62819898015748
21.074070650096083	68.09099739397664
18.645870327666504	81.94307212878815
21.71196881503934	84.18742148815323
20.744909930108175	98.75878833426069
33.37974138634109	82.6184951388652
14.549536959023031	87.35906857276505
19.6892003566211	94.54515391607961
14.339267462603342	76.60593796541445
26.79095983503646	87.42392163916539
26.098372308117863	90.27374261973739
14.674306709101845	73.38048478867618
16.3399718749903	87.82194573269018
30.976385649152796	88.87808687699076
17.64598219300698	99.55052947387507
29.53688905539415	83.93060701547614
28.240715787044124	85.92523398549729
15.493342258361892	83.11691921685703
17.21157917543572	102.06062650627018
5.751024963576047	80.27951435540318
10.815914996663809	79.05084604318097
13.16277851988692	84.34769263106077
15.025536277897036	75.56289486769185
18.438582755065166	95.39982674171642
-4.8216652416779695	80.54980617898514
3.8418511066743157	98.05767045560847
32.77074331652085	86.41201326004806
22.526735382621414	81.40824087478917
3.610221692625448	77.58878409000395
19.09526625458731	87.09587952858946
23.838025036305456	90.25547907487363
4.033636692432925	86.59993990678767
22.53409302965672	92.40926684847953
14.679570740997418	12.988906975636942
-4.416848788805092	15.429211509077057
17.786904713911536	18.869481589561524
11.871557774282785	4.898710349471859
42.24255192096571	13.0513741513325
10.314577457499674	16.393010774288346
29.10963146105896	30.611550691341343
21.64370419061374	25.689420955869192
25.35584981610465	20.139272209330866
14.861196352843013	31.903855339954447
8.385796864975015	16.29775370760609
20.9749219643479	25.839035520970867
14.893775952756775	8.317736955612054
15.469002214474111	41.76334058795051
-1.586029858135129	15.485862433007489
26.433412120153946	17.505920567219313
0.8714457557767474	8.128182507013452
6.479740008287006	27.38569923846501
17.50655875149577	16.807207667419853
8.739692803576567	14.310903651299984
0.12546741476268508	21.304561808345138
8.79350520098528	19.4568025830184
34.67322076602561	25.685455903759035
10.179875053520814	-1.655175250241836
24.910390201462807	13.070834871167863
8.699908186224409	41.48012529953017
1.3946313049751975	26.92451324058027
33.007523008415625	16.81400083005512
8.231340876635509	10.778307581411044
29.427410328276146	30.089686389916885
5.965696763842068	28.29498344663789
17.413478171017648	12.21386305029596
17.923906740713285	13.197411557251431
-1.0916679873980701	19.203368560806158
23.612249300090056	24.878404028992723
36.4068453513487	40.820562845775115
16.204033218413645	19.198494539257386
22.183248811156233	17.6421314661979
12.935848341141373	9.257230157418645
12.861608923575817	24.700497514843054
15.747011911440948	14.156798327606486
30.143951245374982	17.617038078167706
31.51658727976839	-2.817911099901984
18.126398072853394	26.501205213485513
6.587241476132798	7.860560658229838
12.56784307732924	13.580101863756346
18.049534204141736	31.20198007187414
-0.6625924422856837	15.134792804947761
-9.101768061702506	29.609848407066643
14.620393384857827	21.128856988220523
1.8290507362628023	38.95389373958071
11.63987749417617	13.764153208762815
17.089632910250522	24.72821122383879
9.734561640077345	26.84123608788008
13.54853492023387	8.963525531842942
2.217274618837097	18.229926534907424
32.21271338211873	-3.560732932192625
10.904287853805886	9.981317303830892
14.887589124560257	6.311126535314596
17.542795935146373	15.8010760270169
-0.5852491158404316	38.22280373205959
23.721171002247623	-3.19525965472468
18.218058483744997	27.468412780694585
35.61432768568595	15.209806323735464
10.341020506414782	18.208345977584464
36.26533307175147	26.80184050066037
24.570873275178883	1.4006102035031525
10.598291987660135	14.50647678749889
25.419032151540378	33.48382257328255
19.25262944615056	22.412843210449573
20.914644244792008	15.525681274663949
15.269029846141736	22.09802245083794
23.912805386246983	6.193059429600861
16.3480846014151	25.61780432267212
10.341782245866309	5.999022597100371
22.6063266919362	4.812519490844956
30.975680628231338	40.05582481649527
18.62423540215708	13.231003077040747
26.4686518139105	28.020511699833285
34.08929979787675	28.411546672035946
21.818188176334935	31.595588044631263
27.633912627207366	53.00646813045803
9.10428076479179	17.15554432558648
10.787531317650549	5.618901509753314
-7.567153559674567	12.084470859739746
9.882079887687858	18.469511381513634
29.24226252714108	26.673013095243018
21.72633738143913	23.569605027304654
11.925345100660106	45.34281549087729
37.65611549829499	37.14614743751018
19.15952906771969	25.934452142035646
-6.412997797959624	34.23711877310404
33.71799281071738	29.511508710461662
14.07195950797484	30.032942561083104
11.812957871086116	17.012012967214524
18.940435882330174	1.6232970299788612
8.266729877446178	18.560115344250786
22.937266242687542	17.10632894509184
22.902185367790157	16.849423742244717
17.317613031421192	22.047284776382632
12.322091079393477	32.87843860338809
19.562931918282427	35.11763130770937
23.98416746712349	23.66128191517764
17.98537138707309	15.271483381560598
10.098721946989784	27.544301948269407
18.99925068006221	15.414207707622067
14.03448867344709	14.171411946237129
15.980747304116877	19.025880514066547
31.577268920715657	12.670068394421797
30.497706132750288	15.685663141408941
17.911949146929526	9.321104464555479
28.164067683493364	22.824043521601656
20.533295473444348	37.12374146319672
10.416487329098297	10.032921920175188
12.939824505441623	21.454170505401816
8.351710567411077	15.301850174302507
22.428086644863722	23.338986013299635
33.41448254322121	35.86909583875472
22.09546257493174	32.629319352555434
8.213305831942325	7.717549573269375
31.52676045210047	25.806819109624662
8.414474689409722	36.24004958440845
14.271047129188583	-4.220520148375758
2.4410575178111618	16.824369240175496
17.887312341679824	6.704552743360187
18.783913011143472	28.853343474731503
27.712132759180836	12.344648371858202
14.4051713878495	24.24870130492508
11.840248777564987	20.74099787604566
22.66139374494485	39.60535027310665
5.733508884363763	12.67280199662476
16.138891525142565	24.24353563814023
18.319612059116402	33.25398025392508
2.633186722104556	22.94685986657582
4.907486379227095	20.635695984765476
16.412803586502417	16.702095167375383
2.0351850509285434	2.6331174001214563
31.601675407831443	22.987054024622342
12.206135286145248	21.923738588840777
26.972491211415793	21.6180011843065
30.86294526334381	32.71800378258205
28.566414460974485	12.869159707233873
22.74502851263329	27.12010021159157
25.706890941709606	2.834103581034384
4.631300287073959	18.692638864623593
13.813619938301086	20.666201630359943
-8.818390230432827	32.93120110276742
30.43798340977927	13.485064950036914
7.014253733369397	8.400916820966469
4.881720294778267	17.32610718388973
28.03619094694377	15.092671239334146
15.249924317972564	16.010912442008483
1.37398747899012	15.480778630834928
11.78037955079706	5.461027698358496
-1.6792418547800718	9.420038832233304
17.069648210145832	22.879293970019813
-4.804584435710163	23.518589791395478
28.889490396276955	17.37678210747131
17.83739485170515	20.74527138788888
32.99098666644927	29.68728975120544
13.67209949608663	23.292166938691814
27.921890601200445	-4.895442425539098
18.022260446612837	31.260704158891805
10.366331374508697	20.303341026884386
11.55443991303495	36.16009044426261
23.822695178412754	14.766744112173225
14.972568030979168	23.965303450981477
32.54689088342999	10.236934810328192
21.032051759200193	25.384481474030064
-0.608363725492401	33.8249845263113
20.534696414131663	-4.682638926301291
25.98342129779712	10.477959083975566
16.024357865012316	14.160208399731513
14.822238121137966	9.015556371202889
31.36997468987404	38.688316347310064
14.001245538907929	16.299868819070326
25.816024264783035	9.19852091872139
7.403647918921928	30.968336295240547
23.047658421034477	6.530040123520605
13.52428766004084	17.90631921064823
19.430096137541366	40.95777882190976
-15.857113064997078	16.374459079107684
19.419013615968808	9.62272363135371
10.277472094929673	30.811660224330808
19.075849286953257	11.791651868511181
17.239655343007694	24.500750748787116
4.368154073002538	28.347736991209956
15.387151823669074	31.994384448050887
-0.7973396733798577	18.53013139059628
31.391254173433584	14.56011316005732
14.352321919402367	18.07942032801024
14.684036843493853	6.932929411874735
4.188893202012634	7.1384475735951085
16.725173631123955	17.123182758629405
5.633172532265608	16.819207752543274
12.747017756680545	-0.2109440491557777
26.470857214516563	20.07371831532571
19.201326385020458	25.908119283620998
15.10903687015216	6.91089448676823
9.261942035256109	-0.11548160504609228
7.076979327216451	17.942789211711023
19.134629480618948	18.659795520574534
3.0221419300467307	35.024751294147904
10.739605137363412	10.731747287502373
-0.7471215449536484	25.823757366589053
-0.6190101836438178	12.878682213552022
27.622160204231285	30.952578110425527
15.303640836096621	29.908686470428027
13.215500090428705	27.89841195024878
12.460344556170426	11.517769336578144
21.6343446795732	16.314341902937493
18.147142983679522	24.9419245519277
10.98729252813541	24.8122823572562
13.041987386546287	13.003089579673738
11.106478743727365	31.832397889370597
-0.4009785234892238	-1.982445161223211
8.509181450714124	12.767319966317828
25.380899205532938	16.550801036353548
24.756467873684365	24.68773413641238
29.546679864904313	16.64124323988255
28.669468316667626	12.917146310380602
2.212303354595319	0.9522971601494028
36.40236271588364	17.00322404033422
13.437941490764983	28.23031774083744
16.714191890217702	6.647028962019297
26.423710093030046	38.56769107891739
14.635039209143466	17.419717685557263
12.939061122104055	14.269361340978229
7.775033981046331	-4.921914633261981
4.601793793639811	25.903581676161465
20.99406177853559	14.074714269360584
16.16675404128271	30.1434639099664
25.138520309715105	16.19098317369564
8.297925361226651	10.925184030282669
-3.6618326256610647	26.631066875395845
1.693203795530101	20.941353108042527
13.07739542978421	15.232986554830134
9.375223531690695	20.829770572644364
19.642343631139273	20.53187042860184
26.783970677681104	0.5744073983478195
20.81474190574319	21.71813061240533
45.223202608894155	10.409521899568823
28.221889125782553	13.09328871708891
0.01972220577287409	22.130443360157383
10.815518140498382	18.864848810340295
13.16213488058645	20.40391608594495
18.677265952928558	24.293203769222536
8.014858250142547	18.165693715381774
13.960879255330026	31.28645330565438
16.10841099425312	23.095696627104633