91.39994591431936	47.28858180952315
91.39994591431936	47.28858180952315
92.94307414624741	96.71681055058399
92.94307414624741	96.71681055058399
78.0531290305328	26.341372143590164
78.0531290305328	26.341372143590164
80.16384442072163	90.53630748938109
80.16384442072163	90.53630748938109
80.16384442072163	90.53630748938109
72.69652245841857	66.41809119297808
72.69652245841857	66.41809119297808
84.11921733765055	29.473033768488687
84.11921733765055	29.473033768488687
16.744473808690035	69.53663879949606
16.744473808690035	69.53663879949606
9.560946900732326	3.301776543065577
9.560946900732326	3.301776543065577
11.104075132660391	52.730005284126406
11.104075132660391	52.730005284126406
11.104075132660391	52.730005284126406
6.474690436876217	3.445316110513987
32.22009615478216	83.89446060535482
32.22009615478216	83.89446060535482
34.33081302018596	49.08939595114574
34.33081302018596	49.08939595114574
27.147286112228247	81.8545322195003
27.147286112228247	81.8545322195003
30.960762977199444	91.34958295383659
30.960762977199444	91.34958295383659
30.960762977199444	91.34958295383659
24.061029648372127	81.99807326216367
24.061029648372127	81.99807326216367
18.79310903074084	53.22584044904299
18.79310903074084	53.22584044904299
20.98364325517927	65.35671911857618
20.98364325517927	65.35671911857618
76.88746280860009	60.52249090773066
76.88746280860009	60.52249090773066
76.88746280860009	60.52249090773066
81.33947559541842	49.505083806360254
81.33947559541842	49.505083806360254
70.99874346001825	18.69292408260001
70.99874346001825	18.69292408260001
63.53142297293015	93.57470926141197
63.53142297293015	93.57470926141197
65.68648134036046	73.84516720073363
65.68648134036046	73.84516720073363
96.74415065313916	0.14206710222587682
96.74415065313916	0.14206710222587682
96.74415065313916	0.14206710222587682
98.92581333169937	29.057840958009937
98.92581333169937	29.057840958009937
93.65789271406807	0.28560814488925557
93.65789271406807	0.28560814488925557
86.47436580611037	33.05074588845877
86.47436580611037	33.05074588845877
88.58508267151417	97.24568123424969
88.58508267151417	97.24568123424969
88.58508267151417	97.24568123424969
83.38811081746921	33.19428545590718
83.38811081746921	33.19428545590718
85.50769480310635	80.60432561544725
85.50769480310635	80.60432561544725
15.365964246428232	11.555243508872127
15.365964246428232	11.555243508872127
10.665630787057731	96.54971582526657
10.665630787057731	96.54971582526657
12.279706307357166	11.698783076320538
12.279706307357166	11.698783076320538
12.279706307357166	11.698783076320538
5.30902569015847	37.626434874654485
5.30902569015847	37.626434874654485
9.477244897846397	68.72567668374147
9.477244897846397	68.72567668374147
1.9389741719569986	79.88662335256029
1.9389741719569986	79.88662335256029
4.0940340146022685	60.15708129188196
4.0940340146022685	60.15708129188196
4.0940340146022685	60.15708129188196
35.222650615752336	50.17481822815238
35.222650615752336	50.17481822815238
25.165713534697534	76.24601254436467
25.165713534697534	76.24601254436467
27.06358263412736	48.2784323601762
27.06358263412736	48.2784323601762
21.79566349171102	19.50619954705552
21.79566349171102	19.50619954705552
21.79566349171102	19.50619954705552
4.928030442316991	29.162398000507903
4.928030442316991	29.162398000507903
6.471158674245045	78.59062969199866
6.471158674245045	78.59062969199866
1.8417739784608702	29.30593904317127
1.8417739784608702	29.30593904317127
3.384902210388925	78.73416925944707
3.384902210388925	78.73416925944707
3.384902210388925	78.73416925944707
95.4851688815616	69.38265809255918
95.4851688815616	69.38265809255918
90.21724973914527	40.61042675465347
90.21724973914527	40.61042675465347
92.1151188385751	12.642846570464997
92.1151188385751	12.642846570464997
22.514369653812903	8.715155152157584
22.514369653812903	8.715155152157584
26.32784651878411	18.21020441127892
26.32784651878411	18.21020441127892
26.32784651878411	18.21020441127892
19.428113189956793	8.858696194820952
19.428113189956793	8.858696194820952
14.160194047540452	79.08646338170027
14.160194047540452	79.08646338170027
16.341856726100673	9.002235762269361
16.341856726100673	9.002235762269361
8.803587475426232	20.163182431088188
8.803587475426232	20.163182431088188
8.803587475426232	20.163182431088188
12.971808158329129	51.26242424017518
12.971808158329129	51.26242424017518
42.33558459177375	15.474312091656241
42.33558459177375	15.474312091656241
43.94965863685823	29.62338081792516
43.94965863685823	29.62338081792516
39.249326652702685	15.617853134319608
39.249326652702685	15.617853134319608
39.249326652702685	15.617853134319608
31.782006165614575	90.49963831313157
31.782006165614575	90.49963831313157
33.892721555803426	55.69457218370753
33.892721555803426	55.69457218370753
28.695749701758466	90.64317788057997
28.695749701758466	90.64317788057997
30.806465091947306	55.83811322637089
30.806465091947306	55.83811322637089
59.921922328054706	94.02706924330592
59.921922328054706	94.02706924330592
59.921922328054706	94.02706924330592
54.72495047400976	29.975673464963414
54.72495047400976	29.975673464963414
56.835665864198596	94.17060881075433
56.835665864198596	94.17060881075433
51.638694010153635	30.11921450762678
51.638694010153635	30.11921450762678
53.749409400342486	94.3141498534177
53.749409400342486	94.3141498534177
53.749409400342486	94.3141498534177
46.282088913254384	70.19593503222966
46.282088913254384	70.19593503222966
31.604988613083815	91.98301068000026
31.604988613083815	91.98301068000026
33.5117277831769	47.230535309560935
33.5117277831769	47.230535309560935
25.973458532502452	58.39148345359472
25.973458532502452	58.39148345359472
30.425471319320785	47.37407782743927
30.425471319320785	47.37407782743927
30.425471319320785	47.37407782743927
22.887200593431384	58.53502449625809
22.887200593431384	58.53502449625809
25.068866222421523	87.45079687682718
25.068866222421523	87.45079687682718
51.098065519457855	26.783292461210614
51.098065519457855	26.783292461210614
45.83014490182656	97.01105964808994
45.83014490182656	97.01105964808994
48.011809055601745	26.926833503873983
48.011809055601745	26.926833503873983
42.743889913185406	97.15460069075331
42.743889913185406	97.15460069075331
35.84415510914313	87.80309099908038
35.84415510914313	87.80309099908038
35.84415510914313	87.80309099908038
37.38728334107119	38.231321215356175
37.38728334107119	38.231321215356175
69.08349005091198	43.01576328114174
69.08349005091198	43.01576328114174
70.63548687828832	75.65909831116667
70.63548687828832	75.65909831116667
63.45195849511565	9.424236054736175
63.45195849511565	9.424236054736175
63.45195849511565	9.424236054736175
58.751626510960094	94.41870689591568
58.751626510960094	94.41870689591568
60.36570203125953	9.567775622184596
60.36570203125953	9.567775622184596
53.395021414060835	35.49542742051854
53.395021414060835	35.49542742051854
57.27944704261838	9.711315189633005
57.27944704261838	9.711315189633005
86.63435340539975	89.70809970257989
86.63435340539975	89.70809970257989
86.63435340539975	89.70809970257989
81.41077724022487	76.01139095820491
81.41077724022487	76.01139095820491
83.30864633965471	48.0438122492314
83.30864633965471	48.0438122492314
76.33796572245602	73.97146404756535
76.33796572245602	73.97146404756535
80.22239135101356	48.18735329189478
80.22239135101356	48.18735329189478
80.22239135101356	48.18735329189478
73.2517092585999	74.11500361501376
73.2517092585999	74.11500361501376
74.86578477889933	88.26407234128268
74.86578477889933	88.26407234128268
60.188685953943725	11.051149464268267
60.188685953943725	11.051149464268267
52.73023258708896	69.14803945682935
52.73023258708896	69.14803945682935
52.73023258708896	69.14803945682935
54.8409479772778	34.34297332740531
54.8409479772778	34.34297332740531
49.92776970236324	27.174933064250286
49.92776970236324	27.174933064250286
51.4708979342913	76.60316180531112
51.4708979342913	76.60316180531112
44.571164605463984	67.2516521136382
44.571164605463984	67.2516521136382
75.62883391824268	92.5485505399155
75.62883391824268	92.5485505399155
75.62883391824268	92.5485505399155
77.81049807201786	22.46432439569955
77.81049807201786	22.46432439569955
72.58692043162803	8.767615651324576
72.58692043162803	8.767615651324576
74.69763582181686	72.9625509971155
74.69763582181686	72.9625509971155
67.51410891385916	6.727687265470053
67.51410891385916	6.727687265470053
62.24618829622786	76.95545445234937
62.24618829622786	76.95545445234937
62.24618829622786	76.95545445234937
64.42785245000304	6.87122830813342
64.42785245000304	6.87122830813342
93.21517312973859	72.10130769156517
93.21517312973859	72.10130769156517
97.66718591655693	61.083900590194766
97.66718591655693	61.083900590194766
90.13778526133076	55.45995354797769
90.13778526133076	55.45995354797769
90.13778526133076	55.45995354797769
92.31944793989099	84.37572592854677
92.31944793989099	84.37572592854677
87.05153027268962	55.60349311542611
87.05153027268962	55.60349311542611
79.86800188951695	88.36863085899562
79.86800188951695	88.36863085899562
81.97871727970579	53.56356620478653
81.97871727970579	53.56356620478653
81.97871727970579	53.56356620478653
14.107335356070827	43.58130314105696
14.107335356070827	43.58130314105696
16.218050746259667	8.776237011632919
16.218050746259667	8.776237011632919
10.994474581084788	94.07952826725796
10.994474581084788	94.07952826725796
4.094739777042514	84.72801857558503
4.094739777042514	84.72801857558503
5.637868008970579	35.15625026707578
5.637868008970579	35.15625026707578
5.637868008970579	35.15625026707578
0.7246897340560116	27.98820705349084
0.7246897340560116	27.98820705349084
2.8354051242448515	92.1831409240668
2.8354051242448515	92.1831409240668
84.39131779635669	4.857530909469877
84.39131779635669	4.857530909469877
79.69098433698619	89.85200322586432
79.69098433698619	89.85200322586432
79.69098433698619	89.85200322586432
81.31392845273392	87.2161767658824
81.31392845273392	87.2161767658824
74.34324783553522	14.143828564216337
74.34324783553522	14.143828564216337
78.22767346409276	87.35971633333081
78.22767346409276	87.35971633333081
71.2569913716791	14.287369606879706
71.2569913716791	14.287369606879706
71.2569913716791	14.287369606879706
73.15486194632389	85.31978942269123
73.15486194632389	85.31978942269123
5.212531259102586	11.616689324183492
5.212531259102586	11.616689324183492
97.31279793027527	2.2651781572956073
97.31279793027527	2.2651781572956073
2.1706177724879376	26.835754435592566
2.1706177724879376	26.835754435592566
94.19993568007429	52.76340475871155
94.19993568007429	52.76340475871155
94.19993568007429	52.76340475871155
95.81401120037371	66.91247348498048
95.81401120037371	66.91247348498048
91.11367921621816	52.90694580137493
91.11367921621816	52.90694580137493
21.255742238670454	40.74121625955737
21.255742238670454	40.74121625955737
22.79886899538355	90.16944500061821
22.79886899538355	90.16944500061821
22.79886899538355	90.16944500061821
18.169485774814333	40.88475582700579
18.169485774814333	40.88475582700579
19.71261400674239	90.31298456806663
19.71261400674239	90.31298456806663
12.821749273363363	64.1765811653578
12.821749273363363	64.1765811653578
7.553828655732076	35.40434835223712
7.553828655732076	35.40434835223712
9.735491334292297	64.32012073280622
9.735491334292297	64.32012073280622
9.735491334292297	64.32012073280622
40.793160647070984	89.61702063429847
40.793160647070984	89.61702063429847
42.69103122171578	61.64944045011
42.69103122171578	61.64944045011
35.72034912930213	87.57709224844395
35.72034912930213	87.57709224844395
30.49677296412725	73.88038350406897
30.49677296412725	73.88038350406897
30.49677296412725	73.88038350406897
32.67843564268747	3.7961573598530203
32.67843564268747	3.7961573598530203
13.975013662001647	22.925668218522908
13.975013662001647	22.925668218522908
13.975013662001647	22.925668218522908
9.274680202631146	8.920142010132315
9.274680202631146	8.920142010132315
1.807359715543043	83.80192571372932
1.807359715543043	83.80192571372932
3.926943701180175	32.21196734848433
3.926943701180175	32.21196734848433
97.72997184713522	67.16057157014183
97.72997184713522	67.16057157014183
0.8406872373240549	32.35550691593275
0.8406872373240549	32.35550691593275
0.8406872373240549	32.35550691593275
31.969305313689095	22.373245327418132
31.969305313689095	22.373245327418132
24.99862322127544	48.30089565053712
24.99862322127544	48.30089565053712
26.896493795920225	20.33331694156361
26.896493795920225	20.33331694156361
21.672916155530388	6.636608197188635
21.672916155530388	6.636608197188635
21.672916155530388	6.636608197188635
23.78363154571924	70.8315420677646
23.78363154571924	70.8315420677646
16.316311058631136	46.7133287217915
16.316311058631136	46.7133287217915
47.941567529670614	86.77693375279888
47.941567529670614	86.77693375279888
49.555644525185	1.9259995286378864
49.555644525185	1.9259995286378864
49.555644525185	1.9259995286378864
42.58496095755639	27.85365280218679
42.58496095755639	27.85365280218679
46.75318164045929	58.952893136058826
46.75318164045929	58.952893136058826
39.21491238978485	70.11383980487766
39.21491238978485	70.11383980487766
41.40544513900832	82.24471847441083
41.40544513900832	82.24471847441083
36.13752452137703	53.47248566129016
36.13752452137703	53.47248566129016
36.13752452137703	53.47248566129016
65.56337964774474	98.19010720901521
65.56337964774474	98.19010720901521
69.3768579879309	8.685157943351502
69.3768579879309	8.685157943351502
62.47712465910358	98.33364972689354
62.47712465910358	98.33364972689354
64.02025289103165	48.761878467954375
64.02025289103165	48.761878467954375
64.02025289103165	48.761878467954375
59.0804688297722	91.94852228833697
59.0804688297722	91.94852228833697
52.18073697615985	82.59701112144909
52.18073697615985	82.59701112144909
53.72386373287294	33.02524133772488
53.72386373287294	33.02524133772488
39.11771219628872	19.533156970703587
39.11771219628872	19.533156970703587
39.11771219628872	19.533156970703587
40.66084042821677	68.96138571176442
40.66084042821677	68.96138571176442
33.761107099389456	59.60987602009149
33.761107099389456	59.60987602009149
28.49318648175816	30.837644682185772
28.49318648175816	30.837644682185772
30.399925651851248	85.08516931174645
30.399925651851248	85.08516931174645
23.429243559437595	12.012821110080395
23.429243559437595	12.012821110080395
23.429243559437595	12.012821110080395
27.313669187995128	85.22871035440981
27.313669187995128	85.22871035440981
56.6685755507765	66.22549339214174
56.6685755507765	66.22549339214174
51.471605171946514	2.1740990890141907
51.471605171946514	2.1740990890141907
53.58232056213535	66.36903443480512
53.58232056213535	66.36903443480512
53.58232056213535	66.36903443480512
46.11499859983229	42.25081961361707
46.11499859983229	42.25081961361707
50.2566134963903	24.704745506241668
50.2566134963903	24.704745506241668
43.28592992876169	50.63239730457561
43.28592992876169	50.63239730457561
44.90000692427609	64.78146603084454
44.90000692427609	64.78146603084454
76.52526487053052	5.8450710618519155
76.52526487053052	5.8450710618519155
76.52526487053052	5.8450710618519155
69.05794290822746	80.72685476544892
69.05794290822746	80.72685476544892
71.1686582984163	45.92179011123983
71.1686582984163	45.92179011123983
65.97168791958632	80.87039728332724
65.97168791958632	80.87039728332724
68.09127190522345	29.28043596765235
68.09127190522345	29.28043596765235
68.09127190522345	29.28043596765235
60.90774352205078	62.04557371122185
60.90774352205078	62.04557371122185
91.96541283482946	87.3424736127141
91.96541283482946	87.3424736127141
94.14707698860465	17.258245993283197
94.14707698860465	17.258245993283197
88.87915784618832	87.48601318016253
88.87915784618832	87.48601318016253
91.0608219999635	17.401787035946576
91.0608219999635	17.401787035946576
91.0608219999635	17.401787035946576
83.5225512740741	28.562733704765392
83.5225512740741	28.562733704765392
78.89316805350488	78.27804453115299
78.89316805350488	78.27804453115299
80.76443136658985	1.665149905717079
80.76443136658985	1.665149905717079
63.24939527511535	48.618701381127025
63.24939527511535	48.618701381127025
67.70140806193368	37.60129427975662
67.70140806193368	37.60129427975662
67.70140806193368	37.60129427975662
60.16313881125924	48.76224094857544
60.16313881125924	48.76224094857544
62.34480148981945	77.67801480435948
62.34480148981945	77.67801480435948
57.07688382261807	48.90578199123882
57.07688382261807	48.90578199123882
50.186019089239046	22.769377113315027
50.186019089239046	22.769377113315027
50.186019089239046	22.769377113315027
53.999494478995295	32.264426372436375
53.999494478995295	32.264426372436375
83.14155750144758	20.098696830618813
83.14155750144758	20.098696830618813
85.25227289163642	84.29363217640973
85.25227289163642	84.29363217640973
80.05530103759146	20.242237873282182
80.05530103759146	20.242237873282182
80.05530103759146	20.242237873282182
73.08461894517781	46.169888196401175
73.08461894517781	46.169888196401175
74.6986959406922	60.3189569226701
74.6986959406922	60.3189569226701
69.99836395653665	46.313430714279505
69.99836395653665	46.313430714279505
71.58583369049121	11.817183524086042
71.58583369049121	11.817183524086042
1.727896712943488	98.65145250705353
1.727896712943488	98.65145250705353
1.727896712943488	98.65145250705353
96.02756325357299	84.64592629866294
96.02756325357299	84.64592629866294
97.64164024908737	98.7949935497169
97.64164024908737	98.7949935497169
90.67095815667372	25.722645348050847
90.67095815667372	25.722645348050847
94.55538526044623	98.93853459238028
94.55538526044623	98.93853459238028
94.55538526044623	98.93853459238028
87.59357028826591	9.081291204463364
87.59357028826591	9.081291204463364
19.722188364630934	98.0990281407338
19.722188364630934	98.0990281407338
21.832903754819775	63.29396348652471
21.832903754819775	63.29396348652471
14.649376846862067	96.05910123009423
14.649376846862067	96.05910123009423
14.649376846862067	96.05910123009423
18.462853711833272	6.55415048921556
18.462853711833272	6.55415048921556
11.563120383005957	96.20264079754263
11.563120383005957	96.20264079754263
13.106248614934012	46.630871013818435
13.106248614934012	46.630871013818435
8.476865394364795	96.34618184020601
8.476865394364795	96.34618184020601
64.42502644981212	7.5874776981061975
64.42502644981212	7.5874776981061975
64.42502644981212	7.5874776981061975
66.53574184000097	71.78241304389712
66.53574184000097	71.78241304389712
61.62256504030136	64.61437130552713
61.62256504030136	64.61437130552713
63.16569327222941	15.042601521802924
63.16569327222941	15.042601521802924
56.26595846818714	5.6910903549150405
56.26595846818714	5.6910903549150405
56.26595846818714	5.6910903549150405
50.9980393257708	75.91885901700932
50.9980393257708	75.91885901700932
53.18857207499428	88.04973621132756
53.18857207499428	88.04973621132756
84.24623991255801	14.346636112819812
84.24623991255801	14.346636112819812
86.42790406633318	43.262408493388904
86.42790406633318	43.262408493388904
86.42790406633318	43.262408493388904
78.88963629087371	54.42335516220772
78.88963629087371	54.42335516220772
73.97645801595915	47.255313423837734
73.97645801595915	47.255313423837734
76.087173406148	12.450248769628656
76.087173406148	12.450248769628656
68.61985144384494	87.33203247322565
68.61985144384494	87.33203247322565
73.00091694229187	12.593788337077076
73.00091694229187	12.593788337077076
73.00091694229187	12.593788337077076
2.8325805992688933	92.89939031403956
2.8325805992688933	92.89939031403956
5.014243277829113	22.815164169823614
5.014243277829113	22.815164169823614
98.74632413541278	93.04293283191791
98.74632413541278	93.04293283191791
91.5627957522401	26.808070575487417
91.5627957522401	26.808070575487417
91.5627957522401	26.808070575487417
93.67351114242895	91.00300444606337
93.67351114242895	91.00300444606337
88.47654076359895	26.951610142935827
88.47654076359895	26.951610142935827
90.59612474923608	74.36164882726094
90.59612474923608	74.36164882726094
22.724741350386157	64.37938723874632
22.724741350386157	64.37938723874632
15.75406073318746	90.30704051229523
15.75406073318746	90.30704051229523
15.75406073318746	90.30704051229523
17.368137728701864	5.456106288134227
17.368137728701864	5.456106288134227
12.66780426933135	90.45058007974363
12.66780426933135	90.45058007974363
14.565674843976137	62.48299989555517
14.565674843976137	62.48299989555517
7.027404118086738	73.64394656437398
7.027404118086738	73.64394656437398
7.027404118086738	73.64394656437398
91.42125258150251	60.15186219735269
91.42125258150251	60.15186219735269
93.00872379067204	25.655616482374185
93.00872379067204	25.655616482374185
86.03804169825838	51.58326828070813
86.03804169825838	51.58326828070813
89.92246732681592	25.799156049822596
89.92246732681592	25.799156049822596
82.95178523440227	51.726807848156554
82.95178523440227	51.726807848156554
82.95178523440227	51.726807848156554
84.84965580904705	23.75922913918303
84.84965580904705	23.75922913918303
79.58173519141576	93.98699632606237
79.58173519141576	93.98699632606237
10.01645891323176	22.91972268753655
10.01645891323176	22.91972268753655
13.829937253417926	32.414773421872844
13.829937253417926	32.414773421872844
13.829937253417926	32.414773421872844
6.93020392459061	23.063263730199917
6.93020392459061	23.063263730199917
8.473332156518664	72.49149247126076
8.473332156518664	72.49149247126076
3.8439474607345008	23.20680329764834
3.8439474607345008	23.20680329764834
95.30567821006005	34.36774996646715
95.30567821006005	34.36774996646715
95.30567821006005	34.36774996646715
97.20354878470485	6.400171257493644
97.20354878470485	6.400171257493644
29.82880525574432	46.46377481328607
29.82880525574432	46.46377481328607
31.41627646491385	11.967529098307567
31.41627646491385	11.967529098307567
24.516541660871574	2.616019406634641
24.516541660871574	2.616019406634641
19.248622518455235	72.84378806872891
19.248622518455235	72.84378806872891
19.248622518455235	72.84378806872891
21.430286672230412	2.7595604492980086
21.430286672230412	2.7595604492980086
16.162367529814073	72.98732763617734
16.162367529814073	72.98732763617734
18.06023662924391	45.01974745198886
18.06023662924391	45.01974745198886
47.415144467240246	26.01653196493574
47.415144467240246	26.01653196493574
47.415144467240246	26.01653196493574
42.22704120864358	44.180242475557336
42.22704120864358	44.180242475557336
44.337756598832414	9.375177821348256
44.337756598832414	9.375177821348256
36.87043611174431	84.25696152494524
36.87043611174431	84.25696152494524
41.251500134976304	9.518717388796665
41.251500134976304	9.518717388796665
33.7841796478882	84.40050256760863
33.7841796478882	84.40050256760863
33.7841796478882	84.40050256760863
35.894895038077046	49.595436438184585
35.894895038077046	49.595436438184585
20.978344136017554	29.5746850651583
20.978344136017554	29.5746850651583
13.511022173714492	5.4564717191852035
13.511022173714492	5.4564717191852035
15.621737563903332	69.65140558976117
15.621737563903332	69.65140558976117
15.621737563903332	69.65140558976117
10.42476718507333	5.600011286633624
10.42476718507333	5.600011286633624
12.535482575262181	69.79494663242454
12.535482575262181	69.79494663242454
7.338510721217221	5.7435508540820335
7.338510721217221	5.7435508540820335
36.6934170839986	85.74033536702892
36.6934170839986	85.74033536702892
36.6934170839986	85.74033536702892
38.59128765864338	57.77275518284044
38.59128765864338	57.77275518284044
33.33223563646039	12.21562865868387
54.31523067728769	97.15351177367515
54.31523067728769	97.15351177367515
54.31523067728769	97.15351177367515
58.4568455738457	79.60743766629977
58.4568455738457	79.60743766629977
50.9185748479563	90.76838433511858
50.9185748479563	90.76838433511858
53.100239001731474	20.68415819090263
53.100239001731474	20.68415819090263
47.83231838410019	90.91192537778196
47.83231838410019	90.91192537778196
40.932585055272874	81.56041568610904
40.932585055272874	81.56041568610904
40.932585055272874	81.56041568610904
44.746063395459025	91.05546494523037
44.746063395459025	91.05546494523037
74.17191852182674	36.77308649295542
74.17191852182674	36.77308649295542
75.7150467537548	86.20131818444617
75.7150467537548	86.20131818444617
70.81073707428853	62.24838125982533
70.81073707428853	62.24838125982533
63.84005645708984	88.17603158294432
63.84005645708984	88.17603158294432
63.84005645708984	88.17603158294432
65.45413197738927	3.325100309213244
65.45413197738927	3.325100309213244
60.75379851801877	88.31957262560769
60.75379851801877	88.31957262560769
62.36787551353316	3.4686398766616535
62.36787551353316	3.4686398766616535
45.42042658031945	65.18889648158672
45.42042658031945	65.18889648158672
45.42042658031945	65.18889648158672
40.19685041514457	51.492189212426716
40.19685041514457	51.492189212426716
42.09471951457441	23.524609028238245
42.09471951457441	23.524609028238245
35.124037422160754	49.452259351357235
35.124037422160754	49.452259351357235
39.008463050718284	23.668148595686656
39.008463050718284	23.668148595686656
39.008463050718284	23.668148595686656
32.03778095830463	49.59580186923556
32.03778095830463	49.59580186923556
63.16639903466967	39.613537330291024
63.16639903466967	39.613537330291024
65.27711442485851	4.808472676081945
65.27711442485851	4.808472676081945
57.80979393777041	79.69025933010886
57.80979393777041	79.69025933010886
62.19972655645069	87.16711853249446
62.19972655645069	87.16711853249446
62.19972655645069	87.16711853249446
55.016199648492986	20.932256276063978
55.016199648492986	20.932256276063978
56.55932788042104	70.36048649233976
56.55932788042104	70.36048649233976
51.92994318463686	21.0757958435124
51.92994318463686	21.0757958435124
80.71726386437241	86.30587522694415
80.71726386437241	86.30587522694415
82.8989280181476	16.221649082728195
82.8989280181476	16.221649082728195
82.8989280181476	16.221649082728195
77.67534890254281	2.524940338353224
77.67534890254281	2.524940338353224
79.78606429273165	66.71987568414414
79.78606429273165	66.71987568414414
72.6025388599889	0.48501195249869966
72.6025388599889	0.48501195249869966
67.33461824235759	70.71277913937801
67.33461824235759	70.71277913937801
67.33461824235759	70.71277913937801
69.51628239613278	0.6285529951620674
69.51628239613278	0.6285529951620674
1.5739517089114758	25.925451421439366
1.5739517089114758	25.925451421439366
3.755614387471695	54.84122380200846
3.755614387471695	54.84122380200846
95.21734661201221	66.00217194604224
95.21734661201221	66.00217194604224
95.21734661201221	66.00217194604224
90.59683051167634	98.93258758617895
90.59683051167634	98.93258758617895
92.1399587436044	49.36081780245475
92.1399587436044	49.36081780245475
84.95643036043172	82.12595554602426
84.95643036043172	82.12595554602426
89.33749585887867	7.387709934660724
89.33749585887867	7.387709934660724
71.89340705577557	19.0620999200638
71.89340705577557	19.0620999200638
71.89340705577557	19.0620999200638
74.0041224459644	83.25703526585473
74.0041224459644	83.25703526585473
68.80715059191944	19.205639487512222
68.80715059191944	19.205639487512222
61.88081147674725	60.208816829806835
61.88081147674725	60.208816829806835
65.69428981693342	69.70386608892817
65.69428981693342	69.70386608892817
65.69428981693342	69.70386608892817
58.51076290897571	3.4690038324976826
58.51076290897571	3.4690038324976826
60.621478299164544	67.6639391782886
60.621478299164544	67.6639391782886
91.75009490031462	57.681676114559025
91.75009490031462	57.681676114559025
84.77941428311593	83.60932791289298
84.77941428311593	83.60932791289298
86.39349127863032	97.75839663916189
86.39349127863032	97.75839663916189
86.39349127863032	97.75839663916189
81.70202493949314	66.96797376930549
81.70202493949314	66.96797376930549
83.31610193500754	81.11704102035945
83.31610193500754	81.11704102035945
76.34542131780884	8.044692818693393
76.34542131780884	8.044692818693393
8.757832973304271	54.94578379493635
8.757832973304271	54.94578379493635
8.757832973304271	54.94578379493635
10.300961205232326	5.37401253599718
10.300961205232326	5.37401253599718
3.401226401190051	95.02250284432425
3.401226401190051	95.02250284432425
7.214704741376217	5.517553578660548
7.214704741376217	5.517553578660548
0.2883656262040233	46.5207294457402
0.2883656262040233	46.5207294457402
0.2883656262040233	46.5207294457402
94.09139377215907	81.46933514261266
94.09139377215907	81.46933514261266
96.20210768713295	46.66427048840358
96.20210768713295	46.66427048840358
26.344170709585224	34.49853947137106
26.344170709585224	34.49853947137106
30.15764757455643	43.993590205707356
30.15764757455643	43.993590205707356
23.257915720944073	34.64207903881948
23.257915720944073	34.64207903881948
23.257915720944073	34.64207903881948
24.80104247765717	84.07030925509527
24.80104247765717	84.07030925509527
20.180526377321296	18.000724895231997
20.180526377321296	18.000724895231997
12.642258601861805	29.16167303926577
12.642258601861805	29.16167303926577
14.823921280422036	58.07744541983486
14.823921280422036	58.07744541983486
14.823921280422036	58.07744541983486
98.57923382199068	65.09781741330531
98.57923382199068	65.09781741330531
1.4771043966354753	37.130237229116844
1.4771043966354753	37.130237229116844
93.50642230422181	63.05788902745079
93.50642230422181	63.05788902745079
88.30945192539181	98.00649472432323
88.30945192539181	98.00649472432323
90.46450881760717	78.27695413885986
90.46450881760717	78.27695413885986
90.46450881760717	78.27695413885986
85.19658819997586	49.50472132573918
85.19658819997586	49.50472132573918
87.37825235375105	78.42049370630828
87.37825235375105	78.42049370630828
17.165573033486602	44.65057161452506
17.165573033486602	44.65057161452506
12.252394758572034	37.48253135137004
12.252394758572034	37.48253135137004
12.252394758572034	37.48253135137004
14.363110148760885	2.6774652219460044
14.363110148760885	2.6774652219460044
6.895789661672771	77.55925187597292
6.895789661672771	77.55925187597292
11.285722280353056	85.03611107835852
11.285722280353056	85.03611107835852
3.8184017932649548	60.917896257170476
3.8184017932649548	60.917896257170476
3.8184017932649548	60.917896257170476
5.929117183453795	26.112831602961396
5.929117183453795	26.112831602961396
37.057735259818834	16.13056853923182
37.057735259818834	16.13056853923182
30.08705316740518	42.05822181278072
30.08705316740518	42.05822181278072
31.984922266835007	14.090641628592245
31.984922266835007	14.090641628592245
26.717003124418667	84.31840881547157
26.717003124418667	84.31840881547157
26.717003124418667	84.31840881547157
28.872061491848978	64.58886675479324
28.872061491848978	64.58886675479324
23.675089637804017	0.5374724516656924
23.675089637804017	0.5374724516656924
53.02999747580035	80.53425696461257
53.02999747580035	80.53425696461257
54.644074471314745	94.68332421566653
54.644074471314745	94.68332421566653
54.644074471314745	94.68332421566653
49.94374101194424	80.67779653206098
49.94374101194424	80.67779653206098
51.841611586589025	52.71021782308747
51.841611586589025	52.71021782308747
44.303342335914586	63.871164491906285
44.303342335914586	63.871164491906285
39.68282623557871	96.80158013204301
39.68282623557871	96.80158013204301
41.22595446750676	47.2298103483188
41.22595446750676	47.2298103483188
41.22595446750676	47.2298103483188
24.34945282266444	73.67090398802205
24.34945282266444	73.67090398802205
28.162931162850594	83.16595472235835
28.162931162850594	83.16595472235835
21.263197834023277	73.81444503068542
21.263197834023277	73.81444503068542
15.995277216391989	45.04221221756475
15.995277216391989	45.04221221756475
15.995277216391989	45.04221221756475
17.893146315821816	17.074633508591226
17.893146315821816	17.074633508591226
10.966807200649622	58.07780937567089
10.966807200649622	58.07780937567089
14.780285540835777	67.57285863479223
14.780285540835777	67.57285863479223
44.20614214241846	13.290480182517278
44.20614214241846	13.290480182517278
44.20614214241846	13.290480182517278
45.749270374346516	62.718710398793064
45.749270374346516	62.718710398793064
41.11988567856234	13.434022700395603
41.11988567856234	13.434022700395603
33.58161495267294	24.594969369214418
33.58161495267294	24.594969369214418
35.48835412276602	78.84249399877508
35.48835412276602	78.84249399877508
30.788022138610476	64.83696631516955
30.788022138610476	64.83696631516955
30.788022138610476	64.83696631516955
32.40209913412487	78.98603356622351
32.40209913412487	78.98603356622351
61.757005496906245	59.982818079170386
61.757005496906245	59.982818079170386
56.560033642861285	94.93142377604283
56.560033642861285	94.93142377604283
58.670749033050136	60.12635912183376
58.670749033050136	60.12635912183376
53.47377865422013	95.07496481870622
53.47377865422013	95.07496481870622
53.47377865422013	95.07496481870622
55.58449404440897	60.26989868928218
55.58449404440897	60.26989868928218
48.374359874891425	44.38972199160426
48.374359874891425	44.38972199160426
79.50297795125647	34.407460403089644
79.50297795125647	34.407460403089644
81.61369334144531	98.60239427366561
81.61369334144531	98.60239427366561
81.61369334144531	98.60239427366561
74.14637285435721	74.48417945247756
74.14637285435721	74.48417945247756
78.52743835280415	98.74593531632898
78.52743835280415	98.74593531632898
71.06011639050108	74.62772049514093
71.06011639050108	74.62772049514093
73.17083178068994	39.822655840931844
73.17083178068994	39.822655840931844
73.17083178068994	39.822655840931844
68.26652357643862	15.869718916311003
68.26652357643862	15.869718916311003
50.751486009749165	62.823268916505995
50.751486009749165	62.823268916505995
52.933148688309394	91.73904129707508
52.933148688309394	91.73904129707508
47.665229545893055	62.966809959169375
47.665229545893055	62.966809959169375
49.84689369966823	91.88258233973846
49.84689369966823	91.88258233973846
49.84689369966823	91.88258233973846
44.57897455725189	63.11034952661778
44.57897455725189	63.11034952661778
37.679239753209615	53.75883983494486
37.679239753209615	53.75883983494486
39.55050454150954	76.14594668472392
39.55050454150954	76.14594668472392
70.60817385428822	2.4428465862161777
70.60817385428822	2.4428465862161777
70.60817385428822	2.4428465862161777
72.78983800806341	31.35861896678527
72.78983800806341	31.35861896678527
65.25156875738897	42.51956563560408
65.25156875738897	42.51956563560408
60.6221840616048	92.23487646199166
60.6221840616048	92.23487646199166
62.16531229353286	42.66310667826746
62.16531229353286	42.66310667826746
62.16531229353286	42.66310667826746
55.26557896470554	33.31159698659454
55.26557896470554	33.31159698659454
59.08792442512504	26.02175105946502
59.08792442512504	26.02175105946502
88.22998744757732	13.856020042432501
88.22998744757732	13.856020042432501
90.34070283776616	78.05095538822341
90.34070283776616	78.05095538822341
85.1437309837212	13.999562560310828
85.1437309837212	13.999562560310828
85.1437309837212	13.999562560310828
78.17304889130754	39.927212883429824
78.17304889130754	39.927212883429824
82.05747451986508	14.143102127759247
82.05747451986508	14.143102127759247
75.08679242745143	40.0707539260932
75.08679242745143	40.0707539260932
76.67426363662095	5.57450821111469
76.67426363662095	5.57450821111469
9.086673816901422	52.47559771214269
9.086673816901422	52.47559771214269
9.086673816901422	52.47559771214269
2.115993199702726	78.40324951047663
2.115993199702726	78.40324951047663
3.7300701952171185	92.55231676153059
3.7300701952171185	92.55231676153059
98.02973673584661	78.54679055314
98.02973673584661	78.54679055314
0.6438137313609983	92.69585780419398
0.6438137313609983	92.69585780419398
0.6438137313609983	92.69585780419398
92.67313163894734	19.623509602527918
92.67313163894734	19.623509602527918
51.92711718444595	21.79204523348516
51.92711718444595	21.79204523348516
54.037832574634784	85.98698057927608
54.037832574634784	85.98698057927608
46.85430566667708	19.752118322845597
46.85430566667708	19.752118322845597
50.66778400686323	29.247169057181893
50.66778400686323	29.247169057181893
50.66778400686323	29.247169057181893
43.76805067803592	19.895657890294007
43.76805067803592	19.895657890294007
38.50013006040463	90.12342507717334
38.50013006040463	90.12342507717334
40.68179421417981	20.039200408172345
40.68179421417981	20.039200408172345
69.51345787115682	1.3448023851348447
69.51345787115682	1.3448023851348447
69.51345787115682	1.3448023851348447
73.89452041917384	25.606558248986268
73.89452041917384	25.606558248986268
66.7109949864311	58.37169599255577
66.7109949864311	58.37169599255577
68.2541217431442	8.799924733616614
68.2541217431442	8.799924733616614
63.62473852257498	58.51523556000419
63.62473852257498	58.51523556000419
56.08646779668558	69.67618222882301
56.08646779668558	69.67618222882301
56.08646779668558	69.67618222882301
58.26813195046076	98.5919546093921
58.26813195046076	98.5919546093921
89.3346713339027	8.103959324633502
89.3346713339027	8.103959324633502
91.51633401246293	37.01973170520259
91.51633401246293	37.01973170520259
86.24841339483163	8.247500367296869
86.24841339483163	8.247500367296869
86.24841339483163	8.247500367296869
79.06488648687392	41.012638110866384
79.06488648687392	41.012638110866384
81.17560187706277	6.207571981442345
81.17560187706277	6.207571981442345
75.97863149823277	41.15617767831479
75.97863149823277	41.15617767831479
78.08934688842162	6.351113024105713
78.08934688842162	6.351113024105713
78.08934688842162	6.351113024105713
7.921009070183664	86.6567150010682
7.921009070183664	86.6567150010682
3.2916243743995	37.37202730267075
3.2916243743995	37.37202730267075
4.8347540815425125	86.8002560437316
4.8347540815425125	86.8002560437316
96.65122569836984	20.565393787301108
96.65122569836984	20.565393787301108
2.0322911968167965	44.82714965115253
2.0322911968167965	44.82714965115253
2.0322911968167965	44.82714965115253
93.56496923451374	20.70893335474952
93.56496923451374	20.70893335474952
95.67568462470257	84.90386870054044
95.67568462470257	84.90386870054044
80.51081452530585	39.860184017753156
80.51081452530585	39.860184017753156
73.5401324328922	65.7878358160871
73.5401324328922	65.7878358160871
73.5401324328922	65.7878358160871
77.42455806144974	40.003725060416535
77.42455806144974	40.003725060416535
70.45387596903609	65.93137538353552
70.45387596903609	65.93137538353552
72.35174506846592	37.963796674562005
72.35174506846592	37.963796674562005
67.08382740126454	9.191563861441328
67.08382740126454	9.191563861441328
67.08382740126454	9.191563861441328
96.50968252763225	53.909186884381334
96.50968252763225	53.909186884381334
98.09715226158681	19.412939694187877
98.09715226158681	19.412939694187877
93.39682027743126	5.407413485797283
93.39682027743126	5.407413485797283
95.01089727294566	19.556479261636287
95.01089727294566	19.556479261636287
88.040215180532	45.484132535185196
88.040215180532	45.484132535185196
88.040215180532	45.484132535185196
83.12703690561744	38.31609079681521
83.12703690561744	38.31609079681521
84.6701651375455	87.74431953787605
84.6701651375455	87.74431953787605
15.096021739128167	33.46194108560109
15.096021739128167	33.46194108560109
18.918367199547667	26.17209810890149
18.918367199547667	26.17209810890149
18.918367199547667	26.17209810890149
12.018632395505392	16.820586942013605
12.018632395505392	16.820586942013605
6.75071472830401	87.0483556041079
6.75071472830401	87.0483556041079
8.93237740686423	16.964127984676985
8.93237740686423	16.964127984676985
1.39410815618979	28.1250746534958
1.39410815618979	28.1250746534958
5.562328839092686	59.22431498736783
5.562328839092686	59.22431498736783
5.562328839092686	59.22431498736783
34.917235201874064	40.22109950031471
34.917235201874064	40.22109950031471
36.50470493582862	5.724853785336214
36.50470493582862	5.724853785336214
31.875321715259414	55.440164611723795
31.875321715259414	55.440164611723795
24.337052464584975	66.60111128054261
24.337052464584975	66.60111128054261
24.337052464584975	66.60111128054261
26.518715143145194	95.51688366111169
26.518715143145194	95.51688366111169
21.250797475943813	66.74465084799102
21.250797475943813	66.74465084799102
23.14866657537364	38.777072139017505
23.14866657537364	38.777072139017505
6.201216166944978	1.497327268727625
6.201216166944978	1.497327268727625
1.0131129083483106	19.66103925456418
1.0131129083483106	19.66103925456418
1.0131129083483106	19.66103925456418
3.1238282985371506	83.85597312514014
3.1238282985371506	83.85597312514014
96.92685791970716	19.80457882201259
96.92685791970716	19.80457882201259
0.03757330989599961	83.99951416780351
0.03757330989599961	83.99951416780351
91.57025134759294	59.881299346615464
91.57025134759294	59.881299346615464
91.57025134759294	59.881299346615464
24.195509293847373	0.9449043776228384
24.195509293847373	0.9449043776228384
26.09337839327721	71.97732419343437
26.09337839327721	71.97732419343437
18.599452119844234	98.21379493099889
18.599452119844234	98.21379493099889
22.980517618291174	23.475550794850314
22.980517618291174	23.475550794850314
15.513195655988111	98.35733449844732
15.513195655988111	98.35733449844732
15.513195655988111	98.35733449844732
17.623911046176953	63.55226984423823
17.623911046176953	63.55226984423823
12.426940667346962	98.50087554111069
12.426940667346962	98.50087554111069
41.78184703012834	79.4976585788426
41.78184703012834	79.4976585788426
43.679717604773124	51.53007986986909
43.679717604773124	51.53007986986909
43.679717604773124	51.53007986986909
38.42066558259012	5.972953345712507
38.42066558259012	5.972953345712507
40.602329736365306	34.888725726281606
40.602329736365306	34.888725726281606
35.33441059394897	6.116492913160928
35.33441059394897	6.116492913160928
28.43467578990669	95.764983221488
28.43467578990669	95.764983221488
29.977804021834746	46.19321196254884
29.977804021834746	46.19321196254884
29.977804021834746	46.19321196254884
61.67401073167553	50.97765550354935
61.67401073167553	50.97765550354935
63.21713748838862	1.405885719825137
63.21713748838862	1.405885719825137
56.007004794086036	84.52570754693227
56.007004794086036	84.52570754693227
51.37762009830186	35.241018373319854
51.37762009830186	35.241018373319854
51.37762009830186	35.241018373319854
52.92074833022993	84.66924858959565
52.92074833022993	84.66924858959565
46.02101647661757	75.31773889792272
46.02101647661757	75.31773889792272
49.83449186637381	84.81278963225901
49.83449186637381	84.81278963225901
32.95799169674643	12.253884747177224
32.95799169674643	12.253884747177224
32.95799169674643	12.253884747177224
27.690071079115146	82.48165193405654
27.690071079115146	82.48165193405654
29.596810249208225	37.72917656361721
29.596810249208225	37.72917656361721
22.626128156794568	63.656828361951156
22.626128156794568	63.656828361951156
26.510555260567074	37.87271613106563
26.510555260567074	37.87271613106563
19.539871692938462	63.800369404614536
19.539871692938462	63.800369404614536
19.539871692938462	63.800369404614536
21.153948688452854	77.94943665566849
21.153948688452854	77.94943665566849
52.779206634707286	19.01304168667588
52.779206634707286	19.01304168667588
45.311884672404226	93.89482539027287
45.311884672404226	93.89482539027287
47.18314946070414	17.28193371526689
47.18314946070414	17.28193371526689
47.18314946070414	17.28193371526689
42.48281600133363	3.2764045564463835
42.48281600133363	3.2764045564463835
44.09689299684803	17.425473282715302
44.09689299684803	17.425473282715302
37.12621090443437	43.35312508104925
37.12621090443437	43.35312508104925
68.25482898079942	33.37086201731967
68.25482898079942	33.37086201731967
70.36554437098825	97.56579736311059
70.36554437098825	97.56579736311059
70.36554437098825	97.56579736311059
65.16857251694329	33.51440305998305
65.16857251694329	33.51440305998305
67.28815650258042	80.92444321952311
67.28815650258042	80.92444321952311
60.104629594622715	14.689580963092624
60.104629594622715	14.689580963092624
54.836708976991424	84.91734814997194
54.836708976991424	84.91734814997194
54.836708976991424	84.91734814997194
57.018373130766605	14.833120530541045
57.018373130766605	14.833120530541045
85.80569233528719	80.06319843875782
85.80569233528719	80.06319843875782
90.25770512210552	69.04579281260239
90.25770512210552	69.04579281260239
82.71943734664605	80.20674095663617
82.71943734664605	80.20674095663617
82.71943734664605	80.20674095663617
84.87449571407635	60.477198895957834
84.87449571407635	60.477198895957834
79.96131743916177	53.30915568237289
79.96131743916177	53.30915568237289
72.42304818848734	64.47010235119171
72.42304818848734	64.47010235119171
74.60471234226252	93.38587768219071
74.60471234226252	93.38587768219071
59.360024883831166	1.406248200446208
59.360024883831166	1.406248200446208
59.360024883831166	1.406248200446208
61.54168756239139	30.322022056230256
61.54168756239139	30.322022056230256
56.273766944760105	1.5497892431095757
56.273766944760105	1.5497892431095757
49.374035091147746	91.19827955143666
49.374035091147746	91.19827955143666
50.92603044330913	24.84161310624663
50.92603044330913	24.84161310624663
46.012853643609525	17.673571367876647
46.012853643609525	17.673571367876647
46.012853643609525	17.673571367876647
48.12356903379836	81.86850671366757
48.12356903379836	81.86850671366757
76.9818370019053	12.819424607092449
76.9818370019053	12.819424607092449
72.28150501774975	97.8138969234869
72.28150501774975	97.8138969234869
73.89558053804919	12.962964174540868
73.89558053804919	12.962964174540868
73.89558053804919	12.962964174540868
66.96924142287699	53.96614004162052
66.96924142287699	53.96614004162052
70.7827182878482	63.461190775956815
70.7827182878482	63.461190775956815
63.59919285510544	96.22632851952633
63.59919285510544	96.22632851952633
65.70990824529429	61.42126239010229
65.70990824529429	61.42126239010229
96.83852484644436	51.438999326372716
96.83852484644436	51.438999326372716
96.83852484644436	51.438999326372716
89.8678427540307	77.36665259992162
89.8678427540307	77.36665259992162
93.75226838258824	51.58254036903608
93.75226838258824	51.58254036903608
86.78158776538955	77.510193642585
86.78158776538955	77.510193642585
88.40453188113727	74.87436423217314
88.40453188113727	74.87436423217314
88.40453188113727	74.87436423217314
83.70419842176678	60.868838023782544
83.70419842176678	60.868838023782544
13.846261444219053	48.70310700675004
13.846261444219053	48.70310700675004
15.389389676147108	98.13133722302582
15.389389676147108	98.13133722302582
10.76000645557789	48.8466480494134
10.76000645557789	48.8466480494134
10.76000645557789	48.8466480494134
12.303134687505956	98.2748782656892
12.303134687505956	98.2748782656892
5.376795572333763	40.27805265755389
5.376795572333763	40.27805265755389
0.17982371828880284	75.2266598296413
0.17982371828880284	75.2266598296413
2.2905391084776427	40.421593700217265
2.2905391084776427	40.421593700217265
84.13024240928996	9.979336250377905
84.13024240928996	9.979336250377905
84.13024240928996	9.979336250377905
87.94372074947613	19.47438550949924
87.94372074947613	19.47438550949924
81.0439874206488	10.122877293041272
93.3978803963066	91.76381941135189
93.3978803963066	91.76381941135189
95.5529387637369	72.03427735067355
95.5529387637369	72.03427735067355
90.2850181461056	43.26204601276783
90.2850181461056	43.26204601276783
90.2850181461056	43.26204601276783
92.46668229988079	72.17781839333692
92.46668229988079	72.17781839333692
24.524351612659483	97.47471681961422
24.524351612659483	97.47471681961422
17.340824704701774	31.239854563183734
17.340824704701774	31.239854563183734
19.451540094890614	95.43478990897465
19.451540094890614	95.43478990897465
14.254568240845664	31.383395605847113
14.254568240845664	31.383395605847113
14.254568240845664	31.383395605847113
16.374152226482796	78.79343576538717
16.374152226482796	78.79343576538717
8.906830264179737	54.67521946898417
8.906830264179737	54.67521946898417
40.53208821043417	94.73882449999154
40.53208821043417	94.73882449999154
42.14616520594857	9.88789322626047
42.14616520594857	9.88789322626047
42.14616520594857	9.88789322626047
35.17548163831996	35.815545024594414
35.17548163831996	35.815545024594414
39.34370232122284	66.91478683368139
39.34370232122284	66.91478683368139
31.805433070548407	78.07573350250023
31.805433070548407	78.07573350250023
33.96048996276375	58.346189966606936
33.96048996276375	58.346189966606936
28.763519583933757	93.29479713869434
28.763519583933757	93.29479713869434
28.763519583933757	93.29479713869434
11.816069175505087	56.01505374361942
11.816069175505087	56.01505374361942
15.700494804062632	30.23094151273388
15.700494804062632	30.23094151273388
8.729814186863937	56.158594786282784
8.729814186863937	56.158594786282784
10.627683286293763	28.191014602094313
10.627683286293763	28.191014602094313
5.359764143877423	98.41878178897363
5.359764143877423	98.41878178897363
5.359764143877423	98.41878178897363
97.4688994104984	72.28237691104985
97.4688994104984	72.28237691104985
0.012026167211495298	22.710605652110686
0.012026167211495298	22.710605652110686
31.70823287705228	27.495049193111203
31.70823287705228	27.495049193111203
33.25136110898033	76.92327940938699
33.25136110898033	76.92327940938699
33.25136110898033	76.92327940938699
26.35162630493806	67.57176971771406
26.35162630493806	67.57176971771406
21.08370716252172	38.799536904593396
21.08370716252172	38.799536904593396
22.981576261951556	10.831956720404916
22.981576261951556	10.831956720404916
16.055237146779362	51.835132587484566
16.055237146779362	51.835132587484566
16.055237146779362	51.835132587484566
19.868715486965517	61.330183321820876
19.868715486965517	61.330183321820876
49.29457061333323	7.047804869545914
49.29457061333323	7.047804869545914
44.0266514709169	77.27557205642525
44.0266514709169	77.27557205642525
46.20831562469208	7.191345912209293
46.20831562469208	7.191345912209293
38.67004489880268	18.35229258102811
38.67004489880268	18.35229258102811
38.67004489880268	18.35229258102811
42.83826558170558	49.4515343901151
42.83826558170558	49.4515343901151
35.87645060952526	58.5942910021982
35.87645060952526	58.5942910021982
37.49052760503965	72.74335825325215
37.49052760503965	72.74335825325215
69.11578555129408	13.806961809044582
69.11578555129408	13.806961809044582
69.11578555129408	13.806961809044582
61.64846358899102	88.68874846307149
61.64846358899102	88.68874846307149
63.75917897917987	53.8836838088624
63.75917897917987	53.8836838088624
58.56220860034987	88.83228803051989
58.56220860034987	88.83228803051989
60.67292399053871	54.027223376310815
60.67292399053871	54.027223376310815
53.489397082581	86.79236111988033
53.489397082581	86.79236111988033
53.489397082581	86.79236111988033
38.28905112617616	9.888255706881528
38.28905112617616	9.888255706881528
40.39976504115004	74.08319105267245
40.39976504115004	74.08319105267245
35.20279466232004	10.031796749544897
35.20279466232004	10.031796749544897
37.31351005250889	74.22673209533582
37.31351005250889	74.22673209533582
37.31351005250889	74.22673209533582
29.84618956542078	50.10851727414777
29.84618956542078	50.10851727414777
25.145857581265236	36.10298959054222
25.145857581265236	36.10298959054222
27.052595276143354	90.3505142201029
27.052595276143354	90.3505142201029
55.8399159558789	56.58059360353464
55.8399159558789	56.58059360353464
60.29192874269723	45.563187977379194
60.29192874269723	45.563187977379194
60.29192874269723	45.563187977379194
52.75365949202279	56.72413464619802
52.75365949202279	56.72413464619802
54.935322170583014	85.6399070267671
54.935322170583014	85.6399070267671
49.667403028166675	56.86767421364643
49.667403028166675	56.86767421364643
42.76766969933936	47.5161645219735
42.76766969933936	47.5161645219735
42.76766969933936	47.5161645219735
46.581146564310565	57.01121378109484
46.581146564310565	57.01121378109484
75.69660380041796	95.20016979802986
75.69660380041796	95.20016979802986
77.87826647897819	25.115942178598957
77.87826647897819	25.115942178598957
72.61034733656186	95.34370936547828
72.61034733656186	95.34370936547828
65.71061400773453	85.99219967380535
65.71061400773453	85.99219967380535
65.71061400773453	85.99219967380535
67.2537422396626	36.42043136529611
67.2537422396626	36.42043136529611
62.624359019093376	86.13574071646873
62.624359019093376	86.13574071646873
64.17635437125476	19.779075746493668
64.17635437125476	19.779075746493668
93.31841739370705	7.613344729461149
93.31841739370705	7.613344729461149
93.31841739370705	7.613344729461149
88.61808393433654	92.6078170458556
88.61808393433654	92.6078170458556
90.23216092985093	7.756885772124517
90.23216092985093	7.756885772124517
83.26147883743728	33.68453757045846
83.26147883743728	33.68453757045846
87.14590299077987	7.900425339572937
87.14590299077987	7.900425339572937
87.14590299077987	7.900425339572937
80.17522237358118	33.82807861312184
80.17522237358118	33.82807861312184
42.74491231840535	61.932623749706956
42.74491231840535	61.932623749706956
44.61617563149029	84.31972912427105
44.61617563149029	84.31972912427105
37.64549353907664	11.247382397819958
37.64549353907664	11.247382397819958
41.529920642849135	84.46327016693444
41.529920642849135	84.46327016693444
41.529920642849135	84.46327016693444
34.55923707522052	11.39092196526838
34.55923707522052	11.39092196526838
36.173314070734925	25.539990691537298
36.173314070734925	25.539990691537298
31.47298208657937	11.534463007931747
31.47298208657937	11.534463007931747
60.34011865013459	24.700485715105778
60.34011865013459	24.700485715105778
60.34011865013459	24.700485715105778
62.45083404032343	88.89541958568174
62.45083404032343	88.89541958568174
57.53765576540887	81.72737637209678
57.53765576540887	81.72737637209678
59.08078399733693	32.15560806358754
59.08078399733693	32.15560806358754
52.18105066850961	22.80409837191462
52.18105066850961	22.80409837191462
46.913131526093274	93.03186555879394
46.913131526093274	93.03186555879394
46.913131526093274	93.03186555879394
49.0947942046535	22.94763793936303
49.0947942046535	22.94763793936303
80.1524635174322	48.24453636564033
80.1524635174322	48.24453636564033
82.30752336007745	28.514995780176953
82.30752336007745	28.514995780176953
75.12399497690478	61.280133523746464
75.12399497690478	61.280133523746464
75.12399497690478	61.280133523746464
69.85607583448845	32.50790071062579
69.85607583448845	32.50790071062579
72.03773851304868	61.423673091194885
72.03773851304868	61.423673091194885
64.49947073758919	72.58461976001371
64.49947073758919	72.58461976001371
68.95148352440751	61.56721413385826
68.95148352440751	61.56721413385826
68.95148352440751	61.56721413385826
97.74767132437641	11.012398331039144
97.74767132437641	11.012398331039144
0.9293354781515845	39.92817218682319
0.9293354781515845	39.92817218682319
94.66141633573524	11.155939373702523
94.66141633573524	11.155939373702523
87.47788942777754	43.92107564205708
87.47788942777754	43.92107564205708
89.58860481796637	9.116010987847998
89.58860481796637	9.116010987847998
89.58860481796637	9.116010987847998
84.39163148870647	44.06461668472045
84.39163148870647	44.06461668472045
86.50234687889531	9.259552030511367
86.50234687889531	9.259552030511367
71.30200239770542	31.355446617512566
71.30200239770542	31.355446617512566
64.40226906887811	22.003936925839643
64.40226906887811	22.003936925839643
65.94539730080616	71.43216714211543
65.94539730080616	71.43216714211543
65.94539730080616	71.43216714211543
61.03221902589159	64.2641239285305
61.03221902589159	64.2641239285305
63.142934416080436	29.45905927432141
63.142934416080436	29.45905927432141
55.675613928992334	5.340845928348325
55.675613928992334	5.340845928348325
87.30087040003181	45.40444948414074
87.30087040003181	45.40444948414074
87.30087040003181	45.40444948414074
88.9149473955462	59.55351673519471
88.9149473955462	59.55351673519471
81.95313389858084	68.6962733472778
81.95313389858084	68.6962733472778
85.8375595271384	42.91216259160722
85.8375595271384	42.91216259160722
78.86687743472474	68.83981438994117
78.86687743472474	68.83981438994117
80.76474800936953	40.87223568096765
80.76474800936953	40.87223568096765
80.76474800936953	40.87223568096765
75.49682739173822	12.100002867846982
75.49682739173822	12.100002867846982
5.922683993320899	56.81762441557202
5.922683993320899	56.81762441557202
9.780503835533567	81.38819921865404
9.780503835533567	81.38819921865404
2.8098217431199126	8.31585101698798
2.8098217431199126	8.31585101698798
2.8098217431199126	8.31585101698798
4.423897263419347	22.4649197432569
4.423897263419347	22.4649197432569
98.72356675447875	8.459390584436388
98.72356675447875	8.459390584436388
91.54003837130608	41.2245283280059
91.54003837130608	41.2245283280059
93.08316512801919	90.6527585442817
93.08316512801919	90.6527585442817
25.779371837859962	95.43720208528221
25.779371837859962	95.43720208528221
25.779371837859962	95.43720208528221
27.322500069788017	45.86543082634304
27.322500069788017	45.86543082634304
20.43163533640899	19.729025948419263
20.43163533640899	19.729025948419263
15.163714718777706	89.95679313529858
15.163714718777706	89.95679313529858
17.34537887255288	19.87256699108263
17.34537887255288	19.87256699108263
17.34537887255288	19.87256699108263
12.077458254921586	90.10033417796195
12.077458254921586	90.10033417796195
13.975328829566381	62.13275399377348
13.975328829566381	62.13275399377348
96.02787989635267	24.853010598698557
96.02787989635267	24.853010598698557
90.80430078074788	11.156301854323583
90.80430078074788	11.156301854323583
90.80430078074788	11.156301854323583
92.98596493452305	40.072074234892675
92.98596493452305	40.072074234892675
85.44769715906357	51.2330209037115
85.44769715906357	51.2330209037115
89.8997099458819	40.215615277556054
89.8997099458819	40.215615277556054
82.36144069520746	51.37656194637487
82.36144069520746	51.37656194637487
84.25931126985225	23.40898323740136
84.25931126985225	23.40898323740136
84.25931126985225	23.40898323740136
16.884567740891733	63.47258826840874
16.884567740891733	63.47258826840874
9.417245778588672	39.35437197200573
9.417245778588672	39.35437197200573
11.536829764225804	86.76441213154578
11.536829764225804	86.76441213154578
6.339857910180844	22.713017828418245
6.339857910180844	22.713017828418245
6.339857910180844	22.713017828418245
8.450573300369696	86.90795317420917
8.450573300369696	86.90795317420917
3.253601446324735	22.856557395866655
3.253601446324735	22.856557395866655
32.608509284321066	3.8533419088135346
32.608509284321066	3.8533419088135346
34.50637985896585	74.88576172462507
34.50637985896585	74.88576172462507
29.282802218576027	61.18905445546505
29.282802218576027	61.18905445546505
29.282802218576027	61.18905445546505
31.393517608764867	26.38398832604101
31.393517608764867	26.38398832604101
23.926198596891723	2.2657735048529672
23.926198596891723	2.2657735048529672
19.22586513752121	87.26024582124741
19.22586513752121	87.26024582124741
20.839940657820645	2.409314547516335
20.839940657820645	2.409314547516335
20.839940657820645	2.409314547516335
50.19484849581699	82.40609906046322
50.19484849581699	82.40609906046322
54.36306770350492	14.50533939433524
54.36306770350492	14.50533939433524
46.82479845283048	25.666286063154068
46.82479845283048	25.666286063154068
49.01533120205395	37.79716325747229
49.01533120205395	37.79716325747229
43.74741205963762	9.024930444351623
43.74741205963762	9.024930444351623
43.74741205963762	9.024930444351623
36.8476787308103	98.67342222789365
36.8476787308103	98.67342222789365
40.66115412056654	9.168471487014992
40.66115412056654	9.168471487014992
23.784653950939177	35.60956512671824
23.784653950939177	35.60956512671824
25.32778218286723	85.03779681820899
25.32778218286723	85.03779681820899
25.32778218286723	85.03779681820899
20.387998121607787	29.224439163376626
20.387998121607787	29.224439163376626
13.48826479278047	19.8729294717037
13.48826479278047	19.8729294717037
15.031391549493566	69.30115968797949
15.031391549493566	69.30115968797949
10.402008328924362	20.016470514367068
10.402008328924362	20.016470514367068
11.945136560852417	69.44470073064286
11.945136560852417	69.44470073064286
11.945136560852417	69.44470073064286
41.370993162435084	15.16232227836791
41.370993162435084	15.16232227836791
36.10307254480379	85.39008946524724
36.10307254480379	85.39008946524724
38.00094164423363	57.42250928105876
38.00094164423363	57.42250928105876
31.039129622483223	66.56526736835681
31.039129622483223	66.56526736835681
31.039129622483223	66.56526736835681
34.92355525104076	40.78115513747127
34.92355525104076	40.78115513747127
27.952873158627103	66.70880841102017
27.952873158627103	66.70880841102017
59.08149123499214	56.7265453472906
59.08149123499214	56.7265453472906
61.19220662518098	21.921479217866565
61.19220662518098	21.921479217866565
61.19220662518098	21.921479217866565
53.72488466287792	96.80326587189349
53.72488466287792	96.80326587189349
57.86649955943593	79.25719176451808
57.86649955943593	79.25719176451808
50.89581599180732	6.184843562852038
50.89581599180732	6.184843562852038
52.50989298732172	20.333910813905998
52.50989298732172	20.333910813905998
47.809561003166166	6.328383130300447
47.809561003166166	6.328383130300447
47.809561003166166	6.328383130300447
76.6678289712731	36.27930102372533
76.6678289712731	36.27930102372533
78.77854436146194	1.4742363695162473
78.77854436146194	1.4742363695162473
73.58157398263194	36.42284059117374
73.58157398263194	36.42284059117374
75.69228937282078	1.6177759369646676
75.69228937282078	1.6177759369646676
75.69228937282078	1.6177759369646676
68.51762958509642	17.59801849428332
68.51762958509642	17.59801849428332
63.24971044268007	87.82578568116264
63.24971044268007	87.82578568116264
65.4313731212403	17.74155953694669
65.4313731212403	17.74155953694669
50.1866871380239	24.76193153041714
50.1866871380239	24.76193153041714
52.36834981658412	53.67770538620119
52.36834981658412	53.67770538620119
52.36834981658412	53.67770538620119
44.83008056590968	64.83865205502
44.83008056590968	64.83865205502
40.20069734534047	15.553961406192634
40.20069734534047	15.553961406192634
42.07196213364038	37.94106825597169
42.07196213364038	37.94106825597169
34.533692882965944	49.10201492479052
34.533692882965944	49.10201492479052
34.533692882965944	49.10201492479052
38.985705669784274	38.084609298635065
38.985705669784274	38.084609298635065
67.77302487430487	4.314687206851862
67.77302487430487	4.314687206851862
69.95468902808004	33.23045958742095
69.95468902808004	33.23045958742095
64.68676988566371	4.458226774300272
64.68676988566371	4.458226774300272
57.787035081621426	94.10671708262734
57.787035081621426	94.10671708262734
57.787035081621426	94.10671708262734
61.60938054204093	86.8168726307128
61.60938054204093	86.8168726307128
54.42585363408322	20.5820103742823
54.42585363408322	20.5820103742823
56.53656902427206	84.77694572007321
56.53656902427206	84.77694572007321
87.66518857585206	74.79468265634365
87.66518857585206	74.79468265634365
87.66518857585206	74.79468265634365
80.69450500822344	1.7223344546775932
80.69450500822344	1.7223344546775932
82.30858200373784	15.871403180946512
82.30858200373784	15.871403180946512
77.60825001958229	1.8658740221260026
77.60825001958229	1.8658740221260026
79.1957212287518	66.36962830714751
79.1957212287518	66.36962830714751
72.01219284557914	0.13476605071701497
72.01219284557914	0.13476605071701497
72.01219284557914	0.13476605071701497
4.637449316618616	40.198371081724396
4.637449316618616	40.198371081724396
6.251526312133008	54.34743980799332
6.251526312133008	54.34743980799332
98.28084421971936	80.27509160632728
98.28084421971936	80.27509160632728
3.165271323491857	54.49097937544174
3.165271323491857	54.49097937544174
95.19458775586324	80.41863117377568
95.19458775586324	80.41863117377568
95.19458775586324	80.41863117377568
90.00648597248153	98.58234168439728
90.00648597248153	98.58234168439728
92.11720136267037	63.7772770301882
92.11720136267037	63.7772770301882
74.95690613869766	33.33501810513388
74.95690613869766	33.33501810513388
78.77038300366885	42.83006883947017
78.77038300366885	42.83006883947017
78.77038300366885	42.83006883947017
71.87064967484154	33.478559147797256
71.87064967484154	33.478559147797256
73.4137779067696	82.90678936407305
73.4137779067696	82.90678936407305
68.78439321098543	33.62210019046062
68.78439321098543	33.62210019046062
61.29046693755245	59.858570928025145
61.29046693755245	59.858570928025145
61.29046693755245	59.858570928025145
63.40118232774129	25.053506273816065
63.40118232774129	25.053506273816065
94.81359250802176	71.95459577484407
94.81359250802176	71.95459577484407
96.35672221516478	22.382824515904893
96.35672221516478	22.382824515904893
89.45698888633746	13.031314824231968
89.45698888633746	13.031314824231968
84.18906826870617	83.2590820111113
84.18906826870617	83.2590820111113
84.18906826870617	83.2590820111113
86.37959954271467	95.38996068064448
86.37959954271467	95.38996068064448
81.1116818755133	66.6177278675238
81.1116818755133	66.6177278675238
83.29334455407353	95.53350024809289
83.29334455407353	95.53350024809289
13.080663758594115	61.76357963152464
13.080663758594115	61.76357963152464
13.080663758594115	61.76357963152464
8.167486958894505	54.59553789315466
8.167486958894505	54.59553789315466
10.278202349083346	19.790473238945584
10.278202349083346	19.790473238945584
2.8108818619952434	94.67225694254257
2.8108818619952434	94.67225694254257
7.191945885227236	19.934012806394005
7.191945885227236	19.934012806394005
7.191945885227236	19.934012806394005
98.69801961179425	46.170483543958525
98.69801961179425	46.170483543958525
1.8796822903544772	75.08625739974258
1.8796822903544772	75.08625739974258
32.93735160313318	1.383155826019872
32.93735160313318	1.383155826019872
25.753826170390425	34.148293569589384
25.753826170390425	34.148293569589384
27.864541560579266	98.34322891538031
27.864541560579266	98.34322891538031
22.66756970653431	34.29183461225276
22.66756970653431	34.29183461225276
22.66756970653431	34.29183461225276
24.787152216956493	81.70187329657786
24.787152216956493	81.70187329657786
19.59018183812649	17.650480468665272
19.59018183812649	17.650480468665272
2.642731429697819	79.37073559837539
2.642731429697819	79.37073559837539
4.256808425212212	93.51980284942935
4.256808425212212	93.51980284942935
98.55647644105667	79.5142751658238
98.55647644105667	79.5142751658238
98.55647644105667	79.5142751658238
1.454345540486495	51.546696456850285
1.454345540486495	51.546696456850285
92.91607776502701	62.7076431256691
92.91607776502701	62.7076431256691
88.28669306924284	13.422953952056682
88.28669306924284	13.422953952056682
89.8741628031974	77.92670823707819
89.8741628031974	77.92670823707819
89.8741628031974	77.92670823707819
20.22907064119374	58.92349275002506
20.22907064119374	58.92349275002506
24.11349774496623	33.139380519139536
24.11349774496623	33.139380519139536
17.14281417733762	59.06703231747348
17.14281417733762	59.06703231747348
19.04068475198242	31.09945213328501
19.04068475198242	31.09945213328501
13.772765609566077	2.3272207953792887
13.772765609566077	2.3272207953792887
13.772765609566077	2.3272207953792887
6.8730322807387605	91.9757096284914
6.8730322807387605	91.9757096284914
10.695377741158248	84.6858666517918
10.695377741158248	84.6858666517918
40.121232867525976	30.403488199516847
40.121232867525976	30.403488199516847
41.66436109945403	79.83171694057769
41.66436109945403	79.83171694057769
41.66436109945403	79.83171694057769
37.03497787888481	30.547027766965265
37.03497787888481	30.547027766965265
29.496707152995413	41.70797443578408
29.496707152995413	41.70797443578408
31.394577727640197	13.740394251595612
31.394577727640197	13.740394251595612
26.694245743484654	98.73486804320503
26.694245743484654	98.73486804320503
28.281715477439214	64.23862085301155
28.281715477439214	64.23862085301155
28.281715477439214	64.23862085301155
57.70757207902189	9.956243875951568
57.70757207902189	9.956243875951568
52.43965146139059	80.18401106283089
52.43965146139059	80.18401106283089
54.62131561516578	10.09978344339999
54.62131561516578	10.09978344339999
49.35339499753448	80.32755210549426
49.35339499753448	80.32755210549426
49.35339499753448	80.32755210549426
51.251265572179264	52.3599719213058
51.251265572179264	52.3599719213058
44.28058347976561	78.28762371963974
44.28058347976561	78.28762371963974
29.11571338036889	33.24393903685246
29.11571338036889	33.24393903685246
31.22642877055773	97.43887438264338
31.22642877055773	97.43887438264338
23.75910828346963	73.32065808624037
23.75910828346963	73.32065808624037
23.75910828346963	73.32065808624037
28.14017378191658	97.5824139500918
28.14017378191658	97.5824139500918
20.67285181961352	73.46419912890374
20.67285181961352	73.46419912890374
22.78356720980236	38.65913447469466
22.78356720980236	38.65913447469466
17.870388934887792	31.49109273632468
17.870388934887792	31.49109273632468
17.870388934887792	31.49109273632468
46.702052591864806	12.796694713287183
46.702052591864806	12.796694713287183
48.81276798205366	76.9916300590781
48.81276798205366	76.9916300590781
43.6157961280087	12.940235755950551
43.6157961280087	12.940235755950551
45.72651151819753	77.1351696265265
45.72651151819753	77.1351696265265
40.52953966415257	13.08377532339897
40.52953966415257	13.08377532339897
40.52953966415257	13.08377532339897
33.55885757173892	39.011427121732915
33.55885757173892	39.011427121732915
35.45672667116876	11.043848412759395
35.45672667116876	11.043848412759395
66.5232660546107	19.5558531280008
66.5232660546107	19.5558531280008
68.70493020838587	48.471625508569886
68.70493020838587	48.471625508569886
68.70493020838587	48.471625508569886
61.16665948249648	59.6325721773887
61.16665948249648	59.6325721773887
56.537276261927275	10.347883003776282
56.537276261927275	10.347883003776282
58.080404493855326	59.776111744837124
58.080404493855326	59.776111744837124
51.18066968981305	50.4246020531642
51.18066968981305	50.4246020531642
51.18066968981305	50.4246020531642
54.99414802999921	59.91965278750049
54.99414802999921	59.91965278750049
84.10960379089167	98.10860732922055
84.10960379089167	98.10860732922055
86.2912694198818	28.02438266021956
86.2912694198818	28.02438266021956
81.0233488022505	98.25214984709889
81.0233488022505	98.25214984709889
74.12361399820823	88.900638680211
74.12361399820823	88.900638680211
74.12361399820823	88.900638680211
77.9370923383944	98.39568941454729
77.9370923383944	98.39568941454729
71.03735900956707	89.04417972287439
71.03735900956707	89.04417972287439
72.58048724149513	39.47240846393522
72.58048724149513	39.47240846393522
32.11826784133907	98.52429813486498
32.11826784133907	98.52429813486498
32.11826784133907	98.52429813486498
25.14758427371046	25.451949933198936
25.14758427371046	25.451949933198936
26.761661269224852	39.601017184252896
26.761661269224852	39.601017184252896
22.06132780985435	25.595490975862305
22.06132780985435	25.595490975862305
23.675404805368743	39.74455822691626
23.675404805368743	39.74455822691626
16.70472271295509	65.67221002525022
16.70472271295509	65.67221002525022
16.70472271295509	65.67221002525022
47.83334078932012	55.689948436735605
47.83334078932012	55.689948436735605
49.704605577620036	78.0770538112997
49.704605577620036	78.0770538112997
42.73392348520638	5.004705609633648
42.73392348520638	5.004705609633648
46.61834911376391	78.22059485396308
46.61834911376391	78.22059485396308
46.61834911376391	78.22059485396308
39.64766702135026	5.148245177082068
39.64766702135026	5.148245177082068
34.45069516730531	40.096852349169474
34.45069516730531	40.096852349169474
36.56141055749415	5.291787694960394
36.56141055749415	5.291787694960394
65.41968000081604	35.24270263795536
65.41968000081604	35.24270263795536
69.80961261949632	42.71956479077089
69.80961261949632	42.71956479077089
69.80961261949632	42.71956479077089
62.626085711538614	75.48470105912543
62.626085711538614	75.48470105912543
64.16921394346667	25.912931275401235
64.16921394346667	25.912931275401235
59.53982924768249	75.62824210178881
59.53982924768249	75.62824210178881
52.00156147222301	86.78918877060762
52.00156147222301	86.78918877060762
52.00156147222301	86.78918877060762
54.18322415078323	16.704961151176718
54.18322415078323	16.704961151176718
85.24089346356193	42.00186105266897
85.24089346356193	42.00186105266897
87.39595183099223	22.27231899199064
87.39595183099223	22.27231899199064
80.21242492303452	55.037458210775114
80.21242492303452	55.037458210775114
74.94450578061819	26.265225397654437
74.94450578061819	26.265225397654437
74.94450578061819	26.265225397654437
77.12616845917842	55.18099777822353
77.12616845917842	55.18099777822353
71.85824784154711	26.408766440317812
71.85824784154711	26.408766440317812
74.0399119953223	55.3245388208869
74.0399119953223	55.3245388208869
56.52487590384781	3.2780888210818926
56.52487590384781	3.2780888210818926
56.52487590384781	3.2780888210818926
51.90435980351192	36.20850593643357
51.90435980351192	36.20850593643357
53.44748656022502	85.6367346774944
53.44748656022502	85.6367346774944
46.26395965226731	19.401872421063914
46.26395965226731	19.401872421063914
50.64502515071426	43.66362828491533
50.64502515071426	43.66362828491533
43.17770466362616	19.545413463727293
43.17770466362616	19.545413463727293
43.17770466362616	19.545413463727293
45.288420053815	83.74034733430325
45.288420053815	83.74034733430325
76.41703665496507	73.75808574578863