75.61336847179105	45.09964788725428
77.1974419400576	61.09332573914435
93.39932456016642	54.74877429615439
71.21909215312262	44.73694005119153
78.17583299339884	55.26849766572091
77.8760733562912	52.00301895645296
72.32116931209914	61.357154679389254
64.11360608947727	64.42248453561004
63.34274862755823	64.05206002645879
78.92235249690795	63.601472193250636
83.80873904038883	41.517403333443696
54.64254548959889	59.39977478758433
69.23973950723357	72.26084831958718
74.26386630423887	56.26641235096777
60.272075317529655	70.0025705302977
64.57540841071399	71.14977504557271
57.87449388021391	69.89194018285208
88.78375710635163	54.86499766544617
74.33130349638078	54.81746645168845
73.54738843939165	67.69960157870676
69.33746697514468	55.06585189012806
85.85126907029145	60.178143569917
76.37431695118917	59.31575208277463
65.5963900146807	56.73069178440081
77.03881470389027	56.95275417236591
69.71772379250356	56.83546220469049
60.100100484420715	67.18484027068467
65.26410733969314	65.63612187519776
69.34854218590162	47.88894446589334
74.57722095393285	54.6661288079342
63.69978941431848	69.24350582772148
78.26601793155339	50.03799704173042
72.2410076994045	60.49965602554112
71.70132608315707	57.19695857886168
71.18791006486529	72.01964025480493
77.84786871585821	58.73977962778755
75.00014468544205	69.24368139689442
67.38759192528987	64.82333080893306
80.73075072290911	44.81158553606272
70.91309419908814	52.96961859105698
69.47709815138836	61.16652579029221
70.27786367552949	60.79734122640451
70.09420261844502	60.447154727530744
79.21611193159315	70.80354738514114
60.91982010886322	52.83275327425225
74.25582620950598	55.694346857565336
80.5384560663698	66.96374955128636
52.700035206551135	54.69417755179399
63.4561397731548	79.45683729902927
61.677659143700076	62.748023639463405
67.2644321825263	45.03961743042888
66.200751871265	56.58715228768254
70.85093151626245	57.36957214680008
68.46649649219358	73.82612816113142
66.45332192610287	50.32374724900352
58.0927197860098	66.45858143703003
65.91209893898045	68.75605135342546
76.05238553462517	45.54966803627936
72.6368383231285	78.99703551550945
57.23919232514589	48.152823459081404
62.61664173138362	58.55005149962681
70.64393006442599	59.819492444637156
71.03510535580845	59.88059079426671
79.63371833448062	73.15580729243642
72.05777256287932	48.1664832928991
68.34910041897905	81.90736544920911
91.42923850776805	57.31054043391616
76.82311447506201	65.80907426361189
56.18219943652572	59.32315159741247
62.98776466704835	69.11897051404476
76.86565930125577	50.89185174390269
60.08381187989535	43.67984220889859
65.61759688187148	41.83923150524145
67.46513695784675	69.12385255692796
91.60465855238573	47.39293972665665
86.40352790531178	46.6304722443861
93.34659568773996	44.44527274931399
74.2466341917195	65.53578007002206
69.7120996128743	61.14820327447127
72.23083998363302	48.97957872599689
61.976683188394944	52.966841934181176
69.75684404999747	72.66677668847707
58.28342521066302	71.48078015267657
71.79573155861225	46.72702609445656
69.26818242710951	48.95924461858563
74.13652288711847	61.571331580936636
73.22893022551365	52.996917552700396
68.0859201460458	53.21582702262148
63.54847531063356	48.10922702123055
59.406469690768205	47.582820372309484
78.71584568576428	57.09625973059349
48.03422121691841	56.52617941446649
66.19372606692299	61.63278937003097
67.01504009090384	70.81052697869121
66.93769713295293	73.3595218001926
69.4886068369889	56.04150128792549
84.63170175191607	40.1991459836646
61.92288655066503	71.50722788572435
72.58272530657914	55.3192317449096
73.17079283022773	51.109240915679095
63.938896874809814	66.95032025176056
73.0991679521997	77.04003099855714
61.49702858563259	53.17925310288785
73.28836365130432	54.055801239329405
56.83662613344183	71.99976900422627
67.03982875450501	54.30617641338646
62.03452532652766	46.98045722715686
99.68395988512508	57.87803588038584
70.26966762011062	39.66305761696971
76.27041183263457	69.58620218535407
76.73447071074925	52.054244984460304
67.08250287520698	41.49139879394487
83.53918659983496	61.49530203733118
72.50533136909881	63.79087081227949
80.10293658994584	45.831121081789
53.99169827128506	73.15592837343837
87.30106873238368	74.15655351217661
59.87588416679286	61.470549338041046
72.34086309670614	46.51920330739286
85.33813648817511	50.152663984464226
69.55441282833856	86.66272233829672
80.64937106494085	62.63646786920425
77.68245702880118	64.98947871712453
85.59926811864423	72.28933988900643
72.15853507893819	42.6056606387369
74.50283971337109	56.495371238584646
78.07352734833954	59.46076937841894
73.46193306795321	76.56784522131174
54.34205120469514	61.414742651427694
68.83961152199939	66.16999764386162
72.42678113483495	66.93567437815896
78.39987019722238	69.39806230333234
76.29641429507683	47.62076748953514
71.28632758747486	57.55900978609411
53.04148126699934	60.32872181359125
81.78453808072055	62.802037753164704
82.00193175454396	57.47078977543175
60.139394530868934	41.45144668256791
59.669538639436226	62.028504636425716
68.43596345308384	45.34396637073409
72.19459482001359	53.32212891282357
72.88780460392279	56.133632045852956
68.503416351764	62.78919104583852
83.40535714777764	43.030821369758925
59.021826477335715	32.382413173797374
79.97557649972873	72.362279949555
73.6187618312665	69.19327729656978
86.39010300107634	60.08802907636507
78.15520344623569	44.31008740942143
87.00251768620649	57.445609709587984
76.0800073463709	66.6121662170739
69.86155611015647	53.75162721931048
87.67197006720461	58.37977152802795
64.04583861207395	63.62802125642828
74.4995242862434	54.84884104567759
88.77490342944341	70.93870539577993
70.24760653488019	60.10088623629061
67.34039634420962	60.73650947383294
62.79754933655918	72.27714634535829
61.958869417951725	67.3234450747304
76.65847676968467	50.78479620120595
81.43564211700252	54.86029936811285
71.89392761388739	54.818064395657956
74.84215394960904	64.00506662541395
75.35799971643688	75.97694240347994
60.17794359977354	48.25342032478228
73.05503208518901	36.12997209017481
74.19359610197665	71.3977538869572
85.5579559583936	65.12066987517721
79.70904204816603	51.62368134436685
70.70874353366496	58.94402629341607
76.95903420023251	49.86097068180215
74.16870476562097	45.23581434861557
61.3737591441911	47.26078482605915
69.51583841714873	62.70134633987266
73.79541802510516	46.47151007739259
56.45982035074722	78.20764445943982
78.61938984105403	40.60032129049455
67.30622905510664	77.20503010322511
52.262504367871614	62.339159405694325
62.728749893956305	34.931125749519495
67.0949448142469	29.523945861026153
75.05813002802911	63.83934949800771
79.0528455951634	63.381803290326204
53.69955781268736	68.56507053856416
84.63156994350754	64.62158724933695
88.19686680811249	50.71080159994613
60.05591159126315	75.69717472594661
67.04173659240787	64.480562315127
71.62687823010495	46.954551534101206
72.22394622957773	60.36161342507138
61.4546307245894	58.83141870519864
79.60242596979253	57.7769072547659
96.58454744767386	46.555494754699026
71.78925817401357	70.13460928966077
62.3780427352526	46.10168003091787
57.29187744443552	62.75835055195118
73.38884922932282	61.477923131927135
58.35065198170756	74.45420607785677
70.02617044077287	60.91191358719648
70.76500894880834	49.52240616257415
72.19088127944082	45.6246940643811
75.32551099001735	66.29618200028672
67.41248240533518	60.3138541173581
55.888483084212524	52.594130800519316
84.43334977668056	64.92068103668572
69.60001564412038	69.5506754896318
74.38602799256117	68.33168147681218
71.82553241279773	47.089856805931134
80.09403922036694	54.849373017155656
86.43222708199231	66.13092291644335
85.87799698043708	42.56498277817272
75.7682542861155	57.81825655734195
68.33902642505181	59.03499377327934
69.38365755357218	44.090412794506975
60.116001301537196	52.487432326926644
76.31183363141322	64.66429641207893
89.1386498534221	44.932024391385625
80.92587940694875	31.34079507800123
71.74588734388705	67.37160177876362
80.33591259814705	72.16323795487622
77.33051209211087	61.04249670088121
73.92880612657541	57.805652039599735
79.18395094033224	39.54942679577336
77.12212060217736	47.543011559374186
53.64541789802421	49.80478953657109
67.16809943818498	68.32803419755105
51.5748002928822	52.68686555727288
69.75592615906523	38.84316199727458
60.35023206152554	62.36842737048674
81.43842098888695	50.87827777686228
96.65188644733983	60.93130766721333
69.99963956569408	64.47766258024605
71.2689429609583	66.85447721327759
86.44039909040823	80.49371149363171
59.50807503304581	57.83436379474106
83.70500912732427	50.00187799804013
61.66770743051031	64.18803190103908
76.3546015322744	66.11058161454424
81.09881672733383	68.06147058971291
65.40735248180306	66.55924677599432
86.78912754651274	47.22792299832578
75.37012213232481	72.24992390602428
69.7013650645536	55.16337506612551
95.55496749400321	66.68392862463858
50.44432465962618	63.18041881225131
75.81450064945709	61.29724889599538
67.27971756664851	62.11473788082765
72.14987526803282	56.27466278268181
79.18814260111738	49.45776362974879
75.9420847430653	27.808304889525257
115.14400544247825	48.087906330069764
100.21982236875402	23.142009270070456
109.74178224442933	13.78807925330861
100.5126120979118	36.08339962785062
96.89336954638628	30.61951465193877
109.58714360298066	44.13565068313114
98.41170999990182	20.889783960030748
103.10125113726126	35.69249611010902
86.97272240951682	29.893605928558937
102.97384683585537	34.16039731456718
94.4587607629153	8.332186466040849
108.0727387965937	32.31645159333594
97.26512060057689	24.00462798370836
94.08366420191128	14.785958250401386
103.70089367216052	28.59886779574693
114.48458609817439	22.280843173488066
91.71723677288153	24.92067023046042
123.67291867335662	30.159808939584178
91.97536273351848	31.142801102171596
103.220958064629	23.462057041220923
99.56816974844936	28.395227333747748
67.81036771702976	25.29879090960407
85.3609600025735	12.256313992267813
108.38907893103553	37.17972580503895
110.62805607377163	36.29502459887055
96.95209881437154	20.512176722882288
99.01428197008806	33.02975349936357
103.28375647362789	48.4000847975774
90.79742017800596	27.35379280928199
104.25810783029017	35.249775813357346
96.74981335250828	31.984059445355445
100.3750980860927	32.3620109260413
84.55628324701493	23.38189136416051
105.25199731935909	46.79391585200264
96.99183369310497	39.41404810634848
90.54123563552565	16.6065196406
86.85677222076053	21.52671873125301
97.57821473869362	28.957342251164793
93.55281289517859	49.542974440301194
89.84556785248802	38.91509996350699
83.14361474116161	59.3668797222434
87.68118915374869	46.58805005272128
95.27263163443293	18.703121114556318
102.80487874013224	35.62871498575555
80.15593949662431	46.73013223299019
102.5039154909716	45.18942098995733
112.10915333697494	25.648012277641765
98.08560668709761	27.839540144155503
109.80843503963595	36.11307381944766
97.36950393850769	50.86950397685072
105.15984767122413	35.1737735316478
103.30832887109506	26.323299395657177
81.82535110205785	44.38212628572028
115.46618172896909	9.21892918365495
91.56221821361358	17.872213662722622
79.14394815480638	40.874403749859084
99.0850618695173	14.087879814486413
84.24793160425615	39.455316009470494
85.7082945719503	24.023694047611972
90.48336864021393	25.96623425357818
104.0903393553554	17.280732697080538
99.07110254520697	21.2447318213285
89.70799782853473	27.420225078848418
105.38254612259301	12.645608635965822
110.3400953047059	28.407018571396655
99.57751428613761	46.11042776814987
92.48877876369642	41.13280499517124
86.17545084502332	21.404757896141763
113.82193058071327	25.47992650952235
95.31867310419808	27.95747417583599
96.8797328309165	36.77050108103796
94.87329165446202	36.736911604571546
102.91645072087255	23.183587487463345
94.57845208744544	39.099844868333214
94.87324010016471	24.123976007918777
106.16390712094282	5.466354241976621
86.53640153679187	20.52539227009885
111.55446101849604	16.606728557048626
124.56067850585112	31.7232285900627
88.3376668744793	20.970620737507495
103.10453951949309	38.45314984051382
117.06737731334005	29.88569124061776
96.83403282940408	32.72699821836272
76.90710182753548	39.60278934006488
96.87674118227487	39.393567281138466
97.26643327791878	21.03269511935269
102.51722508168821	42.40926853350358
100.88338171568313	10.555384040404213
107.63656339768401	32.3425175157291
93.9507221848232	57.65310495678933
79.55365356081666	32.69667964904904
89.90373713103837	29.800347952010483
66.1589144147163	47.34631074811281
90.23445885310039	26.230788556207347
99.4731040890753	20.9425578635181
101.14236303023537	31.143456510402967
108.50182702442793	26.914021773806027
99.40770893255174	43.46052089961753
82.054326857212	25.017321339043946
96.00822668804798	27.553765379552324
105.28230374033798	29.62541231927687
97.31642137039107	31.200868829117336
89.161656520544	26.006335032664353
99.13377866399954	24.418266701871758
97.53556918801762	37.12839870858178
97.8521032663772	28.284844541270537
94.00522698399986	30.675803054044216
103.04048009101481	16.336692960439304
88.75027308522428	38.91519877371806
92.48133184210769	30.81260471915151
100.52424830446454	14.712162828787344
101.23616525225839	24.54265229959338
73.97420946994191	36.80394269051842
89.4865118189325	32.684293976079985
82.929823345857	34.15874980973096
88.07413152810504	26.09742121417102
100.86258195026993	30.554936001040506
94.86215712424759	32.15385168669467
94.7471744375213	38.220619001529336
86.44358766398275	23.47448991666126
87.42771923632111	28.207742290032172
91.55855538611456	18.94129676463851
93.93861466871735	34.074409451572315
92.17213865673287	25.297063229820235
86.84740906217974	32.344047691223686
110.17724993626607	43.231996343506395
94.22162351610017	19.786474309503305
99.64635173957477	39.61543384754647
91.28939352441598	44.140710423299865
88.91155730167881	52.97271412461389
74.08874468590868	37.190966200697915
102.3456633083785	34.628102771235866
103.35457180521723	22.561967941750176
81.22695492622591	27.536554601839494
86.42672756678921	26.106388415280197
85.74410510571158	29.206348655049183
93.35556633705906	22.582847362119455
107.14607772391108	28.021374550229808
91.35928195995648	9.735512361723
102.18750321620068	27.214686218046264
98.68981165766422	27.142228705931004
89.58992458374274	34.86781743553044
101.07944938093323	31.767683452121613
111.9286571724016	32.38668187914072
95.86650233338321	21.370012916638025
92.20320853294419	33.38039869802071
101.53603004117768	27.32469783398696
100.27339841127824	11.200727768294854
106.9882673696963	17.324581642819524
103.55625238363858	16.400109123400576
114.94817897040467	45.36572806353324
100.31522366271344	30.908623698434695
84.05415722775412	54.01858223073014
99.01770579804361	36.98221661025826
105.04025126745744	10.659129799296927
82.33804545656827	18.08421619722935
117.92519849381584	17.21015872543069
101.61623121850658	53.376188459256916
89.72092757263447	18.167749947805746
106.63107550722492	39.588932384481936
73.56605111683146	42.2381656481661
111.11637445309705	11.398740248511512
97.35547878492082	36.74821324548013
90.90971982078432	36.35617485651014
83.4872603894461	33.286689402350355
98.06468940524219	29.68987787655584
94.37425270967293	45.01434934604682
106.22088352243225	26.38086808671923
85.4276127003327	5.013861253954346
101.57477421647032	13.94403291000576
84.1078281725627	26.5122552803673
103.25900444714028	23.114210018409565
96.38779338280945	40.97219071154488
97.56518457112087	37.87802320279012
92.47607836865913	41.72615112249696
97.74807962116489	28.595060127381092
109.4992312176907	43.50703175671834
104.13497034957287	29.510411333768097
83.49596609403223	39.91807086026752
109.5189365436227	28.023209400025173
86.01964832772244	30.8405547491825
101.26629483855622	33.11553472926114
89.37669970466058	36.962157272688096
105.81707220734994	23.438819026626337
105.95875782925475	21.841261821935003
97.27446841642707	25.769470363202416
115.19291454564343	43.18861963565887
98.06704232461018	44.33030812465383
81.23848995146965	39.85356281591906
87.62395674331835	36.635992363293504
93.51843493166481	25.117751859401025
96.87898355939996	27.78306258030434
97.23715851305153	19.19486037001112
106.16527855923954	41.07376523645855
92.84309707469136	41.9100590248005
101.31732225238773	34.87750871120019
88.87368070472182	37.81013280790156
91.28947341037585	30.361347051507003
101.07122352327967	39.054100424624366
89.9515051889224	16.78409456175951
105.55203513702618	25.608511607138517
103.44442989705222	26.229662220481362
89.83097670032815	40.48710325837929
107.4235519308524	21.31005070107468
113.72277937540838	20.1383546458692
102.27073955953637	41.872491389641425
109.96385546465281	12.818443199641465
117.01262426103844	18.871682416729318
93.18959797545297	26.843393410270917
122.61718199238817	17.695693855670456
103.4101336569068	23.387983959485876
93.90542067686609	40.78137083808306
110.1749433430811	20.920117443594048
96.43425802476528	52.31806249829398
98.38378032917086	18.62577139764845
102.25039177353628	35.28015590744888
98.3506651141599	25.130014541656536
97.91931399879907	32.00618720159691
87.00199697781613	35.8806195205364
95.56451626922798	38.9857371446049
95.9285363585817	25.762604501485544
92.89072939116073	40.22290503258553
94.8408425362309	18.127220461069292
94.00691057103631	24.806063529160202
91.70295731084536	27.030057229927372
110.68358988867993	44.15841027841553
118.70589060619187	22.92449311908685
95.74435519591454	30.01212856444012
111.85907054772511	47.4914899110645
100.32111828470477	33.07597878489499
93.96828223149132	6.975115324045991
87.1273254942728	24.16807177340124
89.39234144690803	36.439588972028986
95.04400155035356	17.226681155148235
114.38276743818147	25.697897490907245
110.60841145603247	36.552325593229554
101.72770401611676	34.914031171016426
109.15627466006654	25.46255879701992
97.24647048762775	29.37570823547487
100.98057034987251	15.51711049869708
90.11907258303897	17.13883415535739
94.89567175344334	32.446711233445996
93.36157830745725	46.02445231388174
95.96277860142554	37.95981069790595
86.80787046291967	36.14982813665535
105.51414694181555	45.04766259774041
88.45138615160744	44.237771881330325
104.57755075856682	35.90684003357541
101.30760881232808	29.41492031767297
41.43739264311089	25.316805292287587
33.7472210424619	52.07131517942619
33.755969030890235	34.04554188146339
39.45907661478765	43.79057705551307
59.89558709286648	48.05641636795907
40.71153823734306	32.30693016228088
41.264948892488164	43.97417138972921
42.596220811745034	30.726191044424233
45.45875751847213	35.21942312374962
49.63418241478366	42.005211808925644
24.159124162235308	37.34070408793672
52.243796981752816	40.16436768949511
47.010878536873996	38.58481102118118
21.11808239740234	34.24075949637187
53.22076403595381	46.17533478951986
30.22771054204737	56.86192384173836
56.33900128935986	50.96613650888955
48.29588199287613	47.80348524105036
38.07258663945719	37.07620434458167
29.46407032062911	26.522156645270787
37.64858269719092	35.1344343513223
47.66381267554645	44.78202703538493
35.12029146435131	35.869382990040535
28.7046527173829	44.053901575301204
60.03368611571584	47.11741786309675
50.36282392447023	40.02137232961729
49.93316285383229	45.96432646181808
41.58411924959725	48.526664891162426
57.36640025868582	58.04004377552391
34.2142532154381	46.12794200258844
41.11407406736924	43.19389391713283
59.658636106421575	41.48119302947084
43.08744937435599	68.66695666497232
25.01793709094663	33.22559127211299
40.38446038018343	44.81812865609757
39.80473467725447	36.60506500273026
36.933244543033155	57.95321817425136
31.137701424030304	29.845727200846582
52.60349891807614	37.321822516191176
33.715912749872814	33.99834550658302
51.7034502195658	41.06735984252973
63.135916004504665	44.93308592251935
38.157405312394744	36.16846320754763
52.98721994033363	41.70552865803769
28.5557605362913	32.99609616535079
49.55323261122725	51.745321108039846
47.86296886853197	48.30312235311344
37.18072719012819	30.147079526724227
49.29176512645411	45.14308834636772
55.186137177228495	44.04838467657776
44.19341713732274	61.30092028704164
46.896643481559046	29.612049821419046
38.47663023192948	53.03311759533595
25.746437690668788	32.67105257526485
48.185472154590684	33.82021112758616
43.47362742708571	38.86136290808129
39.014003307375816	53.029824178701716
35.861761733654575	46.513975251127775
29.470931858585722	31.578607522494657
48.10917607768705	38.11090755129126
53.015591427222546	35.278352571741564
34.19189048370753	45.24177576854069
47.733180526178295	26.05972353080616
70.44729701119215	43.326960963778276
42.079503048034994	31.792214896409156
49.304288622995394	38.50623355176828
30.934246362552486	45.321599880890744
31.63121973009146	46.3253788962271
37.65219429225159	40.33703044349873
51.125711710754395	28.41632596767562
41.71546301729166	56.451058476515335
49.137344750052435	32.09866454970642
39.04381370257386	59.319390361143654
31.64054431191311	49.864386206861035
39.06551321437139	46.861328033764174
44.94057730786645	52.082919812200494
48.71353790035674	45.27834400776338
58.70099099153689	50.163710710645596
46.02710470608798	43.63183610693268
35.732382874716514	27.381608937178655
48.04922645010316	35.294727209079866
34.83161267210489	47.93197450089379
30.836517226779364	45.81153042967721
45.261248543387175	38.33201504128938
45.34023307846286	46.624029024769584
56.41778549634054	45.52698964189645
62.144536553936106	51.0646562902059
44.571942296445236	41.775681908693706
33.75384661093062	37.592344835979134
37.10770729516196	50.406773357835974
39.02103585761174	34.19812487660537
35.191961144233915	46.84197319386771
37.296621711049326	72.35207292658882
47.218150524001175	24.833222947789263
45.504375916785044	58.107785958563966
29.64034460089037	40.828364922347994
18.140280351872754	46.454023969473376
35.82002234905261	49.79937997068957
44.47550676899261	30.831669485215322
39.24790191034593	48.658902493522135
52.33669497444116	68.20695738957906
41.474961820623356	44.62734769255525
43.22839184162406	42.51561537202758
23.56840060257563	52.248145252815036
29.110962953755454	39.73797294926695
43.035576903200855	54.19163929456691
45.28439297502376	46.26038347246538
49.112798931487106	48.64283235443328
60.510882195057604	54.1188233581192
38.92209510500491	50.29657951039849
34.987078898239574	58.453568424467164
54.88695517293044	40.89441135071085
47.940682178275615	37.73746970008062
46.500406620806494	47.860910895853856
40.437629263267155	37.13088848450047
47.401500832074575	42.65182765585252
33.42717338792612	37.4321985705194
47.62439604579919	33.644830898918975
41.09426867026267	37.87318745360131
57.585222760610435	52.68832085695547
51.94223164197218	37.49867005473019
34.48660878927026	50.04186834080848
55.63260356983096	46.832213458965406
60.53188588220324	47.00177709600425
53.544087254669584	44.505596662618196
33.81571543348812	57.482644587155036
46.323727539876415	38.85327659009353
55.337607071793585	43.05363663385507
26.94220408873193	36.581048040235146
43.2991319637565	36.99465914944937
66.80475308888968	36.83846244062241
72.35745974051365	40.90448990153518
56.95976510998324	52.105331949853124
35.94081180615844	38.74934307067483
44.11406279764053	42.975756124405116
30.61577483276436	39.08309106277657
34.76096546883855	46.882266358173666
54.69292060762972	31.417275587507604
35.52892386000646	32.87608424289758
60.61457435150537	54.56564894946714
35.37936035942059	42.10431870761814
47.81275431360908	36.251862250932724
50.94579802428648	53.645559551721306
46.65508873834275	47.05295613987541
40.368591333013555	47.48475728541019
51.39882076624573	30.856819655812593
47.24329880535289	49.66958879041928
49.12946583154519	43.478623163778295
35.95550199950438	36.868585018294276
47.233375874068415	51.105026053260474
45.07267051196221	52.88866261322836
50.28140482828644	53.07519490314954
55.79856057040145	37.30417586578441
53.75743372104023	43.73145488663495
41.85060174226986	35.44381771530383
39.937099142126215	40.705211992204
51.425924882801525	31.18117765454695
57.81795122946894	53.37202367083157
50.597422730480766	38.846820962669824
45.236253818251775	27.904693334798843
39.12504969868128	36.59455103775144
50.41181433340938	59.09980289154198
57.108837284387974	24.502007761540334
31.28010482009247	39.02987451463344
42.13901273991952	40.19769092665559
48.95743770488788	49.85807893526894
33.18633646722937	44.98586593901838
53.59663647629341	36.600368234913894
39.62915621073176	42.86989749617318
31.446326063779715	49.28925505282312
41.05160915724798	33.45108491878548
61.68398080211536	41.4473337898319
40.55946556790464	41.520698764528355
38.82663440316586	49.0586161552288
55.10391725411105	51.74047323115545
48.87498681031042	51.366953470155124
40.15657929975141	46.35791854214106
47.18471332130793	40.25081916402194
52.4506747515982	42.16982852247757
52.623764268464	45.35223127273032
45.95339655730086	50.404633779595
56.29758831572063	48.97854332251154
33.88897875471812	40.017631336584486
41.19022442697405	66.02143643052037
41.28575497258269	22.003664100595145
54.96877043143675	63.45480790789229
35.065378364439205	47.54260652741965
38.628882714672294	28.186414930239096
49.18471031703153	34.75012766991675
52.81950195611297	40.345079021187075
42.64412322423996	26.52215753139158
45.10108562300421	32.23296421579643
53.234197235991545	46.23415851708648
40.95604521790259	39.042983516823135
56.820145296804355	45.59205814928954
45.03260355193035	43.647237688614794
52.933875451153654	30.905238752691172
57.11007417977579	61.556779374595195
32.37206618033858	43.277777444766166
45.69444908016986	30.653307403843474
41.69126537974007	43.21384934947614
44.38530406022882	37.25769751689442
53.15798657843613	49.483383109645025
43.51909702739277	51.6486880001817
38.225659475833794	52.81528154147486
32.54746779951191	45.04669245786656
39.51607138804558	51.418096695678635
31.855244759206116	31.722053246890187
49.44826986860228	44.5983972844446
36.970629790953595	41.194399444004
34.373246047992765	50.944505804477124
41.01701229843017	50.48540607416313
46.89593770111089	40.12193128194243
58.572014085728036	43.52238735814251
47.08303404031841	40.54067060556938
65.67356528141408	42.39039191751961
51.85250798116127	56.89019165482411
42.734010265174966	26.856446679355873
48.43865571743766	40.950119396452564
45.81129765755128	46.187656350986074
45.75229734736976	39.69056683254602
47.873419546786735	37.38962418194175
32.35063943655291	44.76400150545345
31.488281061180775	21.9975245186155
53.43551209103091	23.634552432568164
41.7384333244652	53.055032021378416
34.34137617161403	32.41753187089725
48.13268568421148	49.64326397911894
51.97988768686577	54.12320477756937
49.92890965064218	33.28526854720923
55.48174469220272	39.51714172387214
37.04277496938365	37.75673918919806
48.564998240455495	46.98567768790762
59.306221601362274	50.49305972248012
49.49722526293538	42.11951142828481
50.75477972225151	42.873580744582554
38.72834157216724	25.561428906986546
45.511597911230055	42.373307687604324
55.65980440677341	48.84569674941883
50.14328786567711	35.66220510758824
48.192177861523135	51.75877990285254
50.14730193911193	45.4191784063101
48.47403727035218	43.86745775542833
53.857729109909755	44.99531817996534
42.3748604974368	32.91825291997541
46.336706471615656	37.17711792516791
45.41622265458799	36.259342368620345
55.36300203987149	41.90377367879625
34.277315550305275	54.42769081181265
24.205964561904207	45.10679658475848
38.54873928362055	21.056129036990466
49.41533988335284	16.76159527406726
38.79797278942287	9.823201504268432
39.28854225452246	27.160528424882294
49.346634855725384	35.46991273213849
57.63412964751279	27.59056450388415
26.57720400911328	14.440847108206254
24.801844135356884	24.356022508733695
19.798808205502016	17.434234163040976
27.241784818931254	8.429304987482709
42.398973838357044	21.973911764978908
23.255553207531023	32.196194356782655
42.38194143631136	8.900578398342263
36.07107945198249	4.527825606709971
37.58429450218116	21.22470576759586
39.78376228440118	18.545294022467232
53.01593514449518	18.299893263125668
26.929619382214803	26.311927259713272
39.3563065573406	22.791692638598054
44.0358295283426	41.75988697636144
34.44261268514475	14.175741352200777
37.55648258205822	12.837977451727046
46.623598697090955	19.972622787531673
52.46000049873439	27.351494374465343
43.626773519477275	20.591637170242148
25.930068334886354	34.14606200364329
43.30701489571297	4.059779684814888
30.43683801805575	27.405278236008748
41.260922229987635	7.412866356309641
45.50732175631336	19.929918596581686
30.506302209959756	25.66628322104866
37.072651508678476	28.678602689780302
39.3770724951425	22.41264418937042
45.14305760436535	32.16181052190272
37.32527502809049	-1.1896692158848055
21.83935671042187	17.744203738082618
59.58698093525218	20.350848792853796
52.51632597770422	19.05859849449029
52.5969070649303	17.63498533831461
58.040343321140355	16.177465376672522
39.47461924633934	29.788419432285014
45.18352055755722	13.358678810024784
12.743808060277836	8.30734845675057
49.40535202463201	14.184907952702495
46.52573046419877	18.72835525408822
19.536011056646007	55.317943852075445
30.66442581638127	24.570369873913638
47.99098333475503	10.03918235422695
61.750892814478235	36.09466870279991
43.372056217180656	22.8210068409473
20.077223112004848	14.63162305111555
39.26873097209685	29.644831791574735
31.174366270503647	1.7919544870961026
32.55328977895443	21.60951189868072
23.70113237489354	7.990453399612061
25.258121805790857	6.2179023649204
44.47546057229436	20.942209344767548
50.867342865826565	38.76379374379658
32.06888260559231	13.633645426700202
51.85649688139118	33.62533232016577
33.83158404249773	17.751923165275443
25.750832980554335	38.71233040005134
35.15849146268293	24.028807081450463
29.450022966060963	29.003897650484546
40.10637145609843	14.599699565346759
29.41393891965068	1.05323556054228
24.88562977397314	26.265111752174395
14.770349490997194	29.924252079646607
26.835602965360643	17.16970853558574
36.1621919442048	33.53936846011457
33.56253528792186	16.49510602655861
40.759989492276716	13.661910861597566
44.29357889160901	11.561932018019814
25.08002185136509	4.699681397891343
30.059293885805694	26.613035999732183
37.298984091294	15.164059419209366
31.101800604533782	31.798289901464962
48.93084644933522	19.14399763402347
48.35469713551912	15.824992057838656
38.913673576124715	25.205029631251275
32.003774636524284	17.17103181597729
54.39617718437283	32.26512557349042
13.8847154604908	31.35497659943791
28.862163111178404	11.790516099418525
28.67654075027933	30.29659710362621
27.989594550130896	19.37061791988344
41.647883152618306	21.801545228758766
27.452215576978915	20.395900083640342
51.59017140863665	14.480893424412942
37.9846573156909	23.23006425109746
42.30882825283871	36.887281141553935
47.22655391751327	21.595470337692653
28.154051504707788	14.118389404750072
43.47176783741156	16.081444066840675
41.67599045782519	3.219428238557853
39.63682704202164	22.178453156877634
37.9312141910635	27.414982120952587
49.073303168552066	17.227255060247458
40.02641334645785	9.05949267721918
40.77237302198561	33.895158831240295
35.36145354130988	8.231693706290306
42.76190444886449	33.2193585439232
37.74533056492551	2.83576310095113
36.74672303071264	16.421025680198422
22.030010925105124	7.2793387679531865
6.592737943247268	22.53404278986736
38.61867714050665	30.714470386196332
22.03373597838894	12.09053688095363
32.81152347498095	17.019095115289417
32.0826438331494	32.16372087391495
33.531245519903365	26.908654927181303
44.88359377490584	9.978438636756795
39.90165970015876	27.019703067083793
15.34276855213523	17.065682003114055
39.58573654486588	25.892232559420837
36.63530351900413	31.299825612650828
26.214319787367074	20.81123330023519
27.143360330518504	11.972292156098666
47.99782465444922	27.24826219711277
37.59563155600792	10.95164203294211
28.91298412629869	18.62161144072045
41.04423378837292	25.407415754867564
42.24425465300067	14.913921800729733
44.289823232089915	42.985738884406565
8.656041012265685	25.90683853190633
45.56894199915233	23.937859326861314
25.503683756733892	27.202471990334086
38.85243779209243	24.232051143111317
37.445932443378005	33.055655749345526
30.11174410111856	28.95479478917705
53.71428709641292	16.45915391422472
38.4992447686499	20.76818693346182
26.71326531387741	36.29004138902237
31.260342873973435	2.1470776363566486
36.055751164072326	26.932572862168378
58.82173668103992	21.69136027813085
53.85655398290179	18.606002823010925
31.178279968376902	25.479770429230967
37.5961703114317	11.559238140912921
48.152058525137264	17.079458900869852
37.94111422814509	28.048785805694052
29.627987412221035	34.74641593288263
21.46890195481621	14.41571567863884
38.778337126652026	4.014433016793724
39.213434932834275	18.969791157289325
41.49701228599654	27.562116393193676
56.67497486280433	20.477395614014128
54.76732157879097	4.927256083071114
34.70379317157103	31.060560900241615
28.55629425386273	11.120078588918776
54.723269268020786	35.10971746950307
17.487418051646486	8.718954239785102
37.13010173482998	25.75783504153931
42.89956222135608	13.785907553746643
23.19588765811591	14.441439992452054
56.45125590328091	15.635910797259191
21.220929197388365	32.94263638616232
43.11953002034668	34.92860876593386
35.289309067914495	34.883179364109196
30.54591386859544	17.966615622927915
40.176463415120836	13.852322950045084
38.596600680955504	24.230493172581316
32.16626691581043	30.750604671755895
50.287974249505595	5.074653994685672
40.795483221648865	26.05748699627207
60.97782195810437	27.433278825041594
50.629688102814114	40.418230794818754
33.3631703978347	20.499260097024276
41.17353905634292	32.223740978853144
35.680759378508625	35.065136274613444
67.56607936064786	29.463022010485325
38.49027355135973	23.72049132294278
28.502717378897117	23.665996762277082
21.906333244578413	25.29292053378401
11.83545789549077	13.375191963386015
44.0468076791885	20.057927338887982
33.07734500902908	40.248685640548565
32.94790993287211	31.613327355057542
44.11682139230004	9.981382626927148
22.269196277324426	16.261931651336027
22.874840427876983	39.665561980878465
36.968379998356696	17.66789874056498
38.38752050048306	28.00402290861888
60.068788897753336	14.985092813693985
31.069054356019294	12.983833427732844
44.46588427927461	21.25352622076092
43.24082145975755	29.38769017546344
30.224774531101712	30.436182435160028
42.864154114674946	20.630475502215393
32.04058072839158	26.019053228098603
29.90982285471768	29.546935135728834
39.417995850514195	22.20850995129459
36.60464087220406	10.353193904651373
35.13898081644885	42.093525592094124
54.1374353793404	45.990793992093295
40.70707244909382	19.097431845070158
51.95249058593551	29.565892555143513
32.58920817592656	14.009128580946637
27.42020323793747	8.508508191166031
23.703219811837144	13.776652086765711
25.56173043835851	8.070272421611541
21.276812532337598	12.241767224025315
45.07746960135704	37.77407335490655
28.84788399544716	18.203435575826482
35.52461891444102	28.648046530672673
36.423929719839855	18.936853216865813
35.41416132316374	33.48393453890489
40.673256049981944	42.27714528399834
47.25580180877307	36.97486727214125
31.532343690273443	39.71249084179827
45.235220577096456	21.880246176550973
51.77233655025485	23.10525703872295
41.712280927697016	6.062255488204309
18.557481355573824	26.0964676170664
40.88820202669485	8.73110204078132
36.19519628116635	38.71125755659567
20.39138563966201	9.99356056572713
37.587385143988556	11.416708591678512
34.760265634562096	18.630971373823
19.946824073855222	5.800801711627338
29.2851401288925	4.2994408611045145
35.75740239034472	33.78302406452143
40.60607520610435	-4.124352344526205
56.83244641393802	21.854448298320897
35.12820454872338	12.187551781002213
46.3643160569009	19.137125513143058
47.29006110154487	17.45837089192425
50.124692954869055	14.084057720391732
28.50648630570528	41.68008314230574
34.26455943167765	26.66550606053116
35.96517222383456	13.71484452169056
48.30680174624034	26.11812824960883
21.539485634254206	15.702508166185428
12.461438287500044	22.750984875794728
54.80709635990706	6.23451937591059
30.31544878035909	34.68355368527608
48.8788711018978	22.988983137240314
46.91922036436498	11.662258604419074
43.90089463431723	24.752679478171224
45.810523625776554	26.586964168719444
32.88515272452892	23.984078489008354
28.276536314284193	29.495886721343666
48.2130311433859	15.516683920724471
49.99262497118309	28.127439935692834
32.93983900812562	28.677285091500426
36.93586166947439	18.990071339559123
38.93864309543774	11.525665256340208
35.07308733809559	24.235254142166376
16.414845930541627	37.420782105040814
31.46688849443548	28.28685734765543