4.542320642695469	53.49437904112677
35.45809390351644	50.349600447417814
35.89265213005285	19.88973337069582
38.01223611568999	67.29977500545084
31.58253539519224	59.34881749205248
34.28744372998674	87.955770933391
27.751321339324452	83.4235571302179
29.81769375227184	33.54296840726312
21.232934664343784	45.32155147932814
23.370255840877512	59.16180126636648
53.478989866333805	98.4424905223455
39.51988996582487	84.8675844915151
42.15384953703304	49.753700898075444
25.206399128604378	12.473956027785562
27.787148602337748	78.06944502706601
21.180077448089115	9.816392713899786
23.21984407469163	10.290489549697575
16.488612584166905	78.02596984404339
18.732356906080128	88.44747592085645
11.983388224658823	90.75274658770398
14.023154851261324	91.22684342350176
44.73495189198655	78.13465706399246
47.25361972236691	63.22441236702893
40.4603095389191	50.454158965130745
40.71749733170462	58.69219856385584
35.245600493977555	19.97255503450491
37.773138395021185	87.27741515129051
29.312539643369217	62.067464140628566
31.449860819902945	75.9077139276669
61.26593267078056	75.08994580513921
63.82007635816905	92.04011888795728
57.43471713969781	0.16468691851959294
59.63411848436958	94.510667451372
59.84696329991363	87.67318445656636
53.43500124552743	46.152435095451324
55.7940358330535	36.37030375100324
49.27565063328779	97.26829957532844
51.829792845461334	15.218471182931541
79.34004168150264	22.473463287346778
81.6990762690287	12.691331942898694
75.19842826015957	40.01953739472218
77.992022549437	98.77754044876706
71.65100630820722	21.977629597645155
74.17854420925084	89.2824882392158
67.01275449218971	88.47783561028359
69.65558265884617	36.57905830580803
52.335654192019156	11.264912733269178
54.499581154897754	73.75047696155494
47.945720098123914	3.7880520556686066
50.5087323809607	3.9533299522358174
43.64447343392655	26.46223951555946
46.39372327074757	70.14471850085864
39.37869967630741	80.99684623044688
39.83986368918869	0.1822950701872632
69.67367273096289	64.79473657515784
71.80212531204832	95.4198800732321
65.38129466221382	70.68402737358288
67.55408874532576	17.384694940402834
61.03570354556005	78.28269076472803
61.29289133834556	86.52072888823817
63.997799673140065	16.127683804791634
57.452807211814516	28.38036518786941
59.61673564990808	90.86592794094021
89.50375626437203	54.76899832840565
91.81844787465664	29.91134291521186
82.97650099394308	33.45188786376674
85.15816514771825	62.36766024433583
78.6131726863927	74.62034162741361
81.11410480109146	93.27988730295178
74.79082722597322	81.91018755454311
76.93701847317018	78.96554068011565
77.33610231791342	16.645255823612047
8.045751023411524	19.246229936094668
10.4047856109376	9.464097116431617
3.4607107800837795	84.03706483122795
5.961642894782519	3.6966090315511715
98.20380561791292	22.786776359864504
1.8555023800176684	53.10310091870817
91.86278937668314	44.98686698395757
94.58543637758919	40.02403005279435
52.16326475943535	46.53776473645366
48.19902324705813	25.385933643596918
50.549189239135906	32.38869748539969
43.67606169665346	71.68250075975924
43.96872387123215	12.780959613480892
46.19472952703384	56.77225606279569
39.56105258644033	38.87388930838205
42.150670655621994	87.68448164619669
72.16185013114708	14.599017950935135
72.3480906355612	58.11621756445214
65.63459633593307	92.28190896151119
67.66549584230225	10.540899508344877
60.93426287656257	78.27638127790564
63.39085348923481	81.86040140948316
56.67735771439171	17.026092806542195
58.956576418098116	59.30801813835185
88.87020281890695	71.85640296706471
91.11394714082017	82.27790756866283
84.17873943019968	41.06598009720829
86.87477769433094	86.45782872479766
79.96617724527029	93.8912142193756
80.32091958798702	16.495403818911335
82.50258226654725	45.41117914991034
75.9043797077469	59.37323017527831
78.60928804254141	87.98018509183177
9.132697718840344	47.063959590797374
11.332099063512107	42.40994159886475
4.866923961221193	2.5985648304698277
7.04858811499637	31.514338686253886
0.15772338161734623	5.377933808330098
2.543363755488298	44.24111542991448
92.75462844746448	46.07229073617917
95.14913741678372	68.15057864672765
78.16621410177684	98.01041452144119
80.7913050775367	79.6814261142524
74.02459920521882	16.556488628816595
76.29494931347693	75.6233091468771
69.12029100096751	91.60355170419575
71.71877619038251	24.62924885575952
65.0318891523142	8.440253218851035
67.20468323542615	54.140920785670986
96.60393257544898	50.21322936736357
0.12260335625926333	35.30298319518507
92.55100510858884	97.91035013701541
94.61737752153623	48.02975993884567
87.85954171988158	67.119927267159
90.30726078667561	87.48884406020234
83.49621341233123	9.28838103080587
83.95737890042746	27.4738283953313
16.378659151371174	57.59002418532339
16.70679570774303	30.548900818826656
18.844116884276755	44.38914913065004
12.503100643046974	66.5892397547431
14.853268110339705	73.59200359654588
8.414698794393667	82.42594126939838
8.69849237352406	40.3092953093709
2.304266034819483	64.21875557575416
4.539141761284425	91.42515831403306
33.991602673997015	85.78809430300552
36.47479612258421	39.01743035104543
29.6814859391364	26.247176949147242
31.996179024635975	1.3895215359534419
25.601952685931398	25.298983277551663
25.841403287820327	67.10681177356352
28.07627901428526	94.31321303662746
23.216310836845487	85.43580018075232
23.633133347700262	88.545724951747
6.605867055451932	4.330038232929803
8.929428736399785	61.68748763348515
2.0474311232540945	18.766186094095552
4.433071497125046	57.62936919089489
96.92355489280763	2.742469828969224
0.060876069341345596	16.58271814079262
92.55135798980896	60.69581877886695
94.91039405254999	50.91368743441887
25.593436971703234	4.8693471056540565
27.899259986539544	95.79658835392608
19.261290801136703	10.28454254349626
21.372006191325543	74.47947788928718
15.057597211655596	46.324882954627654
17.372290297155157	21.467227541433864
12.680823958017989	89.67680467157746
42.08007477325578	85.74911177805508
44.83819468074004	13.646695577103406
38.22225493104312	61.17853697497308
38.576997273759844	82.78272804972379
41.14000955659664	82.94800742150593
34.63049147706427	28.061106584365323
36.767812653597986	41.901356371403665
30.222821667487395	54.15403627926647
30.542088153196	43.897808099020594
60.46458314945313	39.66129626626765
62.938909477806995	9.675527500558402
56.22541517817886	43.84121742240249
58.34500063903094	91.25125758194254
51.8000081777054	4.503937489805355
52.19909349766359	41.183654108516706
54.7975786870786	73.20934978486554
47.835765190113236	82.35210639694861
50.327828709363686	18.796547258737654
33.823806598134674	33.272041600689874
34.143074559058235	23.015813420444
27.75771829101691	30.14037997579135
30.302991907742154	63.87544824486027
23.731393660071735	27.482813711475668
23.98858145285725	35.720853310200766
19.164090607640563	58.703859709322195
21.37235907254567	37.26494653113871
21.57633676785639	47.212355772154
51.622990625174644	5.987311331889026
54.008630999045586	44.850494428688364
45.61897953576501	83.36138487844946
48.14651743680864	51.666243520020096
42.82538672170254	24.60338182440457
45.184421309228604	14.82124900474153
36.75929841458478	21.471718724291097
40.79448869054833	7.344389802355928
68.11849702217549	70.0821808180392
70.67263923434903	87.03235537607222
64.22520279816966	13.651188235175585
66.38912976104825	76.13675246346135
59.595818102385486	63.36649906156316
62.087881621635944	98.81093844813725
55.40099310835268	82.62194281122875
55.684788162698034	40.50529685120128
58.31874773390619	5.3914132577616165
88.45408754570737	93.31741547977309
83.727148299992	30.666574830135072
84.28586686280448	62.218173670686106
77.49255667935668	49.44792174400287
80.48125859328157	35.938229225313904
80.77392076786026	76.0366866038206
74.3176157362326	19.440414649174834
59.04632249145637	76.81547220139787
59.347853261483344	1.1290343936537053
61.955207046346636	16.369836358966612
55.33039870120142	80.68657441830211
58.05304422689252	75.7237374871389
51.295206950022916	94.81390481545225
51.490314574670386	22.546209242718394
44.572844054946486	46.76448844833224
47.09151336054181	31.854243751368685
77.01400835679894	27.617733393830694
79.23114689236729	88.39392502939634
72.82805195821442	30.088283432460376
74.95650453929984	60.713426930534624
68.18979866698196	96.58848944509882
68.3583019804995	74.67547943111755
71.06321031529401	4.28243287245605
64.12800260467353	62.07050392578657
66.38948264226838	38.922219630097935
95.96610536647202	95.29662448677334
98.53798476954215	78.67700572187472
91.69146301340459	67.61612491269666
94.28107813215632	17.426718725726246
85.4746071084509	52.827681454062734
87.94006484135646	39.626807874604346
81.4216781663758	1.524803698929539
84.18866666930836	11.637490836512042
14.596784604779486	89.9249027567388
15.270796383634735	2.272865651243626
17.82493859580827	19.22303873406169
11.138050082525009	3.0340430971532033
11.412976541422067	76.70229232337658
4.930064248234569	70.46070592748337
7.448732078614945	55.550459755304885
1.098850192366788	94.5354455656488
1.1697974807381675	59.25628260042697
3.954524649782258	35.79918084072272
86.25539343869082	23.542370755408783
89.00464327551182	67.22484826549301
80.15382927456493	87.5502898755137
82.7789202503248	69.2213014683249
76.20732347786934	32.82866693494029
78.67278121077491	19.62779335548189
71.8262579794224	8.566912546303822
72.19873751303571	95.60131177333784
74.40700745315577	74.16240007036932
5.081181776860706	44.90295492785536
7.892513257034726	70.09116760939852
1.3386536754758476	0.1287427035121942
3.4227632793198106	15.67836360805569
93.7493197121238	96.30590001784427
96.26798754250417	81.39565384566575
89.38599287978839	38.47435378149111
92.05542683278973	35.22088944304802
22.587705104536955	76.51976728054781
25.10637293491732	61.609522583584265
18.171166699511794	20.39759511212974
18.623460641729825	55.367936187691065
21.204211590678163	21.96342371175656
14.70356063137912	49.29162916358004
17.20449274607786	67.95117336390325
8.194044027061702	93.40472832643941
10.996506911787419	36.37783471901847
40.37801906091367	66.01993367321278
42.834609673585916	69.6039538047903
36.289617212260374	81.85663518786806
36.75078122514165	1.0420840276084502
39.26945200595193	85.13183785542994
32.351980011013076	10.350118536258742
35.145572825075554	69.10812159030363
28.34339404617945	73.12276337465629
28.85777110696544	89.59883962167658
11.865977721295309	37.24357215785594
14.189539402243163	94.60102155841129
8.025895069979226	78.10320698227223
10.243033605547584	39.87940009305283
3.8842816486361755	95.64927961443264
4.0971264641802305	88.81179514441205
6.598057103664011	8.471339344735267
98.89343287469913	25.852135555543445
2.3588906076047054	12.651260500870103
32.15722526758574	45.40328275084413
34.383230923387416	89.39457920015893
25.488073945199055	94.64449674143391
27.77616124435374	21.141526886992708
21.302117546614536	97.11504678006361
23.865128354236372	97.28032320141585
17.240320009091157	62.597062735966304
17.515244992773255	37.26531048697473
20.26449778002418	80.94778799705894
49.71695721752181	75.31072398603142
51.889752775848706	22.01139302806633
45.557606605282174	27.426588465908534
47.854562499885155	36.1387219500015
40.8750118120232	78.85127040980126
43.58878874226601	90.67333014010387
34.693631764077644	95.92324620616391
36.91076882443104	57.69943931694453
66.70910495962703	90.4514600917036
69.41401329442154	20.05841648347202
62.84241504675111	82.6657819500874
64.96199903238825	31.07582063441251
65.36108435234644	67.75553725312386
60.38582590929383	79.08176034329493
60.82038561104519	48.62189326657294
54.11575990686534	66.00268947738113
56.23534389250248	14.412728161706223
41.478426233297284	88.26386343616448
34.59643009536656	45.34256337198984
33.07990764978338	44.559647596961476
26.80984164735489	31.48057673104767
27.0758980355887	22.933719668306956
56.812152527431685	74.18000822203699
59.029292538214996	35.956199857602634
52.22711080888898	39.97084164195532
54.71030720790609	92.2001776899952
55.375448916098094	21.333035770750886
48.55553147109045	58.91746940282024
43.20779496963948	82.20929326595729
45.38945912341467	12.125065646526382
75.14344933093928	29.801565302969657
75.81746110979452	41.149526722259516
78.35386613107147	91.6694901775793
71.91529681512544	1.503429325646767
74.05261799165916	15.34367763747015
67.4721526237554	94.73593976555136
67.9244480411884	30.706282316327645
61.43266862776756	41.24959258190026
63.960206528811185	9.554451223470902
93.72306680699906	10.446054218448369
94.0068618613444	67.32940678320593
96.54326688262135	18.849371713740673
90.08696037577873	61.253098283879936
92.41938917695991	2.8256539733993886
83.72820841886733	18.022980755689673
86.61935725807598	90.14713528576016
80.11870777399189	18.47533926236867
82.0343140643183	55.93797018089344
42.93671691615329	71.60281918392974
43.57525283800041	51.09036282343799
38.333938006713986	70.96344445156475
40.941293266792236	86.20424641687765
33.79323926541274	51.82980194022878
36.409463120939286	50.28570871929084
36.72872960664789	40.02948053904497
30.600561131392077	55.39208669311742
32.97733290981473	12.040163500952653
60.53192324788253	34.370679674113596
63.485152255229224	88.00056790042807
56.780528026264335	6.381362636021295
57.082057321076356	29.694924828277138
59.71601836749948	93.58104123483749
53.14442011982906	57.18840817666782
55.74290530924405	89.2141053282316
46.918695619427076	59.18486137949972
49.330943254857864	47.69335596711657
78.69471821308753	11.905245293812586
81.39075795243375	57.29709539661692
74.89010994356461	84.62529937322543
77.40877777394499	69.71505467626189
77.51520239453946	66.29631096603663
71.21853060576609	4.571927134090352
73.59530238418874	60.2200039419256
67.2188117611658	50.55967531102209
67.49373822006285	25.227923062030513
97.19451980532762	44.61379236076399
0.7930035195276706	76.63949098754271
93.26574972431366	55.322380522903806
93.37217286969317	51.90363828789351
96.36087478361807	38.393945769204535
89.85135817930065	82.5070449320639
89.97551704036178	45.518510849336934
83.5546863905273	20.78265962490268
86.09996000725255	54.5177278939716
86.76510171544454	82.65058449951233
70.26107812900057	97.12607884146455
72.63784990742323	53.77415712451474
65.22374099302488	27.94657118582154
67.77788468041337	44.896744268639615
62.909049382740264	52.80422659901533
55.574757827376544	73.91258250884945
58.17324301679155	6.938281135628178
58.68761860236258	23.41435738264845
89.75415651058957	31.926360622674895
83.28011281285036	8.89987904053083
85.4174339893841	22.740128827569173
85.7987821184457	92.98963434356729
79.39568718429283	34.68399127141637
81.92322508533644	2.9888499129870065
74.95254299292279	28.91650171132095
77.68405711406217	7.168771069121843
6.105619995620547	83.27271503604568
8.730710971380429	64.94372662885687
2.043822458097168	48.754730991948385
4.810810961029715	58.867419604745834
4.837416747374593	8.512732570778297
97.31903154760889	69.41072839510349
1.023939882403396	98.01768331165697
93.29270839187868	66.75316360600277
95.43889816386069	63.80851820679025
26.192891321815207	81.4850149128036
26.83142576844737	60.97255855231187
20.29530337778508	56.440344749138774
22.91152575809667	54.89625152820083
23.15984643064885	79.91918483796182
16.597118253641682	26.741656593541318
19.16012758604855	26.90693449010853
12.295868639014403	49.415844053432174
14.770194967368276	19.430075287722914
95.022430009441	23.484062077647096
97.76281125081371	83.95143624919713
90.72118187002867	46.15824953753795
93.08908652821799	19.591223006839005
86.30464346500351	89.03607441868996
90.00282858914692	19.734762574287426
83.41349462579487	16.911919888619483
85.68384473405297	75.97874040667999
14.371464003845158	44.53582878607805
16.535389491508806	8.021391539148865
9.981531385164885	37.058966633262536
12.624359551821343	84.16018932878697
6.079367090495797	96.41286923664978
8.190082480684637	61.6078045824407
8.651247968780886	79.79325194696614
1.7249088536086923	21.796429289260743
4.447554379299779	16.83359088288258
34.245889039280804	49.585614608071566
36.71134677218639	36.38474102861317
29.99785247255825	70.55042947524231
32.27707117626464	13.832354807051944
25.22657172481636	91.82406475685858
25.634524165007885	12.718883238889156
18.805739599766905	67.08821205720938
21.076088232810047	27.155034050484833
50.874424368006046	59.9070548252439
53.15364159649748	3.1889816322684976
46.63525639673177	64.08697598137873
48.834656266188574	59.43295946466107
42.16550641901685	9.674173455250857
44.26735321375741	90.65400251207768
37.72236075243187	3.9066838951554423
40.20555715144898	56.136018467980385
23.284712529365187	67.50158951415287
25.253530392381364	4.254847839957534
18.078872079871946	20.235090397276185
20.881333489382705	62.20819678985525
13.866309894942546	73.06032599465846
16.45592648890925	22.87091833247309
9.494114467158846	32.01367494455617
11.117058582906584	29.37784700935928
40.977473411025656	43.6356029555773
43.49614124140602	28.725356783398787
36.51659055354408	71.43790524319856
38.26369648078286	31.813543225274678
31.807391449155197	74.21727127062891
34.52116690418303	86.03933100093151
27.922965820597653	1.0013835015144328
30.05141692646812	31.626528474803635
59.02497663540286	41.37380747175239
61.49043436830843	28.172930941864095
55.08733943415556	68.86728934492812
57.36655813786195	12.14921467673777
57.712430409915434	50.53830093773932
52.24940364285163	94.0337636973525
45.145692618713596	74.73484328944932
47.78852078537005	22.836065984973754
77.15229721881468	86.04795383645481
79.8483369581609	32.43980393925915
72.6382042638583	16.55962576636628
74.94402727869462	8.486867014638303
68.487720771852	50.890595059992535
70.57183037569597	66.44021596453602
63.76078447656653	87.23975441035452
66.48342852704266	82.2769174791913
49.3674762803114	66.9101826228827
51.77972244052722	55.41868016092946
44.4986409826383	74.81766495325842
47.15033921995801	6.133990987317039
40.71176990401198	14.967928660169541
40.99556348314237	71.8512812249271
43.14175325512438	68.90663435049963
36.694316818945005	94.52546868481795
38.87597949750523	24.441241065387047
68.72752573017601	55.48389367307088
70.82050392946827	54.24861791614856
64.32872451604744	64.79192670650622
65.05594491716253	74.43051848350588
58.280370449396344	28.09047470910598
60.50637905562795	72.08177263363574
53.9702551897507	67.54955883046264
56.24947389345709	10.831482687057338
85.6753290198248	55.54910423478238
87.76830721911706	54.31383142828998
82.63341553321015	70.76816934619147
84.744130923399	35.96310321676742
78.13705976915037	66.71005237881616
78.44745913462563	73.23871938482115
73.40125340320165	20.844105440214044
75.09514628253572	81.92911601501028
6.124062948957386	74.27386194724703
8.695943827242463	57.654246132778326
98.86286554197719	44.40989589508235
3.99561184308692	43.648718449172776
94.13592777147676	80.75905524544434
96.82309891537469	43.93579905928456
89.89675832498754	84.93897492636421
91.81236756574387	23.401604369674033
75.5389274609555	96.46982386910392
79.54751195057416	33.69717903070637
72.2753005633485	36.311268636784476
74.58999217363309	11.453613223590676
67.47741255404677	8.93958947715332
70.08476781412503	24.180391442466238
63.255981773669085	78.54971878557149
65.81899405650587	78.71499668213869
95.32466654190821	71.36856155360601
97.6304910319595	63.29580280187805
90.69528184612405	22.08387237999359
92.17632990991406	90.0063689000254
85.35641541533633	28.59080253209475
81.81786205883226	92.76399954876686
83.91084025812454	91.52872379184456
14.336695384492245	37.24634681478455
16.527228133715717	49.37722400910279
9.59202042309523	8.165296537648263
12.17276989682861	73.76078406171375
5.37058964271755	77.77542732128138
6.70087305910155	35.04114200757779
0.0405903321631651	67.49745933670175
2.2488602722832196	46.058547633733234
31.958508977781324	48.659521746215844
34.05148717707359	47.424247464508476
27.43554742737667	94.95609033759312
29.927610946627116	31.400529724167193
23.329408387826778	45.36258222475012
25.431255182567334	27.342412756791894
19.12571479834568	81.40292116066657
3.384387470024918	38.37742653461501
3.7391298127416484	59.98161760936571
6.28440490468186	93.71668587843463
98.53543622326055	96.02195802049712
2.3201619170896848	72.56485331036293
94.34947982467602	98.49250658391183
94.58892895135	41.300335079923705
88.19470408786039	65.20979682152192
90.41184262342873	26.98598845708756
21.254520260651233	74.81353625102226
23.604686252729003	81.81629861761007
17.015350814161998	78.99345593194214
19.303438113316684	5.490486077500918
12.315020305221402	64.98792824833659
14.60310612916114	90.48495839389537
7.774320088705203	45.85428721221558
8.226616981353148	80.82462976299186
10.567914377982627	5.612288791045507
39.89621642963409	36.96375886274495
42.13996075154732	47.385264939558034
35.550626788195274	44.562422253890105
37.705683680410615	24.83288166842673
30.992189380782477	58.99857011505585
33.227065107247405	86.20497285333474
26.44262204403293	56.64982426518571
28.961291349628265	41.739579568222155
58.3161991876246	22.73636260595408
61.10092488145373	98.27926084624981
54.05042543000545	77.27096932084149
56.80854533748971	5.168551644674849
49.59841264318713	88.28837494699694
52.23237221439529	53.174491353557286
45.35037607646456	10.253191289382642
47.60298751861113	3.8898021799448608
28.80201098799409	9.653163037804113
31.75523852012582	63.28305126411857
28.544823195208576	1.415124914293966
21.7603801319941	70.85997632614493
22.035305115676202	45.528224077153354
15.16217757319376	84.82202882672784
47.878265383513344	40.34351857280481
50.12200970542658	50.76502612483285
50.79602000906687	62.11298901933767
44.215554641163116	42.505249672203924
46.33513862680025	89.91528983174398
39.96751807444055	63.470064539374654
42.09597065552599	94.09521098787881
35.33813337865639	14.185376840977204
35.59532264665686	22.42341348927238
65.24289118401693	43.51865685594092
67.32700078786088	59.068276285269455
62.378348131153146	20.039816767117863
64.68417262120443	11.967055064959977
57.81991367417028	34.47596462828362
59.99270923249716	80.17663219510356
53.56300851199942	72.22567468170521
55.86883152683574	64.15291592997724
85.23260796028036	28.364803781458306
87.7424086704274	30.23945427074562
79.91147576995931	1.3019435610577408
82.61638410475382	29.90889847761121
75.65457208300342	39.051653614479335
77.87170914335681	0.8278467252599516
71.2380322027633	81.92947997084632
73.41082776109019	28.630147537666254
31.449821631032584	53.32933106106594
33.693565952945804	63.75083713787902
26.98894024876596	81.13163187347224
27.662952027621223	92.47959476797708
20.94058913254479	44.43017987607202
23.04243445207038	26.410010408113788
16.683682495158973	82.17988992949361
18.77666216966619	80.94461564778625
48.48631087516431	83.54559123548381
50.59702626535314	48.74052658127473
51.28877375989002	26.518697628062874
46.375595484975456	19.350655889692895
39.69757704235544	85.37676506653355
41.959057079950306	62.22848077084491
42.16303330004607	72.17589148707516
37.365146765959295	44.80421085222906
66.50720831319661	32.6384813104115
67.15461430570699	94.34112828845394
69.69101785176899	45.86109174377373
63.11942255452849	9.468458685604068
65.28334951740709	71.95402143867489
58.9423332761773	94.1541135379829
59.14631097148802	5.101522778998189
52.33526212192867	25.901061224816676
54.48145189391068	22.956414350389206
86.05349826747536	64.72938902368678
88.31497830507021	41.5811062032131
73.93905441849155	24.896276876602986
57.00047408072614	69.83163682006224
59.394983050045376	91.90992473061071
54.53501634782056	83.03251187473558
54.93410166777875	20.71222701823199
48.04323693439973	93.57582066509325
50.31358556744288	53.64264118315374
45.37380298139839	96.82928500353634
75.02137151875846	18.924526894989917
77.34493172449135	76.28197629554528
70.40972548908582	35.07004734887578
70.595964518285	78.58724843760774
72.98160489215596	18.45043005919213
66.43661390604537	30.703111442269904
68.73356832543338	39.41524640157783
63.279410153817864	66.12581397494016
93.20190367486003	61.88930361740215
95.54320254670448	85.67696117024083
88.54591319273099	62.95930000254231
88.80310246073147	71.19733665083749
91.76519858831149	9.04233116611605
84.90093964127735	31.551239254224736
87.51716202158892	30.00714603328679
80.56421712007185	22.36500745911902
80.99877534660826	90.90514038239702
13.32250252283571	8.655184696363515
15.255846004058718	12.548022291956658
8.51574739330066	97.06839924776827
11.247261514440039	75.32066713035421
3.8154139339301483	83.06287156416272
6.3784262167669326	83.22814946072994
98.5319029854144	72.16726865155185
2.2102055338640483	52.1289091268579
84.25388800520204	31.63406091803383
84.53768158433243	88.51741200757644
77.70002842364316	60.671636012147495
79.92603555465982	5.662933936677262
73.31009432974793	53.19477533454694
75.56270724710944	46.831387700324115
68.79600137479156	82.70644873967335
70.88011097863551	98.25606964421685
1.456732227624212	55.63047155046234
3.700475074322477	66.05197910249038
96.33285599717773	39.60675528533602
98.58546891453925	33.24336617589824
91.6147868221256	59.171017974232186
93.90287412128029	84.66804811979097
87.48204199623083	59.93219542014176
89.38877969110895	15.179720049702428
19.903320771959592	90.0483897349189
22.368778504865176	76.8475161554605
16.054369525195227	48.69292122080099
18.218296488073822	12.178483973871794
18.821358028127776	58.80560983359844
11.939360414982085	15.884308294208841
14.564452865956916	96.55531988702005
7.3897930782325405	13.535562444338696
10.130175794820223	74.00293661588874
39.42300346467851	73.49398743259162
41.977147152067005	90.44415904019473
33.22388622583636	25.13575360145598
35.795765628906494	8.516136311772327
29.357197788175412	17.350073984624842
31.6896265893566	57.922628198929324
24.745550283287823	33.49559443851071
27.05137477333909	25.422834211567768
9.633890281365902	85.7425371630033
12.179165373306104	20.477605432072234
6.006652445593874	20.76468751739898
8.126236431231005	68.17472767693904
8.596270514775535	69.57527837999865
1.6787999950516341	93.7935605360424
4.374839734397855	40.185409163631775
96.39528904653591	82.89795762343154
28.594854411272316	37.6365330696951
30.226668597683304	18.215809948247344
23.24711790982136	60.92835693283215
25.889946076477813	9.029579628356588
18.80397371845132	55.1608688479517
20.95016201521837	52.21622197352423
14.085903068184223	74.72513153684785
16.77307568729711	37.901876825903045
47.65337456632491	2.8966804524124825
49.95919610594626	93.82392022546955
43.05946277711895	84.47241053379662
45.400761648963396	9.260069561850253
39.04200969205199	65.02995055844504
41.08177631865449	65.50404739424282
34.47470516440586	96.25099360586165
36.558814768249825	12.800614510405142
64.27304129960184	30.00301733105063
66.6054686255681	70.57557007014017
60.30879683679473	8.851186238193886
62.339696343163894	26.11017678502758
55.98981150648582	65.09516407058646
58.233555828399055	75.51666867218458
51.44911424039954	45.961520084035534
53.59530401238155	43.01687468482302
36.461614574753696	61.21993167623108
39.02462685759049	61.38520809758333
39.361630534195676	17.559191020050704
34.705641527281585	18.62918740519086
27.76156522121281	93.20215364477222
30.040782449704242	36.48407897658187
30.289103122256424	61.50701228634287
25.606506853782506	13.931694230235601
55.014626264468596	92.21910762567732
55.31615555928062	16.53266981793317
57.81708767397935	35.19221401825639
51.05925187232471	54.28238134656972
53.49810381888542	91.43619185064895
47.112744600414175	98.56075840599631
49.356488922327394	9.982265958024346
40.47019906437237	97.44728683783353
42.80262934076852	39.01984105213803
72.74286005270726	1.2135388468833495
74.84470684744782	82.19336937892513
68.41500760216503	74.24241186552678
70.7740421896911	64.46028052107869
63.77675431093257	41.74261787816521
66.43731966848561	55.27405020118793
59.466639051286926	81.20170052430691
61.719250493433485	74.83831141486914
91.49984796251792	42.16012403734488
93.49527308709392	27.558698279611917
86.79064738291407	44.939493015205144
87.16312691652739	32.97389371745412
82.25881723706112	9.020956792833289
82.58695379343298	80.9798319511216
84.97259269208897	20.843015047920936
78.33004863126213	19.729543479758146
80.46736980779585	33.56979326679649
64.17619251211089	41.20780166351315
66.2070905432651	58.46679368556179
59.83947146612036	32.02156986840743
62.18963745819814	39.0243337102102
55.28103405870757	46.45771920478814
57.6844116234751	51.75111045387081
48.79812324073503	40.2161342841099
51.201500805502555	45.509525533192566
81.21268028102764	71.42406331314598
83.27905416918999	21.54347311497623
76.8936964259337	28.668039670323587
78.5432463280263	74.67752617637412
73.42609183301597	57.56207519698884
73.85178293931905	43.88710478173266
67.2713175714153	24.27936543459891
69.78111680634737	26.15401592388623
0.3045279578612595	84.23779042285183
2.4595848500766024	64.50824983738846
95.12743867951008	69.92344527523066
95.31367918392421	14.440643413532714
97.56629062607078	8.07725577930989
90.86166639710589	25.45805051490312
92.92803881005327	74.57746179194834
86.32096765580464	6.324409478782112
88.36960287785543	89.01360965311407
18.990567104085585	61.463537103320235
21.59792088894887	76.70433906863315
14.813477825734395	47.1491904804841
17.057222147647618	57.57069803251215
10.210698916295097	46.509817223334075
12.348020092828826	60.350065535157455
5.625658672967353	12.300650643252402
8.31282981686527	74.47739593230759
90.40085526544473	69.05807179222921
92.65346670759129	62.69468120757648
85.93110381251486	14.645267790886384
88.14824234808322	75.42145942645205
81.48795962114482	8.877779706005938
83.83812708843757	15.88054207259375
75.40413264791552	39.315906978394175
77.34634619980177	26.42385233816637
7.825412898859242	69.43210276838626
10.122368793462218	78.14423772769419
3.2226339894199443	68.79272803602126
5.900938013084539	48.754368511327314
98.42689431534534	25.727886929183256
0.9966283336182638	24.801431586706467
93.38068710870638	72.33327298457615
95.86388203250854	25.562607557401087
26.085762413995457	60.332821339325804
30.103215499062415	79.77528131467739
23.380854079200944	31.725866422772334
23.806543710289052	18.05089600751616
17.07531221976433	85.78637630186196
19.345660852807484	45.853196819922466
12.587825051152842	64.9433641482358
15.27499619505076	28.120107962076034
44.700852796633434	72.83773098501604
47.43236544255786	51.08999886760198
47.627474542420295	77.82230329486812
42.78524503109206	35.37510006649127
43.13998737380879	56.979291141241966
38.24454628979081	16.241457555155304
31.557657776507547	0.05246339346177653
33.845743600447285	25.549493539020553
16.818477308198943	40.33380682020336
19.071090225560457	33.97041771076558
12.268909971449398	37.98505949511825
13.856382655833883	3.4888137801397474
8.88112421278127	14.815038345525775
9.27134093729117	68.279650150488
2.336131751455725	27.06771972860355
4.641956241506994	18.99495950166062
34.147628726909346	11.64852437312794
36.710639534531175	11.81380226969515
30.165648548420588	24.066483652772913
32.75526661760225	72.87707599058754
33.18095624869036	59.202104100116415
26.58275368989002	73.16415660069933
28.950658348079347	46.59713007000039
22.414534482202093	42.0649162668273
24.676014519796944	18.916631971138667
53.755997374111175	25.245167257862168
56.18598072522359	79.18387442340722
49.38380047111253	83.19851768297484
51.920206967604436	34.71848113829463
45.4372961496319	28.476894742401424
45.712221133313996	3.1451424934098466
38.785882018141805	44.1483183604895
41.180390987461045	66.22660627103798
73.58608090752033	15.219430486324919
66.93466530081527	30.89085410441299
67.22732895060892	70.9893114829197
69.71939099464441	7.433750869493781
63.201005794878704	68.33174669381897
65.5689075026381	41.76472016312003
58.99731073018264	5.372085629735413
61.15236909761294	84.64254504427204
18.739067550122346	74.37138454168048
19.005123938356153	65.82452747893976
12.202945159460052	69.83916926329243
16.477587512527496	97.51966883736911
7.759800968090024	64.07168117841198
10.101098364719505	87.85934020646562
3.2900495151601516	9.65887717706914
5.78211303441061	45.10331656364322
36.396355525204605	18.644978728108324
38.569151083531494	64.34564629492827
31.908868356593107	96.80196657448217
34.19695418053284	23.298995244826003
27.474591285456412	74.24958182813589
29.718335607369635	84.67108790494898
22.78312789674915	43.45915895827949
24.92931766873116	40.51451208385202
54.57688620609122	61.609753975305594
57.01573815265193	98.76356447938483
50.62151181394735	23.673027696198
52.7854402520409	86.1585904492688
44.1474695914231	0.6465461140539361
46.48876698805258	24.43420514210757
39.677719613708184	45.2337421127111
41.75296062210387	77.56825820350547
72.60665371478679	92.91774886398242
74.59320876869954	95.10121681728536
68.110297950727	88.85963189660713
70.07024721829488	42.397785408662635
63.66715228414202	83.09214086129676
65.98184389442662	58.23448544810296
58.8781358207185	38.93556651541474
44.17442973420306	12.077329197152899
44.422747456325325	37.1002625069139
47.01236552550699	85.91085484472852
40.04168343309333	12.838506643062477
42.70224879064639	26.36993749087024
35.775909675474196	67.37311335794989
38.471950890035366	13.764963460754213
29.62113393865855	34.090403595559955
31.776192306088852	14.36086301009658
61.6632129205528	77.26393339756201
63.995643196948954	18.836486136651555
58.44392900018727	32.18090223398828
61.13110014408518	94.35764752304345
54.373264342430545	14.447813376141834
56.51058551896427	28.28806168796523
47.83714195176825	9.915599572968745
50.134094895941324	18.627733057061725
81.47555926306536	1.807985523311538
81.78595715332567	8.336652529316519
76.92599192631583	98.45923967344139
77.2896013892659	4.2785340867262605
70.38099946499028	11.711919581304198
73.00609191596511	92.3829311741154
66.02653975288821	36.095479633915154
68.22594109755997	31.441460166767573
97.53650595831485	96.36272208618371
1.3389688430405715	39.335828478762764
93.43923551421325	29.98431878708984
95.75392712449786	5.126663373896051
88.74777212550599	98.19389591723343
91.47928624664539	76.44616527503433
84.67710599253432	80.460807059387
86.81442716906804	94.3010553712104
70.34587943963218	41.63696896815917
70.57646144607283	1.2296941256368417
73.17494663548784	33.25539127720061
66.7984589628948	23.59506264629711
69.07767619138623	65.87698797810675
61.681302992669515	6.4796116669118335
55.872402478337264	11.585988165523458
58.46201907230398	60.39658050333809
88.17166925301704	62.997554615820704
90.93865775594959	73.1102417534032
91.11602818970047	34.412338028386024
84.24290064721804	73.70614277796054
86.74383276191679	92.36568697828375
79.89730953056427	81.30480616910566
82.50466331542755	96.54560813441859
75.66701015473828	68.69983066377469
77.99943895591947	10.272386353294147
8.939671143073184	71.46608414803947
10.606958236062372	83.90578028158828
3.441168519001247	83.10112617744112
5.9066277271217755	69.90025259798274
98.1310532593556	23.560210298797784
1.3659275106055762	50.76661156186173
93.63469749529581	19.502091856207525
96.23318268471081	51.527790482986255
26.76546095645803	92.82666832048605
29.0801540419576	67.96901290729225
22.08286468798411	45.25135026437878
24.46850653707001	84.11453336117812
17.2849796291123	17.879671104747636
19.918939200320462	81.76578751130796
13.489238479822719	73.81482999790961
15.662034038149615	20.515497564729568
96.0029535594903	54.720533967360126
0.5947170134691446	87.83796583318284
92.6240349210555	14.765617631516783
94.9475951267884	72.12306703207214
88.5267644769539	47.38721433242293
90.8414560872385	22.529558919229142
83.9328541629629	29.96294441380708
84.57139008481002	9.450488053315325
14.997245211177733	54.16810960104038
17.68441783029062	17.344853414880603
10.69599854698038	76.84229706093123
12.77123955537605	10.17681315172558
7.246131144959238	72.1665407398798
9.82687914347766	38.76202973916026
3.3528369209534112	15.735548157016204
3.6277619046355114	89.40379738323958
33.443833755513126	88.58602778549692
36.15761068575592	1.4080875157995427
29.603751104197052	30.44566260991321
31.75880947162735	10.716122024449835
32.16676191181888	30.61094198169538
25.435531896509115	98.34642080082622
27.945331131441186	1.2210712901135419
20.903700275441196	62.42788457845436
23.138576001906138	89.63428731673325
52.679722869101646	15.148269967982179
54.950072977359746	74.21509196125764
48.60018961589663	14.20007777160156
50.67543062429232	46.53459238718095
44.05949087459539	94.06643673548055
46.170206264784234	59.26137060605651
39.35915741522488	80.060909051875