67.40971044549893	93.50440999788775
69.52042583568777	58.69934534367867
69.52042583568777	58.69934534367867
62.33689892773006	91.46448308724818
62.33689892773006	91.46448308724818
57.06897978531372	62.6922502741275
57.06897978531372	62.6922502741275
59.250642463873945	91.6080226546966
59.250642463873945	91.6080226546966
51.712373213199506	3.7689693235154227
51.712373213199506	3.7689693235154227
89.16426886468278	5.156407483409457
89.16426886468278	5.156407483409457
52.30154596776774	48.02765922472466
52.30154596776774	48.02765922472466
53.844674199695795	97.45588944100045
53.844674199695795	97.45588944100045
46.94494087086848	88.10437827411256
46.94494087086848	88.10437827411256
50.75841626062471	97.59942900844887
50.75841626062471	97.59942900844887
73.73683495081306	68.93588341527727
66.76615433361437	94.86353668882619
66.76615433361437	94.86353668882619
68.3802298539138	10.012605415095111
68.3802298539138	10.012605415095111
63.67989786975825	95.0070762562746
63.67989786975825	95.0070762562746
56.496369486585586	28.772213999844116
56.496369486585586	28.772213999844116
58.0838406957551	93.27596680965065
58.0838406957551	93.27596680965065
89.70909864200955	34.33957184065804
89.70909864200955	34.33957184065804
91.32317416230897	48.48864056692696
91.32317416230897	48.48864056692696
84.35249206989532	74.4162923652609
84.35249206989532	74.4162923652609
79.15552169106533	10.364898062133353
79.15552169106533	10.364898062133353
81.26623708125418	74.55983340792429
3.0629916176673384	16.9805154341836
5.244655771442516	45.89628781475269
96.70638504555312	57.05723448357152
96.70638504555312	57.05723448357152
2.158397832371449	46.03982738220111
2.158397832371449	46.03982738220111
93.620128581697	57.20077405101993
93.620128581697	57.20077405101993
93.620128581697	57.20077405101993
95.49139336999691	79.58788237601395
95.49139336999691	79.58788237601395
80.88524183341269	66.09579653377769
80.88524183341269	66.09579653377769
73.34697258273825	77.25674467781148
73.34697258273825	77.25674467781148
75.52863526129848	7.172517058380567
75.52863526129848	7.172517058380567
70.26071759409709	77.40028424525988
70.26071759409709	77.40028424525988
72.44238027265732	7.316056625828977
72.44238027265732	7.316056625828977
67.17446113024099	77.54382381270831
67.17446113024099	77.54382381270831
96.3165226774783	65.37809279567578
96.3165226774783	65.37809279567578
98.43610666311544	13.788134430430803
98.43610666311544	13.788134430430803
93.23913480907048	48.736738652088306
93.23913480907048	48.736738652088306
95.34985019925932	13.931673997879225
95.34985019925932	13.931673997879225
87.88252971217122	88.81345917669117
87.88252971217122	88.81345917669117
83.18219772801567	74.80793149308562
83.18219772801567	74.80793149308562
84.79627472353006	88.95700021935455
84.79627472353006	88.95700021935455
14.911730484422508	28.14595476107461
14.911730484422508	28.14595476107461
19.292794507654502	52.40771062492603
1.7685354642966244	54.3606886447353
5.652961092854169	28.576576413849764
5.652961092854169	28.576576413849764
35.007868930850506	9.573359451581686
35.007868930850506	9.573359451581686
36.914606625728624	63.82088555635731
36.914606625728624	63.82088555635731
31.646687483312295	35.04865274323663
31.646687483312295	35.04865274323663
24.74695415448498	25.697143051563717
24.74695415448498	25.697143051563717
26.290082386413033	75.1253732678395
26.290082386413033	75.1253732678395
21.660699165843816	25.840682619012128
21.660699165843816	25.840682619012128
23.203825922556913	75.26891283528792
23.203825922556913	75.26891283528792
6.327324277714589	2.7100079502061223
6.327324277714589	2.7100079502061223
6.327324277714589	2.7100079502061223
1.3875402164551451	45.89665029537376
1.3875402164551451	45.89665029537376
2.9306684483831997	95.32488198686451
2.9306684483831997	95.32488198686451
95.03093659477084	85.97337229519158
95.03093659477084	85.97337229519158
98.84441345974204	95.46842155431293
98.84441345974204	95.46842155431293
91.94467865569978	86.11691186264001
91.94467865569978	86.11691186264001
24.002347968478464	12.413810288917302
24.002347968478464	12.413810288917302
26.18401359746861	41.32958414470135
26.18401359746861	41.32958414470135
18.654611467027504	35.7056356272693
18.654611467027504	35.7056356272693
18.654611467027504	35.7056356272693
22.82283214993039	66.80487743635629
22.82283214993039	66.80487743635629
15.852150057516736	92.73252923469025
17.46622557781617	7.881596485744212
17.46622557781617	7.881596485744212
12.765893593660627	92.87606880213866
12.765893593660627	92.87606880213866
12.765893593660627	92.87606880213866
41.62416156176756	23.82698669556354
41.62416156176756	23.82698669556354
43.734876951956394	88.02192204135446
43.734876951956394	88.02192204135446
38.511300786781526	74.32521329697948
38.511300786781526	74.32521329697948
40.40916988621135	46.35763311279102
40.40916988621135	46.35763311279102
33.438489269012656	72.28528491112496
33.438489269012656	72.28528491112496
28.2415174149677	8.233890607997413
28.2415174149677	8.233890607997413
30.35223280515654	72.42882595378833
30.35223280515654	72.42882595378833
61.48084940630662	62.44656289005876
61.48084940630662	62.44656289005876
63.59156479649546	27.641496760634716
63.59156479649546	27.641496760634716
56.13311290485565	85.73838822841077
56.13311290485565	85.73838822841077
51.43277944548514	71.73286054480522
51.43277944548514	71.73286054480522
53.33065002012993	43.76528036061675
53.33065002012993	43.76528036061675
45.79238076945549	54.926228504650524
45.79238076945549	54.926228504650524
45.79238076945549	54.926228504650524
50.24439355627381	43.908821403280115
50.24439355627381	43.908821403280115
32.729357464799314	90.86237287869007
32.729357464799314	90.86237287869007
34.9110216185745	20.778145259259155
34.9110216185745	20.778145259259155
29.687443978184668	7.081436514884192
29.687443978184668	7.081436514884192
42.608925587318204	4.489083762709923
42.608925587318204	4.489083762709923
44.1520523440313	53.91731397898571
44.1520523440313	53.91731397898571
36.96852396085863	86.68245172255523
36.96852396085863	86.68245172255523
68.59378190711307	27.746056753562613
68.59378190711307	27.746056753562613
70.20785890262746	41.89512400461658
70.20785890262746	41.89512400461658
63.23717533499885	67.82277727816547
63.23717533499885	67.82277727816547
67.09499665242647	92.39335060603251
67.09499665242647	92.39335060603251
60.19526332359916	83.04184091435961
60.19526332359916	83.04184091435961
54.92734270596787	54.26960810123892
54.92734270596787	54.26960810123892
56.82521328061265	26.302029392265414
56.82521328061265	26.302029392265414
86.18011964339402	7.298812429997325
86.18011964339402	7.298812429997325
90.06454674716653	80.5147001991118
83.10273325020117	89.65745681119488
83.10273325020117	89.65745681119488
84.71681024571556	4.806525537463812
84.71681024571556	4.806525537463812
80.01647678634505	89.80099785385826
80.01647678634505	89.80099785385826
72.54915629925695	65.6827830326702
72.54915629925695	65.6827830326702
74.6598716894458	30.877718378461125
74.6598716894458	30.877718378461125
59.76992657373117	59.5022799714673
59.76992657373117	59.5022799714673
61.31305480565923	9.930510187743106
61.31305480565923	9.930510187743106
54.41332000161695	0.5790004960701811
54.41332000161695	0.5790004960701811
49.189743836442084	85.8822917516952
49.189743836442084	85.8822917516952
51.30045922663093	51.07722709748613
51.30045922663093	51.07722709748613
46.10348589737101	86.02583131914363
46.10348589737101	86.02583131914363
46.10348589737101	86.02583131914363
48.21420128755986	51.220766664934544
48.21420128755986	51.220766664934544
77.35626431001214	39.05503564790203
72.08834516759579	10.282804309996308
72.08834516759579	10.282804309996308
72.08834516759579	10.282804309996308
74.27887644160431	22.413681504314546
74.27887644160431	22.413681504314546
66.74060719092986	33.57462964834832
66.74060719092986	33.57462964834832
71.1926199777482	22.55722254697791
71.1926199777482	22.55722254697791
63.65435220228872	33.71816921579674
63.65435220228872	33.71816921579674
65.83601488084894	62.63394307158079
65.83601488084894	62.63394307158079
96.89368419362762	87.93084149785808
96.89368419362762	87.93084149785808
89.71015728566992	21.6959792414276
89.71015728566992	21.6959792414276
91.82087267585877	85.89091458721852
91.82087267585877	85.89091458721852
91.82087267585877	85.89091458721852
86.59729651068389	72.19420436762859
86.59729651068389	72.19420436762859
88.7789591892441	2.109978223412636
88.7789591892441	2.109978223412636
83.51104004682779	72.33774541029196
83.51104004682779	72.33774541029196
13.936895173195495	18.055366958017007
13.936895173195495	18.055366958017007
15.480024880338508	67.4835971742928
15.480024880338508	67.4835971742928
10.56684660542394	60.31555543592282
10.56684660542394	60.31555543592282
12.677561995612791	25.510490781713735
12.677561995612791	25.510490781713735
5.219108628758023	83.60738077427483
5.219108628758023	83.60738077427483
5.219108628758023	83.60738077427483
0.5187766446024685	69.60185309066928
0.5187766446024685	69.60185309066928
2.1328536401168607	83.75092034172324
2.1328536401168607	83.75092034172324
84.18540175647323	46.47117694664831
84.18540175647323	46.47117694664831
88.06982886024574	20.68706619097774
88.06982886024574	20.68706619097774
81.09914676783208	46.61471798931168
81.09914676783208	46.61471798931168
82.99701586726191	18.64713780512321
82.99701586726191	18.64713780512321
77.77343970208705	4.950429060748251
77.77343970208705	4.950429060748251
70.80275760967339	30.878082334297154
70.80275760967339	30.878082334297154
74.68718323823092	5.0939701034116185
74.68718323823092	5.0939701034116185
5.042091076227253	85.09075314114354
5.042091076227253	85.09075314114354
5.042091076227253	85.09075314114354
6.656168071741657	0.23982186741246003
6.656168071741657	0.23982186741246003
1.9558346123711443	85.23429565902187
1.9558346123711443	85.23429565902187
93.77230770441344	18.999431927376424
93.77230770441344	18.999431927376424
95.32430453178978	51.64276695740136
95.32430453178978	51.64276695740136
90.69491983600561	2.35807778378894
90.69491983600561	2.35807778378894
92.23804806793368	51.78630652484977
92.23804806793368	51.78630652484977
22.663903194301387	96.50392954778978
22.663903194301387	96.50392954778978
17.395985527100006	67.7316967346691
17.395985527100006	67.7316967346691
19.577648205660225	96.6474691152382
19.577648205660225	96.6474691152382
14.309727588028936	67.87523630211753
14.309727588028936	67.87523630211753
16.180992376328845	90.26234315189657
16.180992376328845	90.26234315189657
9.281259047501528	80.91083346022366
9.281259047501528	80.91083346022366
40.33892836028022	7.207733361715908
40.33892836028022	7.207733361715908
42.52059251405541	36.123505742285
42.52059251405541	36.123505742285
34.98232326338097	47.28445241110382
34.98232326338097	47.28445241110382
34.98232326338097	47.28445241110382
39.434336050199285	36.26704678494838
39.434336050199285	36.26704678494838
31.89606679952485	47.42799345376719
31.89606679952485	47.42799345376719
33.80280449440297	2.67551808332786
33.80280449440297	2.67551808332786
29.10247398546238	87.66999187493727
29.10247398546238	87.66999187493727
11.658383707144305	0.3443789099104273
11.658383707144305	0.3443789099104273
13.769099097333145	64.5393157309163
13.769099097333145	64.5393157309163
8.572128718503155	0.48792142778876424
8.572128718503155	0.48792142778876424
10.682844108691993	64.68285529836473
5.485872254647034	0.6314609952371738
5.485872254647034	0.6314609952371738
97.27573808512949	83.75128429755927
97.27573808512949	83.75128429755927
0.38645347531832985	48.94621964335018
0.38645347531832985	48.94621964335018
31.515073026898328	38.963956579620614
45.97967991753	85.7998355189371
39.07994658870268	76.44832435204921
39.07994658870268	76.44832435204921
42.89342492888885	85.94337508638552
42.89342492888885	85.94337508638552
35.96708581371666	27.946550953465163
35.96708581371666	27.946550953465163
37.864954913146484	98.97897224449166
37.864954913146484	98.97897224449166
68.92262422592518	25.27587067076895
68.92262422592518	25.27587067076895
62.02289089709786	15.924360979096024
62.02289089709786	15.924360979096024
63.566019129025925	65.35258972015686
63.566019129025925	65.35258972015686
58.93663443324175	16.067900546544433
58.93663443324175	16.067900546544433
60.4797626651698	65.49613076282023
53.588897931790775	39.35972588489645
53.588897931790775	39.35972588489645
53.588897931790775	39.35972588489645
38.34421047335943	46.38009640315194
38.34421047335943	46.38009640315194
40.242081048004216	18.412519169393388
40.242081048004216	18.412519169393388
33.27139895559056	44.34016949251237
33.27139895559056	44.34016949251237
37.15582458414811	18.556058736841795
37.15582458414811	18.556058736841795
30.185142491734457	44.48371053517574
30.185142491734457	44.48371053517574
24.988170637689496	79.4323162320482
24.988170637689496	79.4323162320482
27.143229005119796	59.70277417136987
27.143229005119796	59.70277417136987
55.93054968485534	25.93285355480162
55.93054968485534	25.93285355480162
60.09876889254328	57.03209388867364
60.09876889254328	57.03209388867364
53.12808680012963	82.95974716222254
53.12808680012963	82.95974716222254
54.74216379564402	97.10881441327652
54.74216379564402	97.10881441327652
50.041830336273506	83.10328672967097
50.041830336273506	83.10328672967097
42.574509849185404	58.985071908482915
42.574509849185404	58.985071908482915
44.694093834822546	7.395112068022979
44.694093834822546	7.395112068022979
75.82271191118758	96.41285047950836
75.82271191118758	96.41285047950836
77.93342730137641	61.60778435008432
77.93342730137641	61.60778435008432
70.74990039341871	94.37292061843888
70.74990039341871	94.37292061843888
65.48197977578742	65.60068928053316
65.48197977578742	65.60068928053316
67.6636439295626	94.51646313631721
67.6636439295626	94.51646313631721
62.3957233119313	65.74423032319653
62.3957233119313	65.74423032319653
64.55078315457656	46.0146882625182
64.55078315457656	46.0146882625182
93.4090511226835	75.96560468072812
93.4090511226835	75.96560468072812
88.70871766331298	61.960078472337536
88.70871766331298	61.960078472337536
90.60658823795777	33.99249828814906
90.60658823795777	33.99249828814906
83.06831751206838	45.15344495696788
83.06831751206838	45.15344495696788
87.52033177410166	34.13603785559748
87.52033177410166	34.13603785559748
79.98206252342722	45.296984524416295
79.98206252342722	45.296984524416295
82.1725952726507	57.42786319394949
82.1725952726507	57.42786319394949
41.346763459114655	12.660456976379416
41.346763459114655	12.660456976379416
41.346763459114655	12.660456976379416
34.447031605502296	3.3089458094915436
34.447031605502296	3.3089458094915436
38.260506995258545	12.803998019042796
38.260506995258545	12.803998019042796
31.076981562515794	45.569134287397354
31.076981562515794	45.569134287397354
33.187696952704634	10.76406963318827
33.187696952704634	10.76406963318827
27.990725098659674	45.71267533006072
27.990725098659674	45.71267533006072
57.38997591389748	41.78498391175331
57.38997591389748	41.78498391175331
58.93310414582553	91.21321265281414
54.3037179748264	41.928523479201715
54.3037179748264	41.928523479201715
54.3037179748264	41.928523479201715
55.846847681969415	91.35675222026256
55.846847681969415	91.35675222026256
48.66331929879675	25.121889963832064
48.66331929879675	25.121889963832064
43.962985839426246	11.116363755441471
43.962985839426246	11.116363755441471
45.57706283494064	25.265431006495444
45.57706283494064	25.265431006495444
74.94083926838526	88.47732033319146
78.82526489694281	62.693208102305924
78.82526489694281	62.693208102305924
71.85458427974412	88.62085990063987
71.85458427974412	88.62085990063987
66.65761242569916	24.56946559751233
66.65761242569916	24.56946559751233
68.76832781588799	88.76440094330324
68.76832781588799	88.76440094330324
61.58479943271532	22.529538686872765
61.58479943271532	22.529538686872765
65.3982777729015	32.02458942120906
65.3982777729015	32.02458942120906
94.79752858813929	28.096896527686678
94.79752858813929	28.096896527686678
96.41160263322377	42.24596525395561
96.41160263322377	42.24596525395561
91.71127212428317	28.240437570350057
91.71127212428317	28.240437570350057
91.71127212428317	28.240437570350057
84.24395016198011	4.1222212739470425
84.24395016198011	4.1222212739470425
86.35466555216895	68.31715661973796
86.35466555216895	68.31715661973796
81.44148727725438	61.14911488136798
81.44148727725438	61.14911488136798
82.98461550918245	11.577345097643782
82.98461550918245	11.577345097643782
82.98461550918245	11.577345097643782
66.11698245978842	21.233543551096165
66.11698245978842	21.233543551096165
60.84906331737207	91.46131221319044
60.84906331737207	91.46131221319044
63.03072747114725	21.377084593759534
63.03072747114725	21.377084593759534
57.76280832873091	91.60485178063885
57.76280832873091	91.60485178063885
57.76280832873091	91.60485178063885
59.94447100729114	21.520625636422903
59.94447100729114	21.520625636422903
52.4062017566167	32.68157230524173
52.4062017566167	32.68157230524173
83.81861341211213	79.58266180626971
83.81861341211213	79.58266180626971
85.97367177954243	59.85312122080634
85.97367177954243	59.85312122080634
78.43540252886798	71.01406788962517
78.43540252886798	71.01406788962517
78.43540252886798	71.01406788962517
82.88741531568631	59.99666078825476
82.88741531568631	59.99666078825476
75.34914606501188	71.15760745707358
75.34914606501188	71.15760745707358
77.5308087435721	1.073379837642666
77.5308087435721	1.073379837642666
72.2628910763707	71.30114849973694
72.2628910763707	71.30114849973694
72.2628910763707	71.30114849973694
2.404952623608045	59.13541748270444
2.404952623608045	59.13541748270444
4.524536609245177	7.545457642244493
4.524536609245177	7.545457642244493
98.32756327998526	42.494063339116956
98.32756327998526	42.494063339116956
1.4382786701740986	7.6889986849078715
1.4382786701740986	7.6889986849078715
95.24130829134411	42.63760290656536
95.24130829134411	42.63760290656536
95.24130829134411	42.63760290656536
88.27062619893046	68.56525618011426
88.27062619893046	68.56525618011426
89.88470319444484	82.71432343116824
89.88470319444484	82.71432343116824
22.50995966548433	23.77792846217561
22.50995966548433	23.77792846217561
24.381222978569284	46.16503383673972
24.381222978569284	46.16503383673972
24.381222978569284	46.16503383673972
16.91390396669614	22.046820490766624
16.91390396669614	22.046820490766624
12.213570507325626	8.041291331946114
12.213570507325626	8.041291331946114
13.82764750284002	22.190360058215045
13.82764750284002	22.190360058215045
6.856965410426364	48.11801185654899
6.856965410426364	48.11801185654899
10.74139103898391	22.33390110087841
10.74139103898391	22.33390110087841
10.74139103898391	22.33390110087841
92.79394063055524	84.05415623058853
92.79394063055524	84.05415623058853
94.69181120520003	56.08657752161502
94.69181120520003	56.08657752161502
89.43275918301703	10.529449522243475
89.43275918301703	10.529449522243475
82.53302585418972	1.1779398305705495
82.53302585418972	1.1779398305705495
82.53302585418972	1.1779398305705495
86.34650419437587	10.672989089691896
86.34650419437587	10.672989089691896
79.44676939033359	1.3214808732339285
79.44676939033359	1.3214808732339285
80.98989762226165	50.74970961429476
80.98989762226165	50.74970961429476
13.68610433210243	55.53415168008031
13.68610433210243	55.53415168008031
13.68610433210243	55.53415168008031
6.4759701625848844	39.65397498240241
6.4759701625848844	39.65397498240241
8.01909839451294	89.0822051986782
8.01909839451294	89.0822051986782
3.3897136987287757	39.797516025065775
3.3897136987287757	39.797516025065775
4.9328419306568305	89.22574624134157
4.9328419306568305	89.22574624134157
97.03310860182951	79.8742350744537
97.03310860182951	79.8742350744537
97.03310860182951	79.8742350744537
29.090777914608204	6.171134975945938
29.090777914608204	6.171134975945938
31.27244206838339	35.08690883173
31.27244206838339	35.08690883173
26.004521450752094	6.314676018609317
26.004521450752094	6.314676018609317
27.911260620845173	60.562200648169984
27.911260620845173	60.562200648169984
27.911260620845173	60.562200648169984
20.940580003646478	86.48985392171889
20.940580003646478	86.48985392171889
15.743608149601515	22.43845814337639
15.743608149601515	22.43845814337639
17.85432206457541	86.6333934891673
17.85432206457541	86.6333934891673
46.712591507897294	17.58431138259219
46.712591507897294	17.58431138259219
46.712591507897294	17.58431138259219
51.09365700634424	41.84606577122865
51.09365700634424	41.84606577122865
43.599729257696296	68.08253650879318
43.599729257696296	68.08253650879318
45.497599832341095	40.11495779981966
45.497599832341095	40.11495779981966
40.79726637297058	26.109430116214114
40.79726637297058	26.109430116214114
33.32994736109744	1.99121529502606
33.32994736109744	1.99121529502606
33.32994736109744	1.99121529502606
35.440662751286276	66.18614916560202
35.440662751286276	66.18614916560202
20.26692258122631	37.9273596690656
20.26692258122631	37.9273596690656
22.37763797141515	3.122295014856519
22.37763797141515	3.122295014856519
17.189534712818485	21.28600405026316
17.189534712818485	21.28600405026316
17.189534712818485	21.28600405026316
10.21885262040483	47.21365584859711
10.21885262040483	47.21365584859711
12.116723195049625	19.24607713962359
12.116723195049625	19.24607713962359
6.848802577418327	89.47384432650291
6.848802577418327	89.47384432650291
9.030466731193505	19.38961818228696
9.030466731193505	19.38961818228696
37.81778741092906	84.61969609050375
37.81778741092906	84.61969609050375
37.81778741092906	84.61969609050375
33.18840271514489	35.33500691689133
33.18840271514489	35.33500691689133
34.7758739243144	0.8387612019128395
34.7758739243144	0.8387612019128395
27.80519183190075	26.766413000246786
27.80519183190075	26.766413000246786
31.97341103958868	57.86565480933377
31.97341103958868	57.86565480933377
24.435141788914237	69.0266014781526
24.435141788914237	69.0266014781526
24.435141788914237	69.0266014781526
26.616805942689428	97.94237385872168
26.616805942689428	97.94237385872168
57.67447525546812	24.23927228499898
57.67447525546812	24.23927228499898
50.7747419266408	14.887764068541014
50.7747419266408	14.887764068541014
54.59708886227526	7.597918141411496
54.59708886227526	7.597918141411496
47.69735405823298	97.24640844973857
47.69735405823298	97.24640844973857
47.69735405823298	97.24640844973857
49.24048229016104	47.6746371907994
49.24048229016104	47.6746371907994
44.32730401524647	40.50659545242942
44.32730401524647	40.50659545242942
73.6822118532428	21.5033799653763
73.6822118532428	21.5033799653763
75.29628737354226	35.65244869164522
75.29628737354226	35.65244869164522
75.29628737354226	35.65244869164522
70.59595538938669	21.64692100803967
70.59595538938669	21.64692100803967
72.18342659855621	86.15067529306117
72.18342659855621	86.15067529306117
65.2836932697289	76.7991641261733
65.2836932697289	76.7991641261733
60.01577265209761	48.02693278826757
60.01577265209761	48.02693278826757
60.01577265209761	48.02693278826757
61.913643226742394	20.059352604079102
61.913643226742394	20.059352604079102
44.96619281831372	81.77960920900416
44.96619281831372	81.77960920900416
48.850618446871266	55.99549697811863
48.850618446871266	55.99549697811863
41.87993782967257	81.92315025166755
41.87993782967257	81.92315025166755
36.69183309586094	1.0868592870741747
53.30263270890455	44.978091351963194
82.44469425614187	32.81236033493067
82.44469425614187	32.81236033493067
77.17677363851058	4.040127521809997
77.17677363851058	4.040127521809997
79.35843779228576	32.955901377594046
79.35843779228576	32.955901377594046
74.09938724531771	86.39877337822251
74.09938724531771	86.39877337822251
74.09938724531771	86.39877337822251
76.28104992387794	16.314545758791603
76.28104992387794	16.314545758791603
68.7427806732035	27.47549242761043
68.7427806732035	27.47549242761043
1.4389859078293123	32.25993596861093
1.4389859078293123	32.25993596861093
2.9821141397573667	81.68816618488674
2.9821141397573667	81.68816618488674
94.79858723179966	15.453303928456236
94.79858723179966	15.453303928456236
94.79858723179966	15.453303928456236
0.17965273024660866	39.715059792307656
0.17965273024660866	39.715059792307656
91.71233076794356	15.596843495904658
91.71233076794356	15.596843495904658
93.86738913537386	94.86730291044128
93.86738913537386	94.86730291044128
88.59946999295751	66.0950700973206
88.59946999295751	66.0950700973206
88.59946999295751	66.0950700973206
71.72296834811519	92.53616521223881
71.72296834811519	92.53616521223881
75.53644521308638	3.031214471360144
75.53644521308638	3.031214471360144
68.35291830512867	35.79635221492966
68.35291830512867	35.79635221492966
70.46363222010257	0.9912875607205779
70.46363222010257	0.9912875607205779
65.27553043672086	19.154996596127216
65.27553043672086	19.154996596127216
65.27553043672086	19.154996596127216
58.30484981952216	45.08264986967612
58.30484981952216	45.08264986967612
59.9189253398216	59.23171859594504
59.9189253398216	59.23171859594504
91.54418181086108	0.29532215173746545
91.54418181086108	0.29532215173746545
93.15825880637547	14.444389402791426
93.15825880637547	14.444389402791426
93.15825880637547	14.444389402791426
86.18757523874686	40.37204120112537
86.18757523874686	40.37204120112537
81.27439843904725	33.20400093797035
81.27439843904725	33.20400093797035
82.81752667097531	82.6322296790312
82.81752667097531	82.6322296790312
75.89118755580311	24.635405546110842
75.89118755580311	24.635405546110842
75.89118755580311	24.635405546110842
79.77561318436067	97.8512933152253
79.77561318436067	97.8512933152253
10.130519547142034	78.8480778281722
10.130519547142034	78.8480778281722
4.933549168312033	14.796683525044639
4.933549168312033	14.796683525044639
7.044264558500884	78.99161887083555
7.044264558500884	78.99161887083555
98.86073765054317	12.756755139190114
98.86073765054317	12.756755139190114
98.86073765054317	12.756755139190114
3.6830831109626634	5.4669106872755435
3.6830831109626634	5.4669106872755435
95.78334978213535	95.11540099560263
95.78334978213535	95.11540099560263
97.3264780140634	45.54363121187842
97.3264780140634	45.54363121187842
30.022683248689226	50.32807475287893
30.022683248689226	50.32807475287893
30.022683248689226	50.32807475287893
22.484413998014787	61.48902142169775
22.484413998014787	61.48902142169775
24.666076676575006	90.40479380226684
24.666076676575006	90.40479380226684
19.398157534158678	61.63256098914617
19.398157534158678	61.63256098914617
21.296028108803462	33.664980804957686
21.296028108803462	33.664980804957686
21.296028108803462	33.664980804957686
14.369688993631268	74.6681581472523
14.369688993631268	74.6681581472523
98.12500005998496	81.68852866550779
98.12500005998496	81.68852866550779
1.3066656889751012	11.60430252129184
1.3066656889751012	11.60430252129184
95.0387450713438	81.83206970817118
95.0387450713438	81.83206970817118
97.22040922511898	11.74784208874026
97.22040922511898	11.74784208874026
97.22040922511898	11.74784208874026
89.68213849922958	22.908788757559076
89.68213849922958	22.908788757559076
84.77782881976331	97.95585183293824
84.77782881976331	97.95585183293824
86.88854420995216	63.15078717872915
86.88854420995216	63.15078717872915
16.746813653274046	93.10170359693907
16.746813653274046	93.10170359693907
16.746813653274046	93.10170359693907
21.127879151720997	18.363460936005456
21.127879151720997	18.363460936005456
13.660557189417924	93.24524463960245
13.660557189417924	93.24524463960245
15.771272579606777	58.44017998539337
15.771272579606777	58.44017998539337
10.574302200776774	93.38878420705086
10.574302200776774	93.38878420705086
3.6036186331481614	20.316437480599767
3.6036186331481614	20.316437480599767
3.6036186331481614	20.316437480599767
5.4748834214480695	42.70354433037883
5.4748834214480695	42.70354433037883
36.603501497813106	32.7212797914343
36.603501497813106	32.7212797914343
38.71421688800195	96.91621513722522
38.71421688800195	96.91621513722522
33.51724650917195	32.86482230931263
33.51724650917195	32.86482230931263
33.51724650917195	32.86482230931263
26.546562941543336	58.79247263243161
26.546562941543336	58.79247263243161
28.160639937057738	72.94154135870055
28.160639937057738	72.94154135870055
23.469176548350475	42.15111848884413
23.469176548350475	42.15111848884413
25.3670456477803	14.183538304655661
25.3670456477803	14.183538304655661
54.15436632751585	79.41361768808741
54.15436632751585	79.41361768808741
54.15436632751585	79.41361768808741
49.524981631731684	30.12892851447499
49.524981631731684	30.12892851447499
51.06810986365974	79.55715873075079
51.06810986365974	79.55715873075079
44.168376534832426	70.20564903907787
44.168376534832426	70.20564903907787
47.98185339980362	79.7006982981992
47.98185339980362	79.7006982981992
47.98185339980362	79.7006982981992
41.05551428463143	21.703875640493813
41.05551428463143	21.703875640493813
42.95338485927623	92.73629545630534
42.95338485927623	92.73629545630534
27.70869740084487	0.7566659745608241
27.70869740084487	0.7566659745608241
20.808964072017552	90.40515628288792
20.808964072017552	90.40515628288792
20.808964072017552	90.40515628288792
24.622442412203718	0.900208492439161
24.622442412203718	0.900208492439161
17.722707608161443	90.54869732555127
17.722707608161443	90.54869732555127
19.265835840089498	40.97692754182707
19.265835840089498	40.97692754182707
14.63645261952028	90.69223836821466
14.63645261952028	90.69223836821466
43.432640419489175	40.137422565395546
43.432640419489175	40.137422565395546
43.432640419489175	40.137422565395546
45.33051099413396	12.169842381207076
45.33051099413396	12.169842381207076
40.63017753476345	97.16431469760153
40.63017753476345	97.16431469760153
42.244254530277836	12.313381948655485
42.244254530277836	12.313381948655485
35.27357243786418	38.24103522220439
35.27357243786418	38.24103522220439
35.27357243786418	38.24103522220439
30.076600583819236	73.18963944386189
30.076600583819236	73.18963944386189
32.23165747603458	53.46009885839852
32.23165747603458	53.46009885839852
63.28932826402823	78.75699728467582
63.28932826402823	78.75699728467582
65.18719736345807	50.78941857570229
65.18719736345807	50.78941857570229
65.18719736345807	50.78941857570229
58.216516746259366	76.71707037403624
58.216516746259366	76.71707037403624
53.019544892214405	12.665676070908697
53.019544892214405	12.665676070908697
55.13026028240325	76.86060994148465
55.13026028240325	76.86060994148465
47.66293979531515	52.74239659551156
47.66293979531515	52.74239659551156
52.04400381854714	77.00415245936298
52.04400381854714	77.00415245936298
52.04400381854714	77.00415245936298
80.91114038210236	90.17017369132205
80.91114038210236	90.17017369132205
83.0218557722912	55.36510903711297
83.0218557722912	55.36510903711297
78.1086789725916	48.197065823528035
78.1086789725916	48.197065823528035
70.57040824670219	59.35801249234685
70.57040824670219	59.35801249234685
70.57040824670219	59.35801249234685
72.75207387569233	88.2737863481309
72.75207387569233	88.2737863481309
67.48415325806104	59.50155353501022
67.48415325806104	59.50155353501022
69.63921162549134	39.77201294954684
69.63921162549134	39.77201294954684
28.88432857554165	58.72544376675495
28.88432857554165	58.72544376675495
21.913647958342956	84.6530955650889
21.913647958342956	84.6530955650889
21.913647958342956	84.6530955650889
23.811517057772782	56.685515380900426
23.811517057772782	56.685515380900426
18.543597915356443	27.913284042994707
18.543597915356443	27.913284042994707
20.72526206913162	56.829056423563806
20.72526206913162	56.829056423563806
13.186991343242223	67.99000309238262
13.186991343242223	67.99000309238262
13.186991343242223	67.99000309238262
44.88319805308301	72.77444663338314
44.88319805308301	72.77444663338314
46.43519488045935	6.417780188193106
46.43519488045935	6.417780188193106
39.53546007641708	96.06627049652019
39.53546007641708	96.06627049652019
43.34893694138829	6.5613212308564846
43.34893694138829	6.5613212308564846
36.165410033430575	39.326457499211045
36.165410033430575	39.326457499211045
36.165410033430575	39.326457499211045
38.27612542361942	4.5213928450019605
38.27612542361942	4.5213928450019605
33.07915504478942	39.47000001708937
33.07915504478942	39.47000001708937
62.47840438481225	35.542307123567
62.47840438481225	35.542307123567
66.29188124978346	45.03735785790329
66.29188124978346	45.03735785790329
59.3921493961711	35.685846691015406
59.3921493961711	35.685846691015406
59.3921493961711	35.685846691015406
60.93527762809915	85.11407690729119
60.93527762809915	85.11407690729119
56.022099353184586	77.94603516892121
56.022099353184586	77.94603516892121
49.05141726077093	4.873686967255161
49.05141726077093	4.873686967255161
50.66549278107038	19.02275421830913
50.66549278107038	19.02275421830913
50.66549278107038	19.02275421830913
82.29074925210985	59.08635924931651
82.29074925210985	59.08635924931651
83.91369484307253	56.450532789334574
83.91369484307253	56.450532789334574
76.94301275065888	82.37818458766851
76.94301275065888	82.37818458766851
71.74604237182889	18.326788809326022
71.74604237182889	18.326788809326022
73.85675776201774	82.52172415511694
73.85675776201774	82.52172415511694
73.85675776201774	82.52172415511694
66.67323085406002	16.286861898686453
66.67323085406002	16.286861898686453
70.48670624381626	25.781914108237707
70.48670624381626	25.781914108237707
53.58359881262906	3.57769330669352
53.58359881262906	3.57769330669352
48.38662843379906	38.52629900356598
48.38662843379906	38.52629900356598
48.38662843379906	38.52629900356598
50.4973438239879	3.7212328741419407
50.4973438239879	3.7212328741419407
43.030023336899795	78.60301805295389
43.030023336899795	78.60301805295389
47.41108736013179	3.864773916805308
47.41108736013179	3.864773916805308
40.22756045217408	36.62991166037482
40.22756045217408	36.62991166037482
40.22756045217408	36.62991166037482
41.77068868410214	86.05814040143565
41.77068868410214	86.05814040143565
73.46689391872796	90.84258394243616
73.46689391872796	90.84258394243616
65.9374932635018	85.21863542500414
65.9374932635018	85.21863542500414
68.11915594206204	15.134407805573222
68.11915594206204	15.134407805573222
62.85123679964569	85.36217499245254
62.85123679964569	85.36217499245254
62.85123679964569	85.36217499245254
65.03290095342088	15.27794884823659
65.03290095342088	15.27794884823659
59.76498033578958	85.50571751033088
59.76498033578958	85.50571751033088
88.90704335824186	73.33998649329835
88.90704335824186	73.33998649329835
91.0621002504572	53.610445907834986
91.0621002504572	53.610445907834986
91.0621002504572	53.610445907834986
85.79418110804087	24.838213094714305
85.79418110804087	24.838213094714305
87.97584526181605	53.75398547528341
87.97584526181605	53.75398547528341
80.43757601114162	64.91493214410222
80.43757601114162	64.91493214410222
75.80819279057239	15.630242970489801
75.80819279057239	15.630242970489801
77.3513195472855	65.0584731867656
77.3513195472855	65.0584731867656
77.3513195472855	65.0584731867656
7.493381094522816	52.892740694518125
7.493381094522816	52.892740694518125
11.874446592969766	77.1544980335845
11.874446592969766	77.1544980335845
4.415994701329956	36.2513880261456
4.415994701329956	36.2513880261456
6.5267100915187966	1.4463218967215605
6.5267100915187966	1.4463218967215605
6.5267100915187966	1.4463218967215605
1.3297367622588891	36.39492759359401
1.3297367622588891	36.39492759359401
93.3590561450602	62.32257939192795
93.3590561450602	62.32257939192795
97.24348177361773	36.53846863625739
97.24348177361773	36.53846863625739
80.29603136518907	98.2587237659675
80.29603136518907	98.2587237659675
82.19390193983385	70.29114505699398
82.19390193983385	70.29114505699398
82.19390193983385	70.29114505699398
76.97032577465897	56.59443631261901
76.97032577465897	56.59443631261901
69.99964220703036	82.52208811095295
69.99964220703036	82.52208811095295
71.61371920254476	96.67115536200693
71.61371920254476	96.67115536200693
66.91338574317425	82.66562915361634
66.91338574317425	82.66562915361634
66.91338574317425	82.66562915361634
68.52746273868864	96.8146964046703
68.52746273868864	96.8146964046703
97.88237057668498	77.81148091761717
97.88237057668498	77.81148091761717
92.96919377698536	70.6434391792472
92.96919377698536	70.6434391792472
94.52118912914676	4.286772734057164
94.52118912914676	4.286772734057164
87.62145580031945	93.93526304238424
87.62145580031945	93.93526304238424
87.62145580031945	93.93526304238424
91.43493266529065	4.430313776720544
91.43493266529065	4.430313776720544