-17.330802501964396	33.920630012516455
8.666261094834802	16.09411100819689
16.199977739278513	26.208724418032467
-10.956296502813146	20.836054339892332
-11.790521604908044	38.39951580493065
-5.585432873590634	33.28799173234643
10.121838269055289	29.418672633405354
5.215171753151471	30.29418880462454
6.598708172989495	34.43936238641088
-4.678892509216087	47.84914119730841
-9.849203972125524	25.176974756289198
-2.575971714803689	28.368156772791654
7.421877081768239	31.270643972565786
0.28087292969810607	32.98384641862888
-7.771275581172986	18.814361239872085
4.00916279756856	37.087005761247646
4.218499353842846	31.163675884165634
12.987207991575524	25.000230884087223
-6.116193007319405	23.50912207181429
4.863592217646413	28.676405891535723
-1.5317335885779295	40.125370569272924
15.147526474719385	41.79174552201178
-7.641620611075293	28.14527221651892
9.564288730100909	20.528093740977596
-0.5524345189227855	19.7856143769961
2.0622727092434063	34.03974994906774
9.08257250946236	51.48257163497075
-8.078689114862856	29.115454453522624
-11.267303348908671	25.075052489897757
18.44877156513536	39.37958912648475
4.08486788442245	22.064932945990442
-2.751189557963329	22.47352749417175
-0.19800346602736862	17.65080723503999
21.38811227713056	32.43212686237143
0.4458480009232386	41.07629164720881
7.981138752894436	4.564796546693298
8.11882593980912	25.213830427625975
1.8203199797226977	36.19433522515137
7.0381424171177365	17.46982604620991
-3.2419343255393436	10.831419328105834
6.3919424203159725	41.89226955811552
-9.628613786455718	3.118443909713374
5.223010529378533	34.17305938617168
18.39337948000358	25.36425918505688
1.6902229134308584	52.23949090930866
7.548797835847028	43.3868804016498
-23.615496300104688	23.811811934391788
-4.044942333992735	28.540346401642744
-7.833992551272093	14.95523283754034
-1.4187243461157655	37.711191045645556
2.4535036025270927	48.09478855368327
-5.681589122790138	41.85963347675107
-9.21461169210203	26.188342818896096
-12.293892534738312	28.158569774075787
-1.7253014513133733	32.9712895689978
2.3634940044233623	43.19462208126117
2.6252147311644674	29.459848064991988
-0.8035221602015703	10.590028622112431
14.212334728520181	13.723639250108796
-9.95801091427723	40.24580813523488
6.7619987923595195	32.47593060086014
0.9665967215516815	30.743989572314607
9.256703130719451	30.28938832307109
13.163729418711615	32.65321609576681
1.321374952691981	26.624500344954015
-0.8061145598915038	37.68930042908226
9.615902872648208	40.65226015676162
7.673335746250367	22.17375876837362
-1.2356352491758669	38.63162399358659
22.28363165455439	27.541421151186398
6.161948693296143	37.75594254045975
8.150943751788919	9.541265504751184
4.779553031314276	53.637091270922795
-5.182303644546838	32.64784547734375
12.093863250916222	26.30854077952088
13.378255074674163	25.584884381138163
-2.231791427040652	22.13932669392974
15.102035930317342	22.571790106209907
-3.4168942326682954	28.99410143470131
13.899556215727047	6.853272947734084
28.692658866540203	20.784785151052887
2.5896489912261647	22.349224110711106
0.20895892805882044	16.358935843944778
9.736828614829275	23.626595250327142
14.91267814012348	36.55261905318119
-6.741614795411934	29.41819307900483
-4.707951691440137	20.653226173928843
0.19473574748258438	44.741303766455175
1.3828419815068838	34.096394530195234
1.2857041012611097	39.63986957604165
-12.530453963279552	24.00511301635351
17.385173182836105	20.050122196745626
5.9011429737541246	17.24175301842849
11.538923684932861	24.803922513213465
12.70920130828294	45.42020489286469
2.9676497581165906	36.232626017992246
2.1690685216092676	49.26539230278618
5.368425890608175	32.551060214542936
10.458732371856643	31.03562001679104
7.9905685897718115	26.269706314211582
-6.847961679211801	20.806575047132046
-3.860296297772324	17.106415099505465
-6.065748995588624	46.839052716623655
12.461935073297042	41.16436633282044
4.903925693738353	40.898672941937576
-11.5401332759466	11.666197223849192
-8.048458898544517	28.316471159839132
1.9102393778198636	41.54219290012565
23.652607209637864	27.689224635930422
10.530182725567203	31.361681795967144
-20.968747605418333	32.397126064399046
12.653567369242074	24.880154267054408
-3.374435835971723	30.154768137924705
5.3708588257703775	26.179480139878706
-0.603729438670773	22.537597978916796
1.1988166266309275	27.057401703449795
7.474745596862279	39.82374326305896
-0.8120969031067613	38.146745004305295
0.42280615101564756	42.46442178676857
0.6656123040976927	49.27891270257197
2.1963947720187136	38.60071416032307
-7.0460294608137595	28.107163727088473
9.69685492887968	24.673543244704014
23.433813980986834	31.835433771570376
13.789606138223803	42.380695657229666
1.4785143326038854	38.75798081153183
12.231554258582086	27.363751307151897
5.85342076691537	21.255887431332813
-14.0560847920853	30.250559822091464
4.634315758641422	39.0287184964738
0.6491109247971467	36.15542398109126
1.728450691095671	51.42626222030921
13.442121880939741	16.989809790883744
6.777240322504596	30.292392021940913
-1.9519779062146378	29.860210019601723
-9.601967544115803	28.546978180276664
3.558222351690242	12.604710418405226
-3.3308395782597104	17.195731897073216
-3.060014398505457	32.71466817381616
1.0973362012341448	44.618909586564655
-6.56111969655703	14.360467887348628
-0.9275619528239822	30.290994577568917
4.894141128888914	28.865167150412415
7.873949698556061	36.8953027812625
-3.4477117199237117	28.171566319830593
2.0468655343894477	25.673735944568563
0.856869392314354	20.374051865053957
-24.41374227246239	27.80640229673698
7.1895612532916005	19.023833696729696
11.416011286560444	40.16130556329644
-3.3468365996730833	36.992313120057126
3.7743666126817783	10.770945035364903
7.136685576727013	16.998882936876225
11.199262490108818	42.17447943346302
-4.221133374926257	31.009521470836766
11.321036314493789	33.041234894779464
7.10170428586213	34.4285284876013
-1.653036399805706	38.83838879311509
-8.588447025742985	35.1029486800301
15.065454868357836	50.87104759902225
-10.115371999458796	39.859353648072144
8.917254489306156	38.58968390870102
6.285906809102439	46.55357338448286
-5.557195780188962	16.378492855278942
7.153067216260531	32.96416776625879
12.56062860514625	20.440153835614154
4.827062695533517	16.024664816999127
-11.468051972959627	31.642819855669664
-11.064680779026833	20.006653770718742
7.084298002558583	14.705012430532204
-0.3158114251836901	17.07114239094593
19.998898588315296	43.25361844333766
-0.8077711221741763	12.824101235325355
14.121163533476675	24.334420950115998
-3.699098771011786	29.135624350758846
10.273105193815251	25.155245694604673
-0.2052779447838411	48.48041808548017
-12.527329950505166	18.115294605310662
6.26109618066833	39.617436647693616
1.9220953696494565	39.20306629688788
9.089710162250991	20.787357741190334
8.19571885566291	47.98070922809946
-2.3407979397866177	22.091054672335186
18.509678642244943	28.606724812384858
4.71242780018728	15.027942437719796
6.055316178709566	31.065779541506327
11.525255960629526	19.910869493506894
11.419312309949424	14.916732648509543
-6.7618726377813445	14.467606231702359
2.4934790150364674	25.095789760116986
-7.416450105981681	34.283409963642654
7.832374051748157	31.300143078371626
-3.4278036059521098	40.25383553237472
5.5352723605503495	19.88864451276369
5.783742604709117	17.84707840923002
16.36407837040921	42.679414514312825
1.4451751912524795	29.884845124690745
3.864337327647625	14.813067132082418
11.571320103848453	29.86859635620348
9.972409859034775	29.424588961902707
5.694002727077185	28.585309335075433
0.25928605875189614	32.48494318682609
1.5239627252199193	26.616528363182596
-0.5759983355486309	49.736508755156265
22.91233435430815	37.04688820985105
11.69320856649895	35.85979285577523
-8.743252236859238	21.13080044862154
16.852964367455527	15.680284975872652
14.977502700796983	34.62089317028894
3.085315704145915	21.149154183180354
5.813064410200049	16.77478346480963
27.340333669348414	11.194775177466632
13.986283780068668	17.189013037944484
5.125477302010135	29.838273120111438
-6.994883031089504	36.94975393363146
7.318918282669291	36.62181080924487
8.01255035561108	33.136717730144625
6.5791519147289	47.41063996556563
5.729583385899202	22.962578038620027
-3.8760222992117193	43.221724316664336
4.981167259609659	30.699944845976923
-2.288949461167552	36.89617345273351
-0.1754380397896833	42.48629948999543
12.019569474024117	27.128171993449282
10.41654430410319	32.141749389310974
18.739283562577448	26.987501684428548
11.57992305996592	18.26383994009943
12.970229575980367	21.213602218552822
16.087523717371237	24.354881956059852
10.686432487161774	26.03761609282717
-7.882412141360284	24.656021548573815
-3.377367299050367	20.67114483353984
-13.123387446661301	22.20671902388476
6.9701633727223395	24.24928507391826
8.872704488226592	19.05459770794276
-2.1536140960368906	36.01177215020092
-4.814041609602542	16.206579309670154
-4.3140001844890925	41.703063116787895
10.503387187388116	27.250470823055316
1.5180064756611462	32.06190747824345
8.620771468834878	34.337013113497726
10.738688242806045	25.70365552390066
13.233477821261937	19.796108274247146
7.075240699581296	24.544048756432122
5.90245542379845	13.46405515113564
10.415799904198458	17.109171877709226
-10.612648779539969	38.22212633738828
-8.68748212241487	31.139866751463458
1.0109765562652302	37.713424629440084
-1.1145611331076495	22.951920747692462
21.617961962862484	12.1432320585415
-17.35282113905657	31.550116904558603
2.565002435411331	25.22399663387209
25.689806001932364	24.547300635771283
-4.872455396362961	39.67372021160926
-2.5276038433555357	40.38469341743
18.146838679332532	41.168635476414444
-5.714866929929627	17.393744637757884
8.312792076178706	44.0457815493688
10.084462539620588	34.38044238849034
-3.340153280303902	36.52801035824396
-6.378676841866708	27.639230705350794
-27.815750565171463	33.98044281139253
36.854333187366535	31.16517378205025
6.497142740962765	28.607965474246413
8.73702479491049	17.021688174862685
27.330040777772815	31.952713501871216
9.05183159609006	23.380945651062618
11.376756294935177	20.143995955601934
0.10285877475878902	34.03910210510808
0.951298909289592	21.66834618568501
33.9782695970555	20.893601304171394
3.8559769465577225	20.87800168527523
-0.6052782137749677	33.51252559159848
14.350361714048239	32.614793483235516
-5.101485945851325	15.636419307674918
11.958215048878078	37.23889258398194
2.5837128626450947	18.776170153193924
16.437886958615106	31.606001148571558
2.7783327792583385	36.68541054900569
6.001976775422712	34.92824174548247
5.465060400096562	38.48944087143388
16.06293824707853	45.41151041090524
6.7996833245573916	28.812854528026683
8.381269167359733	47.61847893009196
-4.635505293729196	43.627694886706664
-11.415343426296806	29.586309867085856
1.0029114499960214	19.885732704666346
4.784231419707894	38.48415376786067
-4.906113508561289	36.59452465154442
-8.53677511022332	26.893750638088772
-7.0596792069936445	25.65272793272435
1.0018264613064694	37.87070156246884
21.703935562191877	32.385080088646205
-1.6828252460515811	21.913613632600544
14.184465883307933	40.09045879972817
-12.956769284632912	22.29235358635664
-20.07320043784941	37.89500392402077
13.45869940259185	45.34143239775353
4.579914586482192	27.8169486708886
4.424302759356146	32.72594872290876
2.90496086563697	19.19719647696399
26.03303365212793	23.570468953268577
-1.0638009796968824	13.34679402237839
14.67287062124664	8.639813854691464
21.100196563102646	32.757042271824965
10.255754939841879	13.527934210666736
4.150234915794258	13.221135070898779
15.022770146502582	30.22067041402702
-1.3569824870633225	14.946634177181007
15.325510274391023	37.397177052769614
-7.811872022894111	31.933483605643097
4.5727192883048815	34.79355620877652
2.8656027286167634	23.207438071004503
-3.2186816500692803	27.95727375655524
-7.115390990599568	30.45028717883432
22.296254420003013	30.14418320457203
6.037273045572291	31.38561499488939
10.404233904467127	33.67561926454038
11.38403828526425	28.388467087319516
10.340370973990286	30.812241828171516
10.90737979052101	23.59771187010157
16.903113822728358	23.74706314198882
14.292284843838724	31.315740168685075
8.96826744512183	40.88073192787391
-4.238691212944289	26.294277597508668
5.305369888525675	37.2693746625898
8.181444876360281	19.957084014142943
16.775642316039946	29.79308862178429
32.61234523310068	45.797952089467
23.566374829527028	40.03826543106149
0.15802897108987946	30.308143242854875
-6.24940578297247	20.969095511423568
7.778092792081848	35.880066127256406
0.7889215813950652	7.420482604564867
-3.10100782662189	30.343852300183944
-10.217346546053411	43.65189052700056
18.246675297310347	29.07021220845636
-2.790665414141949	17.22493855483603
-0.451479388555156	42.93556765663173
5.522151266921504	26.467589643653668
4.105005331656163	33.01817769029724
8.642917099539332	38.55042512233126
-5.754747388437396	30.30852050659627
-4.1314775592590305	5.703673035235774
30.633270846664175	74.33595423578006
11.732279205240365	60.35049208442235
14.028719854672394	69.76354261117966
12.708388731006757	78.69695605603958
20.14907885039395	92.69684105376307
22.632919213456752	100.7020012041537
21.96458485306828	93.19692290499603
13.390027487665469	79.30201495813456
31.8901130531818	80.73939271907619
31.669110920584746	90.24784003141855
29.345237990854745	57.35894125309922
7.8956518513077825	74.67769177330311
38.38040658327887	79.2215787196254
-0.722126569372314	71.87520623409121
11.268789215054152	62.34347598749419
14.64728928395547	79.83941031501452
15.207167653933752	73.72751604411637
26.17812881725564	87.39679448509905
21.308251380273468	91.91524730153802
25.81306335441866	77.16732007301171
20.107963497566768	72.79146766906062
20.348396742054675	70.87464294923356
30.984595402726214	71.70441912387574
4.211194236759141	79.76004335050432
23.787672612816582	84.87549316635535
-3.2310517778058383	65.15249251700502
40.687865384332405	92.84606227348112
16.666583706343705	84.40375133311056
26.033889072706923	96.53289238656491
16.07302523850403	85.99217410678511
8.027810636673088	81.91465333098914
34.22650008995102	73.51936190592815
20.92941391205183	80.05859222453792
23.632407993673002	72.24300161205734
24.067031403494955	73.24313381020905
30.253911516753256	92.78842051061568
2.6152183235700868	71.89986129142383
21.00031855369251	89.06966716253258
23.100884451015403	76.36936592135405
26.32449569918338	78.17513801236737
41.91231418284704	80.39595894665793
4.0448252279222885	82.48581909550856
32.78455474980296	63.105565651689815
11.475559243666611	83.90461476427565
42.627509874503275	76.83579069142688
24.38937702999225	89.83651443062423
21.607627491854018	75.48038516127524
25.66779492809221	57.86144790898488
15.67616326094342	81.5030955992001
-0.47732794293899516	80.97368466111365
17.861058176893508	85.93092149978652
20.317714618485688	70.20748080393227
24.75853806369655	65.87063840669107
20.42408926411153	82.45095091969907
20.58788542554117	75.30930729806292
33.6264732845009	83.05683540392064
-3.0988454054574888	84.59522751445378
21.64932507095555	83.946416626879
7.652279325105702	64.99147182084025
31.453594145015565	77.53003432527606
28.04760407587191	65.09440942975309
24.865122872056332	73.03247973596353
11.373109852738674	68.20298787212246
24.67077160829512	73.65500077901244
20.925668285058194	86.0571769983368
19.544766998356646	64.95240657794999
23.642519838551994	89.57811832171754
8.470056998961695	72.06853969570196
16.878745845384238	86.11959430727556
28.121234551874963	84.9056186452883
27.83988862822718	60.27293297195267
18.12262084818405	90.01422034454387
22.40798314558011	71.44888490691383
23.54789326593415	78.91108790735115
6.13578220192047	70.01285957415753
3.7395435736018108	99.68122152758993
10.711398232113181	81.53034198176063
25.312596965717063	71.31086411800305
4.6655857131540195	79.80313916022486
31.91604057186907	69.34008321717494
30.227795976696	101.93039203304704
33.468988719584495	78.70911668351012
14.497137673870487	71.9450636642576
19.639069565763513	71.17354950754176
12.528129665589768	80.8140605036454
12.170441628254398	68.97118081084008
21.859972951064307	76.32842092319909
23.548904446852504	62.70672861534915
22.42418034128923	68.26244226277284
7.125762341773392	67.47065937730382
37.877260669897126	68.44275123100664
3.166276343856378	73.82781586850903
31.924023632091522	77.35893163230082
24.969766628228047	82.9084151205571
21.273604737569467	93.7990358118364
-3.657327036425457	92.3102761989476
1.2249639197632511	78.04267733481909
27.10349735299061	64.90828318407306
25.484083073473318	77.03782763137316
18.655149365749185	65.03836182615824
8.481755574023001	86.71632812281874
31.355985522982056	54.52805332233699
17.421991826020726	81.9473378210894
43.476902291718154	82.00483982286376
26.918028546838514	79.75820818173146
11.827656641408689	81.72786100543172
10.060713460820088	109.10607805852379
11.634105147379309	78.37705627837681
24.70344264320329	79.91987480616912
13.319282948249967	70.1976586531329
30.54734939797133	70.53359844004862
17.046672365805808	66.53957078075891
44.749213541891606	69.01284986766797
15.085007825828459	58.45052398205919
28.723330252816588	79.8413235905253
17.4854918547594	85.1414951275331
33.345144695222075	78.58575345239221
17.12047876210091	78.09229995759749
16.642521589922822	76.25619424717362
37.06532416779994	71.75486332210156
31.072642399353334	83.84277000446184
21.5999521072569	68.27993986182902
34.71985267273369	77.85053217578782
18.409453607131738	65.488731474486
26.930410856004396	80.04097326729416
33.40103996223712	70.42221938705578
12.25370053106334	90.38997564110292
19.976285383552508	61.01727884982431
13.461760471121051	61.85092050923055
24.046918857385783	82.25553473662886
24.937822152580765	71.9370693814168
40.14890704354672	67.81960353801277
32.949182052397354	81.7132666810123
52.78057014397134	77.2713227358061
44.52714638897565	51.73467148034089
31.861976715447113	85.20926086333111
14.29907444461577	84.6329173636953
21.74656740736133	75.08319696633438
36.203973136649154	97.1674146709688
25.84476433554067	70.41780554342319
35.809029568520415	97.19610119981482
22.19417732178082	75.20416034889412
25.361456702170447	93.29612121297319
12.212672066468771	75.92685393568824
5.457365050069903	90.29770458746566
32.044705069983365	70.02780574337818
36.69568249639268	100.9155198715414
17.683814361155058	91.74257328899057
22.265623030554895	87.68631578866817
29.03583223188146	68.03564616766141
13.530370023541616	73.72125211672122
38.09252203947314	60.00471115339306
19.647285258341512	74.97346428440844
23.535072248333986	79.66962429404131
17.539877046604623	80.59113829804234
20.53009762469293	74.6232948039961
22.614705749115	76.26639524936849
30.27791650182078	82.05781952255367
18.889037258355344	93.70446760724765
7.101387223619733	73.47731588251438
30.25561680609692	93.95841922381668
26.73144946480743	98.0325995216134
12.748220094858786	79.43233028792962
27.239325052948686	77.95628403375383
15.871439754913366	82.81182932607517
39.447790577797434	90.08910860906593
21.39294821574181	69.54742215570334
20.142036483944864	87.07523540724519
19.5058959480262	85.73259161951776
15.158099800888525	91.61592302407206
19.76871879878278	80.5434650028134
12.054135564869611	77.2403164956357
27.71369458826277	73.12425769776672
31.569227205378287	82.48154142478259
14.007351851221346	73.94028633389016
21.573539481686296	77.37716427652228
42.97140584789087	69.49973096003066
19.2000902582008	77.63972187435407
41.31856702521296	49.502438866338025
20.177886426844754	74.04496613002564
16.90881429956772	79.50928626774731
21.01449730148421	81.80844276765396
39.63454429569881	80.86933760084473
27.997602290576097	111.18993674023599
11.777131785457131	89.7031375371114
33.271384436347816	76.81014164494813
29.07895289827937	89.38463324994444
23.215163775822102	66.63187395483735
11.082147671128487	77.25270634478632
16.23939302675169	82.38004904703676
44.721347447045645	88.26479483400635
32.49504817262137	64.52775311161108
27.863848194330146	60.22563910335137
29.610467760624687	79.3152250461661
38.17314798520762	88.11537748131961
14.43212148516188	93.2741983110542
13.636643207644761	82.28247144119807
21.362831626683278	80.43792051436363
26.431240195461292	74.63444419711361
21.408611140692532	82.26497462323499
19.918085195856914	80.21132741107851
26.448437328410986	76.7598472895908
37.1548346643608	96.91950046301567
8.597761682456795	66.9118591445668
35.24873906692294	74.42219925696317
12.738262945644228	76.51220521491277
18.429737631166653	84.71150708583548
15.773181522712303	85.59569163608872
21.716791220897694	69.37373044198067
32.78108284708031	78.88220826332308
33.80249926612381	81.5789288233197
41.727166406833746	79.20432919618206
43.169325953545666	79.1875827904189
17.032585062498008	78.1266348731452
25.109087002277636	87.65550861655802
27.23496011917093	67.77711971174435
26.72698215032475	86.43268996529149
19.38841759498666	88.14652626809011
29.02069982398741	86.03203577608068
28.855187945293366	77.68238001450882
-5.4568134978952045	80.28860020006613
27.746466555494756	77.38494517656068
19.994371847322064	71.59447711081188
19.698865375093195	78.61737003392778
27.863565830268104	65.22941379903787
25.33198839480997	76.86182997362775
31.580163538525703	71.4195350068774
35.76939239032705	87.20299207084787
25.80979912301883	71.55626444377363
32.668802201658636	98.76475300613325
25.136666421283444	82.62639510144771
25.016180403290114	79.48457331597427
-0.8775049355168321	90.57432370427952
33.18091072927132	64.08547606899711
11.489388214495609	75.62770374653745
42.78131311496789	99.1925433066184
13.26355565875753	77.5500824965978
2.6534493925493834	81.29629584941112
34.46893559580061	61.09632862451282
5.430731757872071	78.49049885384417
32.69309444474122	75.00393007096542
31.56783685608282	68.17470325023861
22.413309087651854	77.69591061748179
24.029332357490848	81.64399164301584
24.312001592539424	59.04773242185059
21.808583251499932	70.25246199637512
27.043388203457003	92.97548531347954
14.713755517238633	84.12294971087886
19.095509357881063	77.39991674176744
26.6185707943426	75.40591097741526
26.930209192081605	75.95063486339149
21.924932098227632	83.48222747767561
23.63769654474797	90.86735015318742
14.027646355515358	65.36790027463798
26.29036592366512	48.69695884006888
15.30494710143491	85.44910229878083
40.8863143291792	67.73090185849831
33.30361894750961	68.12442735717642
25.339528924638064	83.16367529462084
20.113349785722946	75.38249433697644
21.23004228969311	81.9184671224462
24.850170565648728	81.68258181028058
39.357460550841715	83.57607897210835
20.62034230732854	76.87689731912425
3.4539407842762806	93.55108237793056
6.207755270571445	71.9042222622079
5.599405224030942	71.93995663702343
26.033054812224965	78.0178309067279
28.330536979424725	71.60468479448744
18.842490556968823	62.38170173702018
26.05948024825545	81.64342652704906
31.447707923271164	86.00724179159914
17.971329488771786	94.21583149032458
34.765571644133935	73.55640396937493
19.85320783702213	74.81146977078194
19.28677966418837	88.91772096103902
17.0062599407401	83.67468137035199
10.062412887013949	70.81657907007872
30.075133161235478	77.9631759677649
13.730683930799573	96.7833742517246
15.595150633945924	67.40765567662284
34.442398791681796	71.52321759186322
12.807895978830476	91.75600229491207
26.644279611558126	70.50840005013322
14.33077153708865	72.73416511883534
34.178422287507175	74.87105431699247
1.6237269196404291	102.2236914618139
6.026338324400946	86.20631323642992
18.429151049673543	78.2364670557098
17.328396758759748	54.72398785340678
27.08623907667027	86.87268802654306
12.780867926818358	84.76651005743928
15.77535627540432	58.39498677350079
18.33037118103835	57.87791246930049
29.747807834024016	82.98524836416918
19.506543359104434	90.01515732910116
16.84667769402234	79.71461747688576
15.90228478597427	73.13210264321093
29.98072637265644	83.79093135599948
14.155905382325706	74.97951505214289
18.583529847109176	80.71810058084228
21.88260889648297	96.83050927700353
24.133907662545383	76.45892911124973
32.343804910300776	84.80151483767898
21.70656996328752	75.72139538474242
31.94495941060962	67.99133626798604
15.32599989217859	75.94601033844998
17.343553522456926	64.16614479802402
28.425460698409836	78.84410503928015
20.035044179943746	80.69652752520689
21.013661844936706	85.18764675048286
26.083247133961365	78.87560825710132
22.610639754045796	84.57928967094432
35.181521696823495	78.21620787531316
26.93654312024447	92.74822434155627
14.301228583720114	73.327729811471
-1.5391436452525653	70.40159547050614
20.00747942707632	70.49064167014934
44.27302306298696	77.12441370010713
18.05988572232716	77.8772750701698
29.35179730976649	62.28078811945901
20.268024983520213	81.48161782406397
32.58052660220425	71.23164926627251
32.37855493901294	65.91932400261078
5.451561720976802	89.02540418391415
30.253647844578847	82.70621763712873
1.5216030976498978	72.01788979297007
19.639209093695083	84.28058159692483
23.01587004759978	72.15770048703921
25.692865709023486	96.60198194544647
24.008854654896602	74.26690356169779
19.066739840096524	78.95617048768551
15.936913389602896	74.9904073254022
41.40836400330526	89.86607744142931
22.126165990150636	93.93315902535889
22.361794633616086	92.84806133850128
20.088195628603803	84.16941752239042
35.19706737103826	67.27444921151385
17.052992103888613	93.8086868304346
21.961537457590406	84.71259495614177
31.56744287061065	72.35209299449645
26.575041807498273	77.79042747362067
32.9959115045321	64.26188320154289
19.159304944703912	75.41065241625338
33.30817554090921	74.85431361126449
36.730096182511595	62.285371640108494
50.66591919562126	76.96544599141525
48.30845559977497	71.29092407823373
51.49754222848494	83.07914013123876
46.884966309850036	77.59121154968467
42.90278201801692	72.61965582943964
61.726028497431074	61.60559771250905
47.51431295845242	70.40398057568774
30.714529386111458	92.40910103758785
58.89644745763934	70.39390199505468
38.792979987153544	65.21952846358455
28.308778506561598	74.2099374675487
43.0708501311288	67.40335051410526
47.79955155977064	67.50991489634805
42.827696257409194	79.58908041106069
65.41738041161648	88.8745222944437
34.41098154228108	63.71396532230667
62.48827281960982	77.68503592768698
27.90962398196394	86.59923081584981
44.513629901987656	85.84738276858866
43.56946468759173	69.38599078770828
27.189427051140907	66.5189045435904
35.87701072995219	53.48468165775777
33.32895448193487	65.06245772826978
43.243813499514616	70.64397080825093
44.68647820839376	68.54531003308794
39.710245247516845	51.92404155465407
56.591275881783275	55.959601505167015
41.22696472265343	67.30864941028584
55.41281298422474	51.747472342224825
61.63103410903193	74.33207163167826
42.907584023283974	78.50692319463657
51.267793047138525	91.02848295527208
53.43552252243265	72.24818458051882
48.97502592618812	80.06471711407607
43.895915303566596	63.79601730791096
47.23948646434065	66.8721617480266
42.89502554685966	84.95571641472036
48.101865660022625	69.9054610024665
52.24643790149816	69.29353572020972
36.57134447168596	74.31886110641354
25.86234641920771	79.77206590198115
41.50771616976592	62.06308441394667
39.98394099642522	61.43087691115409
55.45395146842126	62.615241466604886
35.63307589322073	67.69980678058039
48.580892580838594	68.26230922284674
54.41912561336266	70.3171827829684
55.46319939798485	88.99249216986638
39.42159913986203	75.20571768198346
39.09258696892138	85.81406202542385
45.82204903952168	85.06240706662408
39.22267233334541	87.96576337207973
54.63724349825226	79.68196831809453
17.08834909561752	59.89590605280666
45.37597520828314	71.52879325850314
44.26421924369146	69.37333623373426
50.84777327818383	84.98866228058814
67.91926642943332	81.61656531371011
56.816596991730876	70.71295022237456
34.296749532119904	90.77239923394279
69.55968887731827	83.86600315637942
49.0766854547619	83.49368414583702
44.800362852546165	57.55053347195973
31.261113307083576	79.77530930296199
40.22051946905909	58.935043157639
44.97336235462426	93.23857369905302
49.40263131780422	87.7741906006432
36.57480751607189	80.64180518212764
44.822416902660684	69.52073354422733
38.491355967440775	80.15382631512959
57.05499266579611	85.20258693996729
40.3493591609491	83.87365619476265
46.36944782091528	81.00163536684548
45.15355042802081	69.45922042684421
38.59429921519076	74.93922354576591
48.37604511545601	68.58167964704438
53.331939605462836	76.19234275106486
41.42228153708293	76.83806548604704
34.96812878663909	75.37643463434999
48.416448169107	60.975788234836536
50.38136875608586	70.32872972318702
43.637817430810486	59.15825972101839
47.986042721901256	85.15180820296283
59.07660263423655	65.65531472561939
43.79410122174869	73.53524783159108
41.8937412253175	63.43815610825516
48.263616163208596	90.3344924563655
38.638570660054526	41.59293821377071
36.306428243461866	58.529299137272396
53.34886598794343	71.3226988245045
47.85963387339308	54.910004594152056
33.10667752107724	54.60106542192433
45.03289335017006	64.79248558578018
50.722323380118965	83.34560171117911
49.622048638810405	73.93282530799978
44.35808302856303	60.19638394938011
55.96281548185069	56.43016320098823
49.06324103888861	78.91556594294735
46.00779434854326	91.2105443067922
34.54311476996213	85.75178206631493
52.96212481933461	70.97444608494783
33.960234799426914	77.47568200532051
65.44608720968836	82.79307586101271
48.979126821913376	86.83801059935809
28.93914193603063	74.01787550544441
40.32991473878562	73.6618871070093
42.318757942018635	66.40255168470816
31.51898128941911	80.24406156595128
39.953486769021474	70.66161344404809
45.24977321458796	77.39863674401182
61.101553374615456	67.71467591058104
49.00254225545482	75.91569089053513
34.092997486144576	68.71709819384178
45.835131183040914	84.58091611232426
38.48558752671203	78.78863514704348
40.086030850095284	100.39942774186372
49.17351239067587	80.58545320325354
52.01591706151898	79.95111339622238
47.2361608161219	76.03734763742
34.56065038084063	72.14059829129532
27.567713225607154	70.86156341264083
47.451611068540025	85.39887390487537
26.871515556462107	83.73921939633247
49.131717592335015	80.47690475149271
39.29921461762349	78.71387692526653
28.63342241153505	68.95877509016418
47.2897156769105	81.32481948523156
51.865920209073444	91.96796040370545
42.07253690124576	73.7879839346254
1.4137828041429827	69.96243139715267
39.12743612031762	80.62088293230607
32.00986534933119	86.73248518792207
32.921623809158476	79.48711027278779
40.47084003535531	81.46073216411011
62.10074802016116	75.57900131130638
46.49857179809522	79.21082739968948
46.62666756475278	86.58331331338012
47.20792240346799	75.00127752067114
50.127211855022495	79.17432855449134
64.00381914962844	59.471771160042664
49.69581604197057	63.399624660664216
48.722138421164985	67.76854719340287
53.81020120227718	72.80312829151792
57.1520727651842	77.05980219627469
63.56690308912991	64.1195090597409
35.84235937833281	65.19730723279571
38.50329546488287	63.9700478846614
30.525382620837647	72.55869483299124
30.795294634338674	54.49797556036694
47.90168781588505	88.59774762091212
57.952654936597575	87.88700345414048
53.263996561707536	91.80903029434664
44.785032125593695	91.41381922417015
51.873687555243	86.96812949098602
48.18569359942682	66.63621850769074
56.1198660048551	77.76670693267133
28.899462017335306	68.36670973164846
48.887609680182564	53.318929700763626
45.257742464707725	83.0148613498964
50.93728665673049	60.098934454501226
37.244583678733726	70.64957042123712
34.722739193180715	62.40581125846151
34.075987291133686	82.71932864353087
19.714601870176747	74.6101553104498
32.85127307881358	67.38849892580093
49.736467390957266	69.02980151775041
20.482811288827172	59.58878431311176
52.93877794658391	66.03018374420216
59.59333186678267	69.20133985885504
57.795082303834555	74.41079338978643
41.81394926186444	81.93324807627441
37.09585184679522	66.35281288636362
64.35871650544324	79.36481171399325
40.65420169142361	56.2358126143564
43.57673623473635	52.0527097484189
42.54206658083618	64.53027634350747
40.983151052373046	64.38858771102275
56.984002041729894	59.147479306573146
41.18539338078267	75.50422620356419
34.7302329644954	83.77367695820485
58.84930784687779	87.31643057210498
60.56497007917982	61.75390950237229
32.63716346246254	80.8375998578619
29.2788340552409	89.2523443518918
25.806631555066623	83.24090163745132
35.80928996062394	54.34995633816679
55.60161793753844	80.47820159010017
35.90150077844821	81.37502073282536
49.14940480874384	77.90392314634789
44.76002177521164	72.4551387683576
35.19878855279924	80.13476657134689
34.851865366134334	81.1337210857616
39.30314172869516	68.86003982817714
59.400374970595095	92.39942481077213
44.34662000109188	77.43520220864478
26.452960488334778	80.19306285144066
52.39859822806682	77.33998928141621
44.576833147258405	65.9458994465569
48.36641723696712	70.296920525145
55.092331026473744	58.401114898292924
44.83058214056327	80.51754884767858
55.41335771297114	57.2608388226994
46.486106693634014	76.45357055805648
28.87897709706794	69.12090485905135
47.05224239379038	82.44794114817583
45.559055675832596	70.815728939079
57.71886838147175	72.41711383865446
56.8584179586416	82.24202316180238
38.41404449400014	49.396489117861634
40.2228218206475	83.48531632296553
51.88918695393026	86.36300753248504
39.92596371163606	74.90594942803762
42.93141134381894	76.15166087022556
53.18010377215446	85.75041571752357
25.11950495605256	82.4648297424526
35.88845654950039	87.3400694955777
52.061155197735665	84.57186087513783
45.3972884265434	82.34597252800971
47.053732180828575	88.65605817557038
16.8735654488867	77.62186550423189
40.24092366650868	81.2269529795822
51.23769281902147	90.59659434053587
50.4987699639901	52.33343844339205
46.4119698161924	83.27549441204528
49.89147185257394	75.0130219266689
40.29476979563451	67.79090642855175
27.059172428788607	73.16058321357687
57.14414473182783	56.522892543344014
44.568356597124726	79.0920909127003
37.85607883504241	73.75888508232148
39.146281699847826	52.814358223398244
56.31197191842332	58.60083240402047
37.268815933929226	81.20581347829942
39.585212122774905	68.91690339509088
53.51842261558488	76.41218215976446
66.46762366855322	67.59852964772749
63.153333891275075	70.19718736829496
41.78452159568198	93.76944315038634
37.700553687319946	66.43930456094193
54.834625138141696	76.38869642879452
33.935681162356765	70.47777787811572
52.29586195819099	60.70913719393594
28.87410610352879	89.82001569532673
36.23317378924604	63.81710330349256
37.140550688055455	77.87998861487218
36.709353287895276	61.45616229320935
38.2476783548715	86.5218356655781
44.211902697597914	71.54270349243946
50.155070889492656	66.8344690718079
36.15788213353241	78.56122852074631
48.27464291203902	62.493183473099876
41.261187831974624	81.33746576399324
46.50110087623575	44.98905072472486
41.41982513404983	72.59829875229252
32.529744328225085	65.80734570785484
24.65391883639672	77.42313103742782
52.177366717170045	72.23161008679787
43.57772003206706	93.18473856117042
47.411798414814434	66.23213157636455
51.85575413994314	67.12246886361793
35.96268167551376	71.94949018318084
45.59587742220801	83.9370688834961
49.20756510501366	77.32468591334941
20.94490834917396	59.73588156946775
38.44865178036365	63.27764268167711
33.08969795771084	56.056675752006086
35.37598687000799	74.85797376315246
43.87252604436737	73.7649951181116
54.073306261648796	79.71107579639862
33.835229922148244	72.01491154192362
26.12029345146063	71.88157231201887
40.90300647816003	79.15824285021317
42.826136507954814	65.08659404171209
44.05144491412947	69.05854357429894
38.41251008298022	83.46988842569043
36.469880239349294	72.71525112548474
51.694825710250406	73.91900552246652
53.255941108054145	75.94102288456615
38.47787465956832	68.29223784126295
51.14620935975698	73.99955619135362
45.83906452698181	94.22532318285695
54.58709984658421	75.72509580991525
43.773095635370446	69.46618003966277
44.77026783286116	71.04524440675387
63.92866537810593	57.2266616813489
35.39970838078136	64.99064524381879
53.68039853906059	72.66568229290125
55.459319313208866	64.93651973460447
51.01468379655092	85.0112250542933
54.50580228140445	51.40911978507016
26.076496232609546	83.01782435963068
42.62216672037465	75.49905815932505
54.726708178038855	65.52394807208691
32.8574915750074	81.71206744511194
28.78123524347506	76.28652642970596
53.45151006467958	68.30937823801553
37.5326646857461	69.96419039971875
39.05042732114181	63.76615483511063
39.838037713167374	60.506753375220896
42.41869175022472	74.0743778214686
53.133123510293125	77.8885323712477
35.44270426577806	78.873619095333
39.50252849232959	74.3294126216772
43.06875259430796	76.19886153611102
48.44712071609569	66.96647825981935
28.820281189033697	91.54538307258942
38.56205905138344	54.35182561933008
34.71629927985808	65.20176954446644
37.03496747036249	77.56060893331053
40.84187261559806	65.31751061397561
36.124007785311626	80.70350444672515
43.77570104515742	60.71637903077409
52.10825061387924	74.04038348642055
38.986190670069846	57.45500651377563
36.14494421814668	76.39124710758274
20.689174071674547	72.3850031735067
47.158703242954765	77.67512676071742
39.85459660424627	75.52840991521836
44.111506122350335	56.25473070995922
17.254595288970638	65.2778324243816
26.937107082289526	65.20917801862518
45.22295977077317	91.90446487519918
24.3742667418689	75.91665254487762
38.35859513017636	95.75264301521243
64.56494185785513	94.33245653571961
49.48799227674096	67.68193973593401
41.984039917083024	58.816952739701726
33.04090271346021	53.31003107022609
43.97279872798092	76.64287606050674
38.50524776463536	80.43558992996971
51.912125434334605	50.40942410915433
28.357571335664645	81.60045740510174
37.3454561091263	70.35772778973262
39.33464582662307	67.1510765508921
38.001284328626895	56.73090905575744
40.158861099752045	75.18182294951035
41.43113130487391	85.59392682165621
32.98676821360685	82.10065077229915
45.75318001058324	81.25913555843314
54.44856849623076	82.90306150910142
48.89509565144	69.58701519884988
54.61179979904572	72.7791117914336
33.04296014262732	56.11770757750745
50.1821503978598	90.13882771532676
73.2214019239731	10.881871503488732
93.19519170358355	10.179401615824862
69.82082877271718	-6.049768066525594
67.00259699757268	5.751436811623168
63.96724345592561	7.974425134595567
69.39616384808586	-11.37470677274106
92.12502880420215	8.417628510952913
65.01016695668321	-0.34901608918180727
66.8357417406287	-13.808494491062511
55.86537225940151	14.21026918791307
75.08918414390237	-14.3367449588664
76.44434371369584	3.412333763855045
87.38030532657953	-2.1928690750063518
74.61534836226133	-11.606212380196467
78.4228685928102	14.208720733895692
56.119191389016244	-0.07903766443618943
70.09089437420488	-0.7974165366603712
75.89494488664597	19.533820472574163
58.464101917769675	-1.479594314181234
69.45892781454809	26.811319541113747
67.81996647031382	-11.818441367011232
69.16733741462839	21.07617406147566
63.37916032334806	-9.788282360216037
57.44236121367449	2.904314078643581
55.86931959540465	8.039394533390162
64.37245205064544	-1.6641325568221563
55.783208816848614	0.6428631708117976
65.64352654723768	-4.216282706216393
66.31136203348383	-5.8107268930022675
86.87702016131377	5.0593131476009745
58.1953553167687	-8.32137434665838
76.87912987244297	5.708160192741565
69.12512219461205	0.446058000173405
90.14193188499443	6.164792172596186
68.38584232016552	-4.863285672117611
83.41076656919724	2.6540277225946927
70.55282890290358	11.40417600542105
66.24181980790611	-16.284424351551355
70.54789503869183	1.9866608666845087
61.372251863373045	-12.18108625516485
60.618957811720236	0.34863791385187415
64.74691073938361	8.013730203697337
59.88967995830939	-3.147045447401034
93.88700474061282	-16.480615603080608
94.60406697621859	2.950259812492267
65.36895632095835	-1.716768593585754
80.54140476605338	9.056954879048842
66.88510447210862	6.221251419124221
52.234643421100294	7.5319884888531385
64.97189787803404	2.203703129162341
59.54977943069363	3.960923500181059
77.9841379657391	8.395532296693224
68.91397767108391	1.5921296743383895
53.054238180710634	17.062723947622107
66.14455969757833	11.91921958568636
71.42961491185332	11.823089931537272
65.8286554206072	6.365743807352499
72.09140485885212	6.862248230115205
48.55140209568668	-4.7420315120396905
37.17937078111092	-16.991060130377527
65.23079466568917	-11.187216081880713
75.7557113804138	1.1152441590688613
65.24180149112699	9.363508804107859
63.08030827459595	4.355116391364254
69.35336166298055	-10.496514019479221
83.36312264154975	10.101127789050455
57.13933386861736	-3.2581440408335247
79.77420536658303	-9.92552343309065
60.6934729042183	-0.7695740119719925
67.99632982588605	2.55004763266679
65.5428991822076	-19.400748623734206
52.559964324091354	-0.7888625981060982
70.81686601415508	6.381598537745552
57.36956195222135	5.622929924222073
64.75572768431428	-16.817662055025362
68.85305538315234	15.071467533320988
80.65526128062645	-4.397747919559065
65.05302804707857	-3.8587990470221367
70.10156543010048	7.7673302722783415
66.68772631783898	6.506702225537272
65.6355113077382	-21.432455189261745
66.38717904848187	0.6829533857622234
74.45055370715072	-17.780438519561596
51.639982921542284	-9.907556351473012
68.92608461020147	-3.342175117117958
51.33417157342569	20.211873732820937
65.33350868751079	-16.013791693240837
61.16576724332713	7.278813208493109
74.99227814926587	4.521797702066284
82.84855985120528	17.643917956457535
63.41700746880625	16.154895360475237
87.17809847022596	1.4230772296891636
58.7579654009878	-3.395596830629123
74.98555207079278	-18.648134486520686
59.24557396759888	-7.495059092044623
80.83383117979281	-1.1950240473978795
59.883203200467484	-6.8943170376522
78.17657852565976	8.181421223942978
62.206292133984654	-3.665009418801522
77.37634292314775	-11.631764668045594
84.30042023958613	-10.049167739144988
62.95418169469507	20.30257918766106
70.85047497916011	-14.844505411646022
57.78579156765719	0.02722385573838948
46.94280801313553	-3.2392576103683304
70.18516548151041	0.015414480635160821
66.9190104025323	24.021223156476278
69.75183048577316	-4.5787808367107905
63.46092469426153	-4.555571590637298
53.06822508452086	-7.590776383796267
65.49143992825059	20.649013325635188
75.33403765322382	7.008021757363594
89.57859827842967	-1.2651001545585525
54.60084227846687	-3.2897420123513266
65.25862784243218	-13.227387527741094
76.21574188221167	11.516095287787728
63.898487444699796	-1.997822166044056
79.07382215189944	19.921272921151687
68.6846825220445	0.8844280455429935
69.73612571329032	8.246697955291683
58.901588473292904	-1.3092234711874364
79.54612424565731	2.825389173651668
68.46288975818885	3.6928163840229478
72.05534287442762	1.267604266556148
73.25226369553316	9.057459622398321
65.60224803241249	-5.897775187400833
66.10222870229315	3.690007940082592
76.8195127932267	2.8588724296836725
71.72252432176042	-2.346443740194199
77.93695100342535	-2.1027796100587204
56.34214970645967	28.90395456372617
69.16984468360604	3.5505291718869563
47.16752937993979	-3.976927940632886
47.73613653681349	9.843951088317517
57.134729308153936	-16.519472137727398
58.79262559781014	1.5951680687750431
56.104024545190505	10.919688609379712
77.90954201086306	-1.206837572873563
75.76529333336045	-11.808086345888501
52.221380293383575	5.888220478320265
63.05942663131094	3.210982279348679
78.08320487225626	1.7815523847825752
70.05206828907879	-7.117403555533465
75.31741984371135	0.3343269262580948
71.49260259598232	14.756183590280841
68.43008151432237	-9.473642813576696
74.86237125871217	-7.183326524837423
81.59033148281844	3.800612226709269
64.05568700952445	0.8851982405798098
72.52882199272364	6.1286515942424895
64.71282271961718	6.30967528694049
53.707605254071055	15.835397782093118
85.27945751700943	6.9603636966199
69.96820154006684	8.202162452204512
63.97764578268051	13.442096487834348
52.79204460383903	16.971911265920888
69.72357087642219	9.707752805700036
42.83694737170843	-3.004094962623613
68.38990573071514	10.670683168022059
67.45831317357717	-14.78250346206245
80.11144844601989	-2.0010715599107978
62.627414991252635	-10.796526023843033
58.936641431523526	-3.0661657135002818
68.01062281582574	8.34028150742001
61.53701454015736	6.296499392847647
61.6145302733026	1.0642032748783485
57.327054434840996	-10.320011851218304
62.737984172547094	23.686741883826773
90.6865659343565	0.3752157743650445
66.90146714127727	-0.9457497434503899
58.34554219976703	8.227514215934058
67.8454688638598	-15.458551506652228
90.11560634429729	-13.775088552111551
72.38967170302307	8.319880000455589
62.558173109030605	-4.951582090212309
61.50038508149037	-0.06706620575092614
82.93520962846861	5.236822812923507
83.08566316687535	-6.4610655144948925
54.26258688558168	-8.28557605325679
62.40595578334031	-5.587104087153779
56.12584979101169	-17.225225487933592
60.49480344213228	-2.9415087680529473
62.17791787520816	8.155525224546581
65.70025631764297	-10.582504892455866
53.254077207575705	13.636874904727026
53.118457311573266	1.9561820265452061
54.174258853129906	-3.743107930909476
68.44553855820656	-7.132896798720098
74.39373827967457	-16.8422251353925
65.48130595297796	-7.727114498486503
55.78627273262456	3.231334589317869
64.8660890925633	-11.663954647725053
87.95885242398003	-1.3961547750270693
81.80202610109625	27.535629039863394
84.82898736923967	-12.720800711220804
53.76861514087547	-11.841412266259919
74.44531105845499	3.794958363025851
69.00482178536643	0.5755941314308614
86.09771686686257	2.871899083391848
76.71300887703153	4.567252778950899
68.00471473677194	5.523421710804657
66.68348108777187	13.026339864689572
74.22830288368512	0.101138158157976
41.726820430192205	-13.510870359588786
81.32453057550487	1.5296397133444248
60.62208559391675	5.649459208781874
74.62969942881702	0.8233491195199854
53.619187017613704	-6.953284061728557
58.331285075339245	3.340563756696244
64.46316513849166	-6.264547802242283
79.69158170724093	-9.041666734679985
78.22589991737802	-16.482158235924754
64.91675632087019	8.390011795107437
76.6921809895964	15.480056112061636
66.87072337657449	-3.664007899223866
82.36268968425172	2.5539476276573216
72.88502398417046	12.088391666788006
58.38998880575364	-4.369151737502762
72.60708760095838	-16.92608993319206
71.63796795271126	-13.205306692902923
69.16627516484176	0.1564538182944366
62.84372062721636	22.07781723399912
69.81780397708674	2.185400617190854
61.896920666325926	-18.0703791704014
80.6072368166351	-12.185949507728171
75.99182626434607	4.733622170150147
67.73343352839548	-3.4965786165003525
83.84978793630034	10.83047554726139
82.4068767331747	15.504736090938078
77.54458403558881	14.289004578091152
65.93899520932501	2.8563199336970264
56.77522599453929	-7.488453743524322
75.53192538830093	9.13674587104933
70.72275502917722	22.099717795092115
66.3538642928283	-0.7682611877596177
71.59581275369581	5.849042132882368
74.6801651676132	-16.83671148123994
62.32955745540916	3.45308565493453
82.74470497867675	9.937934979640989
80.66610255675393	17.015575529478795
66.95730461601521	1.711257695872914
43.508319384469985	3.1128964650473616
82.9941517409336	4.652230943973496
80.3414387270678	-11.381690018108518
60.884854461789416	5.4273034649276095
80.05046901879786	-3.7339748168786633
76.67771628609826	-4.119957206751162
58.496620701686915	13.603693288331215
66.47220244439592	-0.08991451495943337
75.60969664301182	-3.445156870817544
69.35917504001699	14.046230561330066
58.162121069697136	8.240049422687102
56.37575132890482	-0.6723747131482865
80.85971798451168	1.9319874774487693
73.26808626416435	-2.5447212059882323
54.66675687029935	2.4266865526403043
38.34973851707227	14.55323731477566
78.0161172806042	5.116975063775081
65.44790959381517	-5.8503869334932
72.46308490553034	6.3286311090748075
64.03317202603999	-1.3205909750390532
80.25420690023263	-16.979691117330248
80.27700645567067	4.627994109124051
79.61435821048697	-19.588667428254322
67.26365192308381	17.534566005261663
65.64080851057368	-10.882831768913004
56.172204932323844	6.04888552990286
69.44415964675146	12.73511390176316
75.7155267575389	2.9281021448776823
76.00933499710031	-1.3308566321934707
53.53531055722011	21.91673604859047
61.77103994591302	-1.3367288512253905
54.076978597976634	1.3131081163656315
72.23667860233554	2.0103679355622783
59.440896361911484	-19.035060043617086
70.74461036978825	4.0725473937349115
80.36489648006436	-12.633127959994184
80.3424150163789	-10.517894557246827
65.79452113179444	3.5074746307853912
72.10305287807789	-3.327872551928251
65.56263775279537	-10.798969985684458
88.84201816735356	4.010886552951515
69.57984054813846	19.153976165554383
74.28974883167666	29.835111932807607
56.96984733063139	7.235492573277456
75.68056682003915	-12.897444333678006
63.94430119287186	17.635834194681966
60.70946424169492	4.791594462074007
54.17046499442841	-4.114918027081563
55.52587485920618	-7.962528372526331
72.47230041541428	1.1124995955492893
58.72620656140032	-12.792132769234907
63.86749925706838	-11.100145693941034
61.12204063322285	4.59695802873993
55.82079151056749	-22.386744571541193
55.52629730348964	-14.536675406338055
66.03723367176444	-23.897192283275338
56.633663462960186	15.259650306559642
69.47600311821124	-0.7650471357364195
83.26150770608751	13.99508328566894
80.11072968488904	10.885735280393217
66.86367089038768	-5.430985027821055
61.29756517488018	-7.035232393002473
54.19941242540324	3.577191107116926
75.3570517339499	-24.016287464450603
67.30978629900045	6.1185406080409415
59.38550152499211	9.611438096466774
47.39422236669016	1.842477303699205
65.86017284963805	0.6273783499956004
75.85617800746891	1.6267089469057594
66.7488112327997	-4.540668729109603
84.539081193781	5.600313722422548
64.95057312983451	-1.9674416347740884
60.94677890458967	7.61715568431177
60.9401340695149	-19.37832944483831
53.657594003850285	7.354473183451939
66.71774826364168	-7.941073445921215
51.73190453478627	11.727634341436818
37.135052105638394	17.93326491456609
47.15026807670733	-17.90112334576751
54.00262177991407	2.1033401136081085
75.55361977582068	-7.559829653852009
51.75993347014999	-22.562729709316013
60.901280978232926	-6.457771557508508
64.09132768136602	-6.17838582044138
69.47372520072648	-1.611799574011457
67.48374640412338	-6.763223491486715
92.89046505340457	3.1036811743528743
71.40675980276636	14.02727132026035
90.78293391412213	14.952258891047897
53.01257373152667	17.98041289936447
57.35105492502365	-4.2113576129686665
64.31751047534317	-4.968590575382507
63.2648734967421	18.081703991963103
60.634482767302885	-12.957614513351029
64.00839268264536	3.4199340903916533
67.33127823859067	-21.301089565149763
50.81108081412755	-5.56716242444565
61.014416654144995	-3.158550175275189
78.89898551665807	0.17992608868337234
51.31722008308512	-5.727003744663939
41.15019927160567	-1.3894020682569672
50.55422169219885	8.772479411831142
73.90796573452064	-1.3202839586508848
80.33791697845899	12.199703834785645
59.70041727836181	13.80698695050814
59.306631837770425	-10.263822608698987