15.732264651028867	62.72507588451893
44.519583855549456	28.955153792735725
44.519583855549456	28.955153792735725
48.68780306323738	60.054395601822705
48.68780306323738	60.054395601822705
41.72598956627202	69.1971522139058
41.72598956627202	69.1971522139058
43.340066561786415	83.34622094017472
43.340066561786415	83.34622094017472
43.340066561786415	83.34622094017472
38.63973310241591	69.34069325656917
35.695728522167556	60.71137848585538
30.99539506279705	46.705852277464786
30.99539506279705	46.705852277464786
32.90213423289013	1.9533769070254516
32.90213423289013	1.9533769070254516
25.363863507000733	13.11432357584428
25.363863507000733	13.11432357584428
25.363863507000733	13.11432357584428
29.81587776903401	2.0969164744738724
29.81587776903401	2.0969164744738724
55.51694198491345	67.47053690056899
48.617208656086135	58.11902720889608
48.617208656086135	58.11902720889608
52.43068552105734	67.61407646801742
52.43068552105734	67.61407646801742
45.220552826754755	51.7338997703395
45.220552826754755	51.7338997703395
47.40221698052993	80.64967362612356
47.40221698052993	80.64967362612356
47.40221698052993	80.64967362612356
42.13429636289863	51.87744081300287
42.13429636289863	51.87744081300287
71.5601529644813	96.59506236072792
71.5601529644813	96.59506236072792
73.10328119640937	47.023292577003716
73.10328119640937	47.023292577003716
68.4738965006252	96.7386034033913
68.4738965006252	96.7386034033913
70.02589185278659	30.38193843341623
70.02589185278659	30.38193843341623
58.14203296067332	49.14154849338019
59.75610995618772	63.290615744434156
59.75610995618772	63.290615744434156
42.808659547759056	26.010870874144274
42.808659547759056	26.010870874144274
46.6930851763166	0.2267601184736966
46.6930851763166	0.2267601184736966
39.722404559117905	26.1544133920226
39.722404559117905	26.1544133920226
39.722404559117905	26.1544133920226
34.525431229857986	61.1030176136801
34.525431229857986	61.1030176136801
36.39669601815789	83.49012446345915
36.39669601815789	83.49012446345915
29.426015400959198	10.417776261793103
29.426015400959198	10.417776261793103
33.31043955430178	83.63366403090758
33.31043955430178	83.63366403090758
33.31043955430178	83.63366403090758
62.665347392298116	64.63044854385444
62.665347392298116	64.63044854385444
64.27942438781251	78.77951727012338
64.27942438781251	78.77951727012338
59.579090928442	64.77398958651783
59.579090928442	64.77398958651783
52.12063903680219	23.870878103863962
52.12063903680219	23.870878103863962
54.23135442699104	88.06581344965488
54.23135442699104	88.06581344965488
54.23135442699104	88.06581344965488
49.318177627291426	80.89777171128489
49.318177627291426	80.89777171128489
50.861305859219485	31.32600192756069
50.861305859219485	31.32600192756069
80.28715951037223	76.04362347528573
80.28715951037223	76.04362347528573
75.01924184317087	47.27139213738002
75.01924184317087	47.27139213738002
75.01924184317087	47.27139213738002
77.20090452173109	76.18716451794911
74.0880422715301	27.685391119365054
66.90451536357239	60.45052886293457
66.90451536357239	60.45052886293457
97.96218615156604	85.74742728921187
97.96218615156604	85.74742728921187
97.96218615156604	85.74742728921187
1.1438488301262608	15.663199669780957
1.1438488301262608	15.663199669780957
92.60557957945183	26.824146338599775
92.60557957945183	26.824146338599775
97.05759236627016	15.806742187659294
97.05759236627016	15.806742187659294
89.51932311559571	26.96768885647811
89.51932311559571	26.96768885647811
91.70985586481918	39.098566050796336
91.70985586481918	39.098566050796336
91.70985586481918	39.098566050796336
86.44193524718789	10.326333237675668
86.44193524718789	10.326333237675668
69.28164002321518	78.88407431262135
69.28164002321518	78.88407431262135
71.392355413404	44.07900965841226
71.392355413404	44.07900965841226
66.195385034574	79.02761535528471
66.195385034574	79.02761535528471
68.30610042476285	44.22255070107563
68.30610042476285	44.22255070107563
68.30610042476285	44.22255070107563
63.08252278437302	30.52584195670067
63.08252278437302	30.52584195670067
56.1827894555457	21.174332265027743
56.1827894555457	21.174332265027743
57.72591768747376	70.60256100608858
57.72591768747376	70.60256100608858
89.13832934296919	18.50365198233153
89.13832934296919	18.50365198233153
89.13832934296919	18.50365198233153
91.24904473315803	82.69858585290748
91.24904473315803	82.69858585290748
83.78172277085497	58.580372506934395
83.78172277085497	58.580372506934395
79.08139078669942	44.57484334811389
79.08139078669942	44.57484334811389
80.69546778221381	58.72391207438282
80.69546778221381	58.72391207438282
73.73365281003349	67.8666686864659
73.73365281003349	67.8666686864659
73.73365281003349	67.8666686864659
77.61807991380599	42.08255793079532
77.61807991380599	42.08255793079532
7.972987751802325	23.0793424437422
7.972987751802325	23.0793424437422
9.870856851232153	94.11176225955373
9.870856851232153	94.11176225955373
4.6029362336008655	65.33952944643305
4.6029362336008655	65.33952944643305
4.6029362336008655	65.33952944643305
96.7032043799885	55.988019754760124
96.7032043799885	55.988019754760124
1.5610242222011643	80.55859308262718
1.5610242222011643	80.55859308262718
93.59034212978752	7.486246356176082
93.59034212978752	7.486246356176082
95.2044191253019	21.635313607230042
95.2044191253019	21.635313607230042
95.2044191253019	21.635313607230042
27.82967559634139	61.69891716302247
27.82967559634139	61.69891716302247
20.64614721316872	94.46405490659198
20.64614721316872	94.46405490659198
22.189276920311734	44.892285122867776
22.189276920311734	44.892285122867776
17.55989222452756	94.60759594925536
17.55989222452756	94.60759594925536
19.103018981240666	45.03582616553114
19.103018981240666	45.03582616553114
19.103018981240666	45.03582616553114
12.212154247861642	18.899421287607364
12.212154247861642	18.899421287607364
95.96746826464525	25.919791805862857
94.77908237543392	97.09575413955271
94.77908237543392	97.09575413955271
94.77908237543392	97.09575413955271
87.8083988078053	24.023405937886658
87.8083988078053	24.023405937886658
82.58482264263043	10.326697193511686
82.58482264263043	10.326697193511686
84.76648679640562	39.24246957408077
84.76648679640562	39.24246957408077
14.553806000926208	5.472547482297569
14.553806000926208	5.472547482297569
19.005818787744527	93.45514333135708
19.005818787744527	93.45514333135708
19.005818787744527	93.45514333135708
11.467551012285046	5.616090000175906
11.467551012285046	5.616090000175906
13.365420111714885	76.64850981598742
13.365420111714885	76.64850981598742
8.665086652344371	62.64298213238189
8.665086652344371	62.64298213238189
1.1977661652562697	38.524767311193834
1.1977661652562697	38.524767311193834
1.1977661652562697	38.524767311193834
3.317350150893402	85.93480599551893
3.317350150893402	85.93480599551893
34.4459697024734	75.95254440700431
34.4459697024734	75.95254440700431
36.556683617447284	41.147479752795235
36.556683617447284	41.147479752795235
31.35971176340232	76.0960854496677
31.35971176340232	76.0960854496677
31.35971176340232	76.0960854496677
24.389029670988666	3.0237372480016367
24.389029670988666	3.0237372480016367
26.28690024563345	74.05615706381317
26.28690024563345	74.05615706381317
21.063324080458585	60.359448319438194
21.063324080458585	60.359448319438194
23.174039470647422	25.554383665229114
23.174039470647422	25.554383665229114
52.03230743875435	55.50530008343904
52.03230743875435	55.50530008343904
52.03230743875435	55.50530008343904
47.33197397938384	41.49977239983348
47.33197397938384	41.49977239983348
48.94605097489824	55.64884112610242
48.94605097489824	55.64884112610242
41.97536888248459	81.57649144922141
41.97536888248459	81.57649144922141
46.143588090172514	13.675733258308384
46.143588090172514	13.675733258308384
46.143588090172514	13.675733258308384
38.60532031471303	24.83667992712721
38.60532031471303	24.83667992712721
40.795851588721554	36.967558596660396
40.795851588721554	36.967558596660396
25.5511641302902	43.987930590130844
25.5511641302902	43.987930590130844
18.651429326247925	34.63642089845792
18.651429326247925	34.63642089845792
18.651429326247925	34.63642089845792
22.46490766643409	44.13147015757926
22.46490766643409	44.13147015757926
15.565174337606773	34.77996046590634
15.565174337606773	34.77996046590634
17.10830109431987	84.20819068218213
17.10830109431987	84.20819068218213
12.168519983490343	28.394834502564727
12.168519983490343	28.394834502564727
41.5943736346431	73.11245605028977
41.5943736346431	73.11245605028977
41.5943736346431	73.11245605028977
43.137501866571164	23.54068626656557
43.137501866571164	23.54068626656557
38.50811864600195	73.25599709295315
38.50811864600195	73.25599709295315
40.05124540271504	23.684227309228937
40.05124540271504	23.684227309228937
33.15151354910269	14.332717617556012
33.15151354910269	14.332717617556012
33.15151354910269	14.332717617556012
27.883592931471398	84.56048480443535
27.883592931471398	84.56048480443535
29.781463506116182	56.59290462024686
29.781463506116182	56.59290462024686
59.14523993956081	20.80479394694288
59.14523993956081	20.80479394694288
63.029664092903396	94.02068319127231
63.029664092903396	94.02068319127231
56.0589834757047	20.9483335143913
56.0589834757047	20.9483335143913
56.0589834757047	20.9483335143913
50.86201162165974	55.89694068647871
50.86201162165974	55.89694068647871
52.972727011848576	21.09187455705467
52.972727011848576	21.09187455705467
45.505406524760474	95.97365973586662
45.505406524760474	95.97365973586662
49.886470547992474	21.235414124503087
49.886470547992474	21.235414124503087
49.886470547992474	21.235414124503087
79.00192778409988	59.424370141438104
79.00192778409988	59.424370141438104
80.6160033043993	73.57343739249207
80.6160033043993	73.57343739249207
75.91566984502879	59.56791118410148
75.91566984502879	59.56791118410148
68.44835083315564	35.44969488769847
68.44835083315564	35.44969488769847
68.44835083315564	35.44969488769847
70.5590662233445	0.6446302334893913
70.5590662233445	0.6446302334893913
65.36209436929954	35.59323593036184
65.36209436929954	35.59323593036184
67.47280975948838	0.7881712761527591
67.47280975948838	0.7881712761527591
24.740240251074223	0.7732389538070724
24.740240251074223	0.7732389538070724
19.472321108657884	71.0010061406864
19.472321108657884	71.0010061406864
19.472321108657884	71.0010061406864
21.653983787218117	0.916778521255493
21.653983787218117	0.916778521255493
16.386064644801774	71.14454570813481
16.386064644801774	71.14454570813481
18.567727323361996	1.060321039133819
18.567727323361996	1.060321039133819
11.029458072687556	12.221267707952634
11.029458072687556	12.221267707952634
11.029458072687556	12.221267707952634
42.72566330731338	17.00570977373819
42.72566330731338	17.00570977373819
44.596928095613286	39.392816623517255
44.596928095613286	39.392816623517255
37.05865884493885	50.55376329233607
37.05865884493885	50.55376329233607
41.51067163175718	39.53635619096567
41.51067163175718	39.53635619096567
33.97240238108273	50.69730285978449
33.97240238108273	50.69730285978449
33.97240238108273	50.69730285978449
36.154068010072876	79.61307524035358
36.154068010072876	79.61307524035358
30.886147392441575	50.84084242723291
30.886147392441575	50.84084242723291
60.312002518809294	95.55846545017292
60.312002518809294	95.55846545017292
64.13434797922879	88.26862099825834
64.13434797922879	88.26862099825834
64.13434797922879	88.26862099825834
56.95082107127108	22.03375874182786
56.95082107127108	22.03375874182786
59.06153646145992	86.22869261240382
59.06153646145992	86.22869261240382
53.86456608262992	22.17729830927628
53.86456608262992	22.17729830927628
46.89388251500131	48.10495010761022
46.89388251500131	48.10495010761022
48.50795951051571	62.254018833879144
48.50795951051571	62.254018833879144
74.53716028276699	1.5865144182625825
69.83682682339649	86.58098673465703
69.83682682339649	86.58098673465703
71.45090381891089	1.7300539857109922
71.45090381891089	1.7300539857109922
64.48022172649723	27.657707259259908
64.48022172649723	27.657707259259908
68.36464883026972	1.8735965035893292
68.36464883026972	1.8735965035893292
68.36464883026972	1.8735965035893292
51.4171969466261	63.59385163329944
51.4171969466261	63.59385163329944
46.229095163244395	81.75756214392104
46.229095163244395	81.75756214392104
48.33981055343323	46.952496014496994
48.33981055343323	46.952496014496994
41.156283645475526	79.71763375806651
41.156283645475526	79.71763375806651
41.156283645475526	79.71763375806651
44.96976051044673	89.2126844924028
44.96976051044673	89.2126844924028
38.070027181619416	79.86117627594484
38.070027181619416	79.86117627594484
39.61315541354747	30.289405017005677
39.61315541354747	30.289405017005677
71.3093606481733	35.07384708279123
71.3093606481733	35.07384708279123
71.3093606481733	35.07384708279123
63.815432899525355	61.310317820355756
63.815432899525355	61.310317820355756
65.92614828971419	26.505253166146677
65.92614828971419	26.505253166146677
61.01297001479963	19.337211427776694
61.01297001479963	19.337211427776694
62.556099721942644	68.76544016883753
62.556099721942644	68.76544016883753
55.65636639311533	59.4139304771646
55.65636639311533	59.4139304771646
55.65636639311533	59.4139304771646
86.71403570589402	84.71083037865685
86.71403570589402	84.71083037865685
88.9045684551175	96.8417075729751
88.9045684551175	96.8417075729751
83.6366478374862	68.06947623506937
83.6366478374862	68.06947623506937
85.81831199126138	96.98524861563845
85.81831199126138	96.98524861563845
78.28004126537199	9.146195284457278
78.28004126537199	9.146195284457278
78.28004126537199	9.146195284457278
73.36686446567238	1.9781535460872965
73.36686446567238	1.9781535460872965
75.47757985586122	66.17308889187821
75.47757985586122	66.17308889187821
5.3358492991831055	96.12400531008814
5.3358492991831055	96.12400531008814
9.716913322415099	21.38576117393956
9.716913322415099	21.38576117393956
9.716913322415099	21.38576117393956
2.2229855737671618	47.622231911504095
2.2229855737671618	47.622231911504095
4.404649727542339	76.53800429207318
4.404649727542339	76.53800429207318
98.136730585126	47.7657714789525
98.136730585126	47.7657714789525
90.95320367716829	80.53090922252201
90.95320367716829	80.53090922252201
93.06391906735715	45.72584456831294
93.06391906735715	45.72584456831294
93.06391906735715	45.72584456831294
77.89017889729716	17.467055071776517
77.89017889729716	17.467055071776517
80.00089428748602	81.66198894235248
80.00089428748602	81.66198894235248
74.81279250410431	0.8256994529740761
74.81279250410431	0.8256994529740761
67.8421089364757	26.753351251308022
67.8421089364757	26.753351251308022
67.8421089364757	26.753351251308022
69.45618593199009	40.90241997757694
69.45618593199009	40.90241997757694
64.75585394783454	26.89689229397139
64.75585394783454	26.89689229397139
66.65372304726436	97.92931358499787
66.65372304726436	97.92931358499787
95.44104372699992	64.15939149321467
95.44104372699992	64.15939149321467
90.81165903121574	14.87470231960225
90.81165903121574	14.87470231960225
90.81165903121574	14.87470231960225
92.39913024038526	79.37845512940879
92.39913024038526	79.37845512940879
85.42844814797161	6.306108402957691
85.42844814797161	6.306108402957691
89.3128752517441	79.52199617207216
89.3128752517441	79.52199617207216
82.34219168411549	6.449647970406112
82.34219168411549	6.449647970406112
82.34219168411549	6.449647970406112
84.24006225876028	77.48206778621764
84.24006225876028	77.48206778621764
16.297731571538982	3.778967687709887
16.297731571538982	3.778967687709887
9.397998242711665	93.42745947125194
9.397998242711665	93.42745947125194
13.220345178346111	86.1376135441224
13.220345178346111	86.1376135441224
13.220345178346111	86.1376135441224
6.320610374303836	76.78610385244949
6.320610374303836	76.78610385244949
7.863738606231891	27.21433259351032
7.863738606231891	27.21433259351032
3.2343553856626857	76.92964489511286
3.2343553856626857	76.92964489511286
32.021674590183274	43.15972280332965
32.021674590183274	43.15972280332965
33.91954516482806	15.192144094356138
33.91954516482806	15.192144094356138
33.91954516482806	15.192144094356138
29.21921170545756	1.1866164107505872
29.21921170545756	1.1866164107505872
30.806682914627075	65.69036922055713
30.806682914627075	65.69036922055713
23.906949585799758	56.3388595288842
23.906949585799758	56.3388595288842
18.63902896816846	27.56662671576353
18.63902896816846	27.56662671576353
18.63902896816846	27.56662671576353
20.820693121943638	56.48239909633262
20.820693121943638	56.48239909633262
5.5760056635122925	63.50277256501802
5.5760056635122925	63.50277256501802
7.473876238157078	35.53519238082955
7.473876238157078	35.53519238082955
0.5031941457434237	61.4628441791635
0.5031941457434237	61.4628441791635
0.5031941457434237	61.4628441791635
94.31509088714677	79.6265546897851
94.31509088714677	79.6265546897851
96.42580627733561	44.821488560361054
96.42580627733561	44.821488560361054
88.95848579024751	20.70327521438797
88.95848579024751	20.70327521438797
93.33955128869445	44.96503107823939
93.33955128869445	44.96503107823939
23.197817781586426	74.91594602123435
23.197817781586426	74.91594602123435
23.197817781586426	74.91594602123435
25.308533171775267	40.11088136702527
25.308533171775267	40.11088136702527
20.395356372075657	32.94283962865528
20.395356372075657	32.94283962865528
12.901430098642678	59.179310366219816
12.901430098642678	59.179310366219816
15.012145488831518	24.374245712010733
15.012145488831518	24.374245712010733
9.815173634786568	59.32285140888318
9.815173634786568	59.32285140888318
9.815173634786568	59.32285140888318
11.925889024975408	24.517785279459144
11.925889024975408	24.517785279459144
43.054505626125476	14.535523690944528
43.054505626125476	14.535523690944528
36.08382500892678	40.46317548927847
36.08382500892678	40.46317548927847
37.98169558357158	12.495596780304963
37.98169558357158	12.495596780304963
37.98169558357158	12.495596780304963
32.72264356138857	65.93846878093343
32.72264356138857	65.93846878093343
34.904306239948795	94.85424116150251
34.904306239948795	94.85424116150251
27.36603846448931	7.015187830321336
27.36603846448931	7.015187830321336
59.062243699115136	11.79963137132185
59.062243699115136	11.79963137132185
60.60537193104319	61.22786011238268
60.60537193104319	61.22786011238268
60.60537193104319	61.22786011238268
53.70563860221587	51.876350420709755
53.70563860221587	51.876350420709755
57.51911399197211	61.37140115504606
57.51911399197211	61.37140115504606
50.308982772884484	45.49122298215318
50.308982772884484	45.49122298215318
52.49064692665967	74.40699683793724
52.49064692665967	74.40699683793724
52.49064692665967	74.40699683793724
47.222726309028374	45.63476550003152
47.222726309028374	45.63476550003152
30.34622466418604	72.07586061494973
30.34622466418604	72.07586061494973
34.159701529157246	81.57090987407106
34.159701529157246	81.57090987407106
27.259968200329933	72.21940018239813
27.259968200329933	72.21940018239813
27.259968200329933	72.21940018239813
28.803096432257988	22.647628923458967
28.803096432257988	22.647628923458967
23.89878675279171	97.69469199883812
23.89878675279171	97.69469199883812
16.928106135593016	24.62234379717208
16.928106135593016	24.62234379717208
18.542183131107418	38.771412523441
18.542183131107418	38.771412523441
50.167438126931934	78.83501755444838
50.167438126931934	78.83501755444838
50.167438126931934	78.83501755444838
51.78151512244633	92.98408480550235
51.78151512244633	92.98408480550235
44.810834505247634	19.91173660383629
44.810834505247634	19.91173660383629
39.61386117598772	54.86034230070875
39.61386117598772	54.86034230070875
41.48512596428763	77.24744915048781
41.48512596428763	77.24744915048781
41.48512596428763	77.24744915048781
34.51444387187398	4.17510094882175
34.51444387187398	4.17510094882175
38.39886950043152	77.39098871793622
38.39886950043152	77.39098871793622
67.75377881364281	58.3877732308831
67.75377881364281	58.3877732308831
62.5568054843829	93.33637892775556
62.5568054843829	93.33637892775556
64.66752087457174	58.53131427354647
64.66752087457174	58.53131427354647
64.66752087457174	58.53131427354647
57.20020038748363	34.41309797714346
57.20020038748363	34.41309797714346
61.590134481378875	41.889958654744035
61.590134481378875	41.889958654744035
54.40660757342117	74.65509639831353
54.40660757342117	74.65509639831353
55.94973433013426	25.083325139374377
55.94973433013426	25.083325139374377
55.94973433013426	25.083325139374377
87.64593956476008	29.86776868037488
87.64593956476008	29.86776868037488
80.10767031408564	41.02871534919371
80.10767031408564	41.02871534919371
82.28933299264587	69.94448920497776
82.28933299264587	69.94448920497776
77.0214153254445	41.172256391857076
77.0214153254445	41.172256391857076
79.17647221765984	21.442714331178742
79.17647221765984	21.442714331178742
79.17647221765984	21.442714331178742
71.99294530970212	54.20785207474826
71.99294530970212	54.20785207474826
56.74825637605582	61.22822406821871
56.74825637605582	61.22822406821871
58.92992200504595	90.14399792400276
58.92992200504595	90.14399792400276
53.66200138741467	61.37176511088208
53.66200138741467	61.37176511088208
53.66200138741467	61.37176511088208
55.84366554118984	90.28753749145116
55.84366554118984	90.28753749145116
48.305394815300446	2.4484841602699947
48.305394815300446	2.4484841602699947
43.68488019017952	35.37889980040671
43.68488019017952	35.37889980040671
45.22800842210758	84.8071300166825
45.22800842210758	84.8071300166825
45.22800842210758	84.8071300166825
74.3700699693449	72.64139899965
74.3700699693449	72.64139899965
78.75113546779185	96.90315486350141
78.75113546779185	96.90315486350141
71.2838135054888	72.78494004231337
71.2838135054888	72.78494004231337
73.39452889567762	37.97987391288932
73.39452889567762	37.97987391288932
68.19755851684764	72.92847960976178
68.19755851684764	72.92847960976178
68.19755851684764	72.92847960976178
61.271219401675445	14.931655476841433
61.271219401675445	14.931655476841433
65.08469626664665	24.426706211177727
65.08469626664665	24.426706211177727
94.22675781388396	12.26097519414522
94.22675781388396	12.26097519414522
96.33747320407281	76.45591053993614
96.33747320407281	76.45591053993614
96.33747320407281	76.45591053993614
91.1405028252428	12.404516236808586
91.1405028252428	12.404516236808586
84.16982073282915	38.33216803514253
84.16982073282915	38.33216803514253
85.78389625312859	52.48123676141146
85.78389625312859	52.48123676141146
81.09243286442133	21.69081389155505
81.09243286442133	21.69081389155505
82.70650985993574	35.83988261782397
82.70650985993574	35.83988261782397
82.70650985993574	35.83988261782397
13.061416222717106	16.83666565555589
13.061416222717106	16.83666565555589
8.148237947802539	9.66862244197095
8.148237947802539	9.66862244197095
9.691366179730593	59.0968541334617
9.691366179730593	59.0968541334617
2.7916343261182357	49.745344441788774
2.7916343261182357	49.745344441788774
2.7916343261182357	49.745344441788774
6.605111191089443	59.24039370091012
6.605111191089443	59.24039370091012
98.6787706007023	1.2435695679897707
98.6787706007023	1.2435695679897707
83.50503190585728	71.98478007145334
83.50503190585728	71.98478007145334
85.61574729604612	37.17971541724426
85.61574729604612	37.17971541724426
85.61574729604612	37.17971541724426
78.43222038808841	69.94485168559882
78.43222038808841	69.94485168559882
82.24569872827458	79.43990241993512
82.24569872827458	79.43990241993512
75.3459639242323	70.08839272826219
4.237559414120246	48.592888873460595
97.96964174691888	19.820657535554872
97.96964174691888	19.820657535554872
0.8675108463487019	90.85307735136641
0.8675108463487019	90.85307735136641
92.89682875393505	17.78072914970035
92.89682875393505	17.78072914970035
92.89682875393505	17.78072914970035
87.6998568998901	52.7293348465728
87.6998568998901	52.7293348465728
89.85491674253535	32.99979426110942
89.85491674253535	32.99979426110942
21.912586055314048	58.296692687386724
21.912586055314048	58.296692687386724
24.094248733874267	87.21246654317076
24.094248733874267	87.21246654317076
24.094248733874267	87.21246654317076
16.555979483199827	98.3734132119896
16.555979483199827	98.3734132119896
11.64280120828526	91.20536999840465
11.64280120828526	91.20536999840465
13.75351659847411	56.400305344195566
13.75351659847411	56.400305344195566
6.286196111386009	32.28209199822248
6.286196111386009	32.28209199822248
10.676130205281241	39.75895120060808
10.676130205281241	39.75895120060808
10.676130205281241	39.75895120060808
39.53439817338817	69.70986909403297
39.53439817338817	69.70986909403297
41.64511356357702	34.90480296460892
41.64511356357702	34.90480296460892
36.44814170953206	69.85340866148138
36.44814170953206	69.85340866148138
29.477459617118406	95.78106045981532
29.477459617118406	95.78106045981532
31.37533019176319	67.81348175084182
31.37533019176319	67.81348175084182
31.37533019176319	67.81348175084182
26.107409574131903	39.041248937721136
26.107409574131903	39.041248937721136
28.262467941562207	19.31170835225776
28.262467941562207	19.31170835225776
13.088729246717197	90.05291738050639
13.088729246717197	90.05291738050639
6.118047154303543	16.980569178840327
6.118047154303543	16.980569178840327
6.118047154303543	16.980569178840327
7.732122674602977	31.12963642989429
7.732122674602977	31.12963642989429
3.0317906904474228	17.124110221503695
3.0317906904474228	17.124110221503695
4.929661265092208	88.15653003731522
4.929661265092208	88.15653003731522
96.39139201441778	0.31747670613405354
96.39139201441778	0.31747670613405354
96.39139201441778	0.31747670613405354
29.096464369276926	87.31702358566875
29.096464369276926	87.31702358566875
30.63959260120498	37.745255277159494
30.63959260120498	37.745255277159494
23.739860747592623	28.39374411027161
23.739860747592623	28.39374411027161
27.55333761256383	37.8887948446079
27.55333761256383	37.8887948446079
20.653602808521555	28.537285152934988
20.653602808521555	28.537285152934988
20.653602808521555	28.537285152934988
15.385683666105216	98.7650523398143
15.385683666105216	98.7650523398143
17.28355424075	70.79747215562584
17.28355424075	70.79747215562584
46.682803580772834	66.86978073731842
46.682803580772834	66.86978073731842
50.496281920959	76.36482999643977
50.496281920959	76.36482999643977
43.59654711691673	67.01332030476684
43.59654711691673	67.01332030476684
45.13967534884478	17.441551996257584
45.13967534884478	17.441551996257584
45.13967534884478	17.441551996257584
40.510292128275566	67.15686134743021
40.510292128275566	67.15686134743021
32.97202287760113	78.31780801624903
32.97202287760113	78.31780801624903
34.869893452245925	50.35022930727551
34.869893452245925	50.35022930727551
66.4951499232854	90.4138343382829
66.4951499232854	90.4138343382829
66.4951499232854	90.4138343382829
68.11809403903312	87.778006403086
68.11809403903312	87.778006403086
61.14741342183443	14.705656726204989
61.14741342183443	14.705656726204989
55.95044156778948	49.6542638982924
55.95044156778948	49.6542638982924
58.06115695797832	14.849199244083316
58.06115695797832	14.849199244083316
58.06115695797832	14.849199244083316
52.8641836287184	49.79780346574082
52.8641836287184	49.79780346574082
54.97489901890725	14.992738811531737
54.97489901890725	14.992738811531737
12.206856603914874	82.11738870940444
12.206856603914874	82.11738870940444
7.009886225084882	18.065992931061928
7.009886225084882	18.065992931061928
9.120601615273722	82.26092827685285
9.120601615273722	82.26092827685285
9.120601615273722	82.26092827685285
1.6532796529706624	58.142713455664804
1.6532796529706624	58.142713455664804
6.034343676202655	82.40446784430127
6.034343676202655	82.40446784430127
97.5670246643295	58.28625449832817
97.5670246643295	58.28625449832817
0.6777400545183514	23.48118836890413
0.6777400545183514	23.48118836890413
0.6777400545183514	23.48118836890413
32.099018830247104	53.597384158896226
32.099018830247104	53.597384158896226
24.560749579572665	64.75833082771504
24.560749579572665	64.75833082771504
26.742413733347856	93.67410320828414
26.742413733347856	93.67410320828414
21.474494590931513	64.90187039516346
21.474494590931513	64.90187039516346
23.656157269491736	93.81764425094751
23.656157269491736	93.81764425094751
23.656157269491736	93.81764425094751
18.388238127075397	65.04541143782683
18.388238127075397	65.04541143782683
47.81409325344312	10.76303298555188
47.81409325344312	10.76303298555188
49.68535656652807	33.15013983533095
49.68535656652807	33.15013983533095
44.41743889932669	4.377907022210267
44.41743889932669	4.377907022210267
44.41743889932669	4.377907022210267
46.599101577886906	33.293679402779354
46.599101577886906	33.293679402779354
39.06083232721247	44.45462754681314
39.06083232721247	44.45462754681314
34.431449106643264	94.16993689798576
34.431449106643264	94.16993689798576
35.97457586335636	44.59816858947651
35.97457586335636	44.59816858947651
65.40043246493903	89.31579013720156
65.40043246493903	89.31579013720156
65.40043246493903	89.31579013720156
69.22277792535853	82.02594421007203
69.22277792535853	82.02594421007203
62.03925101740082	15.791081953641548
62.03925101740082	15.791081953641548
64.14996640758966	79.98601729943246
64.14996640758966	79.98601729943246
58.9529945535447	15.93462152108997
58.9529945535447	15.93462152108997
51.982312461131045	41.86227479463887
51.982312461131045	41.86227479463887
51.982312461131045	41.86227479463887
55.86673808968859	16.078164038968296
55.86673808968859	16.078164038968296
38.919289156474875	77.79841916867841
38.919289156474875	77.79841916867841
40.506760365644396	43.30217345369991
40.506760365644396	43.30217345369991
35.59358209072984	36.13413171532993
35.59358209072984	36.13413171532993
35.59358209072984	36.13413171532993
28.622899998316182	62.061783513663876
28.622899998316182	62.061783513663876
30.23697551861562	76.21085076471783
30.23697551861562	76.21085076471783
25.53664500967502	62.20532308111228
25.53664500967502	62.20532308111228
27.150720529974457	76.35439180738122
27.150720529974457	76.35439180738122
56.50562689275584	57.351176320328086
56.50562689275584	57.351176320328086
56.50562689275584	57.351176320328086
51.31752510937413	75.51488535573472
51.31752510937413	75.51488535573472
53.428240499562975	40.70982070152564
53.428240499562975	40.70982070152564
46.24471359160526	73.47495844509515
46.24471359160526	73.47495844509515
50.05818898136151	82.97000770421648
50.05818898136151	82.97000770421648
50.05818898136151	82.97000770421648
43.15845712774915	73.61849948775854
43.15845712774915	73.61849948775854
74.21612496531289	98.91539791403582
74.21612496531289	98.91539791403582
76.39778911908806	28.83117176981987
76.39778911908806	28.83117176981987
68.90386284565508	55.067642507384406
68.90386284565508	55.067642507384406
68.90386284565508	55.067642507384406
73.28492834410204	79.32939689602087
73.28492834410204	79.32939689602087
66.10140143614433	13.094534639590384
66.10140143614433	13.094534639590384
67.64452966807238	62.52276485586617
67.64452966807238	62.52276485586617
63.01514349707326	13.23807568225375
63.01514349707326	13.23807568225375
91.80246565202377	78.46815359047055
91.80246565202377	78.46815359047055
91.80246565202377	78.46815359047055
93.98412833058399	8.383927446254592
93.98412833058399	8.383927446254592
88.72507630840099	61.82679944688306
88.72507630840099	61.82679944688306
90.90674193739113	90.74257182745215
90.90674193739113	90.74257182745215
85.63882131975983	61.97034048954643
85.63882131975983	61.97034048954643
85.63882131975983	61.97034048954643
78.45529441180211	94.73547675790098
78.45529441180211	94.73547675790098
80.56600980199096	59.93041210369191
80.56600980199096	59.93041210369191
65.39226963193099	31.671622607155484
65.39226963193099	31.671622607155484
67.50298502211983	95.86655647773145
67.50298502211983	95.86655647773145
67.50298502211983	95.86655647773145
60.035664535031735	71.74834313175836
60.035664535031735	71.74834313175836
55.37967552811764	72.81833804168356
55.37967552811764	72.81833804168356
56.92280228483074	23.246568257959346
56.92280228483074	23.246568257959346
49.73927685208798	56.011706001528864
49.73927685208798	56.011706001528864
54.12033940010502	80.27346186538028
54.12033940010502	80.27346186538028
54.12033940010502	80.27346186538028
82.9786088434269	11.224378283590207
82.9786088434269	11.224378283590207
85.08932423361574	75.41931362938112
85.08932423361574	75.41931362938112
79.90122245023404	93.58302266478776
79.90122245023404	93.58302266478776
72.93053888260543	20.510675938336668
72.93053888260543	20.510675938336668
76.81496451116297	93.72656518266609
76.81496451116297	93.72656518266609
76.81496451116297	93.72656518266609
69.84428241874932	20.654216981000037
69.84428241874932	20.654216981000037
71.74215299339411	91.68663679681157
71.74215299339411	91.68663679681157
3.799822306172799	17.983536698303823
3.799822306172799	17.983536698303823
95.90008897734548	8.632027006630898
95.90008897734548	8.632027006630898
95.90008897734548	8.632027006630898
97.44321720927354	58.06025574769173
97.44321720927354	58.06025574769173
92.7872267271445	59.130252132831885
92.7872267271445	59.130252132831885
94.4013037226589	73.27932085910082
94.4013037226589	73.27932085910082
87.43062163024524	0.20697265743475923
87.43062163024524	0.20697265743475923
19.843033285740656	47.108062158462744
19.843033285740656	47.108062158462744
19.843033285740656	47.108062158462744
21.38616151766872	96.53629089952358
21.38616151766872	96.53629089952358
14.486426713626447	87.18478268306562
14.486426713626447	87.18478268306562
18.308773649260893	79.89493675593609
18.308773649260893	79.89493675593609
11.409040320433576	70.54342706426317
11.409040320433576	70.54342706426317
11.409040320433576	70.54342706426317
6.141119702802278	41.7711942511425
6.141119702802278	41.7711942511425
8.322783856577468	70.68696810692654
8.322783856577468	70.68696810692654
89.80774776510297	18.64051958233649
89.80774776510297	18.64051958233649
93.97596549757594	49.73975991620851
93.97596549757594	49.73975991620851
93.97596549757594	49.73975991620851
87.00528488037725	75.66741171454247
87.00528488037725	75.66741171454247
88.61936187589164	89.81648044081139
88.61936187589164	89.81648044081139
83.9633713937626	90.88647682595155
83.9633713937626	90.88647682595155
76.42510214308815	3.0474234947703636
76.42510214308815	3.0474234947703636
78.60676629686333	31.96319735055441
78.60676629686333	31.96319735055441
78.60676629686333	31.96319735055441
10.664434134427074	57.26009577683171
10.664434134427074	57.26009577683171
12.562306184286818	29.2925170678582
12.562306184286818	29.2925170678582
5.5916226166582055	55.22016886619214
5.5916226166582055	55.22016886619214
0.40352083327649546	73.38387790159878
0.40352083327649546	73.38387790159878
0.40352083327649546	73.38387790159878
2.5142362234653466	38.5788132473897
2.5142362234653466	38.5788132473897
96.31726436942039	73.52742041947711
96.31726436942039	73.52742041947711
98.42797975960923	38.72235429005307
98.42797975960923	38.72235429005307
28.286247727716155	68.67327070826299
28.286247727716155	68.67327070826299
23.585915743560612	54.66774302465745
23.585915743560612	54.66774302465745
23.585915743560612	54.66774302465745
25.483786318205397	26.700164315683928
25.483786318205397	26.700164315683928
17.945515592316	37.86111098450276
17.945515592316	37.86111098450276
22.37092406800441	77.19839091709989
22.37092406800441	77.19839091709989
14.903603580916297	53.08017462069687
14.903603580916297	53.08017462069687
14.903603580916297	53.08017462069687
17.014318971105148	18.27510996648779
17.014318971105148	18.27510996648779
48.14293557225522	8.292848377973176
48.14293557225522	8.292848377973176
41.17225495505652	34.22050017630712
41.17225495505652	34.22050017630712
43.07012405448635	6.252919992118652
43.07012405448635	6.252919992118652
37.81107350751831	59.69579199274712
37.81107350751831	59.69579199274712
37.81107350751831	59.69579199274712
39.99273766129349	88.61156437331621
39.99273766129349	88.61156437331621
34.72481704366219	59.83933303541049
34.72481704366219	59.83933303541049
17.84831539881987	86.28042667511373
17.84831539881987	86.28042667511373
19.391443630747926	36.70865689138952
19.391443630747926	36.70865689138952
19.391443630747926	36.70865689138952
14.762058934963749	86.4239677177771
14.762058934963749	86.4239677177771
16.305187166891805	36.8521979340529
16.305187166891805	36.8521979340529
9.095054472589219	20.972021236374985
9.095054472589219	20.972021236374985
4.465671252020012	70.68733206276256
4.465671252020012	70.68733206276256
4.465671252020012	70.68733206276256
6.008799483948067	21.115560803823406
6.008799483948067	21.115560803823406
35.434653135100824	65.8331838267634
35.434653135100824	65.8331838267634
39.24813147528699	75.3282345610997
39.24813147528699	75.3282345610997
32.34839814645967	65.97672339421183
32.34839814645967	65.97672339421183
27.080479004043333	37.20449058109114
27.080479004043333	37.20449058109114
27.080479004043333	37.20449058109114
28.98721669892145	91.45201668586677
28.98721669892145	91.45201668586677
22.016534606507797	18.379668484200717
22.016534606507797	18.379668484200717
25.90096023506534	91.59555772853015
25.90096023506534	91.59555772853015
55.25586807306168	72.59234224147701
55.25586807306168	72.59234224147701
55.25586807306168	72.59234224147701
56.869945068576065	86.74140801731603
56.869945068576065	86.74140801731603
52.16961160920557	72.73588180892544
52.16961160920557	72.73588180892544
44.70229259733242	48.61766551252243
44.70229259733242	48.61766551252243
46.57355591041737	71.0047723623015
46.57355591041737	71.0047723623015
41.873223926261815	56.9992461539109
41.873223926261815	56.9992461539109
41.873223926261815	56.9992461539109
43.48729944656125	71.14831192974991
43.48729944656125	71.14831192974991
72.8422072845576	52.14509644269678
72.8422072845576	52.14509644269678
67.64523543051264	87.0937036147842
67.64523543051264	87.0937036147842
69.75595082070147	52.28863748536016
69.75595082070147	52.28863748536016
69.75595082070147	52.28863748536016
64.55897896665651	87.23724318223262
64.55897896665651	87.23724318223262
66.66969435684537	52.43217852802353
66.66969435684537	52.43217852802353
59.49503604433595	68.41241961012723
59.49503604433595	68.41241961012723
44.2503485859046	75.43279307881264
44.2503485859046	75.43279307881264
44.2503485859046	75.43279307881264
46.432012739679784	5.3485654593817245
46.432012739679784	5.3485654593817245
38.89374201379037	16.50951212820055
38.89374201379037	16.50951212820055
43.34575627582366	5.492105026830145
43.34575627582366	5.492105026830145
35.80748554993426	16.653051695648962
35.80748554993426	16.653051695648962
37.96254539257952	95.92351111018559
37.96254539257952	95.92351111018559
37.96254539257952	95.92351111018559
33.04936711766497	88.75546937181561
33.04936711766497	88.75546937181561
61.83668632218556	54.9855472800324
61.83668632218556	54.9855472800324
64.01835047596073	83.90132113581645
64.01835047596073	83.90132113581645
58.75042985832944	55.12908979791072
58.75042985832944	55.12908979791072
58.75042985832944	55.12908979791072
60.932095487319586	84.04486217847982
60.932095487319586	84.04486217847982
55.66417486968829	55.272629365359144
55.66417486968829	55.272629365359144
48.76444154086097	45.92111819847126
48.76444154086097	45.92111819847126
50.316438368237314	78.56445470371115
50.316438368237314	78.56445470371115
81.72885002373275	26.465544204739142
81.72885002373275	26.465544204739142
81.72885002373275	26.465544204739142
83.83956541392159	90.66047955053006
83.83956541392159	90.66047955053006
76.37224345161853	66.54226325412705
76.37224345161853	66.54226325412705
71.67190999224802	52.53673704573646
71.67190999224802	52.53673704573646
73.28598698776241	66.68580429679042
73.28598698776241	66.68580429679042
73.28598698776241	66.68580429679042
66.35964787259022	8.688980163870081
66.35964787259022	8.688980163870081
70.17312621277638	18.184029422991415
70.17312621277638	18.184029422991415
0.3151877600137011	6.0182998811738555
0.3151877600137011	6.0182998811738555
2.425903150202541	70.21323375174981
2.425903150202541	70.21323375174981
2.425903150202541	70.21323375174981
96.2289312961576	6.161840923837234
96.2289312961576	6.161840923837234
89.2582506789589	32.08949124695622
89.2582506789589	32.08949124695622
93.14267630751642	6.305380491285644
93.14267630751642	6.305380491285644
86.17199273988781	32.23303376483456
86.17199273988781	32.23303376483456
87.79493980606547	29.597205829637655
87.79493980606547	29.597205829637655
87.79493980606547	29.597205829637655
73.11783803067995	51.38428295262324
73.11783803067995	51.38428295262324
65.93431112272224	84.14942069619275
65.93431112272224	84.14942069619275
67.47743935465029	34.577649437253584
67.47743935465029	34.577649437253584
62.848056134081084	84.29296026364116
62.848056134081084	84.29296026364116
62.848056134081084	84.29296026364116
64.39118289079418	34.72118900470199
64.39118289079418	34.72118900470199
57.464843775621986	75.7243663469966
57.464843775621986	75.7243663469966
88.59346185198702	65.74210475848199
88.59346185198702	65.74210475848199
90.70417724217586	30.937038629057948
90.70417724217586	30.937038629057948
83.52065033421816	63.702174897412505
83.52065033421816	63.702174897412505
83.52065033421816	63.702174897412505
87.33412719918935	73.19722710696377
87.33412719918935	73.19722710696377
80.43439387036203	63.84571741529084
80.43439387036203	63.84571741529084
75.16647325273075	35.07348460217016
75.16647325273075	35.07348460217016
77.34813740650593	63.98925698273925
77.34813740650593	63.98925698273925
77.34813740650593	63.98925698273925
7.1443266816897655	13.43444117992014
7.1443266816897655	13.43444117992014
11.596339468508097	2.417034078549745
11.596339468508097	2.417034078549745
4.058070217833657	13.577980747368562
4.058070217833657	13.577980747368562
5.955940792478442	84.61040203839505
5.955940792478442	84.61040203839505
5.955940792478442	84.61040203839505
1.2556073331079292	70.6048743547895
1.2556073331079292	70.6048743547895
92.78828684601983	46.48665953360145
92.78828684601983	46.48665953360145
94.94334521345013	26.757117472923113
94.94334521345013	26.757117472923113
27.00101452622883	52.054017374415366
27.00101452622883	52.054017374415366
29.182678680004006	80.96979123019942
29.182678680004006	80.96979123019942
29.182678680004006	80.96979123019942
23.91475806237271	52.197558417078746
23.91475806237271	52.197558417078746
16.731231154415	84.96269468543329
16.731231154415	84.96269468543329
18.84194654460385	50.15763003122421
18.84194654460385	50.15763003122421
13.644974690558891	85.10623572809668
13.644974690558891	85.10623572809668
15.755690080747732	50.30117107388759
15.755690080747732	50.30117107388759
15.755690080747732	50.30117107388759
97.32046987309292	45.19066439782485
97.32046987309292	45.19066439782485
92.6201364137224	31.18513818943425
92.6201364137224	31.18513818943425
94.2342134092368	45.33420396527327
94.2342134092368	45.33420396527327
87.2635327920381	71.26185723882217
87.2635327920381	71.26185723882217
87.2635327920381	71.26185723882217
91.43175052451107	3.3610975726941925
91.43175052451107	3.3610975726941925
83.8934827490516	14.52204424151302
83.8934827490516	14.52204424151302
86.07514690282677	43.43781809729707
86.07514690282677	43.43781809729707
18.177157717631967	83.81024206753503
18.177157717631967	83.81024206753503
11.206477100433272	10.737892390654018
11.206477100433272	10.737892390654018
11.206477100433272	10.737892390654018
15.090902728990818	83.95378163498344
15.090902728990818	83.95378163498344
8.120219161362204	10.881433433317385
8.120219161362204	10.881433433317385
10.018091211221948	81.91385472434388
10.018091211221948	81.91385472434388
4.75017059359065	53.1416219112232
4.75017059359065	53.1416219112232
4.75017059359065	53.1416219112232
34.17602719517333	97.85924345894824
34.17602719517333	97.85924345894824
35.728022547334724	31.50257848897318
35.728022547334724	31.50257848897318
31.098637851550546	81.21788931536076
31.098637851550546	81.21788931536076
32.6417660834786	31.646118056421592
32.6417660834786	31.646118056421592
32.6417660834786	31.646118056421592
25.742032754651284	22.29460836474868
25.742032754651284	22.29460836474868
20.474113612234955	92.522375551628
20.474113612234955	92.522375551628
22.37198418687974	64.55479684265448
22.37198418687974	64.55479684265448
51.726890549661114	45.5515798803864
51.726890549661114	45.5515798803864
55.584710391873784	70.1221546834684
55.584710391873784	70.1221546834684
55.584710391873784	70.1221546834684
48.68497706304647	60.770644991795486
48.68497706304647	60.770644991795486
43.41705792063013	31.998412178674805
43.41705792063013	31.998412178674805
45.59872059919035	60.91418603445885
45.59872059919035	60.91418603445885
38.06045282373087	72.07513270327767
38.06045282373087	72.07513270327767
38.06045282373087	72.07513270327767
42.2286720314188	4.174373037149703
42.2286720314188	4.174373037149703
98.7000787431004	14.106851431034267
98.7000787431004	14.106851431034267
1.3230243340630947	11.471024971052334
1.3230243340630947	11.471024971052334
95.62269087469258	96.46549581223182
95.62269087469258	96.46549581223182
95.62269087469258	96.46549581223182
88.15537038760448	72.34728246625873
88.15537038760448	72.34728246625873
90.26608577779334	37.54221633683469
90.26608577779334	37.54221633683469
85.06911539896333	72.49082203370715
85.06911539896333	72.49082203370715
87.1798293139372	37.685755904283106
87.1798293139372	37.685755904283106
17.32189233638949	25.52002636246555
17.32189233638949	25.52002636246555
17.32189233638949	25.52002636246555
12.098314695999663	11.823317618090575
12.098314695999663	11.823317618090575
14.209030086188504	76.0182529638815
14.209030086188504	76.0182529638815
9.012058232143543	11.966857185538997
9.012058232143543	11.966857185538997
11.122773622332383	76.16179400654487
11.122773622332383	76.16179400654487
3.655453135244282	52.04357771014186
3.655453135244282	52.04357771014186
3.655453135244282	52.04357771014186
35.28070960628377	92.10718274114924
35.28070960628377	92.10718274114924
37.18744877637685	47.35470737070991
37.18744877637685	47.35470737070991
29.649179525702404	58.51565403952873
29.649179525702404	58.51565403952873
34.10119231252074	47.498246938158324
34.10119231252074	47.498246938158324
34.10119231252074	47.498246938158324
26.5629230618463	58.659195082192106
26.5629230618463	58.659195082192106
28.744585740406517	87.57496893797615
28.744585740406517	87.57496893797615
23.476668073205136	58.80273612485548
23.476668073205136	58.80273612485548
52.90252172435789	4.520357672580527
52.90252172435789	4.520357672580527
52.90252172435789	4.520357672580527
56.716000064544055	14.015408406916821
56.716000064544055	14.015408406916821
49.50586737024147	97.13523170923891
49.50586737024147	97.13523170923891
51.68753004880169	27.051004089808004
51.68753004880169	27.051004089808004
46.41961238160031	97.27877127668732
10.76838563605074	17.343071573645716
10.76838563605074	17.343071573645716
14.652811264608285	90.55895934276018
14.652811264608285	90.55895934276018
44.00771762738966	71.55574385570706
44.00771762738966	71.55574385570706
38.81074724855966	7.5043495525795105
38.81074724855966	7.5043495525795105
38.81074724855966	7.5043495525795105
40.68201056164461	29.89145492714362
40.68201056164461	29.89145492714362
33.711329944445914	55.81910820069252
33.711329944445914	55.81910820069252
37.59575557300346	30.034995969806985
37.59575557300346	30.034995969806985
30.6250734805898	55.96264776814093
30.6250734805898	55.96264776814093
32.239149000889235	70.11171649440986
32.239149000889235	70.11171649440986
32.239149000889235	70.11171649440986
63.864406947143685	11.175320050202277
63.864406947143685	11.175320050202277
56.405953580288916	69.27221004276338
56.405953580288916	69.27221004276338
58.51666897047775	34.46714391333933
58.51666897047775	34.46714391333933
53.60349069556319	27.29910217496935
53.60349069556319	27.29910217496935
53.60349069556319	27.29910217496935
55.14661892749124	76.7273338664601
55.14661892749124	76.7273338664601
48.246887073878895	67.37582417478717
48.246887073878895	67.37582417478717
79.30455491144262	92.67272260106446
79.30455491144262	92.67272260106446
81.48621906521781	22.58849498163356
81.48621906521781	22.58849498163356
76.21829844758652	92.81626216851289
76.21829844758652	92.81626216851289
76.21829844758652	92.81626216851289
78.37335829023178	73.08672158304951
78.37335829023178	73.08672158304951
71.18983138227406	6.851859326619031
71.18983138227406	6.851859326619031
65.92191076464277	77.07962651349835
65.92191076464277	77.07962651349835
68.10357344320299	6.99539889406744
68.10357344320299	6.99539889406744
68.10357344320299	6.99539889406744
50.5885373517285	53.94895036947739
50.5885373517285	53.94895036947739
55.04055013854682	42.931544743321936
55.04055013854682	42.931544743321936
47.50228088787238	54.09249141214075
47.50228088787238	54.09249141214075
49.6928121618809	66.22337008167395
49.6928121618809	66.22337008167395
44.42489449467952	37.451137268553275
44.42489449467952	37.451137268553275
44.42489449467952	37.451137268553275
37.241366111506856	70.2162750121228
37.241366111506856	70.2162750121228
39.35208150169569	35.411208882698745
39.35208150169569	35.411208882698745
70.48069957806074	25.428945818969176
70.48069957806074	25.428945818969176
72.59141496824958	89.62388116476009
72.59141496824958	89.62388116476009
72.59141496824958	89.62388116476009
67.39444311420462	25.5724883368475
67.39444311420462	25.5724883368475
60.46810399903242	66.57566272871219
60.46810399903242	66.57566272871219
62.01123223096047	17.003891469773038
62.01123223096047	17.003891469773038
57.098053956045916	9.835849731403055
57.098053956045916	9.835849731403055
59.20876934623476	74.03078507719397
59.20876934623476	74.03078507719397
59.20876934623476	74.03078507719397
88.06703878955665	4.981702970618855
88.06703878955665	4.981702970618855
83.36670533018614	89.9761752870133
83.36670533018614	89.9761752870133
84.98078232570053	5.125242538067265
84.98078232570053	5.125242538067265
78.01896882873517	14.267999150150358
78.01896882873517	14.267999150150358
78.01896882873517	14.267999150150358
81.9033944572927	87.48388839447978
81.9033944572927	87.48388839447978
74.93271236487905	14.411540192813725
74.93271236487905	14.411540192813725
76.83058293952384	85.44396148384021
76.83058293952384	85.44396148384021
8.88825225230254	11.740859910117512
8.88825225230254	11.740859910117512
1.9885189234752223	2.3893502184445863
1.9885189234752223	2.3893502184445863
1.9885189234752223	2.3893502184445863
5.801995788446419	11.88440095278088
5.801995788446419	11.88440095278088
97.87565667327422	52.887576819860534
97.87565667327422	52.887576819860534
0.4897336687886288	67.03664554612946
0.4897336687886288	67.03664554612946
94.78940020941812	53.031116387308955
94.78940020941812	53.031116387308955
94.78940020941812	53.031116387308955
77.62910646066035	22.58885893746959
77.62910646066035	22.58885893746959
79.17223321737346	72.01708915374537
79.17223321737346	72.01708915374537
74.54284999680424	22.732399980132957
74.54284999680424	22.732399980132957
76.08597822873229	72.1606287211938
76.08597822873229	72.1606287211938
76.08597822873229	72.1606287211938
69.19511349535327	46.024225318484966
69.19511349535327	46.024225318484966
63.92719287772197	17.2519925053643
63.92719287772197	17.2519925053643
66.10885555628221	46.16776488593339
66.10885555628221	46.16776488593339
97.1665248690609	71.46466331221069
97.1665248690609	71.46466331221069
0.0643954437056774	43.49708460323716
0.0643954437056774	43.49708460323716
0.0643954437056774	43.49708460323716
92.09371335129202	69.42473640157111
92.09371335129202	69.42473640157111
86.89674297246204	5.373342098443569
86.89674297246204	5.373342098443569
89.05179986467738	84.64380003776523
89.05179986467738	84.64380003776523
81.51353208921789	95.80474670658406
81.51353208921789	95.80474670658406
85.96554487603622	84.7873410804286
85.96554487603622	84.7873410804286
85.96554487603622	84.7873410804286
15.752865555771772	51.017420463860354
15.752865555771772	51.017420463860354
17.6507346552016	23.049840279671887
17.6507346552016	23.049840279671887
12.950402671046046	9.044314071281294
12.950402671046046	9.044314071281294
5.4830807087429845	83.92609777487829
5.4830807087429845	83.92609777487829
7.602666169595087	32.336137934418346
7.602666169595087	32.336137934418346
7.602666169595087	32.336137934418346
2.405694315550126	67.2847436312908
2.405694315550126	67.2847436312908
4.516409705738966	32.47967897708172
4.516409705738966	32.47967897708172
35.645026306889044	22.497415913352143
35.645026306889044	22.497415913352143
28.67434568969035	48.4250677116861
28.67434568969035	48.4250677116861
28.67434568969035	48.4250677116861
30.572214789120178	20.45748752749762
30.572214789120178	20.45748752749762
25.30429564670384	90.68525618959191
25.30429564670384	90.68525618959191
27.45935401413414	70.95571412891357
27.45935401413414	70.95571412891357
19.992032051831078	46.83749930772552
19.992032051831078	46.83749930772552
19.992032051831078	46.83749930772552
5.314931751660518	68.6245764307111
5.314931751660518	68.6245764307111
6.929008747174911	82.77364368176507
6.929008747174911	82.77364368176507
98.95832517954629	9.701295480099006
98.95832517954629	9.701295480099006
4.126545862449195	40.800537289185996
4.126545862449195	40.800537289185996
95.58827661177476	51.96148395800481
95.58827661177476	51.96148395800481
95.58827661177476	51.96148395800481
97.77880936099822	64.09236262753801
97.77880936099822	64.09236262753801
92.51088874336693	35.32012981441733
92.51088874336693	35.32012981441733
22.93674534494961	80.03775136214239
22.93674534494961	80.03775136214239
26.750222209920807	89.53280209647868
26.750222209920807	89.53280209647868
26.750222209920807	89.53280209647868
19.85048888109349	80.18129092959079
19.85048888109349	80.18129092959079
21.393617113021545	30.60952262108154
21.393617113021545	30.60952262108154
16.480438838106988	23.4414794074966
16.480438838106988	23.4414794074966
9.554101198149752	64.44465527457625
9.554101198149752	64.44465527457625
9.554101198149752	64.44465527457625
11.097227954862849	14.872885490852052
11.097227954862849	14.872885490852052
42.79343318948866	19.657329031852555
42.79343318948866	19.657329031852555
44.336561421416725	69.0855577729134
44.336561421416725	69.0855577729134
37.43682661737445	59.73404808124047
37.43682661737445	59.73404808124047
32.16890895017307	30.961815268119793
32.16890895017307	30.961815268119793
32.16890895017307	30.961815268119793
34.066778049602895	2.9942350839313234
34.066778049602895	2.9942350839313234
27.104964552637536	12.136993171229363
27.104964552637536	12.136993171229363
30.98939018119508	85.35288094034384
30.98939018119508	85.35288094034384
60.344296543976455	66.34966545329071
60.344296543976455	66.34966545329071
60.344296543976455	66.34966545329071
55.14732616514645	2.298271150163169
55.14732616514645	2.298271150163169
57.258041555335296	66.49320502073913
57.258041555335296	66.49320502073913
49.790721068247194	42.37499019955108
49.790721068247194	42.37499019955108
54.17178509147919	66.6367460634025
54.17178509147919	66.6367460634025
54.17178509147919	66.6367460634025
46.9616523971766	50.75656936572459
46.9616523971766	50.75656936572459
48.57572791747604	64.90563661677855
48.57572791747604	64.90563661677855
33.89862909252043	86.69271521497909
33.89862909252043	86.69271521497909
26.431307130217373	62.574498918576076
26.431307130217373	62.574498918576076
28.542022520406213	27.769434264366996
28.542022520406213	27.769434264366996
28.542022520406213	27.769434264366996
23.34505214157621	62.7180384860245
23.34505214157621	62.7180384860245
25.455767531765062	27.912973831815417
25.455767531765062	27.912973831815417
18.281107744040686	43.89321638913407
18.281107744040686	43.89321638913407
49.338777056819374	69.19011629062632
49.338777056819374	69.19011629062632
51.520441210594555	98.10588867119542
51.520441210594555	98.10588867119542
51.520441210594555	98.10588867119542
46.25252206817822	69.33365585807474
46.25252206817822	69.33365585807474
48.434186221953404	98.24942971385879
48.434186221953404	98.24942971385879
40.895915496064006	10.410376382677608
40.895915496064006	10.410376382677608
36.26653227549479	60.125687209065184
36.26653227549479	60.125687209065184
36.26653227549479	60.125687209065184
38.13779558857975	82.51279258362929
38.13779558857975	82.51279258362929
66.92511626831529	48.74287196706105
66.92511626831529	48.74287196706105
71.37713053034858	37.7254663409056
71.37713053034858	37.7254663409056
63.838859804459176	48.886413009724414
63.838859804459176	48.886413009724414
63.838859804459176	48.886413009724414
66.02052395823436	77.8021853902935
66.02052395823436	77.8021853902935
60.752604815818025	49.029952577172836
60.752604815818025	49.029952577172836
53.85287001177575	39.67844288549991
53.85287001177575	39.67844288549991
57.6752169474102	32.388598433585344
57.6752169474102	32.388598433585344
86.81727849464752	20.222868891767792
86.81727849464752	20.222868891767792
86.81727849464752	20.222868891767792
88.92799388483637	84.41780276234375
88.92799388483637	84.41780276234375
83.73102350600637	20.3664084592162
83.73102350600637	20.3664084592162
76.76033993837775	46.29406025755014
76.76033993837775	46.29406025755014
78.37441693389215	60.443127508604114
78.37441693389215	60.443127508604114
78.37441693389215	60.443127508604114
73.67408347452165	46.437599824998564
73.67408347452165	46.437599824998564
75.26155615890612	11.941354110020063
75.26155615890612	11.941354110020063
58.10126093493339	80.4990966601807
58.10126093493339	80.4990966601807
53.400927475562895	66.49356897657515
53.400927475562895	66.49356897657515
55.01500447107728	80.64263622762913
55.01500447107728	80.64263622762913
55.01500447107728	80.64263622762913
48.04432237866363	7.5702895011780225
48.04432237866363	7.5702895011780225
51.928749482436125	80.78617727029248
51.928749482436125	80.78617727029248
44.95806591480751	7.713829068626432
44.95806591480751	7.713829068626432
76.09555258662084	79.94667229386097
76.09555258662084	79.94667229386097
76.09555258662084	79.94667229386097
78.20626797680968	45.14160616443692
78.20626797680968	45.14160616443692
71.02274106885197	77.90674390800645
71.02274106885197	77.90674390800645
74.83621940903814	87.40179464234274
74.83621940903814	87.40179464234274
67.93648460499587	78.0502849506698
67.93648460499587	78.0502849506698
69.47961283692392	28.47851369173064
69.47961283692392	28.47851369173064
69.47961283692392	28.47851369173064
64.8502296163547	78.19382599333318
64.8502296163547	78.19382599333318
93.6818903229018	59.49942797029568
93.6818903229018	59.49942797029568
95.79260571309065	24.694363316086594
95.79260571309065	24.694363316086594
90.87942891339104	17.526320102501657
90.87942891339104	17.526320102501657
90.87942891339104	17.526320102501657
92.42255714531909	66.95455031877745
92.42255714531909	66.95455031877745
85.52282381649178	57.603040627104534
85.52282381649178	57.603040627104534
80.25490319886048	28.830807813983853
80.25490319886048	28.830807813983853
82.43656735263566	57.74658019455294
82.43656735263566	57.74658019455294
82.43656735263566	57.74658019455294
14.503105260862647	66.2585863850093
14.503105260862647	66.2585863850093
16.684769414637824	95.17435876557838
16.684769414637824	95.17435876557838
9.146500163963385	7.335305434397209
9.146500163963385	7.335305434397209
4.233321889048829	0.1672636960272279
4.233321889048829	0.1672636960272279
6.344037279237669	64.36219904181814
6.344037279237669	64.36219904181814
6.344037279237669	64.36219904181814
97.87671531693461	40.24398274541513
97.87671531693461	40.24398274541513
3.25778081538156	64.50573860926656
3.25778081538156	64.50573860926656
84.78708622593356	27.53481415342221
84.78708622593356	27.53481415342221
86.96875037970874	56.4505865339913
86.96875037970874	56.4505865339913
86.96875037970874	56.4505865339913
81.7008312372924	27.67835372087062
81.7008312372924	27.67835372087062
74.51730432933469	60.443491464440136
74.51730432933469	60.443491464440136
76.62801971952355	25.638426810231053
76.62801971952355	25.638426810231053
71.43104786547859	60.587032507103515
71.43104786547859	60.587032507103515
71.43104786547859	60.587032507103515
73.54176325566742	25.781966377679474
73.54176325566742	25.781966377679474
5.679249927480755	98.014809602914
5.679249927480755	98.014809602914
97.70856635985214	24.942461401247943
97.70856635985214	24.942461401247943
0.322643355366535	39.09152865230191
0.322643355366535	39.09152865230191
94.62231137121098	25.08600096869636
94.62231137121098	25.08600096869636
96.52018047064081	96.11842225972283
96.52018047064081	96.11842225972283
96.52018047064081	96.11842225972283
88.98191121996636	8.279368928541667
88.98191121996636	8.279368928541667
21.678116454592192	13.06381246954217
21.678116454592192	13.06381246954217
23.265587663761707	77.56756527934871
23.265587663761707	77.56756527934871
16.29490704656301	4.495217077682664
16.29490704656301	4.495217077682664
16.29490704656301	4.495217077682664
20.179331199905597	77.71110632201209
20.179331199905597	77.71110632201209
13.208649107491944	4.638758120346032
13.208649107491944	4.638758120346032
15.106521157351688	75.67117793615756
15.106521157351688	75.67117793615756
9.838600539720389	46.89894659825184
9.838600539720389	46.89894659825184
39.264455666088104	91.6165681459769
39.264455666088104	91.6165681459769
39.264455666088104	91.6165681459769
43.0868011265076	84.32672369406234
43.0868011265076	84.32672369406234
36.187067797680285	74.97521400238941
36.187067797680285	74.97521400238941
37.730196029608344	25.403442743450242
37.730196029608344	25.403442743450242
33.100811333824176	75.11875356983782
33.100811333824176	75.11875356983782
33.100811333824176	75.11875356983782
25.562543558364695	86.27970023865664
25.562543558364695	86.27970023865664
27.46041265779452	58.312120054468174
27.46041265779452	58.312120054468174
89.52674099729315	37.462534761005195
89.52674099729315	37.462534761005195
91.11421220646265	2.966287570811737
91.11421220646265	2.966287570811737
84.21447887763534	92.61477787913881
84.21447887763534	92.61477787913881
84.21447887763534	92.61477787913881
78.94655826000404	63.84254506601814
78.94655826000404	63.84254506601814
81.12822241377923	92.75831744658723
81.12822241377923	92.75831744658723
75.8603032713629	63.986084633466554
75.8603032713629	63.986084633466554
77.75817237079272	36.01850592449304
77.75817237079272	36.01850592449304
8.113080208789054	17.01528896222495
8.113080208789054	17.01528896222495
2.924976950192396	35.17900094806151
2.924976950192396	35.17900094806151
2.924976950192396	35.17900094806151
5.035692340381236	0.3739348186374677
5.035692340381236	0.3739348186374677
96.56837185329313	75.25571999744942
96.56837185329313	75.25571999744942
1.949437351740074	0.5174758613008464
1.949437351740074	0.5174758613008464
93.48211538943701	75.39926104011279
93.48211538943701	75.39926104011279
93.48211538943701	75.39926104011279
95.59283077962587	40.59419638590371
95.59283077962587	40.59419638590371
28.005242435121286	87.49528588693171
28.005242435121286	87.49528588693171
20.511316161688306	14.731755149281271
20.511316161688306	14.731755149281271
22.622031551877146	78.9266904950722
22.622031551877146	78.9266904950722
17.425059697832197	14.87529619194464
17.425059697832197	14.87529619194464
17.425059697832197	14.87529619194464
19.535775088021037	79.07023153773555
19.535775088021037	79.07023153773555
14.338803233976078	15.018837234608018
14.338803233976078	15.018837234608018
43.69371107197241	95.01562027233994
43.69371107197241	95.01562027233994
45.59158164661721	67.04804156336643
45.59158164661721	67.04804156336643
45.59158164661721	67.04804156336643
40.3325296244342	21.490913563994887
40.3325296244342	21.490913563994887
42.51419377820938	50.40668741977893
42.51419377820938	50.40668741977893
34.97592452753494	61.567634088597764
34.97592452753494	61.567634088597764
30.346539831750775	12.28294491498534
30.346539831750775	12.28294491498534
31.88966806367883	61.71117365604617
31.88966806367883	61.71117365604617
31.88966806367883	61.71117365604617
15.013167894051456	88.15226877096438
15.013167894051456	88.15226877096438
18.826643283807705	97.64731803008571
18.826643283807705	97.64731803008571
11.616512064720077	81.7671413324078
11.616512064720077	81.7671413324078
13.798174743280297	11.682915188191853
13.798174743280297	11.682915188191853
8.530255600863956	81.91068237507118
8.530255600863956	81.91068237507118
8.530255600863956	81.91068237507118
1.6305222720366404	72.55917268339824
1.6305222720366404	72.55917268339824
5.4439991370078475	82.05422341773455
5.4439991370078475	82.05422341773455
34.86985426337556	27.77184644067455
34.86985426337556	27.77184644067455
36.412982495303616	77.20007518173539
36.412982495303616	77.20007518173539
36.412982495303616	77.20007518173539
31.50867281583735	53.24713825711455
31.50867281583735	53.24713825711455
24.537992198638655	79.1747900554485
24.537992198638655	79.1747900554485
26.152069194153047	93.32385730650246
26.152069194153047	93.32385730650246
21.451735734782535	79.31833109811187
21.451735734782535	79.31833109811187
21.451735734782535	79.31833109811187
23.065812730296926	93.46739834916583
23.065812730296926	93.46739834916583
52.420719093078304	74.46418286211271
52.420719093078304	74.46418286211271
47.22374871424831	10.412787083770207
47.22374871424831	10.412787083770207
49.09501350254822	32.799893933549264
49.09501350254822	32.799893933549264
42.12432993491961	58.727545731883204
42.12432993491961	58.727545731883204
42.12432993491961	58.727545731883204
46.00875556347715	32.94343497621264
46.00875556347715	32.94343497621264
39.038074946278456	58.87108677454658
39.038074946278456	58.87108677454658
70.16669302264349	48.888823710817015
70.16669302264349	48.888823710817015
72.27740841283233	14.083759056607931
72.27740841283233	14.083759056607931
72.27740841283233	14.083759056607931
64.81008645052927	88.96554423541987
64.81008645052927	88.96554423541987
69.2000205444245	96.44240491302045
69.2000205444245	96.44240491302045
62.0164936364668	30.20754265658996
62.0164936364668	30.20754265658996
63.5596203931799	79.6357713976508
63.5596203931799	79.6357713976508
63.5596203931799	79.6357713976508
58.93023717261068	30.35108222403837
58.93023717261068	30.35108222403837
41.41519813070627	77.30463369944832
41.41519813070627	77.30463369944832
43.59686375969641	7.220406080017408
43.59686375969641	7.220406080017408
38.328943142065114	77.44817326689673
38.328943142065114	77.44817326689673
40.5106072958403	7.363945647465818
40.5106072958403	7.363945647465818
40.5106072958403	7.363945647465818
33.300474601537715	90.48377042500287
33.300474601537715	90.48377042500287
28.032553983906418	61.71153761188219
28.032553983906418	61.71153761188219
30.214218137681595	90.62730999245129
30.214218137681595	90.62730999245129
61.2718874504603	16.924209893943534
61.2718874504603	16.924209893943534
63.45355160423547	45.839983749727594
63.45355160423547	45.839983749727594
63.45355160423547	45.839983749727594
55.91528235356103	57.00093041854641
55.91528235356103	57.00093041854641
51.29476625322515	89.93134605868313
51.29476625322515	89.93134605868313
52.83789448515321	40.35957479974397
52.83789448515321	40.35957479974397
45.6543675771955	73.12471254331348
45.6543675771955	73.12471254331348
45.6543675771955	73.12471254331348
50.03543160042749	97.3864684071649
50.03543160042749	97.3864684071649
78.89369956853442	28.337386300589785
78.89369956853442	28.337386300589785
81.00441495872326	92.53232017116575
81.00441495872326	92.53232017116575
75.80744457989327	28.480925868038195
75.80744457989327	28.480925868038195
68.83676248747962	54.40857766637214
68.83676248747962	54.40857766637214
68.83676248747962	54.40857766637214
72.69458232969227	78.97915246945414
72.69458232969227	78.97915246945414
65.51105542173457	12.744290213023657
65.51105542173457	12.744290213023657
67.6217708119234	76.93922408359961
67.6217708119234	76.93922408359961
98.75038888828844	66.95696101987005
98.75038888828844	66.95696101987005
98.75038888828844	66.95696101987005
91.77970679587479	92.88461429341895
91.77970679587479	92.88461429341895
93.39378231617422	8.03368154447292
93.39378231617422	8.03368154447292
88.70231892746696	76.24326014983146
88.70231892746696	76.24326014983146
90.31639592298136	90.39232592567048
90.31639592298136	90.39232592567048
83.34571235535275	17.31997919921938
83.34571235535275	17.31997919921938
83.34571235535275	17.31997919921938
68.45576723963812	45.94454079222556
68.45576723963812	45.94454079222556
69.99889547156619	95.37277100850135
69.99889547156619	95.37277100850135
63.09916214273887	86.02126131682843
63.09916214273887	86.02126131682843
66.91264048292503	95.51631205116473
66.91264048292503	95.51631205116473
66.91264048292503	95.51631205116473
59.98630136775283	37.51948791824438
59.98630136775283	37.51948791824438
54.78932951370787	72.46809361511683
54.78932951370787	72.46809361511683
56.90004490389672	37.663027485692794
56.90004490389672	37.663027485692794
86.04210645113405	25.497297943875243
86.04210645113405	25.497297943875243
86.04210645113405	25.497297943875243
89.8555847913202	34.99234720299658
89.8555847913202	34.99234720299658
82.95584998727793	25.640837511323653
82.95584998727793	25.640837511323653
84.498978219206	75.06906772759945
84.498978219206	75.06906772759945
79.87846359408506	8.999483367736168
79.87846359408506	8.999483367736168
72.34019286819567	20.160430036554985
72.34019286819567	20.160430036554985
72.34019286819567	20.160430036554985
74.5218584971858	49.07620241712407
74.5218584971858	49.07620241712407
6.579527809964504	74.37310231861633
6.579527809964504	74.37310231861633
8.477396909394331	46.40552360964282
8.477396909394331	46.40552360964282
1.506714816980677	72.33317393276181
1.506714816980677	72.33317393276181
1.506714816980677	72.33317393276181
95.30974296293572	8.281781104849223
95.30974296293572	8.281781104849223
97.46480133036603	87.55223904417089
97.46480133036603	87.55223904417089
92.19688218794968	58.78000770626517
92.19688218794968	58.78000770626517
94.37854634172487	87.69578008683426
94.37854634172487	87.69578008683426
24.165865546245456	53.925857995051054
24.165865546245456	53.925857995051054
24.165865546245456	53.925857995051054
19.2526872713309	46.757816256681075
19.2526872713309	46.757816256681075
21.36340266151974	11.95275160247199
21.36340266151974	11.95275160247199
13.896083649646597	86.83453530606897
13.896083649646597	86.83453530606897
18.286016268326872	94.3113974588845
18.286016268326872	94.3113974588845
18.286016268326872	94.3113974588845
10.818694306023811	70.1931811624815
10.818694306023811	70.1931811624815
12.929409696212662	35.38811650827241
12.929409696212662	35.38811650827241
96.75567100136765	7.129327011735992
96.75567100136765	7.129327011735992
89.78498890895399	33.056978810069936
89.78498890895399	33.056978810069936
91.68285948359879	5.089400101096426
91.68285948359879	5.089400101096426
91.68285948359879	5.089400101096426
86.41493886596749	75.31716728797575
86.41493886596749	75.31716728797575
88.56999723339779	55.587625227297416
88.56999723339779	55.587625227297416
83.37302537935282	90.53623092416987
83.37302537935282	90.53623092416987
13.727933217349172	71.53301543711675
13.727933217349172	71.53301543711675
13.727933217349172	71.53301543711675
15.342008737648607	85.68208268817071
15.342008737648607	85.68208268817071
10.64167822870801	71.67655500456516
10.64167822870801	71.67655500456516
12.539547328137838	43.70897482037668
12.539547328137838	43.70897482037668
5.001278077463398	54.86992148919551
5.001278077463398	54.86992148919551
0.3718933816792339	5.585233790798046
0.3718933816792339	5.585233790798046
0.3718933816792339	5.585233790798046
1.9238902090555807	38.22856734560803
1.9238902090555807	38.22856734560803
31.34974681063825	82.94618889333307
31.34974681063825	82.94618889333307
35.16322367560946	92.44124110288433
35.16322367560946	92.44124110288433
28.26349034678214	83.0897314112114
28.26349034678214	83.0897314112114
28.26349034678214	83.0897314112114
22.995569729150844	54.31749859809072
22.995569729150844	54.31749859809072
24.89344030379563	26.349918413902255
24.89344030379563	26.349918413902255
17.967101188623438	67.35309280576695
17.967101188623438	67.35309280576695
21.780579528809604	76.8481450153182
21.780579528809604	76.8481450153182
51.20643317996236	22.56576656304325
51.20643317996236	22.56576656304325
51.20643317996236	22.56576656304325
52.74956288710537	71.99399530410409
52.74956288710537	71.99399530410409
48.12017819132121	22.70930613049166
48.12017819132121	22.70930613049166
40.581908940646755	33.87025279931049
40.581908940646755	33.87025279931049
42.479778040076596	5.902674090336978
42.479778040076596	5.902674090336978
42.479778040076596	5.902674090336978
37.77944605592104	90.89714640673142
37.77944605592104	90.89714640673142
39.40239164688372	88.26131994674948
39.40239164688372	88.26131994674948
22.454941238455064	50.9815750764596
22.454941238455064	50.9815750764596
17.257969384410103	85.93018224854701
17.257969384410103	85.93018224854701
17.257969384410103	85.93018224854701
19.368684774598943	51.12511611912297