81.99988921212127	28.723465501362636
93.83301512045104	29.40397229780774
74.47499127643808	17.637864400878115
94.06340424824074	21.12736887701047
67.03707532806732	23.093448088323562
110.66904617977517	25.298188193963018
69.07692208140125	23.968314372297648
67.24177383770362	34.62635821429369
88.61858635340218	25.126823830285108
103.29022547052377	30.9501840095188
76.05801750270962	0.8119676573662247
105.69837903096868	31.154430207197883
95.47291777139863	34.34796435077534
83.26534917079385	39.80408597258496
83.62448465916033	33.84847016834453
92.68917182953065	21.003998240645686
100.13611930503008	24.58730674930759
83.70908933482903	27.256973569461405
78.49863954603931	38.80495094148099
89.91025908688482	22.12644691605859
89.6544699472511	24.07604986859975
88.11129849832481	52.9457751213865
85.78832706651565	29.648007800215318
87.39975295332081	25.19709006932664
93.6053358606566	6.771114603513158
116.51258487755139	34.346957885157906
99.44707403582196	14.029240947205174
85.13884229648471	29.6600659926389
69.83197257841469	29.240062477975478
83.7837458391177	13.070539289496136
75.4895591272186	29.25976042252153
94.40939504371718	12.641596969789855
86.18362317406368	45.65649573302562
87.38999006324481	15.074406502262356
67.2871414393943	28.739204199718266
100.33766424113298	30.329948920573184
89.43305061213086	31.745974104360094
82.95129413002722	50.30288021942275
73.67379312216667	17.175329240226944
81.08419850992424	36.14522944837485
82.0846959173321	22.805952850899615
92.3308925457603	27.09278912074713
89.87989002797464	10.526505928555093
96.27296736038245	28.19904734553825
95.89460910416668	-1.415562509868117
69.71221733830156	41.5577265241843
85.65576122848547	25.832656378312894
93.88719317056433	32.5405560225136
83.85990906365403	41.901526968682454
75.38008865789594	18.018995765526817
96.19855496977412	17.54437546813609
75.8600132757939	34.18124247217266
78.94103839581706	12.681918453439863
100.83227475287357	48.513700044354835
92.33279679979087	23.577120755318216
69.61495206818445	38.246177223131525
97.89342170959114	30.401251971869595
105.30834764734078	21.298453255861403
76.76189448176632	31.388075132312064
86.3503265835768	16.853769101716924
79.8509456592609	27.588860631138626
76.52250840437964	34.31377003724501
100.00719742624905	36.7538530941016
90.43008323235746	25.068438683163414
93.28180203524343	46.4668215795722
91.11134982427733	33.6111255521166
80.70072289200053	27.61634186306464
94.17444787188774	43.62481347495896
83.93572780001585	32.672315302311965
96.73176085484178	25.809768519603686
82.45015657910466	33.72237030457909
97.628271969941	24.000475342482986
91.93888424812306	23.53654110674676
73.61392874769086	28.046296187704026
85.44970590962221	24.26170688792675
85.5440367092703	12.99041364821171
95.30528228378431	29.598798771951657
101.46758515253953	39.36916081125355
82.36194567789381	20.768864957537026
90.79061539190843	24.352017235828995
101.57686487331358	43.06799532986073
77.66107899211971	35.830414424466156
83.20128974493234	30.50409522491853
105.89803419614871	25.401737196331776
88.22540357513189	29.99659386438449
88.89493767132589	43.66578193984222
99.72521802799096	13.335995461137468
89.70003142468565	35.85805573861105
84.92926945324574	33.230833795063056
90.8892883405368	28.26256933470189
91.76333503746513	37.73128995604867
94.5518783277665	43.514656563409766
80.49422032650075	37.65539576676694
95.29778264501587	27.362689546589333
73.76949301245801	43.43442702484584
82.02531931189245	30.12345076274554
91.99297277728797	34.04800410845736
91.95321181909492	33.103947794553285
89.53269105373076	26.57448393346185
90.17264838350673	24.78786081143257
83.05637384921201	28.697645661985966
93.12817746946533	37.56528635933795
100.21542178230861	19.73140706803069
80.79115722784441	37.555321992721
75.11050588856943	24.768347823026332
106.01897721209305	31.18401047177282
90.84138813169973	11.144150553383906
98.67711025171693	39.627446825076916
92.13767770785657	30.061560575280623
70.74205657997628	31.077009825087774
95.26782453881083	44.223869164238465
89.35929178237855	45.52790928048803
82.21205673776738	29.815136014695238
96.64040900999586	26.082288811563267
88.71378429611005	38.965940404886
89.08679749256028	17.61745386912728
94.61617386095747	32.34930844270671
75.36314079198846	40.37864733749326
93.27570263208727	43.552737352098085
86.15984154279721	15.937056634166291
90.33208157053248	32.92469916512761
91.24861301221637	25.3852442566321
82.72304448374587	17.91537366062176
83.603848120701	43.91590559112777
96.77641834386569	37.81185435075959
70.02370669705161	36.13754356590154
83.26887984998326	50.536436020583494
90.63134953304304	31.65770149582393
91.99299314225404	34.13992055604997
91.00653127580969	22.9129647089595
95.50317459026576	27.62656266715002
86.51936457961096	37.16833520780777
111.90336872017798	27.72423795114488
85.58784132403939	31.532256112950325
90.50167343587589	29.83498275514537
83.66428291359644	40.1455082520618
82.99675085545752	32.65580742030303
69.15293922841445	21.915437566445824
88.58554247880109	36.613325899840774
90.77983722795966	23.41834661288573
85.27995347794813	30.43480889227033
91.62910720474393	22.06620121742427
98.88010952117162	19.615439692752894
92.20362461937562	34.862165104492576
84.29382270988785	25.587739017786493
83.1699224198507	34.076821860858836
89.19027585670344	26.248852067793695
97.60591718028091	29.875185185306403
86.84164233770441	13.043455089781489
90.54094057174477	40.79881180237089
79.64891807097267	21.653992191060354
91.79256433350731	44.40623228477707
89.61357605376186	27.875201562458756
91.73149080818685	39.42936326616402
71.37322307870679	36.202648083224766
77.09147522455014	28.79221953825303
96.06882897525871	39.475181080142164
87.30691432654166	29.0394056634599
72.45298424385251	36.35468226539278
90.36693782276899	17.517345884194498
78.35482307443387	15.707336344915273
103.20920677668715	44.389679812071954
85.63074809333652	30.275010713344056
97.17552496036815	31.389688838992708
101.21638563708666	30.948513616370757
89.7982787941671	28.790325851264406
85.54729424328896	33.46822002377902
78.70770648028326	29.600197222495066
83.66123098618789	42.53281625496382
85.35411409079315	15.838136756713391
95.80278234464151	3.8070195967456506
85.09572129879466	24.30049913399995
93.84973061240999	20.29291538031836
95.19883005535249	24.89721197637791
85.18592656028325	33.83927357382886
70.98732991723071	13.593805523111612
100.8398950476994	31.19242433978532
101.3080545433806	27.107271887138342
98.58568718562474	32.00604678956769
96.34063282341148	33.46577670017632
81.83613784004424	45.06358817419727
94.40759851346097	31.249643138719264
83.47086529802827	26.55201746682527
107.25772779909784	26.416992848342712
86.84572115089094	28.85523467826731
80.17139791584786	24.721445494412407
79.13681499905519	39.24886584993437
89.40556694506256	19.603086294141164
101.77940869867639	32.842177159074154
78.76388761014252	20.86492276425146
84.85826739141724	17.059326578897362
94.7489140562869	13.190531520187516
95.45605090093302	12.22389419174652
79.50904551564571	38.7202831877697
63.244478330005926	16.3822406793267
93.64266143357891	37.67480116062996
82.28396934459758	20.025895502344515
109.01462828717365	4.7582667606459275
82.15348705903402	33.83214370423749
83.56023241951304	52.128787997446494
85.76939226808396	31.710101026908994
91.90864847248567	36.259064936491455
83.33974975626259	31.513475730437026
93.25107992728503	17.389449201080296
67.08108968589704	24.95810471037479
102.48724914936695	28.01595023410933
80.98698361752112	24.48704673315633
87.20703740177098	20.710322625146706
94.93988983740445	29.87930067325374
76.32268460182134	26.679725866458412
104.42716233622663	31.724192948631433
92.59346365391004	20.86905309954075
87.27631984733252	37.12049203266962
97.62208094123712	50.63869361072166
99.27372307144562	30.975204988166208
97.04152464991621	15.48969395450885
93.94672773972395	20.02365354148303
85.26334281929067	13.272113557466323
90.9308500990264	38.2384846202593
90.31302779421422	41.34547231598321
91.33645065194001	26.514721932647536
83.94635159887562	35.72626678190872
86.42249542101999	29.296351351373705
100.30664390121535	24.8993145265514
70.17658132904538	38.28492490098734
101.6723978426445	17.93281535060371
85.93823969635908	21.291990625074845
73.5469045645363	6.161244223201848
99.45097387830805	24.203933713805913
84.58710232374246	39.095030035278846
100.50838192372402	39.59233564634042
76.14348896183255	32.29395507238533
90.47833408338006	3.843044006010775
82.93883685004087	22.24947307623367
103.03104356212641	39.79197483148872
67.72973000448728	42.21432533961185
95.55891648035035	25.191384944335542
123.27513670134788	38.214740543091345
87.08173291258777	24.83023602414482
63.09530396505947	26.902737147559893
91.92488525677973	26.721779098052252
63.91178672740661	18.1443752025407
89.48477542258611	5.305219041651505
80.52244044463404	25.42426660579801
86.72846574166536	26.925430257423038
80.16623818585737	40.387546382821796
81.27232087108983	44.657152242692824
94.11806444163561	30.887486978087846
101.52110596108278	16.654393960371365
91.94286241572988	39.56720801731283
60.26712904387167	63.16453764120711
85.27624104468067	36.51954711482872
96.05371085375492	59.70521940643952
72.94599016380211	59.56666378813236
69.58441590823395	47.197189778788214
78.8909877669867	46.710952870724654
86.9440918525836	51.986206579375235
79.74519162013414	49.01843331630762
68.17731195418078	69.42396176891012
74.38197029769353	59.877674248077625
91.4313302314397	58.5331144824245
62.278980005937726	76.53602969465476
76.62741687639364	63.8089261691041
85.11413852045588	51.511848871606155
77.12592596541043	77.04040969858772
74.0576186812907	50.937389920966865
70.3702455539142	42.63912349335172
62.452529300949024	55.535472847277454
91.06537986352531	49.90542614077799
81.90825846909178	65.30904439684018
71.90616118396119	63.82346920465227
69.57494920693756	64.6476467017009
73.93656963444671	51.89085820003832
73.3318596854707	66.56164705973477
91.79917573070217	63.099691079521975
68.15837663758866	46.256270280420836
74.80313476512643	43.998176023946115
76.716286699892	72.66834468209439
71.07225760246561	50.28702607058549
78.76273036781234	70.61806591964971
67.21201372869608	58.89678952699725
81.87062308296056	55.01002649047194
51.98749395850428	68.81459898179318
72.73620177789145	51.10833966078636
94.94084081918274	63.01767454436306
73.0962841089327	53.5652931921839
65.09453974906637	54.116812038678205
88.71241404514801	77.43117884253334
78.4427077353442	61.08687861057121
67.62600346930392	51.073692228404624
82.2230952805808	61.00504717963924
74.12531336572903	51.743221400702716
80.28457914289847	35.70216778521452
63.65288971389866	48.711278153870744
79.30853295345119	56.65983498218513
77.92437954275852	46.402443226626886
66.75509239201017	71.83804966883712
85.44282365926162	81.55965742256076
95.68838542767756	56.46390899805305
74.32102761956813	56.340411165261415
87.39466133079155	55.06762424257773
70.80404753457692	62.03205889318801
84.19509493653158	61.099677367315316
60.20525945597568	51.572288977827256
68.0369072990756	70.28209207905334
76.98470706176902	63.31746783614647
77.57581082971096	55.784931132360924
88.9345265729242	45.10960291782114
64.91025575628932	57.89841114343325
73.32611137076269	58.683134762545194
72.96596003911668	75.56823301422403
84.83648757539716	36.864997574668045
69.73683021448592	46.577631320134046
96.52333765112985	55.46647155938021
58.872136047905144	62.04273080303594
73.32795506422752	54.75388020182037
82.96918634038707	51.83146516123108
72.96565737017666	64.30489810614571
90.81214761270503	64.88017680952377
63.57087164366652	31.273023246951315
66.22770398335079	50.924390225801886
55.31983077683018	61.66819050725844
77.22536792317742	50.02542826711058
67.47870308959575	43.93495308205767
82.10890907653555	47.340345030966304
76.77692484904853	54.69853648750306
87.56838933994729	42.83742313595067
84.76285221868578	58.237093844744514
66.75898618197783	56.71658465131809
55.24348274282547	47.80518700409909
76.62652153738874	69.74913000555136
85.29867478450149	55.65441785162792
64.89075777624555	72.7832511972551
73.75533376981235	51.770241926777516
92.33009297085493	50.426569206448626
86.84861000663918	38.77785197733162
80.00098607953767	63.564289946146616
93.86537836082744	48.336076311290746
72.8832482230261	61.02306696096875
70.03085606659283	50.010184505264945
81.165572816968	46.746390946253456
77.56705045159276	38.51960299860567
83.13112288882905	48.56184250096874
77.51340341931892	35.212611239432604
75.44590055213263	56.58359748485713
73.96854429832466	69.49327626872324
92.5111744369176	52.694183562261244
84.03034785735612	51.5095187614716
68.29652524632218	49.968272479693674
84.25292174442362	53.52247368486286
75.52409032401941	64.38586013723554
67.522236644733	58.00264556944761
72.62292188559228	61.394078779351844
78.35220648017368	75.46825160873044
61.19226055288718	75.66391154976746
62.71917211644346	72.82366154461504
55.73992900786557	54.91499003407776
66.02024939441327	62.96990056292067
70.16457559781132	67.55859382491873
83.00248389937441	49.390706783309895
74.55518870942865	63.0765339285261
74.23916561048263	53.80141684849146
78.10100712179396	54.58793919419686
65.39231040272045	50.330075375182005
71.31012323180207	54.72135140297176
87.42843556759735	64.96733812882027
82.0513899579875	46.40787149033034
95.37878519379542	63.76033846315994
81.16565628090459	43.06223298684114
68.95263672849518	51.89597817143586
66.9508471958257	79.06425266941191
62.79408257778023	39.03624405670445
56.020942756907516	57.223728552564054
89.31958107117447	61.155045250619914
83.71266167225824	62.477406021789584
76.48780956225514	68.89232808590143
81.42060543277229	65.10736574370154
80.62439221386275	66.94356052151912
85.5951994499611	53.876576314707464
89.96021102388703	52.68598216519067
66.21474812194671	63.19774215996692
71.46751327236427	55.54993303269663
81.23067716683012	63.07911336576039
84.67137616340463	58.837525707808446
70.4207688252115	53.708477371687316
90.64691089638735	46.346687600550275
87.3912965415002	49.64940755965169
69.45280326326782	59.379387951296536
75.26682749214027	54.638397959178306
84.71588602451997	49.85715513315435
67.38980874457015	45.11214290118794
80.8194261458831	53.380228546732006
75.04971505588288	59.53447096610877
75.99981834554822	55.832320006160735
64.13707675837101	68.07910170817533
81.50439100257638	67.81229541117625
78.21602475642894	47.65467470040156
56.85735223939914	50.20984488683207
61.31513662906941	56.69206102317265
69.09687747057319	61.013648371741134
76.24050845697703	60.86255879757062
79.68509517937905	40.44909205526657
74.81525127395278	52.64089493464817
92.65692741792566	46.51250394082011
81.7157734983561	74.87508444205343
75.44049168863944	46.04474316738943
74.77353994768129	62.91189980882281
87.91615154142704	38.38082124720995
96.85185078718972	64.32539229867884
62.672149079084775	43.50822378602922
68.4877856832002	75.65642759958422
89.52378295709366	55.53519564693589
73.2671280364834	53.43351324985344
99.94898388202793	52.687144756373016
72.60666617571155	67.27148942927988
89.05899135621931	73.8223115519838
72.79782800190635	67.08990931664184
57.34697166939709	41.49462877659358
73.82072387283333	37.13057843047253
84.66129784567285	67.61787093460946
64.80345422175438	46.143076072885655
82.37541405127176	56.81339355912417
75.01305140371791	43.10399036943218
75.84865731521018	50.922132123788764
73.97517391196605	75.09987757619967
85.7710799876202	52.41365732228521
83.72868113199064	53.025922657307234
86.24632574159686	52.342096884565386
63.71761128848786	46.38495815639094
80.29687948799814	49.656974946213595
78.68012529118847	53.8101418803204
70.9841533681377	43.780643043780586
76.99226627272894	58.466119265637396
72.33689153734863	64.24470949690948
55.393414187219506	50.70755735761152
76.95718994740672	77.38321983464323
74.77053579070447	47.58511107097612
72.35527864675046	57.179898583917314
51.61245039601734	40.364644090379585
88.88013907097384	61.06907803854813
62.1541718531049	61.72751812417071
67.86555341958544	60.12035546368718
60.073067119999266	70.11328533046684
80.97022096200831	54.051694862584235
94.50573765790558	61.97255707811453
59.833670687561785	50.059891867019864
82.60864538356583	56.57414633549057
80.47113904339399	57.19427804686866
82.33110391039455	68.3735940798576
89.1546079363182	51.301990464794116
63.24081384993706	56.00047047922777
68.7043882741561	54.25437429829422
86.93806265120492	49.689783416815025
67.10993621876734	65.76734514563155
77.52970417542437	63.205001772053265
56.63930084185601	47.47672478656837
85.54935105121518	70.7070682292669
92.88935122977296	48.61441240261802
74.32136422671935	70.10373354115852
76.26822583479525	47.721893083820966
52.057655058186384	51.69762166858233
61.84686509730777	52.48953449967984
81.00245462069384	65.55959795925476
85.19117820273694	49.87138447444286
52.1130355609024	54.42929614099446
56.67109235340149	71.54196712743347
80.30062874522453	79.25900973804397
89.71148912066177	55.50400520884863
64.09156246694529	50.72918293567898
69.92709023052102	58.873204823083974
91.76782595859825	56.83968519871184
61.96316362817368	86.20379715222283
61.61877044019404	46.30444605047948
71.6063963326579	61.711530839381716
75.13316174337488	56.600354765208316
66.18481355821362	67.98531912722416
88.57405056006414	64.13254619475228
60.40740493650624	51.55039280000324
59.816635507641706	58.54337724413334
65.76537850802424	60.91861826779736
65.62720278086455	41.20938826122074
64.54935476918205	40.41556469702509
79.1313683360591	71.94709323634346
79.10667470567735	40.93141958432343
74.90604273240504	44.52702746053555
65.05951577396232	58.35560610136253
74.66852710173458	60.52815416041463
69.25131751637154	52.50368214654268
79.98051213269613	46.35514728374887
67.4967161839775	53.063409612811505
63.89239001987432	66.79142886372242
71.38566108244602	72.20002312085589
72.50056410832278	51.85388593849145
60.702922040462674	57.09623890929646
80.33865832571884	62.602672071278164
68.44944722194793	58.13719066127679
100.68070558818052	58.70881659047314
80.2137736154755	55.427977077418554
87.37501455569276	56.49616189826276
66.8020371994266	69.74187781846679
95.17079239192421	17.20117757997353
95.3963635957995	-4.496348693444174
109.18149342276288	5.533722755223563
101.78397635510396	14.610077487184487
111.04094216673015	0.42699249451039645
107.73912707850424	7.87640753806302
99.61720860574708	7.097924024448382
87.85200147512192	-0.11608863355845678
96.14234600147118	4.923876668631592
95.10517408372078	15.807434575029074
88.1798539222735	15.494291310670395
86.51782151537803	4.790776984886138
100.20014298707322	-5.0481344685690335
100.52654845945878	-10.448808861086562
88.40179144118848	10.714636716820847
122.47249718488031	13.462445622205847
86.89892345959507	4.087845109199874
102.2909216503007	6.722166826763576
81.3065590686649	2.703348486120593
87.07654945410323	-1.582741494094381
108.65328648766466	23.492750819341953
94.27692988198582	11.831486964020499
99.91347944392345	4.734154831153877
89.37394809585788	9.19778173321576
90.7931064786286	9.79442533107024
90.77910143032888	8.09389917966114
93.86333270672255	15.07783730223064
81.46867077237552	13.403399136806511
91.20807051630126	2.582406796785264
99.28712626571661	1.0105071631471918
101.72443688720007	-5.513246103898908
103.14295003891768	11.861753438365596
96.77398571888948	-3.944466653445218
88.40960392677641	6.1780645603187665
93.2767563280725	21.975719456573643
88.51121172207348	-8.608138868959095
81.9306905206162	1.4744359545399104
104.01103559468719	3.3936933947311365
108.39618561974316	27.53913906787653
96.37044385625103	14.444278377161721
102.46239714501993	13.687612484415297
90.80072176972223	-0.5485763597184734
93.51138672436447	7.488742637347913
92.8805084527083	-7.684133161971673
94.09698220002832	1.8701684504069398
98.16770801522676	-1.010036907630985
103.2848631678346	5.809644405197574
93.28772308409181	11.766817585140915
84.87907224849606	23.491868002127386
101.307407336327	3.8887121572826153
97.72274492491941	2.770579545306932
93.29557378150149	11.30063423430043
95.25103444965308	1.2013360760854481
92.50242120878544	19.44751512715728
92.97589607439978	9.447007654366985
92.98627975591117	-1.83545263526677
81.16626365282276	-2.0559575574614177
83.97937499538737	-4.029195930974831
94.47122920045783	12.590377979317276
107.41172098561952	-5.017667614760411
99.84958213538417	-6.43516620764124
90.9173431448382	4.115793643800404
109.6913371107962	0.6280357963124001
87.88425429859382	16.63514484422592
89.92439397318408	21.661568911962743
86.07866500556607	14.476951308231925
86.00873291682666	15.400317326745919
96.31258886998249	12.040109674941299
101.0115130558858	6.164950358655091
93.17005299542734	2.148743349856231
102.93669308840899	-4.892369114478248
111.90403844682959	2.0898827821657333
82.74009057754566	12.108941808898074
114.46328357514034	5.822546048893237
100.88357185719327	-2.895238368731003
82.29197074693067	-13.955730825817522
99.57493044180399	-6.198948771434461
84.88441148988161	8.731342424858212
81.37624285953619	-7.951545460587045
93.77990998259975	9.944549284754059
89.67633688482024	10.883812484112307
109.70291277913645	-12.597486691702446
91.52682799172302	2.618263535097933
84.81318869181922	9.25248953829539
104.1832164978437	8.727419168359221
96.05149194188873	6.006570576575706
82.46732437336983	22.284026472402523
93.25711629304969	3.5799104199533636
84.97379344066991	17.068498496515332
89.94323266138265	-7.597954350632632
93.57788860664762	1.2533714883967746
90.17085256887096	5.003871163338896
93.4134575805098	1.0372151261660023
99.07959470950627	-16.01674232124406
92.1423760214112	-7.380169262938741
98.33086571002247	0.5522842643173806
80.10237371563147	-10.623067515206198
93.57921329200924	0.8952292352423621
101.30529501149644	-14.58035947146029
89.27077357079416	-8.260378849761864
85.52421516825024	22.01241138216744
78.5067840863095	2.532619907425846
94.45081285861977	-4.867310219082974
79.1949506877107	6.050886803186987
94.9839608501873	7.820270675334127
92.30110914566826	-0.9207457672764043
106.75530429133606	3.0782337763102405
103.96412035528208	3.0976555584350387
97.03974589348077	1.2027496810300633
85.48863548078222	17.08185130206398
113.63946989493178	2.5948732259049017
100.05929163300335	-0.4194750430426186
62.972299213198376	-3.8309080280284125
77.35377830367362	5.147394933991457
100.20652643794527	-10.133399871955532
99.68924007950162	-2.750247530582242
102.50982334555611	19.27829913499921
90.07778322938643	1.9161134821726198
97.59418007082307	-0.9388409766323216
102.52509070101698	19.036000293342923
88.755588604994	-1.8197939673629016
86.2841639240263	-2.3655227129270733
76.13805794170527	6.220174367083973
106.42646340823241	5.4068582807637275
102.45394824471111	1.1662623983857783
82.46052779249338	11.754064613887856
95.22326128059218	4.822885635217217
101.70493056464034	-5.404630665882786
86.37849323759406	10.064032485456666
80.7372752820048	-4.666251312629649
76.34579689969001	-16.625852157651657
85.56346028275566	25.617128819736436
96.38622034120023	9.95985657309593
91.45244037016556	6.732089882343486
98.23080939379592	9.413291884925922
80.02066597047258	3.5110485657449386
93.6829928725867	8.212655326698004
97.98342072982598	0.9972314702277787
100.51978659978342	24.762137160008464
92.81643114088662	3.047712458911981
89.22248551983742	16.050830671552895
98.4160429670027	9.207667664684216
89.24606532505746	13.62309651852857
95.82869466988565	14.792999559063773
94.82661329927167	8.235344123425659
96.59696179070578	4.049772080167353
106.76204373259907	-10.13899324313568
100.91630172329432	-15.557739523800034
88.00070705015254	-2.6359075005553914
103.14042588355254	17.297383368568582
92.37651908984746	-5.7745470957436105
82.5530598847471	-11.462715920755159
109.53030819289394	21.379357914751967
95.17409274655776	2.5627900441261744
91.05371326486073	14.252704406657239
103.98891476665506	3.4203416401697
84.64881272252796	17.72318584110499
104.5333491783388	17.75256036317878
90.94775160799689	-3.692625175304414
81.24530504740925	3.1567262787338564
84.54546167268587	8.895538369530982
96.46857864058191	-10.624701218839725
89.30836836116839	6.481906121978616
96.27376638971435	-9.129164570822999
99.79007377850041	-0.3676217116031095
91.16380019742031	-10.80519518735262
97.8423061180037	-2.1521842806875897
72.30357967438998	-0.4195322904954182
85.0888604321742	-6.224353205668169
72.10761877511311	12.605865090620956
96.32688967398552	12.69313541679638
104.37872107142364	-1.9819183507729612
80.36395953093117	-13.550725756012024
104.6625356560942	-0.9272376756906056
101.54778730124511	4.73439501990937
105.26203824047408	-1.1160675045713022
101.71938702280825	13.096215795134796
100.61908454964292	-0.9657945988107199
81.3389029733424	-7.993489846779559
98.27371595500736	-7.939297790744044
91.63827547392029	16.45424864495745
123.3782138319557	6.2526869573159845
96.17986927121298	-0.47921994924678657
107.80444865042459	10.308404830477816
87.0231847844127	8.972927924136169
102.41674170031584	-2.923820026986739
86.91640929989585	9.893706007381919
87.12162407693644	8.658257902785447
107.4036351734186	1.2123343478109225
97.82512393021744	4.33188621846356
102.31948917058979	7.479220349200807
112.81010141241704	10.172124827419802
85.28252789145812	5.966084707124019
106.87063775991108	-14.37482328334994
78.70910904459966	15.114932445568478
96.99555359974134	4.753065501538988
99.6376508908811	-5.609659312618378
87.67384563073227	9.698925637997123
105.8247681338576	9.85969238758064
95.96794069877723	3.103691326371966
87.88030388624297	2.004266613228759
74.00832705405037	4.694575478448048
68.22301793785019	19.443465150504956
102.28805440374701	10.863145563939419
103.39211313459366	-2.4423955304799376
103.05635744889696	21.255524959345227
66.6812552689469	6.929390325442319
87.5244019319279	11.300115567609259
107.14146936923524	-22.636155767011605
95.55854456961846	7.075276067436636
95.46187432933534	4.657578558856678
101.61831344577693	1.7872258149793163
105.06169303371821	5.476488996248667
92.97817385384678	-4.1285190786418156
103.48869108560163	11.054522466380016
77.03305150864766	18.31098103418186
80.07594046244901	-0.2833249159312077
73.4039456002671	15.071853504413252
104.96958636216681	-17.127532579904926
84.3960046508454	4.087527383867767
83.96761880288507	-1.4807923560739455
91.81813433324032	15.061120599243937
82.59158596075855	-7.198903151100303
95.07828797425957	14.363844653981749
89.36179532927254	4.633940457718993
89.62909906270764	4.320936106447949
93.94603460378235	18.891938692343427
100.00096527568788	9.199976325517834
93.47762966641113	2.4414281220505214
103.82683716672273	-14.395937198276261
87.75828186683235	23.694467941636102
88.77776673824948	11.648937684272676
76.80791284314934	22.117061341730174
88.88544855973153	18.921915819226893
83.65454589447317	2.41166059689184
99.62437656069919	16.015144469297766
90.6406291135432	-5.076662396061003
84.7636591969719	8.529844769639691
95.1263565442145	-2.6744681716853798
88.06473301121912	-14.69426100825618
102.88991297023955	14.661366625930182
83.52797393849086	2.4019741546675455
88.62958339350378	-4.651188417098039
75.76890962001994	7.0557443163537785
81.49814875911568	0.9084823851695192
99.99754695476626	3.903937783704186
93.38297434125968	1.8897157996572256
96.49977832730086	10.739900482181021
91.40571959720366	1.0027386593198382
92.03219124181378	18.70612835909875
80.06753833057535	4.018716437928211
72.81524875137777	15.552035970314728
74.72355012680993	-3.476463926732748
89.48731704852271	3.038619668655675
65.59082147047977	17.489725392093163
80.64186014123648	0.14925683650732147
65.67421680300663	6.34167916578549
63.560728291476195	-7.035539834153722
58.911379300414644	7.243332100137248
77.71691292488755	-7.1092273827048
64.86886726461962	0.3241339395834917
79.41232742908721	-2.4899329193372512
78.62491270341255	14.009403386931785
69.57190525142198	0.9896901999514212
67.9026003267793	-4.758815438429824
73.47821526818025	7.203457504336582
73.38235241693357	-1.5061479985133346
55.81395300758868	6.4379327165135045
68.08848814937056	11.400333002862627
61.23152426497638	1.524946398371518
69.60918254176833	0.6378169503360596
47.91178849363522	4.672903017844345
75.14155769751287	6.963693170973123
75.09632264720072	26.05822948283447
80.41701479029183	6.156708979206244
75.50356711660767	14.10168933490729
76.14159215845046	7.250154669680089
90.12852863701389	-4.265979387768462
72.45710146138985	-1.466906190510299
67.48038486523079	12.854151186895924
64.07078469430644	24.48674775366788
64.18828689856909	7.22247948790276
68.20764873132467	18.47183014641709
73.69805935633165	4.976698173132164
85.79537041067326	-11.33961167151557
79.26052919452644	-4.786736605750972
83.97528214762167	-8.626794230716659
78.37492630810586	20.960568669284065
84.08276961523838	20.730280701251193
72.64447721802703	-4.427769871193233
74.49995315596254	9.632897916797729
76.1639962559865	11.726282153665661
56.448884248613965	16.114384913170504
73.91977044901441	-2.1053477775338223
86.89432011816312	-12.792879604502748
58.54129050365823	5.31719287080593
62.200249293845765	12.270797235646096
70.82910547850501	-3.1589908795896626
70.99086179906396	-11.960588948145322
82.0550037432791	9.132116681056605
74.66245386932037	1.1907423534206707
82.67621840523013	10.550053116947847
72.53299728561831	17.086816537778567
64.15105031873155	5.253663699960223
76.127150477037	0.8976712997348812
72.35815869261671	-13.077288381124358
79.0913001268944	6.947763353613429
97.19919498856828	4.675167762146113
93.92142529454526	2.9409874540946124
75.60393935898352	-0.1744180517996865
79.88950581731311	-15.234595588239706
89.14905853102437	-2.2310684346571525
83.87330997574776	12.67875696317185
62.553679149849444	21.50589759760937
69.1421096616487	12.912850110253505
65.90300212257083	15.669950885580013
65.75637495164732	19.686145326169466
80.04029765820748	3.5242966570588132
71.86457306590512	20.480517343186058
76.26292987058193	-10.929402024797273
72.86562636111574	-10.788837713983666
59.378101615076666	-5.033741179375195
70.22377921883283	-11.977182527919737
71.07348701011905	25.600660545692634
74.40793426150151	11.833841365292033
76.79914270215981	10.672030421245704
77.05641647555798	11.011932371034021
78.11105845296986	-7.271247976202362
63.937875222758564	-0.2602532930435135
87.36252289986409	-1.661707198151829
70.50090362838432	5.886246669949892
84.42021963706384	5.297008290956627
77.45013521008914	14.626814839337586
68.20000676363343	12.03460521994912
71.09767056242143	17.825013339351965
65.71879383720315	-9.422634393022973
69.9580661272772	-6.345403112767579
76.03806629219838	5.145032213710307
79.31762257368563	10.246709561096456
83.38316665261453	18.34012093265128
82.88126470075287	-4.264331379341202
64.65784929781024	3.1190769764273525
73.04759586606515	-3.0053338789724204
60.90698622026464	7.635191995977657
62.48409622120276	0.15397194131794123
71.04915911004275	10.915661997888591
97.2258925691118	-6.273700508768465
72.53840344167338	12.090024468824197
73.59449644805038	-1.1432467915533744
76.47762656106305	13.423268879636433
72.09871559512547	5.843664806520306
75.38924540908425	3.9189924556234277
70.49596134505424	14.892461460260668
58.81001675676588	-1.04502984015069
69.54810548247517	26.118072081156306
68.45524072758242	4.4342151469502555
75.7354471125314	13.289853060816414
70.5280487178552	7.4573792386458875
52.76766537380078	16.947885908833715
88.70117093384917	-3.1579470226549784
78.04668678702934	3.6253267305814445
88.85851440678064	5.861702836302768
57.3346267883461	12.841678571693642
71.59116810077431	10.855694551236516
70.83566369842208	11.25591383508069
75.34464213743459	17.435541591733546
79.00818058271051	-15.429287141142229
44.86549077657756	11.939541140264751
88.00869368637007	-2.774031029281419
65.77278456134519	-9.607586154324332
72.33095075866697	1.8727060958659902
68.73024017463743	17.833342906370696
56.68603684273096	6.46052537915585
59.7731091852955	9.612591018980947
70.56859243153187	-20.394367642796258
67.60645944526937	-24.36059920300118
86.11774793127124	0.7191204839548728
63.61632677714074	12.554420053174788
52.22939287413661	-6.07143283903441
70.04694989451227	16.30922424928688
66.17747629879803	-3.058345808555023
80.19827300704428	21.90269740654006
68.16912010651765	8.798484732683871
56.61839196877306	-6.971946153633567
75.64579027343113	3.4521702858508525
67.60954114349573	3.804907728427839
63.89604060200193	7.8125209396537265
77.04397559041357	-4.233871221081333
78.55463757870398	0.2465767757691415
64.2844325299694	19.810842272010404
69.65040826250073	23.748019904750777
77.60960536019557	13.082392248976232
75.70150161334017	-9.708860662561644
88.63933068510177	5.626641201631661
83.13553958497393	2.7832468537397204
72.68473222413537	-12.233454310224044
95.0944027621704	10.704487180312812
70.01618420039706	-0.5524539900246346
77.84642362433299	9.150134871201233
54.75030972862107	0.9938297031365293
72.14402984467814	2.748854944798037
47.141556282559314	-8.673634592341958
75.87658182057682	3.302230551375363
69.53938310160733	7.14920322685072
78.23989100119775	3.651269419252314
92.93681901480655	-2.2743891150119397
73.25202492662746	-13.171463681126937
67.69037017956472	-0.4467418370395002
55.0923467181547	1.013509933599507
81.25343038838912	0.6508782801074089
57.098925232058924	16.021408200304798
79.78365927929988	8.772208504862487
69.0711985101402	1.726783160398
63.738653437424446	26.89518851588607
65.35515424179029	-2.660461177852932
53.43367915336884	-3.500468183022244
77.1644635444649	-7.581859909586514
83.18238003032909	4.458262854027147
60.44087166301861	4.050308724494229
77.93839115152181	-14.961633664727628
67.73892538031703	3.3546369972250587
71.1479148372291	-1.303230620702407
66.71622909604464	5.51559568953402
86.69972528170614	4.156641034258552
82.04076758796428	14.860612888817025
59.16425625892568	4.2031916813662065
66.00608587940076	2.6381749153068568
74.8576359900072	39.5021058731956
81.81993874410468	-3.315662300594777
85.3163572562269	-10.725545180164865
58.05519355603849	-13.507497618424459
71.38611029288879	2.4698100403729364
70.16529746811393	1.7519103979419883
75.94264520742642	3.706452501776539
60.15623512390036	1.4437196716377652
76.85042111281719	23.40627207946377
89.24772142337643	-9.309027581052604
67.72484043743901	6.38282951766103
72.24139312710714	-6.963546854371145
83.08829065848842	9.337206692211609
67.78672806507316	9.223268206338396
57.356711640438554	12.852429574806628
74.7343406635394	9.799116592735551
70.16898765024416	-8.802295595076606
68.86380151152918	4.59159312656257
78.64217501143472	-11.851178369959811
52.550301524583574	23.29656274708961
75.38960333477557	2.5804198308790514
67.12404055285307	8.135959663804034
67.48161806897038	32.61063349033856
64.44794076516622	-7.3799052331283495
67.04192423577506	12.360925831843367
80.02439700141412	-7.324879328946599
69.9914805085004	1.7617419512089385
59.974158444192256	-1.570901543309259
72.1990977923908	-1.1220802335354305
71.6608750353367	1.8680325108797482
68.2108988244378	12.914343486850955
80.33504557911309	-0.504749754082229
78.55125852526925	0.15397028315028027
91.37895880936027	-0.7671378580767536
87.1807369355406	-4.572875001653989
75.64149115517557	7.065332390562212
72.12460685686405	7.361187526868078
77.98445514260723	16.722401711442394
62.89581342916921	3.2885393612178113
79.94656606311506	4.520037918488357
64.08593626399664	10.123663867343206
69.10039314514096	3.1815892495857976
70.80664645796998	1.090658084983529
62.462902822000245	3.278075570853919
80.8044521329455	14.524564992380446
71.94125923895882	29.148697298210386
74.23345434439462	4.490227016491882
78.8634795051973	7.510590549057225
57.78672091541412	3.286959212533067
80.32067265824386	8.840854321127384
68.60022813279934	5.786047762678908
67.67460834127048	-3.210816597835665
66.95246032616257	4.634592998761584
58.182000377376994	1.8744443221686407
74.87591546870831	11.787746764340875
75.09902431614191	5.090207851226693
80.6433741959906	10.341552356909958
64.71359508194003	4.193405926474647
74.18293833853669	-5.235291405992321
71.35529615638261	5.023350094626699
78.72342757128364	3.96490639601888
70.2004749877391	-5.228700582920766
68.6832796107465	12.635394299611178
62.25344382808683	11.379285917909279
79.06157145433605	3.9906013686275643
69.5852984485397	22.45033188229498
64.31960760693755	-1.6979397016282043
78.76170090770498	17.55493705065885
71.21066711573012	-9.477007370200203
79.75504142437303	4.655942919524919
73.04053180293448	4.901319967146985
64.59740639800333	13.576073291874073
58.811471570236456	-9.75929627158929