14.366583968892165	53.897601572374654
38.524521428058506	69.84299030697903
40.63523681824735	35.03792565276994
40.63523681824735	35.03792565276994
33.45170843507468	67.80306339633945
33.45170843507468	67.80306339633945
37.265185300045886	77.29811413067576
37.265185300045886	77.29811413067576
30.374320566666864	51.16170777753702
30.374320566666864	51.16170777753702
31.91744879859492	1.589937993812807
61.751610721589245	28.98784814063493
61.751610721589245	28.98784814063493
57.06014733288198	97.19742527077852
57.06014733288198	97.19742527077852
58.95801643231181	69.22984508659005
58.95801643231181	69.22984508659005
87.74533858726232	35.459924470021804
87.74533858726232	35.459924470021804
83.1159524162632	85.17523677162434
83.1159524162632	85.17523677162434
1.7022931029740607	64.7279909728441
1.7022931029740607	64.7279909728441
5.5157684927303094	74.22304318239536
5.5157684927303094	74.22304318239536
5.5157684927303094	74.22304318239536
97.61603663911795	64.87153201550747
97.61603663911795	64.87153201550747
0.15916487104600607	15.29976223178327
0.15916487104600607	15.29976223178327
94.52977870004689	65.01507305817084
94.52977870004689	65.01507305817084
77.02361120402068	95.18372934732993
77.02361120402068	95.18372934732993
78.92148177866547	67.21614916314147
78.92148177866547	67.21614916314147
74.22114831929495	53.21062147953591
74.22114831929495	53.21062147953591
75.83522531480935	67.35968873058987
75.83522531480935	67.35968873058987
68.8645432223957	93.28734200413878
91.80748753079087	32.76337715597064
86.61051567674592	67.71198432805804
86.61051567674592	67.71198432805804
88.72123106693476	32.906918198634
81.25391057984665	8.788703377445959
81.25391057984665	8.788703377445959
85.63497460307865	33.050457766082424
85.63497460307865	33.050457766082424
15.502112641848822	46.21648047325644
15.502112641848822	46.21648047325644
17.612828032037672	11.41141581904736
12.699649757123105	4.24337408067738
5.055311717504245	80.60853162635804
5.055311717504245	80.60853162635804
6.607307069665634	14.251866656382964
98.70757521605327	4.900356964710049
98.70757521605327	4.900356964710049
3.521050605809513	14.395406223831385
3.521050605809513	14.395406223831385
95.33752369785181	47.1605439674009
95.33752369785181	47.1605439674009
97.44824056325561	12.355479313191818
97.44824056325561	12.355479313191818
92.25126870921065	47.30408353484931
92.25126870921065	47.30408353484931
92.25126870921065	47.30408353484931
22.606175071992027	28.30086804779619
22.606175071992027	28.30086804779619
26.463994914204697	52.87144432609315
26.463994914204697	52.87144432609315
19.56426158537738	43.519933159205266
19.56426158537738	43.519933159205266
21.107391292520393	92.94816337548107
21.107391292520393	92.94816337548107
16.194213017605826	85.78012163711108
16.194213017605826	85.78012163711108
9.223529449977214	12.707771960230072
9.223529449977214	12.707771960230072
10.837606445491605	26.85684068649899
10.837606445491605	26.85684068649899
30.65882138345246	33.61599910121261
60.08467650982017	78.33362064893765
60.08467650982017	78.33362064893765
54.8611003446453	64.63691190456268
54.8611003446453	64.63691190456268
56.971815734834145	29.831845775138646
56.971815734834145	29.831845775138646
49.504493772531085	5.713632429165549
49.504493772531085	5.713632429165549
53.885559270978035	29.97538829301697
53.885559270978035	29.97538829301697
46.702030887805364	62.74052456137153
46.702030887805364	62.74052456137153
48.24515911973342	13.16875477764733
48.24515911973342	13.16875477764733
33.63900758314919	98.67666893541107
33.63900758314919	98.67666893541107
33.63900758314919	98.67666893541107
26.109606927923043	93.05272189319399
26.109606927923043	93.05272189319399
28.29127108169823	22.96849427376308
28.29127108169823	22.96849427376308
23.02335193928189	93.1962614606424
23.02335193928189	93.1962614606424
25.20501461784211	23.112033841211503
25.20501461784211	23.112033841211503
19.937094000210823	93.33980102809082
19.937094000210823	93.33980102809082
49.079157022663104	81.17407148627326
49.079157022663104	81.17407148627326
51.18987241285194	46.36900535684922
51.18987241285194	46.36900535684922
45.966294772462106	32.67229808768922
35.98030645499364	23.46432943867966
37.52343468692169	72.8925581797405
66.66549623415901	60.726827162707984
71.04656025739101	84.98858302655941
71.04656025739101	84.98858302655941
63.58810689053624	44.0854730191205
63.58810689053624	44.0854730191205
63.58810689053624	44.0854730191205
65.69882228072508	9.28040836491142
60.50185190189507	44.22901406178387
60.50185190189507	44.22901406178387
60.50185190189507	44.22901406178387
53.53116980948142	70.15666586011781
53.53116980948142	70.15666586011781
57.41559543803896	44.372555104447244
57.41559543803896	44.372555104447244
86.7705032760353	25.3693366669642
86.7705032760353	25.3693366669642
88.66837385068008	96.40175795799068
88.66837385068008	96.40175795799068
83.44479621029026	82.70504921361572
83.44479621029026	82.70504921361572
76.47411411787661	9.632701011949662
76.47411411787661	9.632701011949662
78.08819111339099	23.781769738218593
78.08819111339099	23.781769738218593
78.08819111339099	23.781769738218593
73.38785912923544	9.776243529827997
73.38785912923544	9.776243529827997
75.00193464953487	23.925309305667
75.00193464953487	23.925309305667
32.47334283643144	33.857787699551565
32.47334283643144	33.857787699551565
27.560164561516885	26.689745961181583
27.560164561516885	26.689745961181583
29.11216138889323	59.33307951599155
29.11216138889323	59.33307951599155
22.212428060065914	49.98156982431864
22.212428060065914	49.98156982431864
26.02590492503711	59.47662203386989
26.02590492503711	59.47662203386989
26.02590492503711	59.47662203386989
19.126171596209794	50.125110866982006
19.126171596209794	50.125110866982006
50.18384090898849	75.42201076847427
50.18384090898849	75.42201076847427
52.365503587548716	5.337783149043351
66.59066135150641	10.36583211713302
59.619979259092766	36.293483915466965
59.619979259092766	36.293483915466965
72.00934661654372	50.794845288774134
76.39041211499068	75.05660115262556
58.946323311887554	86.73099113802864
58.946323311887554	86.73099113802864
58.946323311887554	86.73099113802864
61.0570387020764	51.925925008604594
61.0570387020764	51.925925008604594
55.860066848031444	86.87453070547706
55.860066848031444	86.87453070547706
48.89825335106609	96.01728731756013
48.89825335106609	96.01728731756013
50.796122450495915	68.04970713337167
50.796122450495915	68.04970713337167
45.528204783294534	39.277475795465946
45.528204783294534	39.277475795465946
47.70986746185475	68.19324965125
47.70986746185475	68.19324965125
78.76753677463346	93.4901480775273
78.76753677463346	93.4901480775273
71.86780344580613	84.13863838585438
71.86780344580613	84.13863838585438
73.41093020251922	34.56686712691521
73.41093020251922	34.56686712691521
68.75494119560514	35.63686498727032
68.75494119560514	35.63686498727032
68.75494119560514	35.63686498727032
70.65281177024994	7.669284803081855
70.65281177024994	7.669284803081855
63.114542519575494	18.83023147190067
63.114542519575494	18.83023147190067
94.8107477542013	23.614673537686226
94.8107477542013	23.614673537686226
96.35387451091441	73.04290522917698
96.35387451091441	73.04290522917698
89.45414265730204	63.69139406228909
89.45414265730204	63.69139406228909
93.26761952227325	73.18644479662538
93.26761952227325	73.18644479662538
86.37675478889423	47.05003844348665
86.37675478889423	47.05003844348665
81.10883417126293	18.277808580795885
81.10883417126293	18.277808580795885
81.10883417126293	18.277808580795885
83.00670622112267	89.31022839660741
83.00670622112267	89.31022839660741
13.36161258390406	70.30701143433934
13.36161258390406	70.30701143433934
17.246038212461595	44.522899203453804
17.246038212461595	44.522899203453804
10.27535612004794	70.4505524770027
10.27535612004794	70.4505524770027
11.889431640347375	84.59962120327164
11.889431640347375	84.59962120327164
7.233442633433292	85.66961611319684
7.233442633433292	85.66961611319684
98.69517485797381	96.83056278201565
98.69517485797381	96.83056278201565
1.5930439574036375	68.86298407304214
1.5930439574036375	68.86298407304214
1.5930439574036375	68.86298407304214
85.91594365723307	90.65005972081275
85.91594365723307	90.65005972081275
87.53002065274747	5.799128447081679
87.53002065274747	5.799128447081679
80.55933708511886	31.726780245415625
80.55933708511886	31.726780245415625
75.3623652310739	66.67538594228807
75.3623652310739	66.67538594228807
77.48195069192599	15.08542462661318
77.48195069192599	15.08542462661318
72.28497883788104	50.03403179870059
72.28497883788104	50.03403179870059
74.39569422806989	15.22896566927655
16.85617584438678	52.84375899077303
19.037838522947002	81.7595328465571
19.037838522947002	81.7595328465571
13.769917905315703	52.98730003343641
13.769917905315703	52.98730003343641
15.951582059090892	81.9030724140055
15.951582059090892	81.9030724140055
10.692531512122844	36.34594588984893
10.692531512122844	36.34594588984893
40.118388113705514	81.06356743757397
40.118388113705514	81.06356743757397
41.661514870418614	31.49179617863481
41.661514870418614	31.49179617863481
36.74833659550406	24.32375444026483
36.74833659550406	24.32375444026483
38.85905198569289	88.51868978605575
38.85905198569289	88.51868978605575
31.391731498604795	64.4004749648677
31.391731498604795	64.4004749648677
26.7357424916907	65.47047135000786
26.7357424916907	65.47047135000786
26.7357424916907	65.47047135000786
28.278869248403808	15.898700091068681
11.402369078776433	42.33979520598689
11.402369078776433	42.33979520598689
11.402369078776433	42.33979520598689
15.21584594374764	51.83484594032318
15.21584594374764	51.83484594032318
8.03231903578992	84.59998368389269
8.03231903578992	84.59998368389269
10.14303442597877	49.79491902968361
10.14303442597877	49.79491902968361
4.94606257193381	84.74352325134112
4.94606257193381	84.74352325134112
96.98424907496845	93.88627986342419
96.98424907496845	93.88627986342419
1.8686747035259934	68.10216910775362
1.8686747035259934	68.10216910775362
31.223582541522326	49.0989536207005
31.223582541522326	49.0989536207005
32.83765806182176	63.24802087175446
32.83765806182176	63.24802087175446
28.137326077666206	49.24249318814892
28.137326077666206	49.24249318814892
20.953799169708496	82.00763093171842
20.953799169708496	82.00763093171842
22.49692740163656	32.435859672779266
22.49692740163656	32.435859672779266
17.84093839472247	33.50585753313438
17.84093839472247	33.50585753313438
19.455013915021905	47.654926259403304
19.455013915021905	47.654926259403304
48.80992175301824	28.651707821920265
48.80992175301824	28.651707821920265
43.61294989897329	63.600314994007675
43.61294989897329	63.600314994007675
45.72366528916213	28.795250339798592
45.72366528916213	28.795250339798592
38.54013690598946	61.56038808336811
38.54013690598946	61.56038808336811
42.353615246175615	71.05543734248944
42.353615246175615	71.05543734248944
35.46275051279659	44.91903246456567
35.46275051279659	44.91903246456567
66.52041982557529	70.21593089084297
66.52041982557529	70.21593089084297
66.52041982557529	70.21593089084297
68.70208250413552	0.13170474662700993
61.16381472867603	11.292651415445826
61.16381472867603	11.292651415445826
65.61582751549436	0.2752443140754195
65.61582751549436	0.2752443140754195
58.07755826481992	11.436190982894246
58.07755826481992	11.436190982894246
26.567946415828363	12.954418647692187
57.69656301697843	2.972155583962614
57.69656301697843	2.972155583962614
59.80727840716728	67.16709092975353
59.80727840716728	67.16709092975353
52.33995792007918	43.04887610856549
52.33995792007918	43.04887610856549
47.639625935923625	29.043348424959937
47.639625935923625	29.043348424959937
49.25370145622306	43.19241715122886
85.11812589853682	79.07609955088644
86.66125413046488	29.504329767162236
86.66125413046488	29.504329767162236
79.76152227685252	20.15282007548931
79.76152227685252	20.15282007548931
64.84496989957806	0.13206722724806985
64.84496989957806	0.13206722724806985
66.38809813150611	49.56029744352387
66.38809813150611	49.56029744352387
59.48836332746384	40.2087892270659
59.48836332746384	40.2087892270659
63.30184166765	49.70383848618724
63.30184166765	49.70383848618724
56.402108338822686	40.352328794514314
56.402108338822686	40.352328794514314
51.13418772119139	11.580095981393644
51.13418772119139	11.580095981393644
79.30957826542469	46.96794616656456
79.30957826542469	46.96794616656456
80.9236552609391	61.11701341761852
80.9236552609391	61.11701341761852
80.9236552609391	61.11701341761852
76.22332180156859	47.111485734012966
76.22332180156859	47.111485734012966
68.75600131448049	22.993270912824926
70.86671670466932	87.18820478340089
70.86671670466932	87.18820478340089
70.86671670466932	87.18820478340089
2.9953347810343582	77.20594319488627
2.9953347810343582	77.20594319488627
4.866599569334267	0.5930500446653267
4.866599569334267	0.5930500446653267
96.89591600170566	26.520701842999284
96.89591600170566	26.520701842999284
91.69894562287566	61.469307539871735
91.69894562287566	61.469307539871735
93.8096610130645	26.66424288566265
93.8096610130645	26.66424288566265
88.61268915901954	61.61284710732014
88.61268915901954	61.61284710732014
90.72340454920838	26.80778245311106
90.72340454920838	26.80778245311106
20.59054258797856	39.97380516028509
20.59054258797856	39.97380516028509
15.89020912860805	25.96827747667954
15.89020912860805	25.96827747667954
17.788079703252844	97.00069729249107
17.788079703252844	97.00069729249107
10.249810452578405	9.161645436524843
10.249810452578405	9.161645436524843
14.701823239396724	97.14423833515444
14.701823239396724	97.14423833515444
7.163553988722285	9.305185003973264
7.163553988722285	9.305185003973264
9.345218142497462	38.22095738454235
9.345218142497462	38.22095738454235
9.345218142497462	38.22095738454235
93.10053068406611	45.24132937801279
93.10053068406611	45.24132937801279
86.17419156889392	86.24450524509244
86.17419156889392	86.24450524509244
88.07206066832376	58.276926536118935
88.07206066832376	58.276926536118935
82.80414152590743	29.504693722998265
82.80414152590743	29.504693722998265
84.9858056796826	58.42046610356736
84.9858056796826	58.42046610356736
79.71788506205131	29.648233290446676
79.71788506205131	29.648233290446676
10.143741663633973	74.36585483817173
10.143741663633973	74.36585483817173
11.695738491010331	8.009189868196653
11.695738491010331	8.009189868196653
7.066352320011198	57.72450069458424
7.066352320011198	57.72450069458424
8.609480551939253	8.152730910860033
8.609480551939253	8.152730910860033
1.4259536439815437	40.91786865442955
1.4259536439815437	40.91786865442955
95.72562165982599	26.912340970823998
95.72562165982599	26.912340970823998
97.3396986553404	41.061408221877954
97.3396986553404	41.061408221877954
27.69460501812177	22.05819273482484
27.69460501812177	22.05819273482484
31.579030646679303	95.27408197915426
31.579030646679303	95.27408197915426
24.652693006722068	37.277257846233915
24.652693006722068	37.277257846233915
19.38477238909078	8.505025033113244
18.196386499879456	79.68098589158814
47.55129286266083	60.67776892932005
47.55129286266083	60.67776892932005
47.55129286266083	60.67776892932005
49.174238453623516	58.04194246933812
44.47390646946796	44.03641478573257
44.47390646946796	44.03641478573257
37.0065845071649	19.918199964544527
37.0065845071649	19.918199964544527
39.11730137256871	84.1131338351205
39.11730137256871	84.1131338351205
34.20412162243919	76.94509357196546
34.20412162243919	76.94509357196546
34.20412162243919	76.94509357196546
35.74724985436724	27.373322313026296
35.74724985436724	27.373322313026296
18.870749684739867	53.8144174279445
18.870749684739867	53.8144174279445
13.64717204435004	40.117708683569525
13.64717204435004	40.117708683569525
15.75788743453888	5.312644029360446
15.75788743453888	5.312644029360446
10.56091558049392	40.26124825101794
10.56091558049392	40.26124825101794
12.67163097068277	5.456183596808856
12.67163097068277	5.456183596808856
5.488104062725061	38.221321340378374
5.488104062725061	38.221321340378374
36.54577337550375	63.51822124187063
36.54577337550375	63.51822124187063
38.72743605406397	92.43399362243971
38.72743605406397	92.43399362243971
31.198036874052782	86.81004510500767
31.198036874052782	86.81004510500767
35.65004966087111	75.79263947885224
35.65004966087111	75.79263947885224
28.111780410196673	86.95358614767105
28.111780410196673	86.95358614767105
28.111780410196673	86.95358614767105
30.29344456397185	16.869358528240138
30.29344456397185	16.869358528240138
25.025523946340552	87.09712571511947
25.025523946340552	87.09712571511947
54.16758696879284	74.93139469808695
54.16758696879284	74.93139469808695
56.27830235898168	40.12633004387787
56.27830235898168	40.12633004387787
51.05472471859184	26.429621299502898
51.05472471859184	26.429621299502898
53.23638887236702	55.34539515528696
53.23638887236702	55.34539515528696
47.96846825473573	26.573162342166274
47.96846825473573	26.573162342166274
41.068736401123374	17.22165265049335
41.068736401123374	17.22165265049335
41.068736401123374	17.22165265049335
42.611863157836474	66.64988139155417
42.611863157836474	66.64988139155417
74.0242748133319	14.550972367797137
74.0242748133319	14.550972367797137
76.13499020352074	78.74590771358805
76.13499020352074	78.74590771358805
68.66766971643264	54.62769141718504
68.66766971643264	54.62769141718504
63.97620485251042	23.837268547328637
63.97620485251042	23.837268547328637
65.59028037280986	37.986337273597556
65.59028037280986	37.986337273597556
58.61959975561116	63.9139890719315
58.61959975561116	63.9139890719315
62.504025384168706	38.129878316260935
62.504025384168706	38.129878316260935
19.975432095850312	48.06235523493053
9.679044412906563	32.32571957991599
13.56347004146411	6.541608824245426
6.5927879490504555	32.46926062257937
6.5927879490504555	32.46926062257937
8.206863469349889	46.61832787363333
8.206863469349889	46.61832787363333
39.832119940389376	86.68193290464072
39.832119940389376	86.68193290464072
32.64859303243167	20.447070648210232
32.64859303243167	20.447070648210232
34.19172126435972	69.87529938927106
34.19172126435972	69.87529938927106
34.19172126435972	69.87529938927106
29.571205164023837	3.8057150294077893
29.571205164023837	3.8057150294077893
31.11433487116685	53.23394524568358
31.11433487116685	53.23394524568358
24.214601542339533	43.882435554010655
24.214601542339533	43.882435554010655
55.27227085511824	69.17933398028795
55.27227085511824	69.17933398028795
57.45393353367845	98.09510636085705
57.45393353367845	98.09510636085705
52.186012916047154	69.32287502295132
52.186012916047154	69.32287502295132
54.05727917956204	91.70998187273038
54.05727917956204	91.70998187273038
47.15754585073472	82.3584707058425
47.15754585073472	82.3584707058425
47.15754585073472	82.3584707058425
41.88962523310342	53.58623789272182
41.88962523310342	53.58623789272182
44.0712893868786	82.50201174850588
44.0712893868786	82.50201174850588
72.85860859139919	48.73209113193763
72.85860859139919	48.73209113193763
77.31062137821752	37.71468403056723
77.31062137821752	37.71468403056723
69.77235360275803	48.87563069938604
69.77235360275803	48.87563069938604
71.67022270218787	20.908050515197573
71.67022270218787	20.908050515197573
66.97875931348061	89.11762912055612
66.97875931348061	89.11762912055612
59.51143735117754	64.99941282415311
59.51143735117754	64.99941282415311
61.62215274136639	30.19434964515899
61.62215274136639	30.19434964515899
46.44841404652137	1.9355586734076136
46.44841404652137	1.9355586734076136
48.55912943671022	66.13049254398358
48.55912943671022	66.13049254398358
43.36215758266526	2.0790997160709814
43.36215758266526	2.0790997160709814
36.15202636357764	85.19892154317812
36.15202636357764	85.19892154317812
35.17648381469541	50.537397931632405
35.17648381469541	50.537397931632405
64.03475178280233	80.48831434984233
64.03475178280233	80.48831434984233
59.334419798646785	66.48278814145173
59.334419798646785	66.48278814145173
60.94849679416117	80.6318553925057
60.94849679416117	80.6318553925057
53.97781470174752	7.559507190839649
53.97781470174752	7.559507190839649
58.15490250488375	21.87385381367578
58.15490250488375	21.87385381367578
50.61663325420931	33.03479900727964
50.61663325420931	33.03479900727964
52.798295932769534	61.950572863063684
52.798295932769534	61.950572863063684
83.85596672076319	87.24747276455594
73.84337114173488	29.394188199084013
73.84337114173488	29.394188199084013
75.7412402411647	1.4266094901104909
75.7412402411647	1.4266094901104909
70.47332257396333	71.65437667698983
70.47332257396333	71.65437667698983
0.899176225116089	17.371998224714872
0.899176225116089	17.371998224714872
0.899176225116089	17.371998224714872
2.4423044570441435	66.80022844099067
2.4423044570441435	66.80022844099067
96.81292123647493	17.51553926737824
96.81292123647493	17.51553926737824
98.35604946840299	66.94376800843908
98.35604946840299	66.94376800843908
91.45631466436072	57.592258316766156
91.45631466436072	57.592258316766156
86.19726411739268	12.035131792609574
86.19726411739268	12.035131792609574
88.09513469203746	83.0675516084211
88.09513469203746	83.0675516084211
71.1476842836088	45.78780821334618
71.1476842836088	45.78780821334618
75.03211138738129	20.003695982460645
75.03211138738129	20.003695982460645
68.06142781975268	45.93134778079459
68.06142781975268	45.93134778079459
62.86445744092267	80.879954952882
62.86445744092267	80.879954952882
65.01951580835299	61.1504114169887
65.01951580835299	61.1504114169887
57.48124508246359	72.31135808580754
57.48124508246359	72.31135808580754
61.64946576536647	4.410601370109485
61.64946576536647	4.410601370109485
61.64946576536647	4.410601370109485
91.00437212814785	84.40738440784139
91.00437212814785	84.40738440784139
92.61844912366224	98.55645165889537
92.61844912366224	98.55645165889537
87.91811713950669	84.55092545050478
87.91811713950669	84.55092545050478
80.45079517720363	60.432709154101765
80.45079517720363	60.432709154101765
82.56151056739247	25.627644499892682
82.56151056739247	25.627644499892682
77.37340878401078	43.79135501051428
77.37340878401078	43.79135501051428
79.48412417419962	8.986290356305197
79.48412417419962	8.986290356305197
9.626185721436938	95.82055933927268
9.626185721436938	95.82055933927268
4.358265103805641	67.04832800136697
4.358265103805641	67.04832800136697
6.539929257580829	95.96410038193606
6.539929257580829	95.96410038193606
1.2720086399495316	67.19186756881538
1.2720086399495316	67.19186756881538
3.4536742689396673	96.10764142459942
3.4536742689396673	96.10764142459942
3.4536742689396673	96.10764142459942
94.95974652029173	23.34411216216396
94.95974652029173	23.34411216216396
27.585004466546174	63.40771719317133
27.585004466546174	63.40771719317133
29.482873565976004	35.440137008982866
29.482873565976004	35.440137008982866
21.94460579051652	46.60108367780168
21.94460579051652	46.60108367780168
26.39661857733484	35.58367657643127
26.39661857733484	35.58367657643127
18.858347851445444	46.744623245250104
18.858347851445444	46.744623245250104
18.761147657949316	95.16394041107604
20.304275889877367	45.59216915213687
20.304275889877367	45.59216915213687
13.12074898191966	78.35730689570639
8.420415522549158	64.3517806873158
8.420415522549158	64.3517806873158
10.03449251806355	78.50084793836976
10.03449251806355	78.50084793836976
3.072679021098188	87.64360455045285
3.072679021098188	87.64360455045285
6.957104649655722	61.85949379478227
11.950453164825047	78.7489460235311
11.950453164825047	78.7489460235311
14.061168555013888	43.943881369322014
14.061168555013888	43.943881369322014
42.8928322119909	25.249483346284517
42.8928322119909	25.249483346284517
47.34484499880923	14.23207772012907
47.34484499880923	14.23207772012907
39.80657427291983	25.393024388947897
39.80657427291983	25.393024388947897
41.988238426695006	54.30879676951699
41.988238426695006	54.30879676951699
36.72031780906372	25.536565431611265
36.72031780906372	25.536565431611265
29.536790901106	58.301703175180776
29.536790901106	58.301703175180776
31.656376361958102	6.711741859505876
31.656376361958102	6.711741859505876
62.784992963108174	95.72948027099126
62.784992963108174	95.72948027099126
64.89570835329702	60.92441561678218
64.89570835329702	60.92441561678218
59.698736499252064	95.87301983843969
59.698736499252064	95.87301983843969
59.698736499252064	95.87301983843969
52.72805588205337	22.800671636773625
54.3421314023528	36.949740363042544
54.3421314023528	36.949740363042544
49.641797942982286	22.944212679436994
49.641797942982286	22.944212679436994
49.641797942982286	22.944212679436994
51.53966999284204	93.97663397046348
51.53966999284204	93.97663397046348
80.37133217460409	75.28223594742599
80.37133217460409	75.28223594742599
75.67100019044854	61.27670826382043
75.67100019044854	61.27670826382043
43.9041990734565	54.55689632989329
45.44732730538457	4.985126546169079
40.817942609600394	54.70043737255666
40.817942609600394	54.70043737255666
69.60526328933594	20.930515280773452
71.47652660242089	43.317622130552515
71.47652660242089	43.317622130552515
61.49053828495243	34.109652006328005
56.22261766732113	5.3374191932073325
56.22261766732113	5.3374191932073325
58.404281821096305	34.25319304899138
58.404281821096305	34.25319304899138
89.461951133875	59.55009295048364
89.461951133875	59.55009295048364
91.36869030396808	14.797617580044303
91.36869030396808	14.797617580044303
84.39800673633947	40.72527085359321
84.39800673633947	40.72527085359321
79.20103635750947	75.67387507525069
79.20103635750947	75.67387507525069
81.31175174769832	40.868810421041616
81.31175174769832	40.868810421041616
73.84442978539526	16.750594124638614
73.84442978539526	16.750594124638614
78.2254952838422	41.012351463704995
78.2254952838422	41.012351463704995
8.083764727164088	70.96326788191492
8.083764727164088	70.96326788191492
9.955028040249047	93.35037473169398
9.955028040249047	93.35037473169398
5.254696056093493	79.34484557287347
5.254696056093493	79.34484557287347
96.78737409379043	55.22663222690038
96.78737409379043	55.22663222690038
98.89808948397928	20.42156609747634
98.89808948397928	20.42156609747634
93.70111910514929	55.37017179434879
93.70111910514929	55.37017179434879
93.70111910514929	55.37017179434879
95.81183449533812	20.56510714013971
95.81183449533812	20.56510714013971
80.63809432527815	91.30631616838834
80.63809432527815	91.30631616838834
73.67628230352774	1.4490727804714227
73.67628230352774	1.4490727804714227
75.57415287817254	72.4814940714979
75.57415287817254	72.4814940714979
70.30623226054124	43.70926125837723
70.30623226054124	43.70926125837723
72.48789641431642	72.62503363894632
72.48789641431642	72.62503363894632
64.94962568842702	83.78598030776514
64.94962568842702	83.78598030776514
64.94962568842702	83.78598030776514
96.6458323982678	88.57042384876566
96.6458323982678	88.57042384876566
98.18896063019585	38.99865406504144
98.18896063019585	38.99865406504144
91.26262003980871	80.0018299321211
91.26262003980871	80.0018299321211
95.43084072271161	12.101071741208086
95.43084072271161	12.101071741208086
87.89256999682219	23.2620184100269
87.89256999682219	23.2620184100269
90.07423415059738	52.177790790596
90.07423415059738	52.177790790596
90.07423415059738	52.177790790596
84.80631500818104	23.405557977475322
84.80631500818104	23.405557977475322
15.232170134548754	68.12317952520037
15.232170134548754	68.12317952520037
19.04564847473492	77.61823025953667
19.04564847473492	77.61823025953667
12.154782266140938	51.48182538161289
12.154782266140938	51.48182538161289
13.697910498068993	1.9100541226737215
13.697910498068993	1.9100541226737215
8.784733698369383	93.74201238430373
8.784733698369383	93.74201238430373
1.814050130740771	20.669665657852644
36.667462068024	89.03140519096794
36.667462068024	89.03140519096794
29.74112147763685	31.034581058047603
29.74112147763685	31.034581058047603
24.47320233522052	2.2623497201418914
24.47320233522052	2.2623497201418914
26.371071434650347	73.2947695359534
26.371071434650347	73.2947695359534
26.371071434650347	73.2947695359534
19.40039081745165	0.2224213342873559
19.40039081745165	0.2224213342873559
23.284816446009184	73.43830910340183
23.284816446009184	73.43830910340183
6.337366037580525	36.1585657083269
6.337366037580525	36.1585657083269
1.1403941835355649	71.10717140519935
1.1403941835355649	71.10717140519935
3.259978169172697	19.517211564739412
3.259978169172697	19.517211564739412
94.79265620686964	94.3989952683364
94.79265620686964	94.3989952683364
0.17372170531658793	19.660751132187833
0.17372170531658793	19.660751132187833
91.99019479735888	52.42588887575734
91.99019479735888	52.42588887575734
93.53332302928693	2.85411761681818
93.53332302928693	2.85411761681818
26.22952826391276	7.638562633033641
26.22952826391276	7.638562633033641
18.69125901323832	18.799509301852467
18.69125901323832	18.799509301852467
20.84631590545366	98.06996724117414
20.84631590545366	98.06996724117414
15.649345526623659	34.01857293804658
15.649345526623659	34.01857293804658
17.7600609168125	98.2135082838375
17.7600609168125	98.2135082838375
17.7600609168125	98.2135082838375
10.57653400885479	31.97864602740702
10.57653400885479	31.97864602740702
41.63420332163349	57.27554445368432
41.63420332163349	57.27554445368432
43.81586600019371	86.1913168342534
43.81586600019371	86.1913168342534
38.54794685777737	57.419085496347684
38.54794685777737	57.419085496347684
40.738479607000855	69.54996269066592
40.738479607000855	69.54996269066592
33.20021035632641	80.71090935948473
33.20021035632641	80.71090935948473
33.20021035632641	80.71090935948473
28.570825660542237	31.426220185872317
28.570825660542237	31.426220185872317
30.113952417255334	80.85445040214812
30.113952417255334	80.85445040214812
59.25601691492257	68.6887193851156
59.25601691492257	68.6887193851156
63.6370794629396	92.95047672418198
56.16976045106646	68.83226042777898
56.16976045106646	68.83226042777898
56.16976045106646	68.83226042777898
58.3248173432818	49.1027198423156
58.3248173432818	49.1027198423156
53.0568967256505	20.330487029194924
53.0568967256505	20.330487029194924
46.15716487203816	10.978977337521997
46.15716487203816	10.978977337521997
49.97064173700935	20.474026596643334
49.97064173700935	20.474026596643334
7.229205108361865	37.243989460548505
7.229205108361865	37.243989460548505
9.339920498550704	2.4389248063394273
4.142947169290797	37.387531978426836
93.09487868368427	46.67382815795834
93.09487868368427	46.67382815795834
94.70895420398371	60.822896884227255
94.70895420398371	60.822896884227255
94.70895420398371	60.822896884227255
25.06386204198005	41.81967844674422
25.06386204198005	41.81967844674422
20.150685242280442	34.6516381835892
20.150685242280442	34.6516381835892
21.69381199899354	84.07986839986499
21.69381199899354	84.07986839986499
14.767472883821346	26.08304279172968
14.767472883821346	26.08304279172968
18.651898512378892	0.2989320360591152
18.651898512378892	0.2989320360591152
11.681217895180195	26.22658530960802
11.681217895180195	26.22658530960802
42.80983449633027	16.24432077066349
42.80983449633027	16.24432077066349
44.920549886519105	80.4392561164544
37.7370229785614	14.20439386002392
37.7370229785614	14.20439386002392
41.550501318747564	23.699444594360216
41.550501318747564	23.699444594360216
34.65963658536854	96.56303824122146
34.65963658536854	96.56303824122146
36.20276481729659	46.99126993271223
36.20276481729659	46.99126993271223
36.20276481729659	46.99126993271223
31.573378646297456	96.70657928388485
60.360699326033014	62.9366586673166
60.360699326033014	62.9366586673166
62.542363479808195	91.85243104788569
62.542363479808195	91.85243104788569
57.274444337391856	63.080199709979965
57.274444337391856	63.080199709979965
59.17231343682168	35.112619525791494
59.17231343682168	35.112619525791494
52.24597432164949	76.11579539287115
52.24597432164949	76.11579539287115
52.24597432164949	76.11579539287115
46.9780537040182	47.34356257975047
46.9780537040182	47.34356257975047
49.15971933300834	76.25933643553452
49.15971933300834	76.25933643553452
33.91503039936203	83.27970695379001
33.91503039936203	83.27970695379001
36.09669455313721	13.195480809574057
36.09669455313721	13.195480809574057
28.558423827247815	24.356426003177926
28.558423827247815	24.356426003177926
23.645247027548205	17.188385740022902
23.645247027548205	17.188385740022902
25.764831013185336	64.598424424348
25.764831013185336	64.598424424348
18.297510526097234	40.48021107837491
18.297510526097234	40.48021107837491
22.678574549329227	64.74196546701137
22.678574549329227	64.74196546701137
51.536843992651114	94.6928818852213
51.536843992651114	94.6928818852213
53.64755938283995	59.88781723101221
53.64755938283995	59.88781723101221
48.450587528795005	94.83642292788467
48.450587528795005	94.83642292788467
48.450587528795005	94.83642292788467
41.47990396116639	21.764076201433575
43.35117022468126	44.15118157599768
43.35117022468126	44.15118157599768
38.1541983706363	79.09978727287013
38.1541983706363	79.09978727287013
40.26491376082515	44.29472261866105
71.39353183719018	34.31245955493148
66.03692526507595	74.38918007953436
61.33659328092041	60.38365092071384
61.33659328092041	60.38365092071384
63.243332451013494	15.631178500704426
63.243332451013494	15.631178500704426
55.705063200339055	26.792125169523242
55.705063200339055	26.792125169523242
87.40126843496486	31.576567235308797
87.40126843496486	31.576567235308797
88.94439519167796	81.00479597636964
88.94439519167796	81.00479597636964
82.04466186285066	71.6532862846967
82.04466186285066	71.6532862846967
85.85814020303681	81.14833701903301
85.85814020303681	81.14833701903301
78.95840539899453	71.79682732736008
78.95840539899453	71.79682732736008
80.82967018729444	94.18393270192418
75.56175104487812	65.41169988880351
75.56175104487812	65.41169988880351
58.68524940003578	91.85279500372171
58.68524940003578	91.85279500372171
58.68524940003578	91.85279500372171
62.498727740221945	2.3478457380580102
62.498727740221945	2.3478457380580102
55.59899441139463	91.99633457117012
55.59899441139463	91.99633457117012
57.14212116810773	42.424566262660875
57.14212116810773	42.424566262660875
52.51273794753851	92.13987708904845
52.51273794753851	92.13987708904845
52.51273794753851	92.13987708904845
44.98333729231236	86.51592709640146
44.98333729231236	86.51592709640146
46.88120639174219	58.54834838742795
46.88120639174219	58.54834838742795
78.50646286278167	98.61195341843532
78.50646286278167	98.61195341843532
80.12053985829607	13.761019194274335
80.12053985829607	13.761019194274335
73.14985776588242	39.68867246782324
73.14985776588242	39.68867246782324
73.14985776588242	39.68867246782324
67.95288591183746	74.63727816469569
67.95288591183746	74.63727816469569
70.0636013020263	39.8322135104866
70.0636013020263	39.8322135104866
64.84002513685142	26.135504766111644
64.84002513685142	26.135504766111644
66.73789423628125	97.16792605713812
66.73789423628125	97.16792605713812
96.09280207427759	78.16470909487005
96.09280207427759	78.16470909487005
96.09280207427759	78.16470909487005
90.89583022023264	14.113314791742503
90.89583022023264	14.113314791742503
93.00654561042148	78.30824866231846
93.00654561042148	78.30824866231846
85.53922512333338	54.19003384113041
85.53922512333338	54.19003384113041
89.92029062178031	78.45178970498183
89.92029062178031	78.45178970498183
89.92029062178031	78.45178970498183
82.46183725492556	37.54867969754292
82.46183725492556	37.54867969754292
84.5725526451144	2.7436150433338438
84.5725526451144	2.7436150433338438
16.98496430060982	49.64470454436183
16.98496430060982	49.64470454436183
9.44669504993538	60.80565121318066
9.44669504993538	60.80565121318066
11.62835920371056	89.72142359374975
11.62835920371056	89.72142359374975
8.54210273985445	89.86496463641312
3.3185265746795705	76.1682573672531
3.3185265746795705	76.1682573672531
85.37107469103596	38.888512496963216
85.37107469103596	38.888512496963216
87.2689467408957	10.920932312774749
87.2689467408957	10.920932312774749
82.0010261232644	81.14870097486903
82.0010261232644	81.14870097486903
84.18268880182461	11.064473355438116
84.18268880182461	11.064473355438116
84.18268880182461	11.064473355438116
76.64442102636514	22.225420024256945
76.64442102636514	22.225420024256945
72.01503633058097	71.94073085064453
72.01503633058097	71.94073085064453
73.56703315795733	5.584065880669448
73.56703315795733	5.584065880669448
3.992888284325032	50.3016874283945
3.992888284325032	50.3016874283945
7.806366624511197	59.79673816273079
7.806366624511197	59.79673816273079
7.806366624511197	59.79673816273079