87.63773409622313	67.09028274353264
80.66550484195359	81.59569198145101
64.88191972781703	85.54299710834167
76.70416925163359	73.09814079656365
56.501501480564045	91.83526791343172
83.7083683119521	81.09239292762085
76.03942074480123	81.29009795168523
71.89445048962013	80.76600507513409
83.46108732175627	68.1018078345972
79.11083694877911	79.28152929805684
80.22580688027078	60.55308584787579
76.66602343510843	103.60222795007809
89.43682518899506	85.7054144511515
92.84015264603059	70.75287656342053
88.8843027908013	67.55041588596953
85.64475350362957	99.20682518885337
78.42245628776537	83.13535290320826
103.04595267661867	88.98486991084958
76.10459994088725	66.49377517587487
91.29295912700842	87.87065350059052
75.46017230474493	66.96712212029104
89.60060673547883	79.96106113800727
99.02203412518912	82.15302603145916
85.72295416247991	80.22156586032807
92.56954446593483	62.170309822972
84.99314690432433	96.45876550380461
78.78602268555277	81.64974168155956
85.00809620143468	76.91040142924786
101.41522538154166	96.73798540294834
82.73481859993082	84.41434503280216
97.31252245173727	62.01177674815116
85.58021515737836	63.29018459167386
88.49189176122599	89.36402571424053
81.38535558541598	75.90849439047508
95.7588037885588	78.4645173057479
82.73747895545071	92.89942977997306
90.34546230008198	86.29246981601726
86.1173137907887	86.93673024440058
58.53845726523629	81.248624879184
75.1467477060504	101.82339834019025
99.1343996134774	79.39461603192993
68.07004043716496	88.86423455707464
90.38200469357902	75.02858158204215
83.02207896785701	58.53886684091117
83.50562932751176	73.49752262355733
91.32729751175117	70.66756246144232
72.30196851584762	74.15896505317576
66.19130391781283	70.17762603295772
65.86893561666867	74.85097092661935
75.01579621156881	80.33155775869851
77.36095646657209	87.46312976217119
67.97275434203121	95.64015900376806
78.96941792638923	81.56517854352528
71.99823973916443	86.83877377296581
72.66163994401593	68.55259024593751
96.61792649733864	80.43978532221178
65.43994895969772	74.96607967657461
79.05250362956406	69.0766744175285
87.37351742513357	86.72317003961898
84.7192992993364	65.96289624771127
82.41856084408373	68.95895479171665
63.44848713218325	90.36741130521901
81.93315747050471	75.20593779568192
84.09147036820934	82.96676298735684
88.76164618037136	63.19916697717352
85.10374537124343	78.71332241867339
75.54392976816008	77.3691668610022
77.7233144459844	86.71118177989608
98.07572486906898	69.50760211925021
82.1171425171592	81.0967259393423
77.68418324474352	82.69430231867517
79.34985420739565	85.74306297126684
84.89697958767599	90.20401324104884
72.31326435634952	80.30758078823078
63.815560333688325	77.82165718536444
74.3236400710191	71.10531263520934
82.75401817479836	84.20929237637174
92.07813003618104	85.23750583552064
84.11288382570176	74.58363010607789
90.45324798329398	86.19708166922038
78.72193471213836	73.40413354094734
95.6392100524196	68.3936365234608
79.93585453527739	76.62735749323578
84.07294999247966	98.65212793099748
104.06150553230239	79.29918891856626
97.77484577273688	87.00027817657757
93.4475826968425	68.63482212507398
88.79748796417617	60.325916703018095
77.1036928735068	93.20554683038974
93.91759884295243	62.047053317123215
79.19449161321846	76.30639095708322
106.75639736518482	71.54994842531691
78.45163093220036	85.79410367756546
86.95492113833026	76.62815417468398
74.70210673858872	82.26455700054062
71.76448948545496	74.85468376541415
89.56215266489696	80.88121196721536
95.28374737934519	79.94082972830793
74.09521401819293	73.49704668632361
78.78194939109635	88.23147928746044
96.01528820743205	75.74202430551601
80.23125803572144	83.58735318395937
70.27844430866055	66.90598946923524
90.03335326019864	80.22361392404068
97.9185834502834	56.20010296251684
83.74877006712227	78.197634747552
73.14240382149036	68.8409832133969
99.56918049793057	80.45752078657512
80.4780905177227	75.13240166277163
89.33965794560777	87.34270267095764
94.00669462257936	80.63748543716353
98.13381011156551	70.81591874787499
81.34826450544453	81.00829390647472
77.29757237173256	68.08240461440471
69.22551648379591	97.41473141044017
100.41519584159391	62.68308807015811
85.89699366723524	90.37109738058308
82.99523615268357	71.72888381072154
75.4658803316256	96.24402669533323
104.13908948635381	79.68114877169519
92.18492274404603	70.83387702363459
104.21997582693851	79.20081667888459
71.33371885560646	86.14914794558509
93.10174635219178	78.1844965947979
87.95491253514635	97.05107133774291
84.64139045732256	66.57023445480246
81.78064280821208	82.18518225820955
86.12329260950358	85.16719137092969
93.09283598067903	70.66408685719009
82.41744904204566	77.51536555302513
84.90298657166251	67.34896296261067
104.99796879109138	61.42805350546992
92.21561476270897	87.38081705544428
69.21466140015342	78.95602349933239
92.86150227880539	70.51372905746251
103.45623270669232	82.52909412486991
73.8781464253772	73.25553306339367
85.9497049782435	87.91924973401387
98.48790047740512	74.71752499092473
76.00903682972407	82.39059515561668
72.75749526772285	76.98812980640078
74.16653613195625	66.89911199948897
90.48213616470069	64.95583314687734
78.8014767308485	76.52173538225873
97.5377961990639	81.9860211074244
109.60381990128845	76.67157582438351
74.83020272078673	53.96428814817493
100.9215677502567	68.95382383134508
80.29215149542672	73.29256111342745
99.38877221639261	88.66960061915607
69.22533925436102	64.94358915375427
96.8063988069402	68.7157381220816
71.86300257229979	92.24968173769308
89.36767136938518	86.82854892090423
85.78447842421131	70.54177526064802
95.58430855112816	71.34109143981703
79.05022102509582	89.71020249042141
100.77512752755455	66.88919529011282
73.35739041420183	68.76187933349406
76.29412901583143	70.57050924692979
83.44124624935331	80.9130160832156
91.95702337668101	87.71188969230411
86.04553902217945	74.32383640156922
88.92116444775216	79.36399683178126
89.41558758321602	73.5845974856378
86.99295260056522	76.48070134845203
84.18513221678377	74.31926780401034
88.47676292050194	76.57556777424527
92.11988298143751	86.84922328895463
67.0408465571115	62.43888257613912
74.631478904232	80.94284628033053
107.03042342737352	60.84575224513726
84.28995284414698	72.52674283237663
78.09959510676967	73.47711576021938
72.19089073031611	71.67900564760808
73.43378992532733	64.99677092371444
88.57552675167003	85.69746514265348
88.30022742915413	70.20599322012865
78.33551360328316	55.758209671681286
107.56615836420748	76.9126619487117
93.029451722221	91.77797431983747
100.79052678060195	66.08438076176715
107.92432202204783	88.78772757804558
90.94728895634783	70.7212828646088
81.4109586822965	74.45153487194848
64.00433100739865	66.08551402325446
78.8229243221997	85.46145482293572
78.57839651385386	73.63809975064014
96.53989396834625	80.52597421696898
89.391395193448	84.5388989598275
81.29568655112163	67.60785266184237
88.06186578820646	75.08886611000992
94.66255049180911	94.2188920777235
85.87568184904099	84.40984166557062
61.00581028505698	93.31462838864195
94.65702114139579	69.92512339947459
89.1274380365748	80.4798677701945
90.56431680611259	64.05909281216037
88.00057831665552	68.52446266488425
81.13616081925906	85.42794403860594
83.81021198263612	62.57300501836667
87.27929756606675	92.76815536671974
106.44153376862481	73.81034569389402
105.9588243926771	80.56521882646913
85.1105702948792	84.42051910132268
87.86425819947698	71.47234366729046
103.74836873355773	85.41559231140351
74.11256507530608	77.88805045961931
95.43232712538439	82.4195773023734
81.89590526984115	79.2929007012947
86.37176264723792	71.69966016655725
80.44461694904184	83.51613900709017
98.72097224771376	66.06884346600378
78.0264311336823	83.42092556329688
88.33398494159297	81.02807217062188
81.81960536010662	66.01111008809144
110.34261404698775	66.59601185068821
90.65507023728712	75.68681675337618
93.47074647085032	81.71964391539933
63.99334717888502	77.94624373290122
62.36795080156469	78.80901428206246
91.57608475016227	86.51753378901977
81.5674894218608	80.98414628311676
94.2091557812304	69.7641241087424
94.62983334809414	87.36076574597415
81.13422189060256	73.21691929464862
79.68148924204527	75.75850570786145
78.5571673980033	61.17787115120348
83.46815261919204	75.1383748215701
95.12578017017992	83.16616296135888
87.63665645710243	81.81004342021669
91.90598307911999	74.26863478396363
88.91592837471035	83.59196966663058
79.28966423373853	72.4904011346001
89.05886213291107	81.74281661786388
93.00199572875042	88.77921018627706
102.0246421273109	95.43815155402505
79.0753860598791	84.25322584939732
68.99650486622062	76.34961848531651
87.03902315277762	85.2952481761386
86.38884352748633	69.06193465527883
87.46742367796475	85.49499906838138
98.40104012698876	63.50448970002021
96.02084580926059	77.55965063088873
80.41726970879303	81.51463278612987
82.13147767863802	67.47798152242495
95.9914076485292	92.67361383523573
74.70093449664294	101.23928507703926
76.02294081784198	79.88111867325398
81.58166534232959	83.43231250530789
83.18909773739347	82.2479988933417
89.58327991797124	86.22211760410191
95.98313770174433	73.65488177318076
71.75869922129176	69.78113356918735
83.5167503061454	82.18696687335947
82.88474161556869	71.13156594913642
82.16104531312135	67.82486043239058
53.02653304193424	68.49033429693658
75.10363448893632	75.06555657651283
77.44215931120942	73.34077873479568
64.06583978914895	92.4702264459838
106.96725236416648	101.11417825214477
88.36232829429774	62.67422315589248
82.75084135495969	61.99187898066066
81.72547941318201	79.39501549318888
97.74711477246197	69.01338151122161
74.63070229989478	84.80439438652346
105.35868890797718	83.19613487775868
80.84968852044591	77.54785705201063
85.3043102645822	71.18513112211002
93.11801041276297	89.75888893611827
83.42981980779389	77.673114823157
84.20029788425877	77.54990019316972
82.16070113754452	81.15351348473581
79.40994464804984	73.23796051156837
88.3147105126377	81.2993777609708
93.290898437219	82.60488116594246
90.3191516180079	85.33620486750203
87.47343089361547	77.86005351491437
87.2746548342689	81.81327021465175
81.77956734392785	85.12906596306831
86.88203533483107	104.2644564851917
94.60334679512918	86.64767484022873
100.28509250043942	97.4357526193163
93.38692278771131	79.92925141261055
93.11911495867065	74.18958696573002
88.2608677226727	88.44260256072934
89.65605625746443	82.26556695926823
81.52745477665779	76.89610346533291
73.19758017467834	77.80295830925387
88.23943971046964	49.987528769954636
89.66785795319791	88.92003949302732
80.04255352562294	79.94312385094369
91.98549462420459	60.953024795545645
90.80066174890413	78.48750455366107
75.99186214097561	67.59823392341053
79.58638987088398	82.75286026358603
102.9991758624975	81.82589840886935
74.30593254605606	71.48351584395317
65.97768696694088	73.48113802062252
85.44202952688248	87.45965199707669
90.86268288028494	62.105541197460795
84.84487860069713	83.1542740611363
83.62393643708297	85.2598067324306
106.69111874271374	78.99931384373939
93.81404459319161	90.88260832863048
86.78145612839675	81.27293763946194
86.31300426095584	65.88700026831991
85.34637068112416	90.54750281504505
74.72505222410051	53.07109055982754
85.28666691174973	71.87857334145531
89.04016450301121	66.11121119740477
86.5366169690494	69.05546405026783
80.26507591544699	68.89351774163406
90.88828130617664	95.68720216560754
73.8231117371148	77.04663799221225
87.99228023637811	109.32571663630608
77.70870122346034	79.99576449989421
92.72980064486957	81.95117293117653
99.45606256668644	59.39858286425641
75.50017323131206	80.0407536469714
91.1730994088766	86.14409321463663
74.49296792282067	73.53931649039922
71.52219708701286	54.14282485989743
96.54790263190498	72.90101011254625
83.47972860651646	83.03089624217444
107.44390254984773	78.34236982662017
84.40583393292005	71.44166158048971
85.63882105750004	63.287282360196954
70.97176182229592	61.99749335597234
100.63692980778758	80.74550676106351
73.88411672783779	79.7613896360419
69.08418799321238	80.23589507795765
102.13054682700911	75.28782895611843
78.56289352824233	91.17630660742935
87.89544140453089	87.5694242291797
83.39888171874728	59.885574835911676
83.22165447502559	90.75133548065763
95.14353135373374	86.43228133412335
80.0683942594231	63.25963544664185
87.22978287304164	104.00727771118957
95.76572997769998	83.35607701455368
67.80724806308403	81.16150576168057
64.23912273625993	75.49137752049165
82.78613700639893	87.39652620070585
69.20492796429615	18.676588500819186
24.544075998449518	12.429758624498918
42.83294360854526	-5.6613488425030525
38.585506313512816	25.369205529735694
39.51990291517906	12.444239200836694
40.58980305010935	17.095409592807147
38.614420404379956	9.487711501863663
50.32013961911602	5.621368790867796
35.726414797082526	37.3590410615845
37.284821344570155	15.092989385643552
33.72391261462455	13.194488021687373
43.31909517069043	-0.8848960044451495
29.237066347039836	0.011013479688346095
22.904722930149454	5.149511943731893
48.27721204027712	13.042614799970131
51.450412257001894	13.739562273418436
56.63045065067137	16.45141762751727
35.288350118584276	6.114452577591686
56.66132227955773	6.894445680918254
39.26158817011413	6.927453074155556
42.28212396200216	15.516631633902968
44.999162207257065	9.463338538352737
38.320749562762	5.984915972840445
32.26155055792884	15.417649781348452
45.84959914901319	10.920733998400449
37.30876269963387	5.568617360605929
39.855667854004245	9.057896367596085
45.68685971396909	19.245404986234263
28.712821532150308	9.247196227081844
23.92706046388862	17.41300861131085
50.41122893278579	22.033848475198425
46.004746476453235	-8.893335632690931
35.91603610069373	3.9517878642286455
48.454187833830616	18.153862958450773
39.519743705569724	-4.646031204727132
28.606496963670317	6.25797095301423
53.24961655464266	4.838817522132777
23.901728957958305	32.09406099624018
39.41201650622753	34.7878755898727
53.55447942679633	23.501878553540614
46.71271166599955	1.1792020263937015
37.538118743104285	22.25329008044381
10.547731906052096	9.22156956795256
56.00690150860949	7.853300183155949
31.257118041615897	-2.0763725629639325
35.21031205313754	5.466371229169114
42.08183907998257	14.014444982144719
44.766852841433156	-1.432960710783691
24.268846085988695	6.569893831359664
35.66100382473049	0.8183847143186771
25.699876703265126	18.812547052608245
44.51864909010784	24.99476559129886
38.97571808741542	-2.8417702728893346
38.88730831580183	-1.0233417053269083
32.90690327508124	0.84315740542222
46.261573825621	12.678245149533172
47.43030866030555	32.603945712010955
45.5126113638256	0.6818383872246407
40.187609192071555	19.479720394533672
10.708079701682038	15.714759260828796
42.92982331763471	-2.365843679718358
37.12625735371894	11.169988922724134
37.02942263132162	6.312179050841011
56.769904005483724	-2.2174766617779387
41.152089552015866	-11.175468191891344
23.406022897738094	29.730545698049873
51.65782851779309	24.401022442342367
42.810412135114824	22.325425239002513
32.49718566057745	5.044506899136195
48.43659548861135	19.149016715248578
38.420716701647244	18.96193500811863
56.08842100661754	-9.208456213885736
41.10542315589113	6.846124681794956
54.1897887062116	15.53417495641656
38.12200373553775	9.858520194509369
58.57739997747493	5.798112328817516
47.207150531337824	17.518629834790787
41.9361621597458	0.04434121388875312
28.622402032677194	17.603087701040785
55.08047211449584	15.750078418256884
50.55637102254457	7.267983670718541
48.97442323326507	9.71995667729694
39.81200879807116	-5.780145020043097
22.82594477350403	23.322395045582276
37.40673412588215	-2.5925347133417507
58.267187526950266	30.00741737072185
28.455622048714947	12.174620844736502
53.77736546331123	-0.2699505752878597
18.53187613174715	11.0890859339852
49.71361193182728	21.806524340383596
38.35683488121801	9.09605528599583
46.30586456890656	8.2953613292525
32.47455060289945	7.372895872838997
39.80190501311383	13.913403352504869
56.5570370551671	10.755484349430656
58.05126563660124	-1.975906355939836
41.62126285766127	-3.8436140928802054
38.2475300543946	-5.599687049730516
28.898982875912406	16.511697233962426
58.57331648780539	13.11429819101446
28.78979043421608	12.447720999196699
40.13816987569735	-4.991599175520651
43.638049453386586	5.15930119223196
60.44526751181226	-0.24341754024643691
42.38276821771135	7.116493657069098
39.34350591197103	-4.995380733740207
15.088437177934761	25.7854715836827
45.01558771531411	-1.473068808194057
44.6456834199028	17.70646483547641
47.261695822540446	17.02863175196162
59.663182541931405	-1.2683781663840907
36.49771578979937	-10.410639064471535
43.508987912983876	0.9758640083591086
51.70565373157753	-10.18498316842756
47.728314289973994	6.062933021973213
39.247852420320505	16.86212587248378
47.07423144690429	-5.543399776616479
39.051071911519244	-1.5789103922332828
28.214323036757314	20.159857111888705
41.81428540278523	13.681495012060164
43.55132297767076	-9.781265328970608
52.305896054606485	7.060109055190722
42.88833744888308	8.667245298522506
43.079549771986166	24.129849219282317
44.04803539714055	9.039238271927326
55.20411982285181	9.03217552719238
45.967343241101986	-10.768432394333669
62.09494976020354	4.6985376054786965
41.576705348932194	11.396042138307315
34.61887344391706	25.246277165680738
41.65991708993728	18.855343670132314
34.32209179045588	20.30966356385809
43.32943116907947	17.050802654473163
45.799599490962635	-7.90146898867253
57.64470018890604	-2.3025381027136724
26.50457508646076	23.91428546702621
39.63990119426648	1.1231001011818762
49.41975099448971	3.1821215044910875
52.930448563766106	8.773059544978354
41.71493171236376	-2.7930241956807826
41.75041848471851	-15.742851591971775
53.18751672741812	3.5149246668086125
31.302580833384116	15.40044704022206
34.3183724931094	10.651003921702747
27.877820556361566	13.747333559507673
32.63050368143418	9.60692564491105
34.310644443083554	-2.585768934388021
26.910178295012415	8.090778555626619
45.44373644104326	27.90919633541649
56.19767398255822	11.541990967958466
35.11712631185462	7.763689383898937
45.12676455425523	6.6795863611747945
45.12075037692709	26.185268152687776
28.452106539016796	7.947360858946277
27.11577733280294	2.181458125726069
48.93569118666241	3.7135406728042932
48.66990926712121	19.363993065059546
48.03805204192247	22.850928070131907
32.820526413929436	8.367025339070322
63.82100376093238	14.342921069280521
28.44923487087713	13.21575208520894
42.122582540598906	-9.075682829299367
43.091458466725776	13.66698099807597
37.34160145116002	5.122538452441499
45.735605390943036	10.215821022288296
41.913973144522906	9.181176891862698
39.62498279368511	12.90843926355106
34.82548282789055	13.254075187322155
47.90155806746073	16.53175471547045
37.35600779367094	20.827221474854
46.16377487742255	22.523718607724827
55.09858169430976	32.38705341691026
37.345257921661236	-8.459558641112086
44.36568254192545	3.1414399188274817
42.61641954017525	13.198609709425302
33.32197703526003	-1.5801901661849271
49.96119349075228	13.030171370363872
37.656848925277274	0.7416621261893379
45.484174808949945	8.683392343605718
37.10069163891344	13.996026453461008
39.46517992818628	10.594938231630675
49.1601435513608	3.1071670998549443
32.60564911736958	17.670677288758924
25.866458741777993	15.242211004314935
43.90153324476235	10.186961222812583
31.40938719449347	23.290709095140663
43.71326126946257	-3.8574859900954763
28.34525538727628	9.755388521610707
50.999752262016926	13.851720508395095
50.1057878548726	9.30449817075835
27.439926879848528	9.16263179995878
32.91257629821422	22.00818108993678
31.79614748462028	22.435198568811295
42.55805970339719	3.727080831482386
33.66572089510244	0.7559257625661289
41.96331887017946	12.371991865349537
51.15125225925475	14.750365467908058
32.36737294165399	14.132701963316785
41.84230136125191	-3.7801595405045756
42.85550882939693	4.629024950606577
47.93295740207385	2.1579461834649614
59.475417393809394	4.097298637286574
49.834797274231434	5.00578055372473
51.86596900740515	24.568202642530988
30.649607674768234	8.401388874719323
40.2634371693402	8.492839676035999
31.587951107400766	13.962452894117815
44.85651895744888	16.56172654054851
56.265527961194145	19.395419552554337
32.450632884720974	17.689003690081897
36.673667130786896	27.78270586952701
57.452945629575424	-8.890390639936495
48.012763562922366	3.0591362064202743
33.895199773808365	16.101416290419397
43.7996254433682	-2.553550140690737
65.69761620134511	4.230126479920875
24.66519580590282	3.0748959294994034
28.610666386823304	-3.793516154661406
40.17219320724345	3.8692586600968006
30.47509275816897	4.26502274536403
29.129786480991363	-1.7939475859952765
48.14403520688797	10.01900636873924
27.527988580686895	18.3214177091075
29.75709489158035	16.8630900941533
38.38452927358584	-1.6076583149324613
41.3685003343732	8.966321293360457
43.34464976246283	5.080001171892593
43.0562065299034	2.985804739352578
47.28923414567411	4.528718583033645
53.28870423410747	6.674748448896361
30.600075727704088	13.476975621202314
54.99545505555207	27.065984764434813
55.37184792062025	7.78598671122009
34.64345396223134	-8.151569386386065
44.10341109735052	10.984127197329892
51.60195713572111	-5.36296090768305
40.08448501178827	14.255483993644544
41.88445096336046	8.008294339183873
36.837734140879846	-7.514336275063247
46.75149410539336	15.226962641278888
48.54020303141541	12.416187860345278
59.89926395824497	-1.7090821178917555
58.80280775147722	-1.0740737144045216
58.77092667326954	6.023679667608107
38.917818496683665	20.95819068190601
32.76703503216323	24.663916387654744
46.28474282026133	11.429659300882832
36.98654554808115	12.093332995484948
33.61797465718822	26.605557512865044
44.59132455318241	25.11289819945852
30.426434027600813	10.692276890792863
33.70051824666867	12.688713301528878
22.16545632696987	12.63392556560583
46.9474280162555	4.612294516731293
37.356133623126816	4.752776090365961
54.81773791895408	-1.7563655732012862
33.58714483603019	5.661565340721405
44.725710954126065	6.061807314613696
44.12952263994312	-2.909055087212497
41.923951737532526	20.28152046865756
48.778929796617966	18.82501154892834
35.21405085893979	5.292749856549453
61.54618721670724	10.126560046658948
46.287324069673694	13.633276157265186
51.07721510817527	21.095023529223653
18.88083020061564	17.44403773747861
52.078551442317426	18.703361560199664
43.30270186143669	15.101449200586718
53.96777869873236	-4.338135051182185
24.888227930042508	8.825221164137835
23.871904778480243	24.659434109349192
48.167288617976325	9.450912407657436
37.642736774694946	5.357164730873343
47.55024859075959	5.572081044294203
48.19862058163861	-1.2800506903397917
30.414684704348673	22.99301457529939
41.93067432062573	10.276121903327835
52.85536227859973	10.612381970481826
47.09302003826393	20.612026290832368
45.09217636251348	16.66826313029401
45.85950504124877	-9.65897487343538
36.04706177368928	-1.2622046359371986
54.214386222905084	18.205504152187494
38.42413668428446	6.276791863247279
30.05314306825833	-5.146556500624886
38.849047834497654	24.751141912091075
35.619042669543425	15.217240765880284
58.821072826780146	7.569147660319658
54.112167877658536	15.250337436863266
44.04021973870344	14.534634814718466
31.804908916632293	-12.096547298147843
38.80594862476412	4.914320675867326
36.4420474343723	2.7121558353666986
46.02148477234082	0.6540766418694588
38.47663796363898	14.134023673845936
32.695319709938914	28.324913052511253
42.264429816748525	11.156736203563108
47.344762488810055	12.563648489314208
46.327146043550435	3.8378708543003848
53.19222952546102	26.627458814190874
41.37473876311069	5.727632510415975
39.53432561319523	5.712004012023685
48.664018152814144	3.9615998948019024
29.39395155817607	5.102810415053545
42.02436615240967	17.715128301646477
61.71094232317368	23.205220676135603
39.82267130125531	14.967613253074106
50.94095309327842	2.2481160161407416
35.454612957279295	22.25300212996926
49.6987455199439	-6.033633449245219
37.81935370311855	26.42125161835473
49.853441332036184	-1.4452379356972163
43.0210033725775	10.499678889858457
44.8892291472188	0.2708935665273966
49.354467897933546	40.40155666957084
45.82537233993933	-3.178598728400866
37.00420630322965	3.508068754008243
31.053823615905088	9.474255500996755
46.758252571037794	0.08638105716370781
38.101547221512924	6.176627472938245
38.77394385044372	-3.4995632089144753
34.61190957229614	22.638666287311686
46.23368555526386	-2.6368746418010147
37.88057316640952	16.726835528520464
52.97763896418571	27.582558324322754
39.88269212790089	4.939503524387715
35.3727211657643	9.510549420357167
40.651969443404155	28.949697137346476
49.219074135652875	13.28581651764641
44.09972734918692	17.91633475419891
23.116915035746093	15.81170487007715
31.368167874124715	34.190396483137526
44.98115730410296	4.950935979543652
47.80726894422715	-6.666081065087177
53.41260602591484	-10.898059755492092
38.920465298498314	13.503584769443437
56.45787826147834	14.401614441617962
42.31876841142429	7.989281990494531
41.22261630877993	11.831263449135166
55.2766435395111	27.940376016526148
25.462229970487556	26.039664571611524
54.45703076504419	4.875196904953815
33.95915198799014	14.941155152440277
36.079869528231164	8.784385628050089
21.193014025300112	-12.63201950016727
23.744291578866044	23.780136802320357
34.60752352890034	0.6042878812914498
26.752739553956115	6.358899232200762
17.70628655291134	14.950094214009766
28.996414661004813	24.781703842946243
11.194698870388283	15.891671798039647
17.864901241859155	23.660049141076936
23.456104973158197	10.048612228821671
16.026099620547242	17.010843190629487
28.046536101821186	14.924106580960322
25.782908592551898	-3.8603929320349426
40.68116338895406	18.209137799355872
14.561302780898785	-2.3190379936153267
24.150193071822915	33.66505112337294
30.272843050981294	18.07789034680898
15.01810758312435	1.9577406362524048
15.602850760883285	-4.892341682546315
20.65485182097173	14.766526694737413
37.33087690212259	-3.589104380855412
22.680837841534153	27.11281527125765
24.488708203289946	-0.42329326062328576
6.639998088820533	25.78911947958146
18.00456826756956	0.2013931662982884
28.1543803071406	20.460753731489024
19.46382310793092	19.558106878475442
39.22446221185699	14.595521141242894
35.07163981377175	3.353013686956622
5.44086813822182	17.918415562883414
19.84729645105564	16.059890968524623
26.56438981674259	12.499097424785187
28.500082977398513	16.598707457234532
28.094377643851633	28.263669542554695
33.61754683575777	8.583877524995842
4.04085870611301	17.718740916358204
11.847722356399409	21.570821026573714
2.138201987304946	14.343420985919419
-1.5024265181376535	5.337033912196482
9.786954307456812	1.8342102498410071
12.382612042411402	15.090787839045106
17.502543768443022	33.67639785105022
9.281520377723213	20.538034662640197
21.462566363216705	10.317691740663474
37.59914849953371	17.65931243560109
9.718554889751829	35.209067030246764
6.889673974028845	14.107900489523667
24.149014947978557	9.867634525165762
23.18742650657025	10.431460450865863
24.84235562439344	3.2178804504171215
24.33106374977331	14.020818999170979
15.776843319622005	2.0291335950229836
45.23240923930197	15.602560529759533
30.75455056296006	7.425145495646126
31.502341762727802	-6.088196234960234
29.225712494561094	26.965875729889355
27.338071636987493	15.452805400914851
23.314624409927653	6.101177850125879
7.495614535281691	-1.372254590465472
18.092267817995875	13.780671681108155
35.25983830877949	0.40153838942879716
12.498570186929628	9.66629043707575
22.892990362092174	5.4922870258441545
29.199781465594175	25.449570629093166
24.507972333623574	16.165752533730785
15.304274306382617	28.31595158846053
11.4180553777045	9.11080363733548
36.48837437524662	7.978985223813767
26.645160022657066	22.636486499335394
24.629102960067172	35.89483057417991
20.690479381900527	34.32191731622305
27.328920596172395	7.7032288966296285
-0.2657957474672692	15.720412910516973
18.95502476572542	11.064154414328371
22.63802119530158	14.95425473182199
16.036104892184614	15.51101539804165
22.64414961529332	21.440768565615087
14.95710042124366	1.3894540540504785
27.35558488648254	1.57599800242774
17.14433215649742	22.17827767136417
27.370379315732514	19.02399669933088
20.424539251849325	-1.226501229429159
36.839466999078645	15.325494707607117
34.998416679078844	16.910050002815172
8.369101399199977	12.143620021428276
36.781783906019925	12.364146025458094
11.132394605303691	12.716793067651475
35.2817902886801	25.975748437743498
22.80105302168639	4.940106991364997
15.792299228849531	5.577993774693931
31.973476804285788	18.190865184040124
19.215795330561143	-14.322328658965185
25.488016755339235	10.53194852770499
27.717371531794768	15.711230382178934
37.52922217239821	9.462064614448213
24.285142084886633	15.535303810218425
19.503789735242353	28.627509991587594
18.643024837056103	8.283648127918866
21.79660376208965	14.936769230648858
18.192798349850825	34.39343065166216
39.93775817573104	7.225330837350418
14.565970982289873	19.835077703742243
21.008590590382028	5.3899116444098425
19.987352382486037	24.155743929366533
42.622385543646075	3.7793004766415486
23.259389050352492	12.971955943177472
8.084870283541186	12.429538819051116
11.216759577950876	13.770698782392081
12.987419094827757	10.6012598315192
9.990183388102173	28.364921754026376
16.791564479676257	16.224476964935644
19.035218662202695	16.674070485381378
41.34746378248178	27.543522437168804
19.39365237985972	30.37937989544139
14.041004479624878	19.07658366598097
19.713555895200518	18.17333061554167
28.91794348822367	10.214297314218875
24.92793383670916	19.91446968944802
12.725320836777012	8.149256622844797
21.99217283251009	5.042114937885323
15.656760881751786	10.888273610952739
26.27734517504169	11.802846700992168
15.171143934364583	18.74434133682176
31.182155420072235	7.271781353833502
34.78355269174455	12.241271680209293
16.561870743123976	7.965739838375127
34.766768376553436	32.08150650374547
34.891566564254525	10.157837136311054
32.54531556564679	32.365052828705416
48.17486752303125	17.156532599661944
37.14024202045976	15.021957060544064
8.23527235961113	35.80435691425102
11.738471656430795	23.590662859590047
32.21108051094734	32.66150350153114
27.325154368019632	20.015609050397114
19.64805903071555	8.453337090358394
21.547090537452146	29.395725360212673
23.445401133147428	15.529631258722095
20.897524633112035	9.365043780148604
24.04794754348852	11.801355394431491
29.739118792089574	26.63199865509514
23.22184664109715	16.634455280852254
49.48808794411461	8.750142855404409
12.85927295917957	5.803752481775861
33.12761987667085	16.106534199551064
29.1227924202515	15.736467549866754
28.03596664381252	16.551106636779874
18.364948372944276	20.02930932194608
32.26416827734342	17.700953000442375
18.29329729399894	32.049337862649296
30.72988514225179	20.681582546745773
20.365782603345234	6.965116060997916
32.139723938638014	12.796417893574656
21.791434036520062	17.983204307418795
4.3797563685161585	3.0951214767610136
31.96995650369415	-13.218679545631387
23.688220606954633	26.472018858400805
38.60583331342106	22.66760488412659
9.447122654049316	20.066513097696035
17.6980799225832	13.833089118155009
30.973844404765842	10.742921936513492
43.27725299686777	-9.697347107891085
16.686043833674464	22.605994587686652
22.938508465689026	13.739192685519708
33.58490513181012	6.061247839686676
13.095313474833349	20.48300759645452
36.72038914463279	17.00293007201698
35.05682193813735	5.801020593453535
23.68433493354172	27.46677335676447
13.033067591699709	10.501085887130117
26.01397646405496	20.439824898208485
20.750937662565967	23.67286567677993
10.456381561261372	16.193852803623802
33.45956514802185	39.120540884489266
7.0162869954195095	8.863957801170233
18.493676131960484	4.625119213938312
19.857316061278567	-10.90556607461019
23.426168824648244	12.586304926794899
22.211149384426186	18.07631179379541
27.60571309171509	22.85000986056871
18.886079774046966	14.776965199623458
18.29892361164413	23.966877537856917
22.206275799152273	15.346609170351421
33.62988877570893	11.760269068697248
21.186451508532997	14.819114640677
30.764355554561355	25.308162504486496
3.5328226202893624	8.776944986704276
32.37878599344643	10.882467605914488
21.642136554168726	20.59999797303247
24.79705362496363	6.59267632031636
28.379070520838983	6.633663725883396
16.80677292943582	13.685013727091862
24.21387333473017	15.583562040941361
7.944394914096309	19.9006390377213
13.65165231185042	9.126769695129473
19.464447923870747	28.947606819540866
20.976558472790618	15.178237112836792
21.359557707730794	3.332194156492216
3.821755016428277	17.052687867251624
20.598947278083237	23.856683740117752
22.595338182819102	8.55294090141134
34.66552719468295	12.41089187131901
29.049552285890307	9.378308627509147
12.23866392957386	21.588739184242982
12.830647450561319	6.3875161577149395
12.479335553355538	23.635304822159775
29.696765809825216	-4.532171449600364
38.76630814753451	2.88882749609812
36.674760787625495	6.631918575702419
31.341069765385463	16.80030971270084
28.847123876084375	12.817062220265516
32.305934313929285	14.721784475003009
11.467115580698245	2.0830211162462504
36.09524430097103	16.825449821650963
20.153357173605656	6.9698395590213424
33.481717776363325	23.206049640032415
11.996800588963252	16.63856099561466
12.612543633423515	18.70552499120467
27.82851984695806	-1.7099176728687233
22.831039908546305	15.700666203135043
28.433471067791668	9.875513415776664
33.67037731479493	17.933912483695718
33.230952408005436	13.32149439376838
29.36478208627016	35.78450192776735
33.13793699858861	15.920514487871253
25.73153020515419	31.054584597699815
26.585390374387895	6.854875995001419
22.36707960089119	5.004884325873219
24.308088859881703	21.349341075858
8.01017343132073	-0.7490761439336335
25.68233523468366	8.85122489005239
32.08049798647908	14.410510942719679
43.09105158026861	-15.944171895654543
33.998853431638565	12.559074544954319
18.107024092706013	5.823434939135728
11.803930092563329	-1.4598081146054778
20.594553302207583	20.050926594334143
37.56908421270277	6.375669126122174
36.87332622565676	15.53728546923003
36.5582298729113	34.07332740282863
32.40306203351838	16.913162207191252
22.218038866666696	12.565683053676855
20.774824467522365	2.4945457643621403
21.68121866252826	0.7234639831810998
31.224624074445867	-3.767488261402251
18.029360686203024	17.695065281611477
38.86478058327515	20.113483911821476
26.929815385041877	16.64968890935387
28.314508534125366	18.171921879289773
31.028726046222523	1.7517843232092591
20.39777753747805	29.837921708439126
28.429846524607335	15.707946278402067
16.25015456029958	10.155548103013862
42.163092560662996	25.02430578155252
10.620388792262135	16.975908019687665
26.14075952124295	12.83909194660892
21.10643317653458	16.396471825481726
33.40148165260439	21.255246035908115
17.631567318391156	32.48726791424972
12.664892929538805	13.831047724813581
25.955257700934318	4.606958626905225
40.321705239644174	26.68394004362838
18.470729173195757	15.23930892348494
14.038911880241917	4.303784592301559
22.08223776696203	15.077027422987106
29.933515298660318	7.478507496124721
32.46122111213837	9.661013693097344
22.7328802911141	2.877899219665549
15.397344480357825	5.8005085419213955
22.42300849783122	5.432722333777077
33.66474333587625	12.368043600319886
23.011505521850502	18.64313125793037
21.624604495377977	12.92194815487441
39.02301723953954	12.168019618145584
35.03830314642121	17.74964830735106
20.380848743595795	5.8566895503627165
4.990965432829576	11.666266074813405
24.47991559188555	21.143076999383073
24.64826324697069	20.686745199581857
17.03653784076178	12.982823651672831
16.646931777993935	9.39415783186166
20.713237264855234	15.63068417937542
26.771061999705644	5.061152299903661
25.378943636054387	15.36230066151261
3.744117389845055	7.680468818700109
5.901191932784478	7.949716514709871
16.177167868506213	-1.7074534539599018
16.184562232957795	9.281664309025578
13.190768864857567	-0.20987267134646181
33.099252900539355	4.782591981878483
16.13301554618023	22.932698530050814
18.473262362220634	23.96272683740548
13.412195999988889	6.9682174336501745
19.90738079733514	15.396070256188693
40.86178509921211	-4.548364964874798
18.69884364409914	9.821687150101631
21.071942204320155	0.2505729161071244
23.03487684657088	17.238550692509477
20.288448974093306	10.65834132783396
14.325997032824352	7.27033766533667
27.342488199082823	11.486694597411333
23.076388309467813	29.98207161450796
38.60463841614545	-6.7563385809598575
36.880959237815134	9.154525683230183
12.739630847768291	22.330988486003413
29.23046934413957	15.547469368101742
18.57083901426149	6.88490974854043
8.876343602140356	12.544762457169414
24.5489503051502	15.07883815046088
26.92686693239368	0.6774429188282056
29.130614744002827	9.845120473551791
-0.1562881870272328	21.912318073926198
14.87923330247077	4.20554612376819
29.07974160548756	3.856817305569473
19.86640827739938	18.157592911925253
12.878998765639498	28.813093449394763
34.28601713411433	2.1896170736623457
29.451036750582233	38.75882517106244
29.17056798774074	9.993912364717243
11.237988561582046	9.453193134314182
26.948761646323597	8.870666040719652
19.456732931815566	6.636568547408254
19.47038044493651	12.569103609130902
10.317528845957394	27.093511050618496
29.338893468590584	21.152368305299518
39.728423701369586	22.394331223426363
20.70216801777258	16.31420263214939
-3.7146940664687627	11.726226957419556
8.38992256740865	27.64717028783578
34.65836412375343	8.329862698764334
6.098161575376064	26.657666412347282
11.362399958951736	8.293341419951254
20.83733295055195	22.388302619960406
21.925074077577392	0.6728601518088961
8.058304275564808	26.857377521873126
36.20091246863433	23.00591488046488
24.95427355064516	23.71812470391056
28.477366050910042	4.273165249466592
23.569289065141312	21.15059750911499
10.842201497315822	6.018984255772375
64.14580426022245	16.950636004813646
8.481028973020495	13.304318284123855
26.51013450424216	13.174598807955368
10.799102097281644	19.87105059383517
26.585306163661368	17.295241581156734
39.004026817498286	13.241676391904678
39.39805199441332	17.411356668504443
70.58603074723527	29.67679436139307
69.26181820983437	34.61849815945142
56.319948861123535	39.89204336909153
73.15185549010437	24.60633018723251
66.63575770206076	15.100093600533075
68.11200542982125	39.91316788034455
57.70837255655347	26.102705091811803
54.797021705750765	43.18684391730048
58.47641503372178	33.76174319313034
67.98243295677791	27.383545979469034
60.25805620601158	35.020391431785676
57.34308681959094	34.19457975188047
78.75315995003474	67.45060553154265
66.20702359388582	37.552416719997694
71.45528593691776	50.42181826435859
68.51069645038356	46.06824689562348
73.24306632343178	32.95001526529745
61.538548166563686	50.14351067597023
63.60161596083638	46.702773732202374
66.21695128367351	52.23020042321943
68.64917286295663	34.0861161846321
74.73600778093866	35.07019897572036
44.08444867945724	46.176530695680185
48.393274857985055	52.024738979022686
55.78280314470423	39.38386882127311
71.01540964906461	44.42127537054883
64.36773818246756	33.24369490374066
65.11640973875066	47.196287467110444
57.45208994777957	30.711188877784295
43.89877014397433	26.98053339575499
64.34905609050891	42.95517972877059
43.75734458461933	51.84937611267638
54.677640259346255	60.37754952367956
69.89027221724498	48.956164664679655
68.22165777001247	57.310817149235255
68.29772673719054	62.999036527168386
72.0447309424226	35.44189708605933
72.3444730150632	42.59309138010216
51.994992579293495	44.03991082091003
77.8537941475161	35.179823704340414
62.853050651960366	55.158948147204384
67.25620422147095	57.73462821187647
61.95189813464798	33.498883421867816
52.59826061995626	55.954216430571165
77.66525313373391	18.937323339776885
58.92136162160777	37.42262947325648
52.8438220788156	39.4190412971668
71.41042102117088	29.03676954402684
66.52355576987563	50.62964292443236
59.324014703594266	37.07706211002855
68.6226959140856	35.27610168366183
75.72638500418196	32.76818447097995
61.60598681376373	45.934747843272795
36.8522697981395	55.50289770531367
62.51436024601698	44.77859894218817
60.66556424877045	56.39328397746392
67.732427295229	56.23387551122367
54.58416012311801	27.67826900771753
60.33335241669176	51.23157822395889
60.54754131145752	46.152265242442546
62.25956871222288	37.67591765039427
54.85403825132675	48.99790042466587
69.37474524652191	31.937131720252083
85.86793923501631	47.251424647210335
69.8938296953021	40.276909463914606
68.31338202264416	42.045464576019796
57.501796885889604	43.946613388365115
69.92139909620082	41.947433355229315
62.54823257849047	40.08538825904706
64.2485417772342	41.95168344334076
53.01083773354501	24.79865423597097
65.37536623225827	31.97926406274027
60.51560564256182	36.1138840837319
67.88007220913671	43.95791898936414
63.79696558851259	37.222453556995035
68.29209948545714	41.76121030427584
50.58447382235313	42.18605188439221
65.82874919635204	61.959013034386544
83.66089677047154	33.46512177974231
75.00885323729406	42.92694028560321
59.73833496973797	44.938940375986
77.1063463085886	42.40756940603847
76.6047798796177	43.759011709436166
64.91733110888553	58.282595730769344
58.249779150332	37.52271847742719
64.24607220883794	52.979307114494134
62.00229371238709	48.28476313981185
60.26882989276446	31.7592552335675
53.16312877993964	54.40581258929487
76.80816785749032	52.26958137849134
43.459542922066234	35.32328805463295
54.34244210156315	36.7381690630712
53.251255691963124	47.66406773110336
59.834968806224296	41.18855421401398
77.53832539843363	54.413893333458745
60.26389517575942	43.00343813099815
68.77886181696351	44.2108166855781
62.260375821063995	49.1044973471852
54.6506794301888	36.27478836535661
52.561617408624954	56.717550055766296
47.82151780840435	48.424421251868274
58.755112958342075	53.83248612097795
53.279481198677786	38.138776474549
55.4909784273176	34.864223317256304
48.320363546659266	40.26646301135752
80.88241557532962	49.54560266276438
72.17989050775599	57.90390440405828
63.15513619098428	38.11006358050272
61.479125475481474	48.03250125448666
72.16230788730746	55.349306779812814
95.97597089133862	43.39887874075129
57.968271765955095	47.77900017288954
45.75057182798325	53.318150988402095
63.672612229214344	45.13761650719832
69.61219564828184	39.55960961815163
43.25404171233045	45.80510995700382
68.58741591310327	45.007124942742685
61.681077706675744	33.64832281351411
68.06205027765753	44.872459142024624
65.55262300003064	37.15638927151872
50.65148172599747	28.36510503946799
55.200117398759126	45.55756482746496
55.16056419390486	23.053041214333305
71.84991862500738	54.532917985447064
66.95765939039826	48.54535841453768
51.690917015046736	55.711959069983315
56.17598486429968	39.965339179377835
77.13199299847294	28.58042711758925
61.086433972863404	53.76123080104306
62.703135647190685	40.72604338752454
62.096853433719424	20.01756609269321
76.61589144328539	33.93122217668923
69.52057316494212	37.268427517687016
59.964221326866664	47.74527284597529
54.070363246617404	31.768698764321506
71.95497261656766	39.39696384318921
46.01542414024662	22.990750394860207
61.87913675028745	51.323934010784846
47.11517501789383	31.63326271924247
48.11313301096948	45.27115560388988
59.40857682513585	35.77384209104557
62.14043397424376	43.329749445376194
60.41696394386527	45.19825905450522
54.99753102562862	26.77866153194381
57.39106860365733	41.48905264199789
71.04110237932565	49.40725713019648
51.72632948889745	36.622248025897534
56.24050878867076	56.161529232483204
70.72744342379214	40.73272433594137
66.53722936764898	33.49683763530421
58.846458910226296	56.446227146192484
57.69475894590288	45.81147314642315
69.54977253471121	46.99363875794232
74.74103764686649	33.668515218995424
65.58001503956099	42.60101075375814
58.33770696199723	35.29773487039627
52.42287793026532	42.814794340213346
76.04829029804625	41.60884148299711
60.370375279133896	32.73575804415396
53.59302832057888	48.32429287907435
43.70914825863776	63.013751775168345
68.46662020391854	57.496175733589936
76.235366834736	21.327067922359458
65.68979151181422	44.63654815578444
72.91989202881979	45.20971887020717
54.38221010630409	34.839430497728735
67.40912873149026	40.09263013495862
53.16867379092872	37.60379648129484
63.28195319690852	34.897211997827334
69.29804708624117	37.75751636123009
73.88234745947868	54.861091201587556
56.135269741259	29.618413053956733
47.76613015940625	32.59313444977362
62.19741789541172	47.62753869664971
58.9912259552484	42.54204230359826
55.57679786874387	50.81675926404781
69.40884368822735	56.392686138426846
62.665957283506444	46.437302460017875
54.88702185142668	39.228536461491906
68.19948516931689	43.12699736572446
60.366186012037936	59.341879875936726
55.68145270047606	30.809780220424233
66.48239446166978	52.894218109768886
73.36382194402066	42.83350019619092
46.1594253730388	50.26276477134965
68.97467709983113	34.254337480379306
66.22398475659693	30.891876746160825
65.04659145506983	56.58199255018072
58.16808091089585	53.014072778873924
44.60444803816736	37.87285740022922
60.052634013298196	51.7037488291688
57.28320270451878	38.013770491156365
74.63413229441153	62.344053520076514
74.31713181622973	41.58204138129925
75.7427861733475	41.87835062609198
56.52528617079544	58.67253255741595
63.689855986781794	40.7774850942731
73.7357981752175	52.1386334033786
56.90999233210347	43.960754356910066
46.665055190285635	46.62688257207604
69.45057092422485	38.582865100139436
62.63135070567065	36.008167505542666
74.84313418230026	45.0008292581141
76.91822950203219	41.15508575767804
52.50763787697998	44.66381649870417
53.135657151325326	33.656428936598616
78.54583235836303	31.74903655159205
62.842925335731316	49.114268129486916
58.771085564577234	33.09784450865061
62.687787746181996	47.4566961010031
64.78173694211424	30.345022924216995
51.87383626988306	35.2653316911757
67.48372144434697	39.71904172511781
78.64021775851732	38.72219462248617
54.35381983251367	34.07199643703519
53.28362791061678	66.31985405328857
55.04072208174466	41.66175842221848
63.746565707806354	44.41725093485959
49.61891853442302	38.92587593942196
63.31097141542562	28.371095614348974
75.583631901812	33.43271125660108
64.28731742051482	35.59256331477265
56.76453139466589	43.26176341684139
61.04520051073869	32.847189146935925
64.86747703278404	26.648774775474564
70.65431704282682	26.661942281342654
68.03223140419881	27.653357204645665
54.46127445651511	58.1284805359138
64.91078051183541	43.31422198173256
53.77456956071915	39.72120045357989
60.744080519480356	36.64100809881345
60.17075370217753	51.300177984747506
63.08589908845819	33.732270811161854
53.15670621093001	44.998659870720225
67.13697445215816	37.57142513950777
61.40806864544359	42.192712579167406
70.03589287328265	36.760651199009885
83.93299498359359	37.55297390836159
61.145742909267064	54.602004338252435
71.98490317267407	53.57003613195963
66.8155622278691	51.76111073434488
67.19865991323086	52.22989052123099
62.512014105582615	44.661631645280714
73.55487626177637	47.84946657488335
66.27214300348015	63.733490212211684
64.8264279219948	44.34028501898455
69.18203993469838	38.09371631994838
62.783355618306075	37.72453838432652
65.80188718859264	43.59513016874002
62.968605491840904	35.77803457706472
75.4401832689673	31.285269323740998
49.03827266309624	51.34191292653058
62.23118552789379	38.75955515047099
82.32627570247924	44.73292238127894
56.67035136733314	52.31432288861348
50.906524608793724	43.19432311748077
69.91858776439132	48.83315401336429
66.02196160575399	59.76725558182258
73.76453426916726	41.9506173352942
45.16161897953215	23.09422234496755
65.65069527255936	61.66283752563318
72.93183530338078	57.2723291123711
54.79878155692157	37.98703438172839
76.38720461621546	45.505066038064975
72.8323709786452	42.600966299303295
72.22654788313865	24.050093450143613
59.09376957179388	45.31534825141329
70.07969545907629	42.34163246781307
48.89976905351005	51.86901926949258
77.2082135317285	39.28241490163753
81.7155957160604	44.84457486183794
59.301472275333424	40.32155802385817
61.50487760867173	43.20867058316146
69.7161033546129	31.258994526767815
87.14143417747027	44.057128222600824
47.02956960603362	36.593201190557025
58.720651607231495	30.947928173202307
71.13556772852309	41.109830274985654
70.99198566851179	47.3627993941452
61.63736713874756	34.73675931948817
63.72527893557755	33.96913750502914
66.61204693869759	33.815487322321964
66.12427639487883	38.41587898069395
43.220885781205595	33.59307749290541
62.03672735791045	52.24619932207848
58.21502594385645	42.81188704069402
73.62620205293368	38.6759484724374
70.34228068512681	59.66249113190603
64.25531047579537	30.784088712730146
67.1189814106923	36.87496037584391
69.89933370685782	53.74711182492342
62.10989537264077	42.43484293957368
88.7838532174724	26.98251639743677
62.2824902164148	39.94404937671389
59.6292118622531	51.61819492662856
69.00701939023914	43.967830743578745
67.94723413987323	52.02502611873906
58.286989613884984	40.47467936008445
62.89724628751609	57.66602052057796
58.279008999268925	35.60072433639743
69.08774679407377	38.00737536648779
60.92732998058387	29.67863225603449
56.86997891175933	44.98173346718542
60.87749128642387	29.976042887390427
64.57447054301694	41.820470002471986
59.54975362745951	55.96601035593716
66.22917123530439	46.823031523807366
54.81363272678439	42.25522895902462
66.82283514538085	54.926702637451434
70.19746359598832	39.29003166934221
56.49587374322562	50.708324927178296
71.37014938339493	41.383496751046614
62.48791309655767	37.2136103437747
71.10294810124087	59.11068774607506
46.61135238530412	51.633958107500526
57.40600948185146	37.94265804539895
64.00705211980537	40.84385827862323
80.50453846066387	50.284438302945624
56.36364069627751	32.966005965107065
57.77791813264302	35.09999396063354
60.47484053977913	30.246604002325448
57.61432675282285	42.107190750194626
59.092640520474276	52.541684545102314
80.2340032772592	50.38700904880677
74.94216360996127	27.44834491579308
49.040121362308966	32.992588336357144
82.80732635116836	51.86447976334448
85.86788975970389	46.646917786143256
75.14411746416535	32.57288893540117
66.65404809937601	51.76226307026252
75.3033540057577	59.497936967027
62.765962930592096	46.16868566153738
60.975159609368234	49.66652003835552
52.903703029303585	55.13623970034065
66.37317317057203	36.77122680880791
75.00224860244923	47.255780776635135
60.21685867245271	41.39719737528587
82.16270525664626	45.39519217356853
82.24597311810525	18.145594206278837
74.66588023587515	26.588028986974827
54.369809258382034	36.03892869821441
63.41825571942248	31.728276501009645
51.09742833487431	44.0976429360965
55.01020284981131	62.14995335222315
64.42458242606968	32.45874167356577
59.45081816136309	45.6170156640017
69.84634614961038	40.87552401173604