23.027338211219345	19.537189841634397
36.717655331977355	14.068455788088869
25.20264691170825	22.218706154701206
14.98913699582771	23.239201307464665
26.20315421065763	20.03662886386648
27.71864575572011	29.603711629963854
19.055017158512314	6.766781925084095
40.105331144600584	23.47434724614326
30.191571509603556	27.24264671884022
31.443424013233216	22.57505136944454
24.311784705852702	30.2217900308478
15.54277659096628	30.699130200586314
44.25231120968127	22.975588619625373
7.569827238222754	17.961957701311096
28.513907395383498	20.181793619149413
41.05458329795807	21.63647013409048
25.327042218655862	28.744015398472722
19.963201905153092	12.916320310439266
42.42601924678716	12.637361261739452
19.141945423907153	21.64101987921749
12.163463019183434	21.408801646163745
29.268195379297786	15.9685555642748
-1.559017628970068	6.388885004322745
30.424038438934623	24.43883629883367
6.0544264861119395	35.25616109512619
12.36178875473386	21.061331525837833
24.871290414335725	11.902049140177732
12.775963407913514	37.17846728809704
25.37306791348494	20.54328134021782
26.62659006805458	31.3595466538726
27.551462916191156	30.247981056053053
28.814164552415917	33.092971077144426
9.462971524184116	27.754807141270668
23.870861433106903	24.254463487982342
50.54761379750849	9.320807854592545
28.054509246813094	22.8132526715376
4.713811441800953	22.016005903664666
9.51141902568238	22.4288442747789
12.974470426848232	11.324446441758093
21.809868300998616	13.501527055378885
18.507621526106572	13.1847097295561
10.154811525457559	35.51347823294927
24.23418014770399	16.54979530737911
19.49251493105909	14.276440803801153
28.317264738061308	25.090854175062404
24.060474848455808	30.884169577197824
16.78097995374231	14.650260389450743
-4.273948252389584	23.096686009554126
22.153951971825297	6.053362752002773
20.845833192946223	38.854098808825114
29.589906255971503	23.29570491065201
14.835748861204175	10.565267991603278
23.68260317993428	9.164318056936446
22.960799528102662	19.268020323559174
26.498748960347008	23.86978436797396
30.77304541942202	20.448681075816207
26.295966963619122	21.756318222715958
41.708065238669704	22.579426726187954
37.93126253210663	28.59081346035962
4.917547377195898	37.755043408619315
2.647135961905878	18.008226195103116
42.87824701442904	3.861802950413974
44.86034294546103	35.3593155844234
26.60624941328811	41.14805032976615
23.181568045068524	22.815588141464215
18.247132369762134	34.20101769296612
28.625374652748974	41.61562721430012
28.45633736711357	27.39113767655367
39.09611487480212	21.53520774191042
23.994862300734503	5.4527755377025855
18.33418959880767	12.770694816333313
7.2621062189504055	25.92551503001942
26.33246882534464	43.453118814990106
20.09439117205043	23.544908772731823
20.09174224956428	20.616062165376654
24.566560644429114	15.07201444590719
19.838566568319383	10.385070352591981
22.9117647568693	16.827839268569644
8.725425130653312	44.806542147046486
25.54106640202807	18.115213856480068
38.85455632309704	13.130818599290501
15.828948242348355	9.316306440590061
15.87880015219229	4.59021441509373
22.753930563916352	11.641288420903619
31.28830863852927	19.788168765416305
28.942682913045672	28.976919503909212
42.89732296269144	30.790338042371815
17.59125530145777	31.005040539842195
32.360178462880654	24.634780694972342
21.523933786781498	22.137576889485928
17.60430194311958	25.050799723474242
19.775230631414942	34.86241419426233
21.697868731915484	21.406355059821614
32.52852910219863	26.460957523153418
28.83979776537138	32.35905042201679
19.434809805477986	25.531119494788385
17.407785555789452	13.598831902898137
9.789307179032487	19.95331495894112
28.56826740454466	37.81510117645463
18.278478555325172	19.21194847422736
26.108681424572207	24.419567050307492
22.566871998920263	21.245128644403174
28.399523062604725	20.138898768906866
32.9106188817957	26.418246660029748
17.508109882306506	31.658701273220885
9.715265388069875	17.729990170369952
0.8468085051342165	20.52757247423638
4.437766769372615	27.768285555452344
10.814137137581515	13.697847752552025
13.225829478664057	41.20542294925801
46.79035291981283	43.54382842018319
22.508722970056123	26.49949857673121
23.123078409474424	30.232648837235917
18.754294832343593	25.641391937426302
23.82397873993218	39.00093954570897
32.04171779257719	21.944657763818775
17.100402286499488	30.455989883723717
20.49693003369	20.748990988026225
33.54250286478836	17.455891044850286
16.90634105993398	19.715635627641113
44.93742275218264	8.179874516771333
15.956844268839408	22.232943100525706
34.218618456629635	32.42058796731265
9.475347231774414	31.197839175523583
43.87170006573947	20.031041360015095
18.930746045355498	1.7353338623869732
28.733698627892075	27.130348708733198
30.88898310869511	10.854231015684185
7.480944416401288	31.96180866913539
4.481413580838023	26.840307091517115
23.19244329712235	30.629921153357216
26.470624403988097	17.473474085038724
19.417354358708465	25.080489368537275
11.356351121504444	26.026955543484476
38.17818152059294	19.353509736868737
19.775718219690816	24.010300480373225
32.165499446981975	12.868443126555594
3.7412993552590414	2.24016542958336
-1.6080771314919708	8.029003463223685
7.093899263800807	39.35035733233329
15.183056773397286	22.800972832064414
19.290904067247826	39.11427228284735
8.076074892593448	32.149034015024974
22.83558492833473	26.551346613022048
16.267453433761304	30.40967682479457
14.25596208263542	16.009095118200428
22.523419053078324	25.642158988283477
44.41129965537242	40.57659164660827
24.73830699912518	28.123062765551502
21.873214212734457	18.942506182577116
27.960354386841757	44.10718204098624
21.645109683911098	32.03280581293013
8.978990317365799	36.59251193861291
36.820195763820166	38.148037456072046
54.09821820809034	43.45544752100732
57.72688905555384	48.78108671317719
59.871142313605944	39.18752578057463
21.021866829507275	40.54145106831012
35.38030781837124	38.95296399609399
44.39363798494582	40.38425649963678
38.84280067003923	55.85601145502478
39.53348216150235	36.04992523911362
36.94348795904979	38.3072609051849
29.74406929841076	24.369251350493183
45.63518818541852	36.054969378444014
47.25032422856408	30.259404018974866
33.560963095426246	46.57325954638641
44.366442358803276	58.89314646287701
42.02794922954988	55.091715937589996
51.94035060356505	59.08424254044812
21.668419410835117	58.03993498502425
28.85262701863248	51.414332683303925
45.82546002745877	39.85011884290433
56.259750363891975	38.906660575389374
40.48856592356544	58.822282830214036
40.641892008353175	40.008644396993276
40.67194256180765	54.065225004683896
40.16841210113756	50.83794520680907
44.663275836262436	34.34026098903648
32.268797771250064	46.96340585880455
43.75662156858146	30.177204856801772
41.23802867063349	39.03024280449745
36.2474882532241	49.925968971077054
32.28806557411131	37.024020210234816
52.423059606722035	47.222015431800756
52.27126195538311	37.41726469779402
48.706936948216395	38.74263377951626
31.004241492601835	53.66113353739423
49.281453932317255	36.10500749249887
57.982240746281775	52.40259017738041
33.00909194963435	59.12150864695865
39.96187822829254	34.203967083714176
32.67331055797224	47.454893756723926
24.869030709696638	61.50340119429065
44.402676059737075	44.48358335166769
47.854404945556325	37.44132526182562
62.644283651638695	45.17310752473002
37.238219231480436	51.036068920497634
36.21126447928762	39.01736371164628
36.961691256805054	25.48270774422457
54.66193622353821	60.326905674513604
34.48928233693614	48.619745714160025
22.323255547202233	58.7807414733699
36.4751044099914	48.53019949962437
43.211766319119434	20.414203271644425
48.01905069471941	43.793428880376844
38.24121069971647	47.27758578795685
33.8013523962104	47.33898477012057
45.56336086642511	50.83264866323092
30.17467896698899	53.57241742990665
37.1846109663389	51.13110274596781
52.75036413776435	52.401495923902885
42.73277036193907	39.16680007376163
40.93761871872713	52.638391073072974
25.72336129877285	44.85592138560725
38.51719977531525	65.01914870435905
28.875314408376404	55.99531409487098
61.7532240650843	40.74186104081175
37.28043035462417	40.76615080841252
54.819815343870744	43.78043270236565
25.80656165778854	46.99596158770131
30.959767615999404	34.43282157778719
45.212817914603924	62.68831942301436
30.40525638462688	55.009365288009036
37.43735989274436	41.71765967916854
35.985088716176236	34.40492879990667
42.78708631995569	65.7906676198512
29.639749529899234	37.96312523788664
37.877860807859804	40.12876632101677
52.00991867882088	66.62534230290179
50.22507485857324	36.73636655535168
62.50083808248545	47.52957699924751
41.03200361690575	31.463590246276066
52.566316821212546	54.7997317301219
37.61869196929145	57.02247253422797
42.46919246857912	48.61379128150525
44.182909759648275	47.73080006234392
59.122512013183666	30.00721980892562
25.78317370392481	41.248003046670824
56.44834494994306	39.91696623115602
46.19705623439948	58.557015241153216
33.41887747800077	37.63232914481066
47.48704358324422	39.089225889985606
35.7623095756113	49.227927242410104
49.418260047749065	41.321886140176744
48.64244949877926	42.92282518928253
37.131965350565565	59.86180204440393
46.971267985503815	46.00794612378684
41.786209376782494	47.60416448298184
54.6406537036887	29.65474460963047
31.37242834772825	29.33731082122504
38.24158881526434	53.86305428609213
43.62372556535363	38.302251486436525
32.78581124778785	29.262534432755032
45.5042192036834	65.06209764341077
24.875107025395067	32.33971411587855
41.30532404547132	51.07202058346604
41.8039549668073	36.452004254674016
45.500367120858485	40.42400794252331
49.40116753305078	49.186369401986276
42.235783601526265	41.786569909450186
38.861717625748156	37.371316177802946
47.328429897852445	38.06115977831246
27.094798559592988	45.50137252396809
50.974591537524375	53.51238643146115
42.60464687990374	37.42325357325231
53.98440783990685	70.054346198198
35.62712234061081	49.30268089862417
58.46707908325015	27.808608111007945
42.57804322577693	46.54652027740622
43.67559766152178	48.31690119982286
26.647825052657286	37.76477867410357
43.70968346482858	44.56771051698207
36.721785634806565	51.338641116168866
34.27342702822214	46.13569262507606
20.120503890929548	44.055186412826394
27.924504761316836	42.25898606501668
40.20027839903365	39.23197641247149
30.73712734587687	59.629351875781495
47.57512767495578	39.11468630698538
29.59680279521078	38.04688529687099
43.25531529438331	42.0632221577334
50.995303395778635	59.762158682361644
26.914382210635345	39.92977938976207
35.19668036138518	35.5614592236871
53.96573578841392	66.37194618752577
44.48226883678208	36.83673068771583
42.273167371195306	50.75768468374075
28.9622756434406	61.69955358749389
45.72825096553924	38.46576866249146
55.99911697815746	53.604358713897554
31.382660017457376	51.60197026100424
51.28587953020694	42.828886977341874
36.15472184810671	54.441213629903075
45.96061957174364	54.105512805260375
54.5741732137636	49.75242140472385
39.06311592319247	60.44533686685423
43.078971195963504	42.974375495992824
49.76394076604437	41.87436227176849
32.720730113605796	28.76801451291096
42.426118134017045	50.33551993104146
51.95029259172483	42.24362507126203
49.487607963584956	37.629711847005375
32.89987465988977	36.3636360408338
46.95358842711659	40.64226067279917
41.75781228357506	48.364532709242425
25.898408327903404	47.96713185753299
33.69311433952949	34.982459818338285
30.134206428983553	115.96166868823542
46.58112241235523	88.19326697229837
25.87157185342188	81.03442843461893
36.59353177189983	90.14738202693646
30.6249707742136	107.86783145207002
47.07475473165893	102.27014842848881
48.01413795497934	93.8542993336466
39.38675041162267	94.93226217268715
35.853218488705245	96.83868664104808
47.03539694780111	116.27943462174355
43.29217974060592	84.3502131689937
34.85922953524809	88.01176907219052
42.962104708316524	94.33709412862034
20.183593783421127	103.9470343239692
43.81861863458866	83.24844248162306
48.10633902760062	106.90152028669623
43.26645182158209	92.09921092060003
43.28864076784167	97.22553814183057
38.354161144344474	115.18662199964996
50.244496264606	117.37589809761533
44.324377272793086	106.28546438244346
46.998622720008086	91.2654023936949
30.058145645482554	98.37235902149887
45.64110366795014	111.21935046036752
41.83073827881977	102.19353928153915
51.033828816023814	102.26728195712224
37.19243565301353	102.88276551754808
56.793821240312425	101.96982681345597
62.23623933047069	108.56409601536998
65.49977282571885	89.02908299579097
50.87680821843648	78.29278569163398
43.938779490922556	99.1949269916824
45.87463656464048	119.25910672509504
34.789089872790726	81.81005410465731
44.56675657719799	104.00001487097886
42.32602975938918	111.19154153059948
58.03015907849503	102.3572033023042
47.76295321348933	96.19867255600285
48.40210163580372	102.28716048961032
38.200182430240915	86.95803774654215
31.937232347856693	93.3654185605413
45.756384883023294	97.8993310386234
37.886641058650625	100.84618749988793
41.96072820952048	103.59426520926385
55.638595051053514	96.97088462425816
38.5466371257711	85.17043043487786
44.93712621358331	91.78691589994898
33.97348622702899	122.72516636907599
51.60502856425705	102.21893848071616
44.57793479033399	93.08988504898933
59.12633220077325	89.5225803801435
40.01764503872088	106.54751648308246
44.59171352085053	90.46553707485731
65.85825043367653	104.32608014440301
36.98760051116078	94.13099790735805
35.96265138873343	103.24937118822866
26.533723489888875	104.00854048484287
33.21341102497903	99.92183114120182
46.81288928405121	103.80820510098769
46.74887780313435	90.89254806531194
33.49815361718689	90.55596851614551
30.592747826333436	83.12882755368344
41.74803293968742	78.35351708303905
27.31388410093329	121.51156065348793
50.22656297276015	90.56987532120938
66.33911058613457	108.87420231139691
60.03815785011767	86.44034161635581
37.379087851371864	95.42396626257816
44.90419882238218	82.66318571510331
24.495685885243592	107.31341577563215
38.56907538650672	102.11398514412784
40.99379819896615	97.41560737741263
62.67220089550884	95.24594380979622
41.42571292268491	113.26439842608936
52.722221651870015	96.18263153223985
46.90271736162483	89.51746971614126
34.35072539221665	108.73499995648224
40.92316435839752	83.41567527871607
42.19299936486794	101.1203000198331
30.836919666757616	86.86876850322761
39.97932625580139	111.73635093624665
39.43918220560295	120.32050071565907
42.30383496172261	116.91066964922598
30.753662456367586	94.84255883487955
31.8904636533509	84.19991834990299
52.26982345173893	100.03333849780127
27.996060008414226	82.96396382918942
54.18570726000914	102.748292780713
27.686351369560676	102.38543437589405
41.39145046638719	102.70140586459772
49.494332910845245	98.63030301337835
42.67345578543429	82.4694240369105
39.019198816991306	93.54173578835729
33.84456382622285	97.80295394539266
38.340147392991526	97.94653287400477
40.77081732679904	92.11576809569922
49.4615589043815	93.90514149099889
33.26445049531177	106.02066038495869
54.36471664470231	92.85848726396337
39.99113003006232	101.3990289077685
42.42872365281013	102.64185366589946
41.44550781395424	90.61950512256823
50.662128355566836	84.18177174131178
64.94292442332247	104.42703560650332
39.093259643836035	98.2448081332827
37.38240122711277	105.33936644105482
45.12408625135981	109.6918088925344
49.94214317587771	103.09154328469201
45.056923875686564	100.77243486804139
29.969125283246914	95.98657777365283
45.35548381722667	101.36814374371025
51.984866704529516	95.97572698454287
40.12520349860537	94.54151349719402
54.35297190155518	93.74003853726906
48.049718696083225	98.35285754279873
57.058643056734766	101.87568782873005
44.41492242139788	81.05250369875434
30.741287848214185	87.12916224712362
36.07115592555838	109.27361117196078
45.72812902958748	95.59706984206387
56.6440697144018	82.30219219526651
46.91562664972525	90.71562330974486
49.42820351282707	101.6742318551685
46.49505198086056	105.6542872629011
47.507001678446905	92.43088470555684
31.855111310619975	101.27538324024425
47.432705556107756	94.24802197729672
48.60228930709148	106.63749739270828
42.04360601508325	111.55545500771441
28.16354684197936	106.72078977366708
40.784338355865714	112.18867572458699
52.22496497558468	99.23803633903158
39.39614146915111	83.05133399134397
48.97029077476813	108.30621226026136
41.32208287031401	110.47030261676477
50.68955498717087	93.06465735812056
46.46756156278239	105.19176335752913
42.928512589866266	112.76590674106005
34.02171726580949	81.98908280118309
39.07402240131219	78.91378013296261
36.67633467952923	100.32351991295691
34.15504276387263	87.10202125176997
46.957330446273794	84.53725419959376
41.19905946234527	107.71030433057561
51.34876215528087	104.86567079100303
65.53955210429247	111.42005364946003
47.97315838125947	91.69769827093745
49.108778298197464	107.27956468666481
28.340905681073004	103.97148185223969
43.692744310565814	91.64019414452115
53.683392864494685	98.44254717159318
34.9718631860202	100.99810165792441
62.112410736270576	107.34474330856062
65.36811513698017	90.98324965718265
80.36903704121796	99.64497517375293
90.76993237394169	68.17870314590787
88.94168690178508	86.38519270661425
75.69383855744785	76.1739633666403
92.22957273562066	69.7516850299804
78.74486587638411	90.43464785264298
80.91425065712933	65.49958042529806
75.03447854393812	80.47899606388822
89.08464321071438	87.38020227347829
88.19000708226666	92.95017838449893
99.55906543756728	76.18396126713354
94.97953396601446	66.17123878933135
85.30768450290552	67.33492044424558
72.9468216085772	79.53669267171712
83.97240358168835	96.64592280154463
89.08153997881853	85.23525674137716
94.32872406967807	87.72385506995454
84.35789388709782	74.41048976688523
81.12986079281492	83.2009802073419
92.94339486170682	86.54694657076706
89.77827754921938	83.85771930712097
89.53899755339444	67.44014347077444
79.58070794041913	89.91829595795352
79.09064039815925	84.5207553451733
90.71349821457413	77.97281003770303
101.58274520759848	86.14905585062465
77.08992316076234	66.04008743319231
79.79353274887295	64.94524630206827
83.98322659544215	70.65297105119225
98.38559351394251	84.91264013104758
78.95231425123815	81.04300801151527
89.4680530054581	98.40051700934757
84.03229482857455	68.33030199694551
78.11196531727518	81.34291098153221
85.925370401386	73.87797280168104
85.02555003080005	83.91462836306454
89.37376134906717	80.77927355282498
84.76942441865008	72.98191477495254
87.86328984387931	75.49443865321213
81.65448555789638	103.0997250534021
100.67032585808234	79.56348899421197
107.7749901261229	69.584950999595
58.620808287888536	69.08735899736544
69.04911657961125	77.12393734640827
96.62299031172839	85.58557400143965
101.63919606947847	90.63181096754744
87.45664934470658	75.77381829142014
90.97592528603079	80.94165166640758
72.76779520515757	94.32535075636252
86.08840374188605	78.52022966976016
70.06063823278129	103.78501079074869
86.23553026439106	74.49793885775122
77.66880052129322	78.75781512442157
83.24316760528349	64.3777967554133
91.9783205357551	80.44415903980754
74.65795014703203	83.1851137449667
87.49833563618976	74.79110398751311
86.20856608146916	84.29568291032584
81.59449030742378	93.01194200372369
72.60700135224346	81.30694398659958
84.12303306484905	72.15553782472689
75.19359164880126	86.96097551118021
86.0485767878977	98.3380395997602
69.35056359496735	73.26066624559807
84.86682556554071	80.85694158546534
79.11857060003797	95.9227141363413
98.11423315970421	67.37318699672625
83.8454677505203	79.58858093427284
79.08082982248672	71.37817550788351
87.63637765891038	67.51534634116581
89.27677092819489	78.95436208705378
87.33753070347822	77.65059712388592
86.35600184591149	57.345081591748695
93.58482233695575	84.6498667162215
71.4921568774877	90.74878694525506
78.15613479968428	82.3948502464727
69.76965091496523	92.8224803557063
87.82844487248528	69.54648524470565
102.73254405767855	76.97107866565213
98.47923312812881	72.30361905744257
88.76771018033925	92.69991864863758
76.18994506127558	67.10467173454795
78.88555376744313	79.25954629259692
92.3989060474525	82.11963866622953
84.34517929766909	74.82640399040382
78.79874588557853	87.9624721553699
107.34941156868017	89.45667336503148
95.87468121583407	76.1341402134886
82.52908484962494	70.66859296981765
90.21943469828607	64.26683237686818
83.07025253114607	91.24416308119552
67.39736620296216	90.66088429742807
92.49163593278668	77.46302200049075
83.88246963166384	84.8823195665095
90.81232772434025	87.31461973096579
99.55232229507774	69.00361713889268
92.26643695303817	82.19616040143012
96.70085226820481	84.60627091894172
72.08081443679636	78.66749315078647
76.67388055028628	77.0885636141943
102.10024058701013	73.81417558649648
76.62745977950719	68.9553991302805
78.93951280902988	59.90592234139224
88.74128455035978	64.81238572544942
94.9139823413215	74.44750390921497
104.15464596504768	84.11627621753712
84.81821082835091	62.57998280094603
84.69441157390368	67.85077272087011
87.50794515874118	100.62057056394755
70.90962333657208	61.00678154379035
76.33016480734366	64.45789631190428
76.61229426391971	71.5619952111425
97.10521409625579	68.33112654318234
83.61429953011377	88.20903203232486
81.437007286316	86.87544257789808
75.48812749261955	88.31167807627719
75.86609669679066	75.32816820763041
84.05497477337008	76.80212346926058
58.5981759190191	74.6081921289266
80.40903471268507	67.50100106959506
88.09533715635271	79.0186897755526
78.68016449852914	89.0068321821423
78.66191892435582	88.39735597530425
59.09667650001855	74.93825372101583
98.26616025004074	67.48853566083696
85.01817570267535	92.39136135135514
89.61339290408593	86.35580856176708
84.93720580819515	90.18607629511193
102.35749423831281	96.0339074684358
73.81982128619748	94.75100707884678
63.992620278313524	69.43945621620156
75.6467436847811	79.08104369924219
82.82903525215688	63.61517059226455
83.02598828855038	88.5328367115843
106.46433473776679	68.9832299252664
84.80821374876862	78.54695905469244
94.60804827741767	78.76039821241821
91.22673820214723	99.42762787554645
76.65807467568636	92.30569241293843
93.42992532931777	90.98447885332861
101.0221763366884	71.05955905020211
106.40883861828647	78.30690571028197
105.16360588279012	70.10607016641885
81.2533505722765	82.99431628713825
84.06772314421393	88.1538100301727
71.31253524557391	67.6739143652065
99.46488654186032	68.02969948005072
92.26117080797255	88.91273600121812
81.62364379147388	91.22287858460447
79.86345432894757	91.59241703497865
105.0897504094998	78.30833206790231
82.32139693760888	86.8117867558989
89.51434133318358	73.27722312994162
75.6541344932047	53.1898604979371
74.05118591258132	77.72106652889319
83.54181139669603	67.99125366837967