68.20847426531294	39.21463404304831
61.30874241170059	29.863124351375383
61.30874241170059	29.863124351375383
56.040821794069295	1.090891538254703
56.040821794069295	1.090891538254703
58.22248447262951	30.006663918823804
58.22248447262951	30.006663918823804
42.977798489413125	37.027035912294245
42.977798489413125	37.027035912294245
42.977798489413125	37.027035912294245
44.87566758884295	9.059457203320733
47.216964985472444	32.84711475615941
49.32768037566128	97.04205010195032
49.32768037566128	97.04205010195032
80.45629992724126	87.0597885134357
80.45629992724126	87.0597885134357
73.48561635961265	13.987438836554698
73.48561635961265	13.987438836554698
73.48561635961265	13.987438836554698
75.35688114791257	36.37454568633377
75.35688114791257	36.37454568633377
64.80330419696836	12.39987190780909
96.42856066800783	52.463475463601505
96.42856066800783	52.463475463601505
98.04263766352223	66.61254271465548
98.04263766352223	66.61254271465548
91.07195704632353	92.54019451298942
91.07195704632353	92.54019451298942
95.2401747787965	24.639436322076413
95.2401747787965	24.639436322076413
87.71077559878532	19.015487804644366
87.71077559878532	19.015487804644366
87.71077559878532	19.015487804644366
89.89243827734555	47.93126166042841
89.89243827734555	47.93126166042841
84.62451765971424	19.159028847307745
84.62451765971424	19.159028847307745
67.74801749008687	45.600122487010985
67.74801749008687	45.600122487010985
71.56149583027303	55.09517322134729
71.56149583027303	55.09517322134729
61.26510519689937	39.35853609111779
61.26510519689937	39.35853609111779
54.36537186807206	30.007026399444864
54.36537186807206	30.007026399444864
54.36537186807206	30.007026399444864
55.908500100000126	79.4352580909356
55.908500100000126	79.4352580909356
87.60470533462593	84.21970015672116
87.60470533462593	84.21970015672116
89.14783356655398	34.647928897781995
89.14783356655398	34.647928897781995
82.24810023772667	25.296419206109082
82.24810023772667	25.296419206109082
82.24810023772667	25.296419206109082
76.98017962009538	95.52418786820336
76.98017962009538	95.52418786820336
78.88691879018846	50.77171249776403
78.88691879018846	50.77171249776403
71.9162366977748	76.69936429609797
71.9162366977748	76.69936429609797
75.80066232633234	50.91525206521244
75.80066232633234	50.91525206521244
75.80066232633234	50.91525206521244
6.155570164328688	31.91203657815932
6.155570164328688	31.91203657815932
0.9585983102837281	66.86064227503178
0.9585983102837281	66.86064227503178
3.069313700472568	32.055577620822696
3.069313700472568	32.055577620822696
94.57538742703959	58.29204688317226
94.57538742703959	58.29204688317226
98.74360663472753	89.39128869225925
98.74360663472753	89.39128869225925
98.74360663472753	89.39128869225925
91.77292454231387	16.318940490593203
91.77292454231387	16.318940490593203
93.38700153782827	30.46800921686212
93.38700153782827	30.46800921686212
26.01225800886775	70.5316142478695
26.01225800886775	70.5316142478695
15.45868105792353	46.55693899412987
15.45868105792353	46.55693899412987
15.45868105792353	46.55693899412987
17.578265043560663	93.96697915366993
17.578265043560663	93.96697915366993
10.394736660387995	27.732116897239443
10.394736660387995	27.732116897239443
94.1500506771716	34.75248741549493
94.1500506771716	34.75248741549493
96.33171335573182	63.66825979606402
96.33171335573182	63.66825979606402
91.06379421331549	34.89602698294335
91.06379421331549	34.89602698294335
91.06379421331549	34.89602698294335
93.24545689187572	63.81180231394235
93.24545689187572	63.81180231394235
85.75153061844274	90.04827305150688
85.75153061844274	90.04827305150688
81.05119863428719	76.04274536790133
81.05119863428719	76.04274536790133
82.94906920893197	48.075165183712855
82.94906920893197	48.075165183712855
82.94906920893197	48.075165183712855
12.73638841345256	14.305244567144605
12.73638841345256	14.305244567144605
17.188401200270892	3.2878374657741984
17.188401200270892	3.2878374657741984
9.650131949596451	14.448784134593026
9.650131949596451	14.448784134593026
11.831796103371628	43.36455799037707
11.831796103371628	43.36455799037707
6.5638769609553	14.592325177256393
6.5638769609553	14.592325177256393
6.5638769609553	14.592325177256393
98.67301222757628	87.45592029933262
98.67301222757628	87.45592029933262
3.4864890925474716	96.95096955845395
3.4864890925474716	96.95096955845395
32.62855211499975	84.7852400166364
32.62855211499975	84.7852400166364
34.7392675051886	49.98017388721235
34.7392675051886	49.98017388721235
34.7392675051886	49.98017388721235
29.54229565114364	84.92878105929977
29.54229565114364	84.92878105929977
22.571612083515028	11.856431382418757
22.571612083515028	11.856431382418757
24.159084767899504	76.36018566744025
24.159084767899504	76.36018566744025
19.52969859690037	27.07549649382783
19.52969859690037	27.07549649382783
19.52969859690037	27.07549649382783
21.072828304043394	76.50372671010363
21.072828304043394	76.50372671010363
50.21488985128072	64.33799569307111
50.21488985128072	64.33799569307111
45.514556391910205	50.33246948468052
45.514556391910205	50.33246948468052
47.12863338742459	64.48153526051954
47.12863338742459	64.48153526051954
40.15795129501094	90.40918853406843
40.15795129501094	90.40918853406843
40.15795129501094	90.40918853406843
44.051245519016774	47.84018111693204
44.051245519016774	47.84018111693204
37.08056490181808	73.76783439048096
37.08056490181808	73.76783439048096
21.906824731758114	45.50904341872956
21.906824731758114	45.50904341872956
24.017540121946954	10.703977289305525
24.017540121946954	10.703977289305525
24.017540121946954	10.703977289305525
16.834013213989245	43.46911503287504
16.834013213989245	43.46911503287504
20.64749007896044	52.964167242426306
20.64749007896044	52.964167242426306
13.747756750133126	43.612657550753376
13.747756750133126	43.612657550753376
15.290884982061192	93.0408862918142
15.290884982061192	93.0408862918142
41.60387933344287	89.2567344409552
41.60387933344287	89.2567344409552
36.69070105852831	82.08869270258522
36.69070105852831	82.08869270258522
36.69070105852831	82.08869270258522
38.233827815241405	32.516921443646055
38.233827815241405	32.516921443646055
31.334095961629046	23.16541175197313
31.334095961629046	23.16541175197313
26.075045414661002	76.60828522781655
26.075045414661002	76.60828522781655
28.25670809322122	6.524057608385647
28.25670809322122	6.524057608385647
28.25670809322122	6.524057608385647
59.31437740599992	31.820957509877903
59.31437740599992	31.820957509877903
61.4960415597751	60.73673136566195
61.4960415597751	60.73673136566195
53.957770833885704	71.89767803448078
53.957770833885704	71.89767803448078
49.04459403418609	64.72963482089582
49.04459403418609	64.72963482089582
51.15530942437494	29.924570166686745
51.15530942437494	29.924570166686745
51.15530942437494	29.924570166686745
43.68798893728684	5.8063553454987025
43.68798893728684	5.8063553454987025
48.11339593776028	45.14363527809583
48.11339593776028	45.14363527809583
76.90071514228087	11.373713186312626
76.90071514228087	11.373713186312626
79.08238077127102	40.289485566881716
79.08238077127102	40.289485566881716
79.08238077127102	40.289485566881716
73.81446015363973	11.517252753761035
73.81446015363973	11.517252753761035
66.63093324568202	44.28239049733055
66.63093324568202	44.28239049733055
68.74164863587086	9.47732584312147
68.74164863587086	9.47732584312147
63.55354390205924	27.64103635374307
63.55354390205924	27.64103635374307
63.55354390205924	27.64103635374307
65.66425929224808	91.83597169953399
65.66425929224808	91.83597169953399
50.49052059740306	63.577180727782604
50.49052059740306	63.577180727782604
43.51983998020437	89.50483252611656
43.51983998020437	89.50483252611656
45.13391550050381	4.653901252385471
45.13391550050381	4.653901252385471
45.13391550050381	4.653901252385471
40.43358351634826	89.64837356877992
40.43358351634826	89.64837356877992
42.33145261577808	61.68079485980641
42.33145261577808	61.68079485980641
34.7931848403186	72.84174152862522
34.7931848403186	72.84174152862522
66.46278281338459	28.980870628378316
66.46278281338459	28.980870628378316
68.07685980889899	43.12993640421732
68.07685980889899	43.12993640421732
68.07685980889899	43.12993640421732
61.10617771648533	69.05758967776623
61.10617771648533	69.05758967776623
64.99060482025783	43.273478922095656
64.99060482025783	43.273478922095656
58.01992125262922	69.20112924521464
58.01992125262922	69.20112924521464
59.917791827274	41.233549061026174
59.917791827274	41.233549061026174
59.917791827274	41.233549061026174
54.658739805090995	94.6764225368696
54.658739805090995	94.6764225368696
84.08459640667367	40.39404408459464
84.08459640667367	40.39404408459464
87.89807474685983	49.889094818930936
87.89807474685983	49.889094818930936
80.99833994281757	40.53758512725802
80.99833994281757	40.53758512725802
82.54146817474562	89.9658153435338
82.54146817474562	89.9658153435338
82.54146817474562	89.9658153435338
77.9120849541764	40.681126169921384
77.9120849541764	40.681126169921384
70.373814228287	51.842072838740215
70.373814228287	51.842072838740215
72.27168627814676	23.874492654551734
72.27168627814676	23.874492654551734
4.941284251212732	79.01362175430482
4.941284251212732	79.01362175430482
4.941284251212732	79.01362175430482
6.484412483140787	29.441850495365657
6.484412483140787	29.441850495365657
98.58467915431348	20.090340803692733
98.58467915431348	20.090340803692733
93.31675853668219	90.31810799057206
93.31675853668219	90.31810799057206
95.49842269045736	20.23388037114115
95.49842269045736	20.23388037114115
95.49842269045736	20.23388037114115
90.23050207282607	90.46164903323543
90.23050207282607	90.46164903323543
92.13724124291915	45.709175138011055
92.13724124291915	45.709175138011055
75.18979230970544	8.429430267721175
75.18979230970544	8.429430267721175
69.99282045566048	43.37803596459362
69.99282045566048	43.37803596459362
69.99282045566048	43.37803596459362
72.10353584584932	8.572969835169584
72.10353584584932	8.572969835169584
64.63621535876122	83.4547564891965
64.63621535876122	83.4547564891965
69.0172793819932	8.716512353047921
69.0172793819932	8.716512353047921
61.54995889490511	83.59829605664491
61.54995889490511	83.59829605664491
63.66067428509395	48.79323140243583
63.66067428509395	48.79323140243583
63.66067428509395	48.79323140243583
95.0464801542445	47.04900793743135
95.0464801542445	47.04900793743135
87.5791596671564	22.930791641028346
87.5791596671564	22.930791641028346
89.68987505734523	87.12572698681926
89.68987505734523	87.12572698681926
84.49290320330029	23.074332683691715
84.49290320330029	23.074332683691715
84.49290320330029	23.074332683691715
86.60361859348912	87.26926655426767
86.60361859348912	87.26926655426767
81.40664821465913	23.217873726355094
81.40664821465913	23.217873726355094
11.77042169767384	86.42976157783615
11.77042169767384	86.42976157783615
13.668293747533582	58.46218286886264
13.668293747533582	58.46218286886264
13.668293747533582	58.46218286886264
8.400373129902285	29.68995005574196
8.400373129902285	29.68995005574196
10.582035808462514	58.60572243631105
10.582035808462514	58.60572243631105
3.0437680330030332	69.76666910512986
3.0437680330030332	69.76666910512986
97.41438333721887	20.481979931517458
97.41438333721887	20.481979931517458
98.95751156914692	69.91021014779325
98.95751156914692	69.91021014779325
98.95751156914692	69.91021014779325
29.383368170729586	15.627831695518298
29.383368170729586	15.627831695518298
33.524980116857684	97.08175906335785
33.524980116857684	97.08175906335785
25.986712341398206	9.242705732176685
25.986712341398206	9.242705732176685
28.168376495173383	38.158478112745776
28.168376495173383	38.158478112745776
28.168376495173383	38.158478112745776
22.900455877542097	9.386246774840052
2.937697768843643	35.970881457206666
4.489694596220001	68.61421501201664
4.489694596220001	68.61421501201664
98.57651632130543	61.446173273646664
98.57651632130543	61.446173273646664
91.60583570410674	87.3738250719806
91.60583570410674	87.3738250719806
91.60583570410674	87.3738250719806
93.21991122440618	2.5228937982495303
93.21991122440618	2.5228937982495303
88.51957924025062	87.51736611464398
88.51957924025062	87.51736611464398
90.13365476055006	2.6664333656979506
90.13365476055006	2.6664333656979506
20.488564073761353	82.66321787864482
20.488564073761353	82.66321787864482
20.488564073761353	82.66321787864482
15.264984958156559	68.96650913426984
15.264984958156559	68.96650913426984
17.162855532801355	40.99893042529634
17.162855532801355	40.99893042529634
10.192173440387702	66.92658222363028
10.192173440387702	66.92658222363028
14.076599068945235	41.14246999274476
14.076599068945235	41.14246999274476
7.105918451746539	67.0701217910787
7.105918451746539	67.0701217910787
7.105918451746539	67.0701217910787
38.23453505289662	57.08786020256409
38.23453505289662	57.08786020256409
40.34525044308546	22.282795548355004
40.34525044308546	22.282795548355004
32.88679855144565	80.37968406570114
32.88679855144565	80.37968406570114
37.26786404989259	5.641439929552563
37.26786404989259	5.641439929552563
37.26786404989259	5.641439929552563
30.08433714193488	38.40657767312208
30.08433714193488	38.40657767312208
31.627465373862947	87.8348064141829
31.627465373862947	87.8348064141829
26.998079202863813	38.550118715785445
26.998079202863813	38.550118715785445
55.785399882599364	4.78019662400224
55.785399882599364	4.78019662400224
55.785399882599364	4.78019662400224
57.96706403637454	33.69597047978629
57.96706403637454	33.69597047978629
52.74348639598471	19.999261735411316
52.74348639598471	19.999261735411316
54.854201786173554	84.19419560598728
54.854201786173554	84.19419560598728
47.67067487821584	17.95933334955679
47.67067487821584	17.95933334955679
47.67067487821584	17.95933334955679
42.402754260584544	88.18710201165108
42.402754260584544	88.18710201165108
44.58441988957468	18.10287439222017
44.58441988957468	18.10287439222017
3.758588076038656	72.33546669943514
3.758588076038656	72.33546669943514
5.940252229813834	2.251240555219198
5.940252229813834	2.251240555219198
97.41085009937272	95.62729203778716
97.41085009937272	95.62729203778716
92.78146687880351	46.34260286417473
92.78146687880351	46.34260286417473
92.78146687880351	46.34260286417473
94.32459511073156	95.77083160523557
94.32459511073156	95.77083160523557
87.14106820277385	29.535969348805086
87.14106820277385	29.535969348805086
91.52213370122081	53.79772521265651
91.52213370122081	53.79772521265651
21.380401669327735	83.74864310608139
21.380401669327735	83.74864310608139
21.380401669327735	83.74864310608139
23.535458561543077	64.01910104540306
23.535458561543077	64.01910104540306
18.26753941912675	35.24686970749734
18.26753941912675	35.24686970749734
11.367804615084475	25.89535854060945
11.367804615084475	25.89535854060945
15.18128295527063	35.390409274945746
15.18128295527063	35.390409274945746
15.18128295527063	35.390409274945746
7.997756047312921	68.15554701851526
7.997756047312921	68.15554701851526
10.108471437501771	33.35048236430618
10.108471437501771	33.35048236430618
41.23708803865184	23.368217825361647
41.23708803865184	23.368217825361647
34.266407421453145	49.29587109891055
34.266407421453145	49.29587109891055
34.266407421453145	49.29587109891055
35.889351537200874	46.66004316371366
35.889351537200874	46.66004316371366
31.189019553045327	32.65451695532307
31.189019553045327	32.65451695532307
32.80309654855972	46.80358420637704
32.80309654855972	46.80358420637704
25.832414456146065	72.73123600471098
25.832414456146065	72.73123600471098
57.24482611164149	20.63232550573897
57.24482611164149	20.63232550573897
57.24482611164149	20.63232550573897
58.78795434356955	70.06055572201475
58.78795434356955	70.06055572201475
51.86161522839736	12.063731589094411
51.86161522839736	12.063731589094411
55.74604085695489	85.27962083342385
55.74604085695489	85.27962083342385
48.77535876454124	12.207271156542832
48.77535876454124	12.207271156542832
48.77535876454124	12.207271156542832
43.57838691049628	47.15587832863024
43.57838691049628	47.15587832863024
45.68910230068513	12.350813674421158
45.68910230068513	12.350813674421158
28.528807076712404	80.90855474936684
28.528807076712404	80.90855474936684
32.34228394168361	90.40360400848819
32.34228394168361	90.40360400848819
32.34228394168361	90.40360400848819
25.442550612856294	81.05209579203022
25.442550612856294	81.05209579203022
26.99454744023264	14.695429346840193
26.99454744023264	14.695429346840193
22.365164219663423	64.41074017322777
22.365164219663423	64.41074017322777
14.826894968988984	75.57168684204659
14.826894968988984	75.57168684204659
14.826894968988984	75.57168684204659
17.008557647549203	5.487459222615677
17.008557647549203	5.487459222615677
48.0662269603279	30.78436059932289
48.0662269603279	30.78436059932289
49.96409753497269	2.816780415134422
49.96409753497269	2.816780415134422
42.993415442559034	28.74443073825341
42.993415442559034	28.74443073825341
37.7698378021692	15.047723469093395
37.7698378021692	15.047723469093395
37.7698378021692	15.047723469093395
39.95150195594439	43.963497324877444
39.95150195594439	43.963497324877444
34.68358133831309	15.191264511756772
34.68358133831309	15.191264511756772
36.86524696730323	44.107036892325866
36.86524696730323	44.107036892325866
65.65256617182382	10.337114800542656
65.65256617182382	10.337114800542656
65.65256617182382	10.337114800542656
60.739389372124215	3.169073062172675
60.739389372124215	3.169073062172675
62.8501032870981	67.3640084079636
62.8501032870981	67.3640084079636
55.39165139545829	26.460898400524687
55.39165139545829	26.460898400524687
59.77271689390523	50.72265426437611
59.77271689390523	50.72265426437611
59.77271689390523	50.72265426437611
52.30539493160217	26.604439443188056
52.30539493160217	26.604439443188056
54.416110321791024	90.79937331376402
54.416110321791024	90.79937331376402
85.54472839815605	80.8171117252494
85.54472839815605	80.8171117252494
78.5740463057424	7.744763523583345
78.5740463057424	7.744763523583345
80.47191688038718	78.77718481460984
80.47191688038718	78.77718481460984
80.47191688038718	78.77718481460984
75.24833923999735	65.08047459501991
75.24833923999735	65.08047459501991
77.3590546301862	30.27540994081082
77.3590546301862	30.27540994081082
72.16208277614123	65.22401563768328
72.16208277614123	65.22401563768328
55.21463384292753	27.944272242608346
55.21463384292753	27.944272242608346
55.21463384292753	27.944272242608346
56.82871083844192	42.09334096887728
56.82871083844192	42.09334096887728
52.12837737907141	28.087813285271725
52.12837737907141	28.087813285271725
54.026247953716194	0.12023310108324547
83.79832970857248	46.01240955166139
76.33100922148438	21.894194730473334
76.33100922148438	21.894194730473334
80.71207324471636	46.15595059432476
80.71207324471636	46.15595059432476
80.71207324471636	46.15595059432476
73.24475423284322	22.037735773136703
73.24475423284322	22.037735773136703
75.3643367432654	69.4477744574618
75.3643367432654	69.4477744574618
70.4511599435658	62.27973271909183
70.4511599435658	62.27973271909183
0.23847914808638893	28.509812102523583
0.23847914808638893	28.509812102523583
0.23847914808638893	28.509812102523583
2.4201418266466086	57.42558448309267
2.4201418266466086	57.42558448309267
96.15222415944523	28.65335314518695
96.15222415944523	28.65335314518695
98.33388683800545	57.56912552575604
98.33388683800545	57.56912552575604
98.33388683800545	57.56912552575604
93.06596769558912	28.79689271263537
93.06596769558912	28.79689271263537
86.13962858041693	69.80007005492998
86.13962858041693	69.80007005492998
88.03749767984675	41.8324898707415
88.03749767984675	41.8324898707415
88.03749767984675	41.8324898707415
20.09516846784041	67.12938829701879
20.09516846784041	67.12938829701879
22.27683114640063	96.04516067758789
22.27683114640063	96.04516067758789
14.73856189572619	8.206108821621672
14.73856189572619	8.206108821621672
10.109178675156974	57.92141817279429
10.109178675156974	57.92141817279429
10.109178675156974	57.92141817279429
11.652306907085029	8.349649864285041
11.652306907085029	8.349649864285041
4.761440698491046	81.2132435111463
4.761440698491046	81.2132435111463
8.574917563462254	90.7082942454826
8.574917563462254	90.7082942454826
8.574917563462254	90.7082942454826
37.716980585914534	78.54256322845008
37.716980585914534	78.54256322845008
39.82769597610337	43.737498574241
39.82769597610337	43.737498574241
34.63072559727338	78.68610427111346
34.63072559727338	78.68610427111346
34.63072559727338	78.68610427111346
27.660042029644767	5.613756069447404
27.660042029644767	5.613756069447404
31.544467658202304	78.82964531377682
31.544467658202304	78.82964531377682
24.61812854303011	20.832821180856477
24.61812854303011	20.832821180856477
26.161258250173123	70.26104992191732
26.161258250173123	70.26104992191732
26.161258250173123	70.26104992191732
11.27131165924355	98.88561299013845
11.27131165924355	98.88561299013845
4.300629566829895	25.813264788472406
4.300629566829895	25.813264788472406
5.914705087129329	39.962333514741324
5.914705087129329	39.962333514741324
5.914705087129329	39.962333514741324
1.214374578188744	25.956804355920816
1.214374578188744	25.956804355920816
2.828450098488178	40.105873082189746
2.828450098488178	40.105873082189746
94.86663512630786	49.24862969427283
94.86663512630786	49.24862969427283
94.86663512630786	49.24862969427283
26.995254677887843	39.26636663054325
26.995254677887843	39.26636663054325
29.105970068076694	4.4613034515491305
29.105970068076694	4.4613034515491305
21.922443160118984	37.22643971990369
21.922443160118984	37.22643971990369
25.73592002509018	46.721490454239984
25.73592002509018	46.721490454239984
25.73592002509018	46.721490454239984
18.836186696262864	37.36998076256707
18.836186696262864	37.36998076256707
13.568266078631568	8.597747949446386
13.568266078631568	8.597747949446386
15.72332444606188	87.86820736398302
15.72332444606188	87.86820736398302
15.72332444606188	87.86820736398302
44.58159241416881	18.819123782192936
44.58159241416881	18.819123782192936
48.96265791261576	43.0808781708294
48.96265791261576	43.0808781708294
41.77912952944309	75.84601591439892
41.77912952944309	75.84601591439892
43.322259236586106	26.274246130674705
43.322259236586106	26.274246130674705
43.322259236586106	26.274246130674705
38.69287454080193	75.98955695706228
38.69287454080193	75.98955695706228
31.15460529012749	87.15050362588111
31.15460529012749	87.15050362588111
33.345136564136	0.2813822954142945
33.345136564136	0.2813822954142945
33.345136564136	0.2813822954142945
64.40280735212966	25.57828072169159
64.40280735212966	25.57828072169159
66.58447150590484	54.49405457747564
66.58447150590484	54.49405457747564
61.31655088827354	25.72182176435496
61.31655088827354	25.72182176435496
61.31655088827354	25.72182176435496
54.13302398031583	58.486958032709516
54.13302398031583	58.486958032709516
56.243739370504684	23.681893378500437
56.243739370504684	23.681893378500437
51.046767516459724	58.630500550587854
51.046767516459724	58.630500550587854
53.201825883890024	38.90095848990952
53.201825883890024	38.90095848990952
53.201825883890024	38.90095848990952
35.686788317200566	85.85450996531947
35.686788317200566	85.85450996531947
31.05740509663136	36.56981931649209
31.05740509663136	36.56981931649209
32.600533328559415	85.99805100798284
32.600533328559415	85.99805100798284
32.600533328559415	85.99805100798284
25.417006420601705	19.763187276337394
25.417006420601705	19.763187276337394
29.798070443833698	44.02494314018882
45.52201346247799	83.40569825580857
47.41988256190782	55.438118071620096
47.41988256190782	55.438118071620096
42.15196194427652	26.665886733714377
42.15196194427652	26.665886733714377
71.55121275951433	22.738193840192007
71.55121275951433	22.738193840192007
71.55121275951433	22.738193840192007
73.16528975502872	36.88726109124597
73.16528975502872	36.88726109124597
68.46495777087317	22.881733407640414
68.46495777087317	22.881733407640414
70.0790332911726	37.03080213390935
70.0790332911726	37.03080213390935
70.0790332911726	37.03080213390935
63.108351198758946	62.95845245702833
63.108351198758946	62.95845245702833
58.19517292384439	55.79041219387331
58.19517292384439	55.79041219387331
59.738302630987405	6.218640934934141
59.738302630987405	6.218640934934141
89.1730263528034	34.15136877162329
89.1730263528034	34.15136877162329
89.1730263528034	34.15136877162329
92.98650321777461	43.64641803074463
92.98650321777461	43.64641803074463
86.0867698889473	34.29490833907171
86.0867698889473	34.29490833907171
80.818849271316	5.522675525951029
80.818849271316	5.522675525951029
80.818849271316	5.522675525951029
83.00051342509119	34.438449381735076
83.00051342509119	34.438449381735076
75.46224417441674	45.59939605055389
75.46224417441674	45.59939605055389
79.63046338210468	76.69863785964088
79.63046338210468	76.69863785964088
62.72735595091747	54.49441705809671
62.72735595091747	54.49441705809671
62.72735595091747	54.49441705809671
64.27048565806048	4.9226472743725
64.27048565806048	4.9226472743725
59.64110096227632	54.63795810076008
59.64110096227632	54.63795810076008
52.10283171160188	65.7989047695789
52.10283171160188	65.7989047695789
52.10283171160188	65.7989047695789
54.28449586537705	94.71467862536295
54.28449586537705	94.71467862536295
49.016575247745756	65.94244581224227
49.016575247745756	65.94244581224227
50.91444582239054	37.974865628053806
50.91444582239054	37.974865628053806
50.91444582239054	37.974865628053806
80.27822225583517	2.186754954749822
80.27822225583517	2.186754954749822
75.08125040179021	37.13535917640731
75.08125040179021	37.13535917640731
77.19196579197906	2.330294522198231
77.19196579197906	2.330294522198231
71.9949939379341	37.27890169428565
71.9949939379341	37.27890169428565
71.9949939379341	37.27890169428565
74.10570932812296	2.47383556486161
74.10570932812296	2.47383556486161
66.63838884103485	77.35562074367355
66.63838884103485	77.35562074367355
98.26364531207432	18.41922429946598
98.26364531207432	18.41922429946598
98.26364531207432	18.41922429946598
1.134910100374242	40.80633114924504
1.134910100374242	40.80633114924504
92.66758961328613	16.688116328056996
92.66758961328613	16.688116328056996
97.04865216130317	40.94987219190842
97.04865216130317	40.94987219190842
97.04865216130317	40.94987219190842
89.58133314943002	16.831655895505403
89.58133314943002	16.831655895505403
91.69204853961887	81.02659124129632
91.69204853961887	81.02659124129632
86.4950766855739	16.975196938168782
86.4950766855739	16.975196938168782
16.849984523570246	96.97198145111565
16.849984523570246	96.97198145111565
16.849984523570246	96.97198145111565
18.75672369366332	52.21950608067633
18.75672369366332	52.21950608067633
13.488803076032024	23.44727326755565
13.488803076032024	23.44727326755565
15.670465754592254	52.36304564812474
15.670465754592254	52.36304564812474
15.670465754592254	52.36304564812474
10.402546612175914	23.59081431021902
10.402546612175914	23.59081431021902
3.502813283348598	14.239304618546104
3.502813283348598	14.239304618546104
5.0459415152766525	63.66753483482189
5.0459415152766525	63.66753483482189
89.43978850347747	50.175448992585636
89.43978850347747	50.175448992585636
89.43978850347747	50.175448992585636
91.31105329177738	72.5625558423647
91.31105329177738	72.5625558423647
83.77278404110294	83.72350251118351
83.77278404110294	83.72350251118351
79.14339934531877	34.438813337571105
79.14339934531877	34.438813337571105
79.14339934531877	34.438813337571105
80.6865290524618	83.86704207863194
80.6865290524618	83.86704207863194
73.78679572363447	74.51553238695901
73.78679572363447	74.51553238695901
77.60027111339072	84.0105831212953
77.60027111339072	84.0105831212953
77.60027111339072	84.0105831212953
8.026127714973383	29.728204669020357
8.026127714973383	29.728204669020357
2.7670756927903883	83.17107666964883
2.7670756927903883	83.17107666964883
4.664946267435173	55.203497960675314
4.664946267435173	55.203497960675314
96.69426417502152	81.13114975900926
96.69426417502152	81.13114975900926
96.69426417502152	81.13114975900926
1.578689803579053	55.34703900333868
1.578689803579053	55.34703900333868
93.60800918638036	81.27469080167262
93.60800918638036	81.27469080167262
95.22208470667981	95.42375805272658
95.22208470667981	95.42375805272658
95.22208470667981	95.42375805272658
27.84734117771928	36.487363083733975
27.84734117771928	36.487363083733975
20.3534149042863	62.7238338212985
20.3534149042863	62.7238338212985
22.251284003716126	34.75625363711003
22.251284003716126	34.75625363711003
22.251284003716126	34.75625363711003
17.55095349477554	20.750727428719433
17.55095349477554	20.750727428719433
19.165029015074975	34.89979320455845
19.165029015074975	34.89979320455845
12.194346922661321	60.82744647810735
12.194346922661321	60.82744647810735
43.32296499902635	50.84518488959274
43.32296499902635	50.84518488959274
45.4336803892152	16.040118760168696
45.4336803892152	16.040118760168696
45.4336803892152	16.040118760168696
40.24557713061853	34.203829270790294
40.24557713061853	34.203829270790294
42.35629252080737	98.39876314136625
42.35629252080737	98.39876314136625
35.17276561284966	32.16390088493576
35.17276561284966	32.16390088493576
35.17276561284966	32.16390088493576
29.904846470433323	3.3916695470300455
29.904846470433323	3.3916695470300455
32.086510624208515	32.307443402814094
32.086510624208515	32.307443402814094
91.31490022197328	36.624329511345564
91.31490022197328	36.624329511345564
95.7669130087916	25.606923885190128
95.7669130087916	25.606923885190128
95.7669130087916	25.606923885190128
88.27298821057359	51.84339314753969
88.27298821057359	51.84339314753969
90.38370212554747	17.038328493330614
90.38370212554747	17.038328493330614
85.47052532584787	9.870286754960631
85.47052532584787	9.870286754960631
85.47052532584787	9.870286754960631
77.93225607517341	21.031233423779447
77.93225607517341	21.031233423779447
80.11392022894861	49.94700727956349
80.11392022894861	49.94700727956349
12.171589541727299	75.24390570584079
12.171589541727299	75.24390570584079
12.171589541727299	75.24390570584079
14.353253695502488	5.159678086409883
14.353253695502488	5.159678086409883
9.094201673319482	58.60255008703835
9.094201673319482	58.60255008703835
2.194468344492165	49.25104039536542
2.194468344492165	49.25104039536542
3.73759657642022	98.67927061164121
97.82441830150566	91.5112303484862
97.82441830150566	91.5112303484862
97.82441830150566	91.5112303484862
0.9351336916945032	56.70616421906215
0.9351336916945032	56.70616421906215
29.793401659801432	86.65708063727207
29.793401659801432	86.65708063727207
25.093069675645875	72.65155442888148
25.093069675645875	72.65155442888148
25.093069675645875	72.65155442888148
26.680540884815393	38.15530723868803
26.680540884815393	38.15530723868803
19.780807555988076	28.803797547015105
19.780807555988076	28.803797547015105
23.594284420959283	38.29884680613644
23.594284420959283	38.29884680613644
16.410756037786616	71.06398454970596
16.410756037786616	71.06398454970596
16.410756037786616	71.06398454970596
18.521471427975456	36.258919895496874
18.521471427975456	36.258919895496874
49.65009097955545	26.27665830698226
49.65009097955545	26.27665830698226
42.67940741192684	52.2043101053162
42.67940741192684	52.2043101053162
42.67940741192684	52.2043101053162
46.57270163593267	9.635302688179818
46.57270163593267	9.635302688179818
39.60202101873397	35.56295448651376
39.60202101873397	35.56295448651376
41.21609801424836	49.71202321278268
41.21609801424836	49.71202321278268
36.51576455487786	35.70649552917713
36.51576455487786	35.70649552917713
36.51576455487786	35.70649552917713
19.355470806120096	5.264238079337778
19.355470806120096	5.264238079337778
20.89859756283319	54.69246682039861
20.89859756283319	54.69246682039861
16.269214342263986	5.407777646786187
16.269214342263986	5.407777646786187
16.269214342263986	5.407777646786187
17.856684076218542	69.91153045659273
17.856684076218542	69.91153045659273
10.886003459019847	95.83918373014163
10.886003459019847	95.83918373014163
5.689031604974886	31.78778942701409
5.689031604974886	31.78778942701409
7.7997469951637255	95.98272477280501
7.7997469951637255	95.98272477280501
7.7997469951637255	95.98272477280501
36.941808542401056	83.81699228055753
36.941808542401056	83.81699228055753
40.755286882587214	93.31204449010879
40.755286882587214	93.31204449010879
33.85555207854494	83.96053332322091
33.85555207854494	83.96053332322091
33.85555207854494	83.96053332322091
28.587632936128596	55.188301985315185
28.587632936128596	55.188301985315185
30.77816421013712	67.31917917963342
30.77816421013712	67.31917917963342
23.23989495946268	78.48012584845225
23.23989495946268	78.48012584845225
23.23989495946268	78.48012584845225
27.691907746281	67.4627202222968
27.691907746281	67.4627202222968
56.47922842601655	33.69279813051359
56.47922842601655	33.69279813051359
58.377099000661346	5.725217946325118
58.377099000661346	5.725217946325118
53.67676701650579	90.71969173793453
53.67676701650579	90.71969173793453
53.67676701650579	90.71969173793453
46.18283926785785	17.95616247549905
46.18283926785785	17.95616247549905
48.36450342163303	46.87193485606814
48.36450342163303	46.87193485606814
43.09658427921669	18.09970204294747
43.09658427921669	18.09970204294747
43.09658427921669	18.09970204294747
45.27824695777692	47.015475898731516
45.27824695777692	47.015475898731516
76.33591627055561	72.31237580022378
76.33591627055561	72.31237580022378
69.1523893625979	6.077513543793277
69.1523893625979	6.077513543793277
71.26310475278676	70.27244741436924
71.26310475278676	70.27244741436924
71.26310475278676	70.27244741436924
66.06613437395676	6.221053111241697
66.06613437395676	6.221053111241697
68.18571688437892	53.631091795566796
68.18571688437892	53.631091795566796
60.718396397290824	29.51287844959371
60.718396397290824	29.51287844959371
60.718396397290824	29.51287844959371
46.04129609712027	51.29995409736432
46.04129609712027	51.29995409736432
47.655373092634655	65.4490213484183
47.655373092634655	65.4490213484183
40.68468952500604	91.3766746219672
40.68468952500604	91.3766746219672
40.68468952500604	91.3766746219672
44.85291020790894	23.47591495583922
44.85291020790894	23.47591495583922
37.35898245926099	49.71238569340375
37.35898245926099	49.71238569340375
39.469697849449844	14.907321039194672
39.469697849449844	14.907321039194672
34.27272747061984	49.85592673606712
34.27272747061984	49.85592673606712
34.27272747061984	49.85592673606712
63.62763383340122	30.852711249014
63.62763383340122	30.852711249014
67.51206093717371	5.068599018128466
67.51206093717371	5.068599018128466
60.54137884476007	30.99625081646241
60.54137884476007	30.99625081646241
60.54137884476007	30.99625081646241
62.439247944189894	3.0286721074889
62.439247944189894	3.0286721074889
57.171328801773555	73.25643929436822
57.171328801773555	73.25643929436822
50.28046259317957	47.12003294122948
50.28046259317957	47.12003294122948
50.28046259317957	47.12003294122948
51.823592300322595	96.54826463272023
51.823592300322595	96.54826463272023
83.51979753494841	2.3327066985057874
83.51979753494841	2.3327066985057874
85.06292576687646	51.760935439566616
85.06292576687646	51.760935439566616
78.1631909628342	42.40942574789369
78.1631909628342	42.40942574789369
78.1631909628342	42.40942574789369
72.8952703452029	13.637192934773024
72.8952703452029	13.637192934773024
74.76653513350281	36.02429978455208
74.76653513350281	36.02429978455208
67.86680327989045	26.672790092879165
67.86680327989045	26.672790092879165
67.86680327989045	26.672790092879165
71.68028014486164	36.1678393520005
71.68028014486164	36.1678393520005
2.1061352712293706	80.88546237494052
2.1061352712293706	80.88546237494052
95.83821465359807	52.11323103703479
95.83821465359807	52.11323103703479
95.83821465359807	52.11323103703479
98.0198802825882	81.02900341760387
98.0198802825882	81.02900341760387
90.48161103191377	92.1899500864227
90.48161103191377	92.1899500864227
94.65869883505	7.504295234043877
94.65869883505	7.504295234043877
87.68801674263635	33.43194703237782
87.68801674263635	33.43194703237782
87.68801674263635	33.43194703237782
89.30209226293577	47.58101575864674
89.30209226293577	47.58101575864674
74.62499343798018	69.36809288163232
74.62499343798018	69.36809288163232
67.15767147567712	45.24987658522931
67.15767147567712	45.24987658522931
69.26838686586596	10.444811931020226
69.26838686586596	10.444811931020226
69.26838686586596	10.444811931020226
64.07141648703596	45.39341762789269
64.07141648703596	45.39341762789269
65.9426798001209	67.78052300245679
65.9426798001209	67.78052300245679
58.97199770770725	93.70817627600569
58.97199770770725	93.70817627600569
58.97199770770725	93.70817627600569
90.10061578407229	83.72591468749107
90.10061578407229	83.72591468749107
92.21133117426113	48.920848558067036
92.21133117426113	48.920848558067036
87.01436079543113	83.8694542549395
87.01436079543113	83.8694542549395
87.01436079543113	83.8694542549395
89.12507618561997	49.064389600730415
89.12507618561997	49.064389600730415
81.65775422331691	24.9461733043274
81.65775422331691	24.9461733043274
76.96629083460965	93.155750434471
76.96629083460965	93.155750434471
78.86415993403948	65.18817172549747
78.86415993403948	65.18817172549747
78.86415993403948	65.18817172549747
8.651480613775032	31.418249633714268
8.651480613775032	31.418249633714268
13.10349487580832	20.40084400755882
13.10349487580832	20.40084400755882
5.565224149918922	31.561790676377647
5.565224149918922	31.561790676377647
5.565224149918922	31.561790676377647
7.7468883036941	60.477563056946735
7.7468883036941	60.477563056946735
2.4789676860628025	31.705330243826054
2.4789676860628025	31.705330243826054
94.5526285708906	72.70850758612066
94.5526285708906	72.70850758612066
94.5526285708906	72.70850758612066
96.4504991455354	44.7409274019322
96.4504991455354	44.7409274019322
28.508168458314096	70.03782730342445
28.508168458314096	70.03782730342445
30.689832612089283	98.9536011592085
30.689832612089283	98.9536011592085
25.421911994457986	70.18136834608782
25.421911994457986	70.18136834608782
25.421911994457986	70.18136834608782
18.52217866563067	60.829858654414906
18.52217866563067	60.829858654414906
20.065306897558724	11.258087395475737
20.065306897558724	11.258087395475737
15.4447922724378	44.18850303561245
15.4447922724378	44.18850303561245
15.4447922724378	44.18850303561245
16.98791902915091	93.61673325188825
16.98791902915091	93.61673325188825
98.82762528039314	63.17447432683393
98.82762528039314	63.17447432683393
94.12729182102262	49.16894811844334
94.12729182102262	49.16894811844334
95.74136881653702	63.318015369497296
95.74136881653702	63.318015369497296
95.74136881653702	63.318015369497296
88.77068672412337	89.24566716783126
88.77068672412337	89.24566716783126
92.65511087746596	63.461556412160675
92.65511087746596	63.461556412160675
85.68443026026726	89.38920673527966
85.68443026026726	89.38920673527966
85.68443026026726	89.38920673527966
17.78644107507245	30.761632180732583
17.78644107507245	30.761632180732583
19.684313124932203	2.7940519965441153
19.684313124932203	2.7940519965441153
12.713631032518549	28.721702319663102
12.713631032518549	28.721702319663102
12.713631032518549	28.721702319663102
16.598055185861124	2.9375915639925245
16.598055185861124	2.9375915639925245
9.627374568662429	28.86524483754143
9.627374568662429	28.86524483754143
11.241451564176831	43.01431061338044
11.241451564176831	43.01431061338044
6.549986700254612	12.223889218738986
6.549986700254612	12.223889218738986
6.549986700254612	12.223889218738986
35.408254668361536	42.17480563694891
35.408254668361536	42.17480563694891
37.51897005855038	7.369740982739827
37.51897005855038	7.369740982739827
32.60579325885078	0.201699244369846
32.60579325885078	0.201699244369846
32.60579325885078	0.201699244369846
34.14892149077883	49.629929460645634
34.14892149077883	49.629929460645634
27.24918816195152	40.27841829375775
27.24918816195152	40.27841829375775
21.98126754432022	11.506185480637082
21.98126754432022	11.506185480637082
24.1629316980954	40.42196081163609
24.1629316980954	40.42196081163609
24.1629316980954	40.42196081163609
55.2649425129006	80.7943833066591
55.2649425129006	80.7943833066591
57.37565790308944	45.98931865245001
57.37565790308944	45.98931865245001
50.19213247034669	78.75445492080456
50.19213247034669	78.75445492080456
44.924211852715395	49.98222210768389
44.924211852715395	49.98222210768389
44.924211852715395	49.98222210768389
47.10587600649058	78.89799596346793
47.10587600649058	78.89799596346793
39.567605280601185	90.05894263228676
39.567605280601185	90.05894263228676
44.02848813808276	62.25664034466549
44.02848813808276	62.25664034466549
26.51345057139331	10.210191820075442
26.51345057139331	10.210191820075442
26.51345057139331	10.210191820075442
28.695114725168487	39.12596420064453
28.695114725168487	39.12596420064453
23.42719410753719	10.353731387523851
23.42719410753719	10.353731387523851
16.24366719957948	43.11887060630833
16.24366719957948	43.11887060630833
16.24366719957948	43.11887060630833
18.35438258976832	8.313804476884286
18.35438258976832	8.313804476884286
13.157412210938329	43.262410173756734
13.157412210938329	43.262410173756734
15.26812760112717	8.457345519547653
15.26812760112717	8.457345519547653
46.37013841593236	48.82976948978562
46.37013841593236	48.82976948978562
46.37013841593236	48.82976948978562
39.47040508710504	39.47825979811269
39.47040508710504	39.47825979811269
41.01353331903311	88.90648853917354
41.01353331903311	88.90648853917354
36.1003565193335	81.73844680080354
36.1003565193335	81.73844680080354
36.1003565193335	81.73844680080354
38.21107190952234	46.93338214659447
38.21107190952234	46.93338214659447
30.743749947219282	22.81516585019146
30.743749947219282	22.81516585019146
62.37787501370706	46.09387569494798
62.37787501370706	46.09387569494798
63.99195200922145	60.2429444212169
63.99195200922145	60.2429444212169
63.99195200922145	60.2429444212169
57.021269916807796	86.17059621955084
57.021269916807796	86.17059621955084
60.90569554536533	60.38648398866532
60.90569554536533	60.38648398866532
53.93501345295168	86.31413578699926
53.93501345295168	86.31413578699926
53.93501345295168	86.31413578699926
55.83288402759648	58.346557078025754
55.83288402759648	58.346557078025754
50.56496488518013	29.574324264905073
50.56496488518013	29.574324264905073
79.99082001154785	74.29194581263012
79.99082001154785	74.29194581263012
79.99082001154785	74.29194581263012
83.84863985376052	98.86252061571213
83.84863985376052	98.86252061571213
76.87795776134686	25.79017241404607
76.87795776134686	25.79017241404607
78.49203475686126	39.93923966510003
78.49203475686126	39.93923966510003
73.79170129749075	25.933713456709448
73.79170129749075	25.933713456709448
73.79170129749075	25.933713456709448
66.60817438953303	58.69885120027895
66.60817438953303	58.69885120027895
68.1513026214611	9.127079941339796
68.1513026214611	9.127079941339796
53.554019680325155	77.85010038806764
53.554019680325155	77.85010038806764
53.554019680325155	77.85010038806764
55.09714791225321	28.27833060434343
55.09714791225321	28.27833060434343
48.197414583425896	18.92681943745555
48.197414583425896	18.92681943745555
42.929493965794606	89.15458662433488
42.929493965794606	89.15458662433488
45.11115811956979	19.070359004903967
45.11115811956979	19.070359004903967
45.11115811956979	19.070359004903967
39.84323750193849	89.2981291422132
39.84323750193849	89.2981291422132
41.74110807658329	61.330548958024735
41.74110807658329	61.330548958024735
71.09601443936467	42.327331995756644
71.09601443936467	42.327331995756644
71.09601443936467	42.327331995756644
65.87243827418978	28.630623251381685
65.87243827418978	28.630623251381685
68.05410242796496	57.54639710716573
68.05410242796496	57.54639710716573
60.51583170207556	68.70734377598455
60.51583170207556	68.70734377598455
64.96784596410885	57.689936674614145
64.96784596410885	57.689936674614145
64.96784596410885	57.689936674614145
57.42957671343441	68.85088334343297
57.42957671343441	68.85088334343297
59.327445812864234	40.88330463445945
59.327445812864234	40.88330463445945
90.95270375911868	80.94690819025188
90.95270375911868	80.94690819025188
90.95270375911868	80.94690819025188
83.49425039226391	40.04379965802792
83.49425039226391	40.04379965802792
85.60496578245275	5.238733528603886
85.60496578245275	5.238733528603886
80.40799540362275	40.187339225476336
80.40799540362275	40.187339225476336
80.40799540362275	40.187339225476336
82.5187107938116	5.382273096052295
82.5187107938116	5.382273096052295
77.32173893976665	40.330880268139715
77.32173893976665	40.330880268139715
7.6766467777629765	21.327663305871624
7.6766467777629765	21.327663305871624
9.547910090847926	43.71477015565069
9.547910090847926	43.71477015565069
9.547910090847926	43.71477015565069
4.350939712017924	78.66337437730819
4.350939712017924	78.66337437730819
6.461655102206776	43.858309723099104
6.461655102206776	43.858309723099104
97.99433313990372	19.740094901911057
97.99433313990372	19.740094901911057
97.99433313990372	19.740094901911057
93.29400115574816	5.7345686935204645
93.29400115574816	5.7345686935204645
94.90807815126256	19.883635944574426
94.90807815126256	19.883635944574426
77.96062774283389	81.60389107428455
77.96062774283389	81.60389107428455
77.96062774283389	81.60389107428455
82.12884842573678	13.703134358586494
82.12884842573678	13.703134358586494
74.59944629529568	8.079185841154448
74.59944629529568	8.079185841154448
76.78111044907085	36.99495822172355
76.78111044907085	36.99495822172355
71.51319130665452	8.222725408602868
71.51319130665452	8.222725408602868
71.51319130665452	8.222725408602868
64.61345650261225	97.87121424171498
64.61345650261225	97.87121424171498
68.4269348427984	8.366266451266236
68.4269348427984	8.366266451266236
97.85278996916611	53.08388799899129
97.85278996916611	53.08388799899129
97.85278996916611	53.08388799899129
0.7240532822510761	75.4709933735554
0.7240532822510761	75.4709933735554
94.45613561504969	46.698760560434714
94.45613561504969	46.698760560434714
87.55640081100742	37.34725086876179
87.55640081100742	37.34725086876179
89.09952904293547	86.7754810850376
89.09952904293547	86.7754810850376
89.09952904293547	86.7754810850376
84.47014582236626	37.49079191142517
84.47014582236626	37.49079191142517
86.01327405429433	86.91902212770096
86.01327405429433	86.91902212770096
16.439129180662036	32.63664367542601
16.439129180662036	32.63664367542601
16.439129180662036	32.63664367542601
11.171208563030739	3.8644123375202892
11.171208563030739	3.8644123375202892
13.077947733123816	58.11193696708096
13.077947733123816	58.11193696708096
6.107265640710162	84.03958729019995
6.107265640710162	84.03958729019995
6.107265640710162	84.03958729019995
9.991692744482664	58.25547653452938
9.991692744482664	58.25547653452938
3.0210091768540526	84.18312833286332
78.85246681361524	82.6893163017211
80.96318220380407	47.884250172297065
80.96318220380407	47.884250172297065
75.7662103497591	82.83285734438448
75.7662103497591	82.83285734438448
77.8857928601813	31.24289750392454
77.8857928601813	31.24289750392454
77.8857928601813	31.24289750392454
70.70226595222358	64.00803377227909
70.70226595222358	64.00803377227909
65.43434680980725	35.23580243437337
65.43434680980725	35.23580243437337
67.61601096358243	64.15157481494248
67.61601096358243	64.15157481494248
67.61601096358243	64.15157481494248
98.67368027636113	89.44847324121976
98.67368027636113	89.44847324121976
1.8553429549213472	19.36424709700381
1.8553429549213472	19.36424709700381
93.36141815670332	45.600716359353385
93.36141815670332	45.600716359353385
93.36141815670332	45.600716359353385
88.66108469733281	31.59519015096279
88.66108469733281	31.59519015096279
90.5589552719776	3.627609966774321
90.5589552719776	3.627609966774321
83.02068602130316	14.788556635593137
83.02068602130316	14.788556635593137
87.47269880812149	3.7711510094376886
87.47269880812149	3.7711510094376886
87.47269880812149	3.7711510094376886
17.26001801264208	69.00123039286945
17.26001801264208	69.00123039286945
19.441683641632217	97.91700277343853
19.441683641632217	97.91700277343853
14.173763024000928	69.14476996031784
14.173763024000928	69.14476996031784
14.173763024000928	69.14476996031784
7.282898290621905	43.00836655760903
7.282898290621905	43.00836655760903
11.096373680378143	52.50341581673037
11.096373680378143	52.50341581673037
3.912848247635392	85.26855356029988
3.912848247635392	85.26855356029988
3.912848247635392	85.26855356029988
6.023563637824232	50.4634889060908
6.023563637824232	50.4634889060908
37.15218171418927	40.481225842361226
37.15218171418927	40.481225842361226
30.18149814656066	66.40887764069517
30.18149814656066	66.40887764069517
31.768970830945133	31.912630450501723
31.768970830945133	31.912630450501723
31.768970830945133	31.912630450501723
27.139586135160958	81.6279412768893
27.139586135160958	81.6279412768893
28.682714367089023	32.05617296838005
28.682714367089023	32.05617296838005
21.499185983916355	64.8213092367346
21.499185983916355	64.8213092367346
21.499185983916355	64.8213092367346
6.822087158960743	86.60838635972017
6.822087158960743	86.60838635972017
8.436162679260187	1.7574536107741454
8.436162679260187	1.7574536107741454
1.4654805868465337	27.68510540910809
1.4654805868465337	27.68510540910809
1.4654805868465337	27.68510540910809
5.349906215404068	1.900994653437513
5.349906215404068	1.900994653437513
97.38809419365366	11.043752740735565
97.38809419365366	11.043752740735565
92.19112086439374	45.99235696239305
92.19112086439374	45.99235696239305
94.3018362545826	11.187292308183974
94.3018362545826	11.187292308183974
94.3018362545826	11.187292308183974
24.443899277034877	98.02156129115147
24.443899277034877	98.02156129115147
28.257376142006073	8.51661202548776
28.257376142006073	8.51661202548776
21.357644288393715	98.16510085859987
21.357644288393715	98.16510085859987
21.357644288393715	98.16510085859987
22.900771045106822	48.59333255009062
22.900771045106822	48.59333255009062
18.24478056297777	49.66332746001582
18.24478056297777	49.66332746001582
10.777461551104626	25.545114114042736
10.777461551104626	25.545114114042736
10.777461551104626	25.545114114042736
12.888176941293466	89.7400479846187
12.888176941293466	89.7400479846187
44.3005885967889	37.64113896086164
44.3005885967889	37.64113896086164
45.84371535350199	87.06936770192247
45.84371535350199	87.06936770192247
38.943982024674675	77.71785801024956
38.943982024674675	77.71785801024956
38.943982024674675	77.71785801024956
33.67606140704338	48.94562519712888
33.67606140704338	48.94562519712888
35.866594156266856	61.076503866662065
35.866594156266856	61.076503866662065
30.59867501385052	32.30427105354139
30.59867501385052	32.30427105354139
30.59867501385052	32.30427105354139
32.78033769241074	61.22004343411048
32.78033769241074	61.22004343411048
61.56765689693133	27.450122817542233
61.56765689693133	27.450122817542233
56.65448009723173	20.282081079172254
56.65448009723173	20.282081079172254
58.76519548742057	84.47701494974821
58.76519548742057	84.47701494974821
58.76519548742057	84.47701494974821
51.29787500033247	60.35880012856016
51.29787500033247	60.35880012856016
55.72328200080591	0.696080061157289
55.72328200080591	0.696080061157289
48.18501275013147	11.857026729976106
48.18501275013147	11.857026729976106
48.18501275013147	11.857026729976106
50.366676903906665	40.772800585760166
50.366676903906665	40.772800585760166
35.12198944547531	47.79317110401565
35.12198944547531	47.79317110401565
27.938462537517594	80.55830884758517
27.938462537517594	80.55830884758517
27.938462537517594	80.55830884758517
30.049177927706445	45.75324419337608
30.049177927706445	45.75324419337608
24.85220459844653	80.70184841503358
24.85220459844653	80.70184841503358
26.97179005929862	29.111890049788595
26.97179005929862	29.111890049788595
21.77481820525366	64.06049427144609
21.77481820525366	64.06049427144609
21.77481820525366	64.06049427144609
51.129724568035044	45.05727878439297
51.129724568035044	45.05727878439297
52.74380156354944	59.206347510661885
52.74380156354944	59.206347510661885
48.043469579393886	45.20081835184139
48.043469579393886	45.20081835184139
48.043469579393886	45.20081835184139
49.94133867882371	17.233239642867865
49.94133867882371	17.233239642867865
42.40307090336423	28.394186311686692
42.40307090336423	28.394186311686692
37.74708189645015	29.46418269682685
37.74708189645015	29.46418269682685
39.36115594153462	43.61325142309577
39.36115594153462	43.61325142309577
39.36115594153462	43.61325142309577
68.71606377953096	24.61003593604265
68.71606377953096	24.61003593604265
72.60049088330346	97.82592222994215
72.60049088330346	97.82592222994215
65.62980731567485	24.753575503491057
65.62980731567485	24.753575503491057
65.62980731567485	24.753575503491057
67.52767789031964	95.78599531930259
67.52767789031964	95.78599531930259
62.25975874790329	67.0137625061819
62.25975874790329	67.0137625061819
55.368894014524265	40.87735762825813
55.368894014524265	40.87735762825813
55.368894014524265	40.87735762825813
59.18237087949547	50.37240836259443
59.18237087949547	50.37240836259443
88.60822600586319	95.09002991031947
88.60822600586319	95.09002991031947
90.15135423779124	45.518260126595266
90.15135423779124	45.518260126595266
85.52197101722203	95.23357095298284
85.52197101722203	95.23357095298284
85.52197101722203	95.23357095298284
77.98370176654758	7.394517621801672
77.98370176654758	7.394517621801672
79.88157234119238	78.4269374376132
79.88157234119238	78.4269374376132
75.22558038384837	79.49693529796832
75.22558038384837	79.49693529796832
75.22558038384837	79.49693529796832
76.76870861577643	29.92516403902915
76.76870861577643	29.92516403902915
59.89220844614906	56.36625915394734
59.89220844614906	56.36625915394734
54.624287828517765	27.594026340826673
54.624287828517765	27.594026340826673
54.624287828517765	27.594026340826673
56.805951982292946	56.50979872139576
56.805951982292946	56.50979872139576
51.53803283987661	27.737565908275084
51.53803283987661	27.737565908275084
53.44477053475473	81.9850920130507
53.44477053475473	81.9850920130507
46.47408844234108	8.912743811384665
46.47408844234108	8.912743811384665
46.47408844234108	8.912743811384665
77.60270651870611	97.93048222287004
77.60270651870611	97.93048222287004
79.71342190889494	63.125416093446
79.71342190889494	63.125416093446
72.24610142180684	39.00720127225796
72.24610142180684	39.00720127225796
72.24610142180684	39.00720127225796
76.6271669202538	63.26895713610938
76.6271669202538	63.26895713610938
69.15984495795074	39.150742314921324
69.15984495795074	39.150742314921324
71.27056034813958	4.345677660712242
71.27056034813958	4.345677660712242
66.33077628688014	47.53232000587988
66.33077628688014	47.53232000587988
66.33077628688014	47.53232000587988
95.18904573020203	77.48323789930477
95.18904573020203	77.48323789930477
97.29976112039087	42.67817324509568
97.29976112039087	42.67817324509568
92.10278926634591	77.62677746675318
92.10278926634591	77.62677746675318
92.10278926634591	77.62677746675318
94.21350465653477	42.8217128125441
94.21350465653477	42.8217128125441
89.01653427770476	77.77031850941655
89.01653427770476	77.77031850941655
82.04585071007615	4.697970307750495
82.04585071007615	4.697970307750495
83.95258988016923	58.94549493731116
83.95258988016923	58.94549493731116
83.95258988016923	58.94549493731116
16.010259192947924	84.24239631401838
16.010259192947924	84.24239631401838
18.1919233467231	14.158168694587467
18.1919233467231	14.158168694587467
10.653654096048662	25.319115363406294
10.653654096048662	25.319115363406294
10.653654096048662	25.319115363406294
6.024269400264488	75.03442618979388
6.024269400264488	75.03442618979388
7.5673976321925425	25.462654930854704
7.5673976321925425	25.462654930854704
0.6676643033652256	16.111146714396735
0.6676643033652256	16.111146714396735
4.809277724708287	97.56507260702135
4.809277724708287	97.56507260702135
4.809277724708287	97.56507260702135
86.2942416332338	45.518624082431295
86.2942416332338	45.518624082431295
88.47590431179403	74.43439646300038
88.47590431179403	74.43439646300038
83.20798516937768	45.6621636498797
83.20798516937768	45.6621636498797
83.20798516937768	45.6621636498797
76.30825184055037	36.31065395820678
76.30825184055037	36.31065395820678
80.12172870552156	45.80570469254308
80.12172870552156	45.80570469254308
73.22199537669424	36.45419500087016
73.22199537669424	36.45419500087016
73.22199537669424	36.45419500087016
74.77399072885564	69.09752855568013
74.77399072885564	69.09752855568013
7.186402384351063	16.998619531923083
7.186402384351063	16.998619531923083
0.2157217671523668	42.92627133025702
0.2157217671523668	42.92627133025702
1.8297987626667591	57.07533858131099
1.8297987626667591	57.07533858131099
1.8297987626667591	57.07533858131099
96.12946530329626	43.069812372920396
96.12946530329626	43.069812372920396
97.7435408235957	57.21887962397437
97.7435408235957	57.21887962397437
90.772860206397	83.14653289752327
90.772860206397	83.14653289752327
90.772860206397	83.14653289752327
22.87487102120219	24.518955392546275
22.87487102120219	24.518955392546275
24.772743071061942	95.55137668357276
24.772743071061942	95.55137668357276
17.80205950343333	22.479027006691748
17.80205950343333	22.479027006691748
21.686485131990864	95.69491625102117
21.686485131990864	95.69491625102117
21.686485131990864	95.69491625102117
14.715804514792168	22.622568049355117
14.715804514792168	22.622568049355117
9.518832660747208	57.57117374622758
9.518832660747208	57.57117374622758
11.629548050936059	22.766107616803538
11.629548050936059	22.766107616803538
40.49668461449128	35.93213032397755
40.49668461449128	35.93213032397755
40.49668461449128	35.93213032397755
44.877750112938216	60.19388618782898
44.877750112938216	60.19388618782898
37.69422320498051	92.95902393139849
37.69422320498051	92.95902393139849
39.237351436908575	43.387252672459326
39.237351436908575	43.387252672459326
39.237351436908575	43.387252672459326
34.6079667411244	93.1025634988469
34.6079667411244	93.1025634988469
27.069696015235003	5.26351016766573
27.069696015235003	5.26351016766573
29.25136164422514	34.179284023449775
29.25136164422514	34.179284023449775
29.25136164422514	34.179284023449775
14.051015687820296	56.275178610450965
14.051015687820296	56.275178610450965
16.161731078009137	21.470113956241885
16.161731078009137	21.470113956241885
8.978204170051427	54.2352516998114
8.978204170051427	54.2352516998114
3.7102850276350874	25.463018886690733
3.7102850276350874	25.463018886690733
3.7102850276350874	25.463018886690733
5.891947706195318	54.37879126725982
5.891947706195318	54.37879126725982
0.6240285637789783	25.6065599293541
0.6240285637789783	25.6065599293541
2.805691242339198	54.522333785138144
2.805691242339198	54.522333785138144
2.805691242339198	54.522333785138144
31.60188051752304	3.9675165071040785
31.60188051752304	3.9675165071040785
26.972495821738875	53.682827333491666
26.972495821738875	53.682827333491666
28.51562405366693	4.111056074552499
28.51562405366693	4.111056074552499
28.51562405366693	4.111056074552499
21.33209714570922	36.87619381812201
21.33209714570922	36.87619381812201
25.713161168941213	61.13794968197344
25.713161168941213	61.13794968197344
18.245842157068058	37.019734860785384
18.245842157068058	37.019734860785384
20.35655754725691	2.2146702065763004
20.35655754725691	2.2146702065763004
20.35655754725691	2.2146702065763004
51.4585683620621	42.5870927015993
51.4585683620621	42.5870927015993
44.558835033234786	33.23558300992638
44.558835033234786	33.23558300992638
48.37231189820599	42.73063374426268
48.37231189820599	42.73063374426268
48.37231189820599	42.73063374426268
41.18878499024829	75.49577148783219
41.18878499024829	75.49577148783219
43.29950185565208	40.690705358408145
43.29950185565208	40.690705358408145
38.10252852639216	75.63931105528061
38.10252852639216	75.63931105528061
67.45743636438851	56.63609556822749
67.45743636438851	56.63609556822749
67.45743636438851	56.63609556822749
69.08038195535119	54.00026763303059
69.08038195535119	54.00026763303059
64.38004849598067	39.99474142464
64.38004849598067	39.99474142464
65.99412549149507	54.14380720047901
65.99412549149507	54.14380720047901
65.99412549149507	54.14380720047901
59.023443399081415	80.07146047402792
59.023443399081415	80.07146047402792
54.11026512416686	72.90341873565794
54.11026512416686	72.90341873565794
55.65339335609492	23.33164747671876
55.65339335609492	23.33164747671876
38.77689171125258	49.77274259163697
38.77689171125258	49.77274259163697
38.77689171125258	49.77274259163697
42.63471155346525	74.34331739471897
42.63471155346525	74.34331739471897
35.664030936266556	1.2709691930529128
35.664030936266556	1.2709691930529128
30.467059082221596	36.21957488992536
30.467059082221596	36.21957488992536
30.467059082221596	36.21957488992536
32.57777447241043	1.4145087605013225
32.57777447241043	1.4145087605013225
25.394247564452726	34.17964650407084
25.394247564452726	34.17964650407084
29.207724429423934	43.674697238407134
29.207724429423934	43.674697238407134
29.207724429423934	43.674697238407134
58.63357955579165	88.39232026134714
58.63357955579165	88.39232026134714
60.18557785838295	22.035653816157122
60.18557785838295	22.035653816157122
55.55619316259879	71.7509646425447
55.55619316259879	71.7509646425447
48.01792243670939	82.91191131136351
48.01792243670939	82.91191131136351
48.01792243670939	82.91191131136351
50.19958806569952	12.827683691932616
50.19958806569952	12.827683691932616
44.931667448068225	83.0554523540269
44.931667448068225	83.0554523540269
46.82953654749805	55.087873645053385
46.82953654749805	55.087873645053385
46.82953654749805	55.087873645053385
76.1844443854944	36.084655207570336
76.1844443854944	36.084655207570336
70.96086674510457	22.387946463195373
70.96086674510457	22.387946463195373
73.1425323740947	51.30372031897942
73.1425323740947	51.30372031897942
67.8746117564634	22.5314889810737
67.8746117564634	22.5314889810737
67.8746117564634	22.5314889810737
70.05627591023858	51.44726136164279
70.05627591023858	51.44726136164279
62.51800518434919	62.60820803046162
62.51800518434919	62.60820803046162
93.93041683984461	10.509297531489603
93.93041683984461	10.509297531489603
93.93041683984461	10.509297531489603
96.04113223003345	74.70423287728052
96.04113223003345	74.70423287728052
88.58268033839364	33.80112286984161
88.58268033839364	33.80112286984161
92.96374583684059	58.06287873369304
92.96374583684059	58.06287873369304
85.49642387453753	33.94466243729003
85.49642387453753	33.94466243729003
85.49642387453753	33.94466243729003
87.60713926472637	98.13959778308094
87.60713926472637	98.13959778308094
82.41016888589637	34.08820495516836
82.41016888589637	34.08820495516836
65.46271847746772	95.80846008487846
65.46271847746772	95.80846008487846
65.46271847746772	95.80846008487846
67.3605890521125	67.84088137590496
67.3605890521125	67.84088137590496
62.13701288693762	54.14417263152998
62.13701288693762	54.14417263152998
64.24772827712647	19.339106502105945
64.24772827712647	19.339106502105945
64.24772827712647	19.339106502105945
59.05075494786655	54.287712198978404
59.05075494786655	54.287712198978404
52.0800728554529	80.21536399731235
52.0800728554529	80.21536399731235
53.694149850967285	94.36443272358127
53.694149850967285	94.36443272358127
85.31940632200677	35.42803775458865
85.31940632200677	35.42803775458865
85.31940632200677	35.42803775458865
87.21727689665155	7.460457570400184
87.21727689665155	7.460457570400184
79.68787624142541	1.836509052968137
79.68787624142541	1.836509052968137
75.05849302085619	51.551819879355726
75.05849302085619	51.551819879355726
75.05849302085619	51.551819879355726
76.6016197775693	1.9800486204165577
76.6016197775693	1.9800486204165577
69.70188644874197	91.62853892874364
69.70188644874197	91.62853892874364
73.51536478892814	2.123589663079925
73.51536478892814	2.123589663079925
3.9412184400808963	46.84121268601994
3.9412184400808963	46.84121268601994
3.9412184400808963	46.84121268601994
97.67330077287951	18.068979872899256
97.67330077287951	18.068979872899256
0.5445640859644761	40.45608524746336
0.5445640859644761	40.45608524746336
92.64483075713716	31.104575555790436
92.64483075713716	31.104575555790436
92.64483075713716	31.104575555790436
96.45830909732331	40.59962629012673
96.45830909732331	40.59962629012673
89.55857429328104	31.248116598453816
89.55857429328104	31.248116598453816
91.1017025252091	80.67634533951465
91.1017025252091	80.67634533951465
91.1017025252091	80.67634533951465
23.797907759834917	85.46078888051517
23.797907759834917	85.46078888051517
16.259638509160478	96.62173554933398
16.259638509160478	96.62173554933398
18.166377679253557	51.86926017889465
18.166377679253557	51.86926017889465
13.466044219883054	37.86373397050405
13.466044219883054	37.86373397050405
13.466044219883054	37.86373397050405
15.080121215397448	52.01280122155802
15.080121215397448	52.01280122155802
8.109439122983792	77.94045301989198
8.109439122983792	77.94045301989198
66.35455754824905	96.89388383710008
66.35455754824905	96.89388383710008
66.35455754824905	96.89388383710008
68.46527293843789	62.088819182891
68.46527293843789	62.088819182891
63.26830108439294	97.03742487976345
63.26830108439294	97.03742487976345
65.13956587269286	20.424530254327557
65.13956587269286	20.424530254327557
58.168883780279195	46.352182052661504
58.168883780279195	46.352182052661504
58.168883780279195	46.352182052661504
52.971911926234235	81.30078922474891
52.971911926234235	81.30078922474891
55.08262731642308	46.49572457053983
55.08262731642308	46.49572457053983
83.94089528453001	76.44663951353479
83.94089528453001	76.44663951353479
88.321959307762	1.7083953773862142
88.321959307762	1.7083953773862142
88.321959307762	1.7083953773862142
80.85464029588886	76.59018203141314
80.85464029588886	76.59018203141314
82.97422280631103	25.000220715738227
82.97422280631103	25.000220715738227
78.06104600661143	17.832178977368244
78.06104600661143	17.832178977368244
70.52277528072203	28.99312564618706
70.52277528072203	28.99312564618706
70.52277528072203	28.99312564618706
72.7044394344972	57.90889802675615
72.7044394344972	57.90889802675615
4.762110222490856	83.2057979282484
4.762110222490856	83.2057979282484
6.943772901051087	13.121571784032454
6.943772901051087	13.121571784032454
6.943772901051087	13.121571784032454
1.675853758634747	83.34933897091179
1.675853758634747	83.34933897091179
93.74951464346256	25.35251336277648
93.74951464346256	25.35251336277648
95.64738374289239	96.38493465380297
95.64738374289239	96.38493465380297
95.64738374289239	96.38493465380297
90.37946460047604	67.61270184068229
90.37946460047604	67.61270184068229
92.56112875425123	96.52847569646633
92.56112875425123	96.52847569646633
22.34844795877182	62.75855360468313
22.34844795877182	62.75855360468313
17.719064738202604	13.473864431070709
17.719064738202604	13.473864431070709
17.719064738202604	13.473864431070709
19.26219297013066	62.902094647346495
19.26219297013066	62.902094647346495
12.371326761536675	36.76568976942272
12.371326761536675	36.76568976942272
16.184803626507883	46.26074050375902
16.184803626507883	46.26074050375902
16.184803626507883	46.26074050375902
9.001276718550173	79.02587824732854
9.001276718550173	79.02587824732854
11.111992108739013	44.22081211790449
11.111992108739013	44.22081211790449
94.938253413894	15.96202262136807
94.938253413894	15.96202262136807
94.938253413894	15.96202262136807
87.96757132148035	41.88967294448705
87.96757132148035	41.88967294448705
91.8519969500379	16.105562188816478
91.8519969500379	16.105562188816478
84.9256578348657	57.1087395311111
84.9256578348657	57.1087395311111
86.46878606679375	7.536968272171932
86.46878606679375	7.536968272171932
81.55560926709416	0.3689265338019513
81.55560926709416	0.3689265338019513
81.55560926709416	0.3689265338019513
11.910515629875524	80.36571104674883
11.910515629875524	80.36571104674883
13.524591150174958	94.51477829780279
13.524591150174958	94.51477829780279
8.824260641234373	80.50925061419724
8.824260641234373	80.50925061419724
8.824260641234373	80.50925061419724
10.438336161533808	94.65831934046616
10.438336161533808	94.65831934046616
3.467654069120153	21.585969663585146
3.467654069120153	21.585969663585146
97.27955081052349	39.7496816494217
97.27955081052349	39.7496816494217
97.27955081052349	39.7496816494217
0.3902662007123363	4.944615519997663
0.3902662007123363	4.944615519997663
29.532329223164616	91.7788859781801
29.532329223164616	91.7788859781801
33.34580608813581	2.2739352373014494
33.34580608813581	2.2739352373014494
26.446072759308496	91.92242554562853
26.446072759308496	91.92242554562853
26.446072759308496	91.92242554562853
21.17815214167721	63.15019273250785
21.17815214167721	63.15019273250785
23.33321050910751	43.42065214704447
23.33321050910751	43.42065214704447
15.865890022019407	19.302437325856427
15.865890022019407	19.302437325856427
15.865890022019407	19.302437325856427
20.24695404525139	43.56419318970785
20.24695404525139	43.56419318970785
49.389017067703676	31.39846217267533
49.389017067703676	31.39846217267533
50.932145299631735	80.82669238895112
50.932145299631735	80.82669238895112
50.932145299631735	80.82669238895112
46.30276060384756	31.54200321533871
46.30276060384756	31.54200321533871
38.76449135317312	42.702949884157526
38.76449135317312	42.702949884157526
40.95502262718163	54.83382707847575
40.95502262718163	54.83382707847575
35.68710495998026	26.06159574057004
35.68710495998026	26.06159574057004
35.68710495998026	26.06159574057004
37.86876763854048	54.97736812113913
37.86876763854048	54.97736812113913
22.624080180109136	61.997740114609584
22.624080180109136	61.997740114609584
15.440551796936466	94.76287638296412
15.440551796936466	94.76287638296412
15.440551796936466	94.76287638296412
17.55126718712531	59.95781172875505
17.55126718712531	59.95781172875505
12.354296808295304	94.90641742562751
12.354296808295304	94.90641742562751
14.509355175725606	75.17687684016413
14.509355175725606	75.17687684016413
6.971084449836208	86.33782350898295
6.971084449836208	86.33782350898295
6.971084449836208	86.33782350898295
38.66729115967699	91.1222655747685
38.66729115967699	91.1222655747685
40.21041939160504	41.55049579104429
40.21041939160504	41.55049579104429
33.02689248364734	74.31563353461381
33.02689248364734	74.31563353461381
33.02689248364734	74.31563353461381
37.40795650687933	98.57738792325027
37.40795650687933	98.57738792325027
29.94063454457627	74.45917310206222
29.94063454457627	74.45917310206222
32.0602185302134	22.869213261602283
32.0602185302134	22.869213261602283
26.8632481513834	57.81781895847473
26.8632481513834	57.81781895847473
26.8632481513834	57.81781895847473
56.21815451416477	38.81460347142161
56.21815451416477	38.81460347142161
60.102581617937275	13.03049124053608
60.102581617937275	13.03049124053608
53.13189952552362	38.958143038870034
53.13189952552362	38.958143038870034
53.13189952552362	38.958143038870034
55.02976862495345	10.990562854681555
55.02976862495345	10.990562854681555
49.76184800732215	81.21833004156089
49.76184800732215	81.21833004156089
42.83551036736492	23.221507383855496
42.83551036736492	23.221507383855496
42.83551036736492	23.221507383855496
44.44958588766436	37.37057463490946
44.44958588766436	37.37057463490946
76.07484383391879	77.43417966591684
76.07484383391879	77.43417966591684
77.68891935421823	91.58324691697081
77.68891935421823	91.58324691697081
70.71823726180457	18.510898715304748
70.71823726180457	18.510898715304748
70.71823726180457	18.510898715304748
65.80506046210498	11.342858452149725
65.80506046210498	11.342858452149725
67.34818869403303	60.771087193210555
67.34818869403303	60.771087193210555
60.45732396065401	34.63468084007182
60.45732396065401	34.63468084007182
60.45732396065401	34.63468084007182
64.27079935041026	44.12973304962307
64.27079935041026	44.12973304962307
47.39429918078288	70.57082668932632
47.39429918078288	70.57082668932632
42.12637856315158	41.798593876205636
42.12637856315158	41.798593876205636
42.12637856315158	41.798593876205636
44.30804271692677	70.71436773198968
44.30804271692677	70.71436773198968
36.769773466252325	81.87531440080852
36.769773466252325	81.87531440080852
40.93799267394026	13.974556209895496
40.93799267394026	13.974556209895496
34.01165355876807	54.97773060176019
34.01165355876807	54.97773060176019
34.01165355876807	54.97773060176019
35.55478179069612	5.405960818035991
35.55478179069612	5.405960818035991
67.25098702532195	10.190402883821536
67.25098702532195	10.190402883821536
59.71271777464751	21.35135102785532
59.71271777464751	21.35135102785532
59.71271777464751	21.35135102785532
61.89438192842268	50.26712340842441
61.89438192842268	50.26712340842441
56.626461310791385	21.49489059530373
56.626461310791385	21.49489059530373
58.52433188543618	92.52731041111527
58.52433188543618	92.52731041111527
58.52433188543618	92.52731041111527
51.56251838847082	2.670067023198343
51.56251838847082	2.670067023198343
82.69113646483585	91.68780543468372
82.69113646483585	91.68780543468372
84.8018518550247	56.88274078047465
84.8018518550247	56.88274078047465
79.60488000097973	91.83134500213215