15.273176899737926	15.939478740090426
27.460526918660516	16.731390288938062
33.169010261752895	2.428278158405801
30.099575262034403	9.31039840646156
35.882418691032335	0.8518052146896924
6.396085955559467	5.688540496555953
32.922530194398924	-6.963599719481435
24.826244121483615	7.6374230309053095
22.47562577834651	-6.296157327778413
33.261196431909575	24.99582540844481
31.193599602163104	-3.7175750972069377
11.294085876833801	-6.594844793759243
32.3844796147279	16.32457664693996
59.11901701636487	7.9112561595043775
22.620353516131548	-7.81078878844672
38.41181840468274	1.465402996544439
15.718858950344664	-13.12536355592328
18.689925879478835	17.082454361395392
23.55722045849942	-1.0300604350477167
47.91523315747884	-1.9333234909797845
20.406013571024907	11.60117610492679
27.1705728810472	6.753068463538944
43.45342358486894	5.348185487338553
31.823060331862894	9.32756030909782
33.67032913123917	-3.544069858980448
37.243466212707624	-1.7778306392330485
13.954064209354009	-3.871288608803562
29.89892628840194	12.565533158995088
23.985559814855016	28.728462579991003
38.4770739423584	-4.252761125638921
18.327397346483774	4.403437394270421
65.49179661568385	13.586328087831717
45.38794263238871	11.877703356217427
25.27658261842183	-8.342906862321263
24.38380554358993	2.585164254860234
26.292426957841574	0.9874091410159052
30.442228709207086	15.321642480621858
42.140871425353915	9.266353905818722
26.110030546935104	12.326579202258614
30.82265503083724	5.109336152006394
20.663671281784495	13.301158129794747
14.38290310322137	12.679139236063406
39.121956821362154	6.002457145854287
50.90449295357519	-16.463261028993294
40.65621669395715	-6.328822307035141
22.851690309659546	19.906048626058933
29.163904814429074	3.5536210847478475
22.976181203745014	3.693180056570014
18.114650923154922	-1.3756460871143368
29.101601076784604	-1.4783490312565544
24.15874847454912	3.859282178545077
21.729488000956657	5.866736679100526
8.502461454642884	-0.7147534246233507
30.725570785751945	13.718442564150607
31.93467520840282	2.2987382051177976
29.0204146078017	7.062390553689151
21.751275761702253	-7.092450687015688
18.648413748423657	9.914124882458806
50.44469862760492	17.247836563006665
19.513291956349768	7.301311604489577
16.53867188420636	12.191681913611129
25.737979427782257	-27.64960588684155
38.175728406763916	-5.815223042192134
27.356461148396463	-2.0022782995388066
32.88580952920526	17.32310845062748
29.40178521150021	12.667392845659196
18.172573503193885	2.499171556607191
25.652274940732223	-8.351319637881547
24.98186308155277	24.998956452038968
31.593067755804302	-3.3403211525964593
40.658962424841214	22.08349393713914
15.960935166328772	15.286073202952105
44.23040111524716	15.12094583432781
31.28130922496835	-5.128279198956291
35.28159230205681	2.4829066916326665
13.335212214961446	10.421956101254784
34.19938418969146	-6.901388858917308
16.142180388704055	5.2249261656875845
26.98157772564478	10.241997991809058
23.871539685923675	9.960581518608812
7.96280554086178	15.15982658701161
40.34253853719122	-1.713297064660031
26.249993621220472	8.069274873080776
16.51075689047606	17.76008025299896
35.52819504493088	26.93034609443044
42.320708359337516	5.987772445473189
42.0282334141103	23.648742856179595
23.153954345990073	18.222058824618166
23.638151755638166	16.254634501258337
50.96323463966958	16.324495720445977
15.345324135191873	16.348614285214865
30.892744237446276	-4.103844103944654
15.174533925819377	24.071273206420663
47.02721257205969	30.145639289991088
30.617079215323106	1.5841082397393809
32.30144461515477	3.7425028608321753
6.4355297852076525	17.864173797320575
15.91859232883919	-3.046717857770563
22.45166545264518	14.358615033487283
42.60503940313167	-0.5877022557887033
42.83761693022093	-1.4226972944773628
27.988931040352252	7.509920056201896
15.46817364718221	12.521709710063881
7.824900802412362	20.609050694489383
23.764834881697688	3.424321889706896
43.014730709847214	0.3294723817188743
19.05158858913385	12.990179006147695
26.67785969487038	-7.830765894382431
30.761715630175075	22.2047291573673
31.496471470187867	20.672014142217996
38.07338090994222	14.031595830306335
36.68801806649375	4.200920150980843
32.24647436216731	2.225364143034642
27.972605906467926	-0.2985174863675244
31.79354884798498	19.21236395945925
35.93115699212954	4.637455065987115
30.404020489793666	6.287966417046089
22.157694617578084	-3.7084077684424948
28.589194386146872	-4.158709580942231
26.362967041225676	-4.008136102358014
33.46915431126066	-1.2238675793801113
44.528537114978704	-5.669422252776119
21.884574202948993	0.1716367828326577
26.258555977198593	10.47415160315514
9.397052080388981	17.05064610224758
42.32136557334851	12.479310892108394
27.90738517504518	11.662502226300386
21.12430845868748	21.081342951569603
34.925697219860076	-3.2318759008597713
19.994514126491662	0.7550555832838519
24.22124620833292	5.670928626148018
24.734192403052127	-1.4988904927956384
35.386864381445655	14.264385803775559
28.487727409900252	-0.1576249415179527
15.07159441034301	10.044944919474649
38.866701813645264	5.10867622889155
21.774114312924674	16.73797139124095
32.78375371907883	-12.483757910682082
44.79487981154779	5.54980056837417
34.82242506368728	-5.803020023374474
17.95806214985194	8.360496002378595
25.214191011885173	-6.877059339731403
21.694016172736166	9.378948602923113
21.067361039271365	15.852615314480598
29.108064099710813	7.61909797175893
49.62152047615837	4.856227100142078
29.778699628771484	9.255401533074618
21.61857370086489	-8.022831278945713
35.87175697012314	-2.975240885601382
22.91855437471675	3.7448429764395113
26.715198909286148	6.024793287059438
25.846243041701822	18.849108881863806
25.009076282894135	17.51369200652681
12.940425478046713	26.974717830332246
24.716780732346926	11.481411225649634
11.791847656720636	33.45594462592119
14.9784607576714	38.030409531006605
14.670832225219073	30.85822632114194
8.52254219157237	13.250321569358718
24.328096451567184	11.529591786163152
14.728612360844352	20.084372566735386
13.146530492373927	26.10801922913691
-7.6349176431254335	20.295171345643084
3.5322724240475463	18.928070149877215
2.650817664106171	30.77300575638126
5.384958907054955	14.81692074570434
23.854211935869195	13.215503345029862
26.533239682565373	19.439979559098497
6.016069444001722	10.478956388097282
-0.33338066883750095	11.132367091558708
40.50452580594275	31.3987047645085
-0.807743507885645	17.80481440253773
1.7185679074031395	46.57560284854237
25.22312892690632	16.613343808303807
15.300602449166394	8.951229909693602
4.00138940514565	28.67804797660345
25.82623158759577	20.788073118640845
1.8309276138244837	24.46091993408445
4.126152373937103	13.717159745201661
3.4001656039505725	31.009313765541535
10.940599916967896	31.60309598540826
3.357974952334759	20.2731765250615
17.58899113210565	6.68459399748539
21.829506330565255	44.35294864949017
7.318978981312585	19.772073690475054
6.527069581419365	13.820896051922723
26.760919853261306	10.221110045073367
39.55259299420196	7.887763360530748
10.19543349194285	20.828528417470974
0.6769766218871318	18.188529082908985
6.5336429270993595	18.98157563154485
5.14867554901382	30.057466135099396
5.823264713142166	24.34111996644939
15.476381203699365	16.53115546311718
24.195264655320244	9.199285459972959
22.335888622290668	24.707880169071018
22.612271541990722	17.656312430541714
17.61712575462475	15.469724352627047
23.200956874254164	15.3102703822726
15.887437525744424	15.634531878722077
13.715074437826694	16.83748844329888
3.6368889339171986	19.035161537048115
12.01196674506349	15.319872155966127
24.727532451227866	19.28358402137643
24.397381219905043	10.52425715934458
16.962743760907344	36.88603192506058
-0.4026995686244099	25.48053419063219
16.504909168849576	29.604837418211233
24.701489282628227	19.36510812949066
7.125169111244552	6.132920681801549
20.00959237841962	14.464590118093358
34.11798664237807	10.93294920540632
23.473926987624296	15.246062290973953
-1.3769060067692074	24.246335560335556
11.770882010182973	16.110527139446276
19.569928054942693	23.28030726119631
23.57159445209013	-2.136896769853532
13.246934638882966	17.050948365749786
6.625834998373666	4.447292053465109
28.513090534261696	17.573135529715223
18.020258356078322	23.22374836755792
17.711883777501782	17.583886514005183
0.9719461214148204	21.435264681323993
12.096163969023227	32.09119375332345
14.10573188753292	26.20925817579692
34.93948872552106	17.628001407874947
28.28868557815019	12.672923918058009
12.003436958609498	15.95509145184949
16.99726753125632	23.13132263252916
6.548411582788221	19.783741201356335
13.24228408911293	16.5912435660213
-1.0831708807045946	34.08352557868681
18.8526730506589	15.681394930141616
18.24953089737948	27.240227631228187
13.564332607236896	17.905604095086073
9.103343305963985	39.44110562950965
31.285983809141715	14.196898390452425
11.361603914370459	35.987684038131036
12.473380673456672	17.12665436679361
-1.4646227720965115	17.292638506385636
5.937203170677535	23.58938141474902
46.02135915820325	9.219710121091563
18.30594623980408	19.992230780237705
-5.37694758328065	26.38108608468211
11.753278113188856	26.07163531877096
6.388620956065907	4.158967685667307
13.808187202921173	21.454646233952413
-7.956013217111433	24.42781867125045
-4.587994643773676	9.62937618949997
6.7428318401862075	10.024097350910694
16.607162970486996	25.163282396737788
29.96582763733377	44.2427792043093
14.451132056296146	14.845127365824613
-3.8382874235596383	13.45987004871696
1.7325841468817664	37.618461208719864
0.8431807111003629	36.16390620756235
15.95723648739959	21.855821101704887
17.188162157407724	7.334206319126828
12.040619347490026	14.912254099225411
9.153180932254436	22.658720029371274
24.92756731851229	31.149044028530803
32.64912777315659	23.532878300332456
37.575078029898705	16.936103611842196
15.295616209637686	-13.341785993317874
30.967007786467097	24.051364381181347
25.046883573305482	12.787881184696296
13.859805642602355	31.87952432109164
17.95889408169185	39.24746559799739
20.348171477384764	23.292174741492136
-0.01966192162881697	28.447867651469544
10.60073365056601	17.830583571009466
12.19802075486203	6.2909079206351795
20.03395684027025	2.465861304377068
11.88025016055817	30.56393382470621
15.401083477730388	21.24085257157586
10.20627707619018	12.556052787287113
7.429397966641341	29.607880107037353
16.04390585170713	25.37005305964369
13.264075633059031	35.98101436543667
10.57384483387401	17.730317578366027
21.171723172831527	31.443887364563302
13.017416386779699	19.01585154967023
-6.024976691337439	16.093944080517744
10.247670147387055	22.25733537009264
21.948746088882803	20.338283390120218
10.278493266699172	26.750591981968295
14.815956979891943	22.57747040274945
1.2796034995078305	13.439460270581833
3.0092596638274856	25.660539559393264
13.509669048887403	21.780020343151072
30.006339712629952	27.048400523752846
-1.2414086302395653	23.29568648039482
-1.6065151143529661	9.66421355832055
19.066072679904824	18.801350668265805
27.437584065549096	8.874500669997019
13.99564300157696	24.782365458054443
10.947968519447041	21.231097945626594
17.72957705872819	33.51577653555982
22.335688354102608	1.537145165010692
16.29398244526264	12.568710904167684
23.834187158098153	5.968080388876235
9.764528225080237	37.66118161627632
16.655952025869556	14.696457331296246
14.511961664103778	37.63963243715692
0.20931615613281274	24.163158187977622
16.39851656632866	29.58800431661303
22.814422167490243	9.66736655487547
11.819636214515729	24.50870094923878
94.27654480580941	27.235932840124253
104.93064848133437	-24.642694078892557
86.15440251977338	11.908932805570597
101.21386604257486	5.137229582794982
86.019359070538	15.823771249480732
116.41078116631462	3.8876555203284067
89.80056344615217	3.0476764711654223
92.41011231134013	-4.866731307225865
114.24585370264727	0.8607331964707434
77.22221998642921	13.92094198975948
94.56055663757184	14.271764277344342
99.79391095107964	-1.202269961831325
101.70452277767342	-9.872824004879718
88.9538271808839	11.130923783778425
95.93128334082337	-4.173315522499917
97.58459089642041	15.640426948722034
100.74676181010373	14.825058618893323
85.58242282078618	-6.959546112048483
117.44644440699435	4.305309335834664
102.49465277705313	-17.126245136777182
100.17245342160615	-16.53791509260349
100.98021116141949	7.647927134471453
87.0304218161593	-9.814776282753275
95.72473200547392	9.713220933723157
89.5212360502596	-9.770278457120252
100.97563867668744	16.442585256613572
95.88793307414232	20.5010430543848
113.74818200820538	6.401260993920323
115.04337279023298	16.65497994343075
105.20812060077179	-5.253518777409872
97.05976395906262	10.080554548204063
95.3954149140022	16.660057692223063
82.10468667762464	4.757757141299722
102.68490727363833	7.36932839368985
91.99772393868429	6.173539940549918
87.05419614208294	-1.384522883762365
99.71092434744767	14.911947889047592
112.39602281347776	5.0427848658412655
83.95481405342557	13.417867029922538
119.50412519967182	1.0909012334683839
119.02237147005157	1.3361494629573745
91.49844432399397	12.182178356413734
102.54852017648699	18.7544633791702
86.46267914991519	26.099873874726164
110.29501671389886	-1.560477824847485
104.46431714975503	8.903253347096218
103.51805222127786	-13.651030724772568
97.7280778017348	4.377490601643723
89.80450418548907	18.790470083173812
97.48382023476151	2.920363889755805
88.97140003865867	16.594014749408068
104.31251219065089	-5.69757505530363
95.87061936269008	11.25032377072021
91.3052211183392	12.246242988085324
101.67890378474712	7.2009587656845655
98.47034697913126	-8.505980071393314
108.55123253021634	4.192998239756235
118.75373563978799	12.674779813152188
79.59063134941135	12.502758442560406
104.01437910871425	3.376894227555234
87.7134250268432	-8.000045452448365
95.42913329080797	19.063655026657525
99.72612122592172	-0.8513225857500739
98.57319183507114	12.280588312918919
97.26262921599458	14.070276601372447
93.79823762062729	12.32959000291125
95.74931626359363	-8.2305468976976
90.81105228904342	25.647466713499817
96.39298672839242	15.949618430047
101.23025816303064	14.431490162534388
103.35961158999153	14.753346727351655
107.36180634489004	14.588398217550534
84.26991326410814	1.1089206232601176
107.61833221706013	8.823730243191447
104.36944025434627	-2.8331408553724406
85.64770544277754	11.246467444909346
92.24316922456221	24.31704858101165
87.95797291805046	11.127394212591799
94.05480476307743	-0.7827746698479121
99.89313108443872	10.09132461110338
82.19148673408709	19.467675388311527
98.2241305348061	22.90562157324711
99.92818186774737	12.235327384582169
101.71647721444607	-10.497199475460565
82.51502538240102	8.093826270975757
87.86164951672353	14.1565227577729
99.04556657131309	1.687231327107379
105.67423304055694	0.39279373297555153
109.06703727806173	-6.430010485659714
73.32657676486286	1.1199535827970424
87.23938909812173	1.8364688929777033
85.40130297969928	-3.9288282164895643
84.35824478449406	2.8478293587128163
84.26996774437522	16.71133207498602
96.89814288287545	7.28676509616305
102.49681084050464	21.627527339345498
102.95042090213991	11.658435791770586
112.72644482921612	22.14247334418813
96.19207250555692	6.854817848108835
102.0909355825384	-1.8274650767139482
78.06311245501226	5.151743278508566
86.52511685551129	-13.365878524453453
92.63210208038318	3.4691693087832203
109.22226475685906	-0.4603165986520068
83.20829281195931	14.189914416565237
97.53313286762514	13.035350239642632
89.76765887744699	7.8858281073117205
103.70192467097284	34.45340769893687
93.83126946325795	0.5220226406632591
96.4412094888117	15.659570205142632
105.28991663133198	-4.893247298273297
91.44106870464908	12.122625619293572
102.07423429625065	-3.1140281811076145
100.2205178852062	13.640809782172418
108.86296460925111	7.698289672832471
103.92765227961685	14.968666853483064
80.64984431149881	-7.133228270787835
81.96803286926257	10.730253624314186
99.30315615518398	10.345568144543666
98.12729711372853	12.183966263982825
91.4488374633045	-17.42460574004333
98.82074851795993	-0.27704460798331176
105.7511026428955	25.356075661146235
100.3284828089193	11.917714335602998
101.06183862276038	11.933770481934463
113.96851368176607	11.195765038241529
108.3219322543892	0.30326523103251546
117.67807015352824	-0.8653878617802109
94.1949074879574	16.43831136968853
73.87300046820094	7.356301431219333
85.32440540524414	-0.3402766236572319
94.57800751241894	4.986407018868382
96.70001109343622	1.5764534052961823
108.77642071982538	-0.007867368247789663
92.13003206540743	30.458667280215927
83.49446301322051	1.8648870409074183
111.09767330160875	16.595806677479366
101.31401051163232	20.866823947980503
102.9311472962002	12.28321919735017
111.56999114863493	21.136786543228414
105.10590003999027	-25.39032502082679
105.7617230184167	10.018312311308028
83.71407366149832	24.96533230317779
91.24510270562753	-1.0772853693689246
97.64237867472457	7.505083630434767
114.24605390440826	8.84540948688609
74.62567537132443	0.3128368569783726
91.95423270127758	16.673089648721234
89.66882138959276	1.9810020483087785
96.02895730565403	1.7830974055630557
109.44875420294825	18.202143100008072
95.79690088197584	9.744483229270337
96.59369495359981	1.5307560590469285
97.5937550641554	1.4737575007256298
93.4369502672476	33.64692975177478
97.19118020400329	28.18848531320954
80.09715484111047	28.7241198725184
97.84446512304987	25.802034010577426
71.85330391056888	46.98465443230249
76.12016339674403	23.733938234998707
84.22765994201853	22.64488394994975
87.11013096806094	42.7694185253053
83.0251629341644	25.09597450841403
66.9771107406539	23.28956959427949
93.79344030570405	25.192251977154676
72.03574347016462	20.78945170946619
80.65435154486875	20.780272086824723
96.03760801516032	37.256777696974616
93.67900792486894	42.705931944096584
71.95496511665982	22.405089151953394
73.97117896833777	30.597890426265366
81.4544455241135	35.546783333303864
74.78941447732855	32.11143748377598
83.4543972768358	34.848359628360384
91.3761981414755	36.10626503273581
77.81248660313557	39.25056067337254
87.12036781710806	31.66479456132511
77.52622378338157	8.942812728607656
89.8772868617875	20.434337784978688
71.9868525443588	20.75077993978805
90.69659628549796	26.903378274661836
86.06348307938032	23.799794883757627
78.78465564228213	33.027569616325614
67.94768874700533	24.419089215625423
90.83654911895795	26.299001795419244
83.3970397445906	21.690255516989545
94.37538760520276	12.475198720078073
79.52835498423794	39.12795231912368
93.99590440439638	25.526264231095208
79.14050424047113	11.079667591469239
79.87007485997549	45.92357246049595
66.42004174853672	38.238225509794134
88.97818034706734	36.14709433459355
94.87046717844133	36.739286839316094
80.68063729008897	46.22231534634795
91.6462130667544	33.96871317124831
88.31703914696746	24.917231732633958
92.39912547190491	24.604328883905808
95.65442816491829	17.723397109130048
80.45601688176173	27.228485167968167
84.2562640934054	37.58495212483247
85.94897645294601	13.321507782332478
83.33012158272292	38.481840763962104
61.2316475232361	28.839789883404684
68.62265550352316	33.02958379151025
67.79341391942427	42.05227308033748
84.8902272366728	32.47758443259077
82.52481936905257	44.488179982944644
88.0252577033913	29.432518808053217
77.11978196015068	28.13369196479053
105.70817891677177	47.21322045643699
90.39523115645346	30.273252826657313
72.6869655654054	30.664020668815027
97.02601449611524	39.39072867680903
62.91091659768409	34.000439044172445
99.57334073539147	25.22081993740563
76.84319185888984	49.69890091701402
89.03171692284936	39.28910855770842
94.59153306739375	26.72124215464227
69.11317695028049	21.40682809910752
80.22263864125792	25.27664485556959
91.72808827073236	31.160379732746687
69.88474878801918	20.787798980536397
100.75668469018822	38.02542660761035
81.02031932147298	27.495047942879573
56.88145033767536	21.17570657611369
80.34643975717407	18.24417576400827
92.45442501102326	28.953413049003085
86.6040062262776	37.07955504514176
75.20924991512669	32.445678028929144
90.4984890332931	46.21839357726451
85.49766561399973	40.84786213781277
97.13513814360226	35.54538429583289
75.23171023553377	29.444799379935958
79.76093686847972	33.749500328566896
80.2495111596974	28.763120939597773
89.75608980265677	29.46739003097391
75.75830276769918	36.35618308644598
80.2506812685886	38.76581945617119
91.41505671736009	25.02199503338763
90.90705646301164	28.810904443468594
84.84503124520985	34.687495304521704
93.01260301077568	27.158320964830015
84.05665781890991	24.56021777673955
67.27691450577603	21.4772998837674
95.03681280094568	26.359855644615575
74.24438059952499	23.786528003979658
64.23418836560765	48.492690455370536
70.84889514812308	43.217256061767884
87.20185901847582	30.305252772276237
67.54098277811404	36.90992140789737
77.9655318600838	37.316910389756075
80.11040445568078	41.76295148554198
93.95270466380634	40.66351292118907
88.56643867675004	18.92091351227288
88.34232159491276	29.73294591761441
77.01066395416989	29.5242355438156
93.47085532715653	18.24941224503334
60.74943229731222	8.593982589983288
72.54262581931238	17.48188143911212
82.81430202041295	13.586837386516258
64.88605417896375	27.621297553237913
69.5549612155066	26.152018354159203
61.47158340695536	49.3309984139934
85.11475220645798	47.39373977323657
81.53173969415441	42.98021615384947
82.35344795373943	30.485913479162676
77.10908386627703	27.358823195552933
85.30984949918663	20.564018865139396
78.30994431798358	28.17461270089276
94.9283565103793	30.346398596644413
76.01023048005804	29.869100879406986
91.9056926625342	28.321238517896983
76.28839014654463	25.294254516731346
77.831286509377	24.54481948856641
79.60457694224279	29.518150330364858
89.2313898633998	17.165340411143475
87.321996136699	40.62673662572542
78.25657236468268	43.44595146144468
95.71639731944799	36.92078701323243
87.27135711240899	27.411922134580713
110.18623440782383	32.723205556717915
87.71305613937764	23.537276386654618
99.71381246928497	32.36903050605418
79.30217396063784	15.719372736581251
79.40938402543311	34.46285983512286
88.17366067932277	33.58070491067767
69.4763108198149	42.16805537416562
82.96787894428908	33.19320765986477
78.04393484977933	32.130641769429715
87.56976025580732	47.17344323650887
90.12028048825259	33.85082963710625
72.57903143203168	28.35730951480999
65.60787390014343	26.282163014151077
76.3338488866715	12.441690817770692
76.23549115448215	10.443434888618047
95.1331674011138	27.444528541325717
88.49144392264633	25.803251158262167
80.67952116981368	33.462202004955216
82.23558994020146	55.919719920531925
56.586636380219645	26.150271637041257
78.423097982113	37.74785137847966
86.10594366571324	27.315163505395354
73.60010682428502	22.382452470397592
82.68097626955823	30.81546767055392
87.31330152911963	10.908248647501406
76.50944807538842	39.084657480411124
79.391275799529	23.085400468118706
76.48847380861618	21.359929130281316
69.12307139397477	23.471861240676617