38.96747998264116	92.5894113307712
33.59252425944745	85.92895735502984
23.28047147150538	104.96880207609718
19.199531772637727	90.84460226617838
23.656514838352443	110.40868048413762
34.70268875543582	82.9683939325979
20.51862289496176	86.83492209492162
30.53157483295041	112.56600991033814
33.818392374017854	91.56988180002807
11.643254293430328	91.5741100255644
38.47239289069915	93.49404761420102
29.275268969142235	97.00704431389607
22.879410928859933	105.16616272441408
10.899220299799193	89.31215726101064
20.18979157058013	99.77341622665729
20.713071889346864	91.11151479284106
15.241985126318296	85.54488862791263
32.29938589078597	98.41892177926096
14.7923123569057	97.69147364860223
30.671506535856672	92.30159949343914
29.51275046479402	88.70781222438873
45.06882285481712	93.77443764694148
17.657442503782313	89.248695420284
28.213986572138975	92.82346430473808
17.038419055474485	93.76451935397297
24.7867852747642	90.87271729429074
32.78177024909873	95.93809157012353
22.83721431821406	95.76421114159717
43.34831081202152	73.71758390375038
22.03918698140818	102.75843732442344
15.802473497064279	107.78123761811999
32.292093678614194	71.44312652722849
36.10549406734746	73.87164997082704
24.84550297331166	80.55039782639305
31.47599819381079	90.51537058682553
17.066271524135885	96.30348347305785
34.38640064558653	101.95112122099275
25.626948417079824	77.3612473414317
35.179618463506	97.6586865122198
33.95507971733531	103.11553102225224
4.968912581058614	102.55217497456005
21.110201234040662	83.08017587901995
11.071735703269486	92.6720878168391
29.75873301431329	103.47357784986806
22.367519602730212	108.77526671189516
26.460385080966795	81.42446841295329
43.03118578636056	80.08051408281484
10.110346348522373	84.50143505852448
34.13772720616096	91.5866871509624
24.808889590026276	102.54898011950849
42.42050786603712	77.71527943840495
27.257886964519606	92.679871293717
26.70110883606394	81.97551043733819
34.64736543323667	84.92811038633623
27.769714162423863	108.35135307946915
29.591996931323504	89.9195367722668
0.8164944180756812	101.94642150264966
27.705056471434077	72.63298751852554
12.099387427884514	87.72630781227932
27.677926056669815	90.26289956925842
30.593912594596947	81.28837752771523
47.88361615567764	85.10828494430302
10.621336215957047	99.52729530782908
40.81969881493642	105.47661502931973
22.430849315827516	93.50060761814903
38.66216689701899	88.45050024009176
25.726514789212874	86.58853384386651
16.996283044837032	117.5492500735853
29.580723326853324	102.98752982008014
23.887910899838797	98.92615299666734
30.239449850293138	88.48992318784195
15.264948152457857	107.73946833193249
36.35371801316363	85.28610584723674
8.353891714239536	19.854397620091284
-2.672184855870208	14.869574226967991
17.094337332393778	12.15589046839068
15.043193940004919	11.33615086584972
-2.4320112786288224	15.669648691603054
15.471136787903337	32.51306075209075
-3.4528767278125247	33.956071401820395
3.9352919116011362	3.682611204434881
11.311115172492748	10.453724464767147
4.8563244502361815	17.013791554438587
-11.609851723536458	23.318952966800172
14.925232633382704	11.244386030453837
8.400269632558224	21.008260901159122
14.276724574542804	24.162178584693066
-8.854202362177002	19.778199568486556
18.16782553185675	13.594298132454401
14.118332748753648	9.182366576575493
8.496479201544794	35.24627591950364
-0.02342784699096967	15.988795403439438
15.913000758034377	21.898808830642448
8.345251776726853	26.90226018254657
-1.9575352943915476	8.05282243406227
14.298196144472474	22.946842723618396
8.27383983277961	14.3062317017393
2.5168881508480485	24.03764104722984
13.15598630570999	23.56855360358644
-0.8745670712030833	26.73091238231184
25.678214059498668	9.940820551081455
-0.4765926729160723	30.92686122919174
19.150906939388445	22.477269330133712
-11.735776515597731	17.412416487587183
-12.42182050156456	28.683595469855995
1.0877126667892592	17.245802394001572
2.870790608185126	19.988801897986594
7.65921204196094	21.567261667474302
14.82232206039503	14.048044752730302
3.40152014096075	22.1184205868173
-12.615195429626425	20.364321514066745
4.925587788007977	33.60345497357169
29.959210327625133	16.436338917835556
6.1299056801250735	25.15883644788795
4.734864336899488	11.718384436663404
15.64354588123442	-9.139557484233578
-10.129371822204	8.143442048258802
8.747409464699853	21.126514922515366
12.179364565754891	16.456069758693655
13.5467668241572	14.624576068967386
21.5178822018592	18.328619384836305
0.4688393422471018	17.848275650978184
6.1714389681223825	7.059277166334965
12.037175325794003	14.880324261710026
14.212034805882496	16.07652915380124
9.672874699972525	17.124247304890364
0.8442758128064627	20.58059671912186
-10.223347759905364	31.10077772186753
21.983729194157785	35.701259242504875
14.130909769351947	19.424765737410574
5.562064011487213	30.90777229112054
17.25291175490178	25.49564825566174
-10.6239486912966	14.344626582934431
8.603898130905138	25.02232922445083
-21.396920477530653	13.276966079856125
6.242049147440199	-7.110871126568966
2.235887649142894	1.4161856639545967
25.143656463952556	26.769474460335953
-6.999351251939855	19.67322138803512
8.503116612277966	13.85126448172656
7.495680906611112	22.719925442787556
15.165410744427755	22.883974310589572
-3.3540702429994536	33.569432200186114
11.239651454808662	16.840072170378356
0.7340592469267708	8.911785896764421
-15.903904965072641	30.380035348178723
34.79375772936174	84.7467166258707
43.543288322907884	95.15820235841929
1.4307153699384614	93.45799772277468
40.824678245154644	66.49801216673657
25.559053168798172	58.207281843389865
59.48727840770747	63.43101072302078
34.54470561670522	77.63192103660408
30.648548202577103	85.07675316061585
23.960561163074217	84.20832711149593
43.52115409070257	68.65291418329221
41.08736884772533	83.86675263520033
23.212514230146258	76.38701796821819
16.413253586077236	70.54385367708045
48.08363592519119	60.45135885439184
32.94092240957687	76.3518230658472
28.47791185687028	81.72692740687688
42.26100942404226	92.12686209515395
55.977499820033444	80.44366093258083
47.836774981610695	67.94188333338201
31.666209621539746	89.75549212405325
19.241146696150135	85.2688434271278
31.90715850258505	102.38423787110989
27.353070385730813	97.40326081401122
31.416612341560587	70.14257411515618
51.42232393954686	73.49286003259137
32.57754781744245	82.5063707093091
38.53898793586276	100.26008979111214
28.4984252716663	80.8294702991951
32.34801574751656	82.55496762673431
29.762633689289487	74.49699570517767
32.86912790836521	85.94448645734634
24.386889611835052	57.98229345509378
34.78830066621417	70.90694945208928
34.06373676009122	87.47704827684197
36.2704928414493	77.10716477208943
35.90200998784982	91.4585684934617
30.880730923560527	82.33749465998567
46.2436701666081	83.47836036428207
33.517092682030736	80.22809129823469
41.1563636236168	91.59550116873734
21.87737789324633	76.04582497071318
28.545757953939898	81.91983159368232
48.23635472429255	91.98733965812292
23.237533053943697	77.37202440262814
37.929186008518485	77.37461301280882
31.12821108685086	80.58291297548551
40.18962598705242	62.558551971400206
38.16953656012293	87.94528352855215
20.393866159961682	81.60359575465299
34.23370249095796	76.21761068939027
39.7652720120076	88.63743831146844
28.125779150481	74.67096487605748
42.32747332711404	69.6431410023426
28.476812749560512	83.87441701680643
40.15903430647592	61.87972205789111
15.70183630860955	86.62127316217239
32.73123741351141	67.40484802390658
40.237611533929254	79.42324254436294
45.36530007765326	49.35627864390871
39.94005159124527	76.01732528245032
40.144874145189576	64.67846342349492
24.676445928788503	91.43546830030023
37.956952546259565	68.82956218598895
39.53372363361745	84.23427061721705
35.94465292181397	57.11814515458067
40.181352802553825	80.45932853589917
23.594349905910047	65.49327514610653
34.53296255015378	101.27064317559267
17.16577993636392	75.04249091762334
29.4478192552111	75.93308742016985
57.82698737980043	84.17428287216309
32.914258636359584	74.7014242272234
47.89258156838173	59.35820498575745
44.73189803877463	51.26529089761203
47.1649754675983	64.13115857937017
58.45234906389284	35.97902918016257
52.66454109955313	58.77346758818137
53.472221514927206	69.30519185840721
44.97451703975981	64.64586552835414
47.015478736243416	55.37449994512638
65.20040097824632	57.87687142793324
40.79977820066736	53.32674813769242
59.24772711067057	55.76173891353604
56.040009181513945	75.62636352505695
46.66212825713915	70.76112827183256
50.37743416820376	56.267771016102834
47.7444811636058	47.34375463511442
31.51621510717572	48.274768597579325
60.09478973922018	68.37804105056908
42.21481594510898	56.63863019117498
45.17083764414332	66.27195137768796
68.66722183052141	46.33477688676838
44.64938959509018	82.58122628553434
62.07658427904318	64.83417965887394
39.706956110802324	67.19631785738103
44.62074096710209	65.53756060467471
41.955309346918696	54.30091102948921
53.50796943471619	80.20094671315621
48.03937506283418	70.32497875534024
47.80624295608685	67.282033195958
36.35848107007816	75.34541066704274
61.150343102419605	77.06528184571039
42.03232902701073	80.2247244099118
72.67515448300146	55.38194762330817
52.75306836985426	71.62573966077181
64.53188574610235	55.35991200700581
69.69372653018063	61.63738194168211
56.94370384572349	51.06242680625443
73.63672760665494	79.39834313478976
42.23170618400791	55.19971942030553
47.15974376196454	58.59833470501383
44.06087142664591	77.37860209021694
45.96220450285333	76.77839987496151
51.75527042053719	53.09771173980327
43.423567246572034	79.30023649786719
54.72576684638851	83.45807349325281
47.27425268225986	50.31872737349747
47.923766217895306	64.09206408234213
70.128329971395	74.11865187031628
52.16512462406013	81.32420748660063
45.634628921400434	59.987277130679495
53.57214034582997	56.257478227675335
42.105069316491566	56.29330928356966
66.74316886738403	79.34368896510402
50.23257165975188	72.73785717072127
50.381116210457684	53.23497048825851
43.280607481637425	71.56180750690804
66.31426883608646	67.51175025109107
65.82159472417412	75.70065992201573
63.54357327962783	44.25847460614099
49.74650732263772	58.25989730675933
45.845364281220576	71.04073955458453
64.04644710728438	80.94095068918699
64.50108406367887	72.95274194509085
54.188334504617934	64.68919186336532
54.93452924841743	44.38227929810047
52.08363309865086	71.47113868749858
49.953642428084706	71.56108449778031
45.2929560224535	60.550373351597706
50.99431593122098	49.97338975548102
66.91226518073579	69.92619957726332
32.535481442199625	76.23705600181498
61.61137667362024	50.63886172167392
54.12529526725833	61.31793197258293
37.90695296605233	31.848118012100475
64.91889565973011	54.69641199585598
42.47625733227225	62.208231037591