53.5809095398903	3.2073858051975215
84.08873036051975	79.16778872945798
98.62428748995272	90.72450470355263
64.6403493126073	23.228501134059822
84.53251006372457	93.70849658355161
34.74410574625997	14.324857290993716
6.06356256833901	7.461504314403194
18.390849757651925	40.457131991466376
40.42920028075121	8.992482041745648
57.98006658566891	55.6848184631838
24.067077171909823	51.909653403684125
56.84524515036747	87.93687832122005
61.33308520019908	71.5653605919127
74.00624466156547	43.95007452997743
91.27331591213783	33.75905838665802
4.955346919382432	88.3588771384719
70.53899590029779	35.629578698494214
88.16080801837192	47.04275215471055
10.560624094839046	36.090560040696516
11.394621997768725	5.095876749322457
33.36202523249663	8.91038976482356
35.703322629126106	32.69804731766224
38.080447288768895	51.13159424256397
57.848450654039986	59.60012377478273
77.66966411678588	66.35928071428138
90.05903147423685	80.86064208758857
35.72639665283981	57.488673865179365
48.68335116855156	86.75674036800166
68.50456463129746	93.51589730750031
80.89393198874842	9.01726015602245
52.142440047241124	37.433068669438796
2.4249830181478997	21.770267886874024
6.593202225835826	52.86950822074606
79.18300768095801	6.072977237430999
28.827014730017666	10.922632815357968
48.5595437134956	86.53074161736521
22.11387626203957	7.87379137905359
39.73568838011371	19.28696631048487
52.05410697397832	69.06748917379892
65.01993008513836	81.55066049037035
38.53878677667421	70.03329247227713
79.09467608291018	37.70739774179111
93.60362595078331	0.6187992746383544
58.041085159716665	49.83414623387319
79.51184999977012	3.6027911546373375
97.06271482947287	50.295129051290445
1.0429025043845634	16.355798885488912
13.396795480042345	97.99674100379951
30.98313321632331	77.5494981554492
50.80434815428416	84.30865509494785
17.458945898785863	95.30019368974835
35.009809253273644	42.99253158640146
47.39917661072461	57.49389295970863
67.2203900734705	64.25304989920728
15.104893787641833	2.6572733123637424
62.17029822298025	25.21827941901835
83.649931658482	61.20202915353165
50.23358063939736	8.472729238339001
67.85539423268645	19.88590564498525
80.17381282655107	69.66642850829929
80.03226965581348	4.010221605379525
91.17117095591507	9.181811616132562
30.829189687506254	4.823497069835035
22.005332878909392	36.57972176295469
55.599408688180006	13.396583644551773
53.67528520841046	54.504318029344354
89.25591607159383	33.50464933945933
80.36111197462559	1.5400355225858626
9.758215929851236	13.305504576270357
3.0450745114432247	10.25666313996597
38.341913270711146	31.373641885323387
25.633630833556754	88.91397880932857
37.01198273554728	36.89339584087852
5.69324098613176	16.7183012802943
48.17360370292748	5.070142282082192
27.18209442308697	97.70262447040827
69.85756771496007	13.786769899462309
64.049018606633	80.67861503992546
97.51006548417922	12.268907665715345
10.216555417756556	32.207201330768555
4.124211255084126	42.21569390647415
41.17737594304429	68.70888703993828
64.14692603778434	56.830236633017556
60.96346938043209	6.393093366291903
98.3710220546739	91.70500598222529
66.56874803110365	53.12477626851653
78.92264100676145	35.76571838682713
96.51784881370565	97.533578877011
0.21423995905704563	6.710897621666852
20.31924847614828	70.35340712592308
30.722060779686494	82.67130202114227
50.259479188087035	32.54710639588336
93.37371199312753	43.01862853426278
12.20837040196067	47.59431899567346
33.962928821144516	58.24631500598021
44.41895122215752	68.85483878369425
19.87115287013133	61.230308361194155
37.70581275417942	65.80599734738986
86.7045621459558	92.25984400006753
59.93962525836126	23.85912194200178
77.52596299464223	3.411876143221547
90.44744312856079	0.8195233910472781
9.033782340056714	79.37228054269694
71.3271986370202	16.8391124291524
17.920425079231865	53.69272682952435
12.111877446119745	21.584573445202462
14.453174842749224	45.37223099804114
67.17671662022885	51.170081722778654
23.215655770433326	56.68121136759552
70.91959760283383	58.729761113758386
60.48166674915251	76.33691855582408
98.86475902184662	97.31035625851813
8.192330316989159	77.29373358772801
94.48404787983476	35.83406903651824
93.32725025335034	53.23029261440787
29.61522041716998	91.13216654601615
16.906937980015584	49.67250199480638
26.147968705472394	82.81167071453294
74.20665288058963	7.464411535446508
30.24559203079411	12.975542655478337
70.73053257344374	15.928810890214148
69.09020414801955	14.919896364549338
3.1166913238144147	75.97005606706121
91.67875899491811	93.57721203391195
4.101455349365062	56.63215460942255
39.39829263341803	77.74913187956501
33.616349311435826	94.28629146127558
69.19697869940423	73.28662277139057
55.30031332346842	4.002919078655705
90.88094271143682	82.00325038877068
85.0723950783247	49.89509700444879
26.637151504794005	0.7843085629268848
96.22514745025661	34.85673863190333
1.464315421530884	30.676818950983446
2.91024345996281	29.524364857870225
43.43065690919065	64.33805234760261
45.77195578103509	88.12570990044128
42.23375530575117	16.084377034179898
82.78964461198714	82.7584823036939
75.15417516781656	43.33874613833866
86.53252706980709	90.31816464510355
80.79492672506635	22.93084829555984
20.7456076312362	58.67099112776901
24.621164664345454	49.67177408313434
21.153912952647854	41.35127972686608
61.93151566987617	84.4030053401086
50.92599618271909	87.24345617744422
93.60146947459221	3.3276030817132227
49.667015886356516	57.484048642992484
97.1315071168681	17.72476841792854
66.01674011233338	7.497084573574563
72.52625819186576	62.38398393550023
14.020065854748726	48.55235698398519
7.998671930877592	23.281688069683916
41.708039480976	78.89491253001982
38.0811545264241	75.70253152626702
73.66178538960746	54.70286283638201
62.656265902450386	57.54331367371762
66.82448363492335	88.64255548280461
68.26154455312195	5.274998051157205
98.7693624233215	81.23540097541766
31.439316228037512	0.15999871702226998
22.61545941944066	31.916221934926973
61.23800229402371	94.69748960884783
67.74752037355609	50.58439044598846
60.11205092938552	11.164651330203299
1.5969899968201813	14.117919564939122
56.759044297961914	51.86412909348738
95.14213657065604	72.83756679618143
89.64398830301919	47.25808041786453
1.782889603120771	52.42966895340262
42.63143960872047	60.20223307663827
34.70330651475625	79.68403805756137
46.12600286920319	42.73898063307197
42.614409655479086	19.34296073284306
83.39201089749244	62.39468634608558
77.65441202796667	94.00736999654187
79.71191584546575	60.911676459837935
28.451330584444474	94.82064398578241
21.0996547194043	13.284261860399697
32.47800662139482	60.26367889194964
26.74040775186904	91.87636254240593
65.39842648346021	87.51804799610838
76.5373277835618	92.68963800686143
68.90185686417627	53.269900366291225
80.28021024138175	1.2493188730561269
47.34739002123688	65.92515558620298
95.08680623543056	0.834126062577374
97.14431005292965	66.73843252587345
91.40671118340387	98.35111617632973
30.09805596156112	42.54638135702067
16.00628001054793	45.53037323701965
26.26754914334854	91.19205975410412
65.2891773378898	91.65304109630642
51.77385714058567	92.61884144435471
84.7914771961472	71.45389633311744
76.1804652030944	96.37263360578658
20.015573213036767	7.328667157540132
14.207024104709689	74.22051082278833
44.147254816648434	36.41421009274861
40.963799634511155	84.97706830123794
70.9040303464499	47.170766095983254
39.51433983344804	62.2748330254059
78.2078329468324	89.77693773410493
86.8280634661237	10.858772441821504
81.01951583301158	77.75061758228468
15.480562710557804	9.34091020807454
14.939934219862023	6.0049866864434165
21.09470995667767	39.287696448833344
15.312768109910424	55.824856030543934
55.87752453637972	6.714069064236977
52.62311911544114	90.5560872875182
54.67175433749194	74.24528893706513
95.52030434309164	82.01785306030078
96.68243880239316	23.982044927215032
33.21872668833507	86.90685364379927
24.394871354953164	19.663076861703964
57.988947164223774	95.479940218516
46.9834276770667	98.32039105585162
51.43544046388502	87.30298542969616
20.116697239254556	67.12788939389698
64.48606341046172	44.297046872962234
56.8505924910762	4.877310707606988
92.71501693338995	40.76099458247953
96.88323761629285	71.86023491635156
88.05938080769599	4.616459609471223
9.022844678834682	2.6027622108076676
46.71419093220688	45.79802886671357
57.87969801865335	0.6149318434990761
39.903496439082616	29.383035954383594
84.56552330965351	46.650649336740585
74.12759245597218	64.25780677880628
12.606093893800324	15.290557904732788
93.62989083901464	44.05866201561731
36.73777549741199	44.376102315156224
33.54545024461146	10.723854234681436
71.92854399252053	31.69729193737549
9.719499222442796	30.799115802561207
43.11846593185096	79.88367325689214
62.46113107203912	64.81264184621863
3.6711466310066574	93.097662329946
89.14695783825425	11.848359339460123
28.530051586163328	32.82179704215417
92.67699548053014	26.245526150890388
39.43872376104439	41.186132012496024
26.535333699242532	71.9941630340201
38.23295356215662	9.717351885324181
78.51391640949552	2.7232108790447107
71.11789756721389	5.111303209701327
75.07327195935777	43.04802948880892
76.80299357692009	98.77892796045326
16.46101083329631	94.42061488937068
20.629231516199194	26.519855223242715
17.161979804501605	18.19936086697446
64.86592163690212	20.247910613137336
96.22158995707662	45.003683337940174
32.80222082025997	24.00401464805515
19.52635122484479	66.77764496733026
64.46330455431274	58.71350757591064
58.370961866855275	68.72200015161623
86.76806729729589	80.48746920530073
88.49778743964325	37.21836767694506
94.67916896280376	20.146390405367455
36.17297662568673	6.314764929067373
53.61777266644505	19.21131222736737
55.67527500872919	85.11561869066344
57.12120304716112	83.96316607276516
97.67709087818213	51.63727134227916
55.82674836900536	22.343337808101907
89.58045742113028	93.03208633718353
85.38598530831759	75.07300020391561
25.008529658115602	38.854266402621505
94.96013654174324	77.74599383531275
0.4121493285615684	66.72858673394234
35.70898661261453	87.84556547929975
35.15948952647045	2.2945386191344492
77.71080248206746	54.36721813091548
65.00252004491307	12.907553579705711
76.3808719469036	59.886972086470614
68.46160892360263	62.5838833563578
6.940110361430773	13.616634482284315
3.676834869828936	15.243547891816394
5.734340162542992	81.14785435511247
53.48262349697001	98.27192817002104
37.688086071174446	56.95580318625969
54.84908705758742	12.969000870232033
90.42971939598574	90.96933218034701
96.2120141239731	37.217641240487964
87.38815879059122	68.97386445839267
84.6084155731441	89.00591449626424
88.776636256047	21.10515630535123
8.196971895257645	68.66322869041188
16.53341031063351	31.86171083337091
54.87216108130112	37.7596259425342
49.41835431569078	27.255662157748056
89.91216345378871	13.424035206233016
78.89777389596837	33.04938122981948
17.376275333796524	83.08213383096096
1.590606503449259	24.981113660948736
38.71436707377564	53.4096751873395
28.267564674216096	87.8017263404411
65.74606463682927	38.83447894158257
59.93751700371716	6.726324082045722
97.41601844154532	56.75907668318719
88.23741929023173	66.91110882634119
17.634524720672328	78.67657788002569
85.48314778815832	4.075300171488705
23.961649225986463	54.108051297415216
15.066845129018233	22.14343748054175
43.46394760902893	33.90890653422624
34.5691435120607	1.9442927173527644
70.14977437524405	79.94462402746774
63.43663443205099	76.89578406637833
95.64721525224785	98.15630385439911
82.93893281509345	56.69663782797439
21.417434252921595	7.729388953900891
12.522630155953363	74.76477513702743
47.81946744000633	95.8817553575998
38.995612106624435	28.637978575504494
57.62879256137912	69.35856649054455
95.10729399920727	20.391319091686018
85.94219303850389	47.547934209689984
73.96113247767954	15.726861435479885
41.235823190691534	15.204796758587284
30.789022266346944	49.596847911688876
69.81951905633649	33.272934067640314
51.91426476513713	26.761875213303004
89.32181743937893	13.073789304451342
80.49796210599705	44.830012522356036
17.353517952862504	97.4985930586944
8.174920276763869	8.6506252018484
48.73967817844813	58.53983823554146
32.94513780222267	17.223713251780108
65.15572157284943	38.48423303980089
56.26091600066624	6.519619222927417
86.77760246631406	65.69512696093702
50.182072979033926	33.53269624869793
87.66057294164712	83.56544737462444
76.93884703362043	44.289250776717616
17.528063861637417	59.51693724843503
35.877450737261725	43.354172598717525
27.053593928664863	75.11039581662222
62.35043121271784	96.2273760371946
53.4556271157496	64.26276222032112
59.521716898082325	67.39442237000469
77.94205401250791	15.9524962302803
86.56228453179922	36.034330937996884
5.911672882638475	19.87156628827937
10.15084085391275	15.691645132144533
23.941791797339206	13.96502834359278
61.34934447158103	0.27694243474110547
19.982532761344036	88.38814552890334
57.452165603723884	56.20579184108071
48.557360031540696	24.241178024207233
14.280053917176335	90.07577979250466
7.371804874120855	60.29463392893413
44.850306311949	11.327385054860638
29.064637481601743	52.22636636006338
66.47219015584355	38.53828045121172
55.45780059802322	58.16362499958323
89.05187640729383	34.98048983161022
80.22801959869697	66.73671304951493
18.351780169023346	95.1652745759057
4.827589901055985	13.915971585419806
42.30609133888413	63.94872418656127
24.329889759313403	92.71682534701587
61.80838972192659	43.74957794815733
59.52415082818276	81.31432147157942
50.62934673121453	49.34970765470595
88.10784816904267	0.38245878063245065
67.04539012561582	29.29410245896539
10.720863417488932	44.378249363234396
1.8970066088920703	76.13447258113911
34.10758890430388	97.3949923691599
16.415179428648585	84.046447569587
55.436809098404794	84.50743038700426
78.23820876084741	57.327258635916344
7.635314191288025	69.09272768960084
97.7405100943198	37.12811387272737
28.68074080625854	98.3218116674727
21.96759938785053	95.2729702311683
50.36470334307618	8.0384392848528
47.01737444258324	13.303784193209248
38.12256887040005	80.33917037633579
68.674731193056	72.37509884455689
59.779927096087775	40.41048502768342
95.07676438014074	61.52746377304084
86.49235964864776	36.0915154869574
17.76072691695838	70.24409139042095
16.076055514292726	54.159652796010434
51.37289279834569	75.2766330165828
45.63529245360495	7.889316667039092
47.97658985023444	31.676974219877767
88.46153186809903	34.630243929828545
89.90745695610104	33.47778983671532
94.14662640259026	29.29786868058048
12.591420968133626	42.194417454095436
55.355578739274705	87.42961102064089
84.8399822711493	89.79827837087963
26.333791409247205	75.9666514193646
20.31239748537607	50.69598250506332
63.067686661068855	13.716071257859646
50.35940422391446	71.25640818186483
56.585128724316434	69.25995497903294
93.99268139855825	55.57186759496632
81.28439896140385	14.11220304375655
30.059289557390706	79.8815927751275
22.140025058874777	82.57850256979975
33.56272141332172	45.633445145310354
33.101910281660565	89.2334649474215
40.66678384346493	27.717832719850104
88.4150686531069	44.84190653475868
44.17021569939594	92.46968509003295
90.36650220644661	76.95042387491658
97.64758366433553	57.55143908258763
96.00725523891134	56.54252603213778
37.50106437700926	42.71089908062274
6.182321152378797	22.53580452003851
39.57242074155364	88.40525716062031
98.61994733180671	31.143744917469526
42.45505239131916	41.09977551879317
36.36271117907665	51.10826956971371
72.2271356213904	86.99195344458626
58.97787181232009	79.41089672989384
3.025823162591552	82.52944433641181
14.164725937908091	87.7010328719499
6.520386423074273	65.06619189284552
47.08514284954358	15.955403451323614
12.161139455539013	44.65829405006671
52.72589588200832	94.5475056085448
45.090424962622784	55.127767967974606
80.95484940493654	91.01145184284714
85.11420001717617	39.895588838185
86.5601280556081	38.743134745071764
22.85696533966107	59.860113490429185
80.8039581582428	54.0395044677258
17.100795442295773	75.15648173786826
76.14832203254885	17.894969494717486
12.445159316601806	39.0119482400749
6.991352550991458	28.507984455288756
47.47629309364109	31.46125269002457
38.65243628504423	63.21747590792928
97.14053855004455	48.8334245900945
80.77841249077326	91.75059595203298
26.724235890904463	66.90156189914752
15.718714928532435	69.7420142116981
49.02899715867264	88.67552500375258
11.346872381968863	90.48083180344734
46.634841070573536	29.38270573505563
40.897240725832795	60.99538938551191
81.6748434430611	5.047114998754444
48.20104332621529	4.601562498848549
56.53748174159116	66.80004464180756
95.48816117254607	3.5401874740167347
89.38695136485526	30.333575235973193
26.25137580716902	66.21725911084573
22.05690369435633	48.25817150236285
28.566421773888706	4.145072339503471
15.574345757603918	4.802055223536142
63.56208116913482	63.73395753445658
50.72963987091929	59.262827065973795
91.22344753380226	45.431200114458754
95.46261550507653	41.251278958323915
89.9289928556465	82.81137184979549
28.40749429347466	33.84412445093696
17.40197480631758	36.684575288272576
58.179577523545895	79.7363009015151
56.25545404377635	21.84403528630768
92.14648427243498	7.373033602427639
53.289471797130076	97.35888571066224
60.01183321699155	46.408299127352336
55.81736257939382	28.44921299408441
84.21446505940452	40.2146820477689
82.85793021311072	96.08912156207661
11.900293300834598	86.25039954101041
3.076436492237736	19.006622758915118
40.48398916647955	5.318536850063446
30.046056837583258	22.925694292129148
70.60194466860428	89.59979956164312
72.04787270703619	88.4473454685299
8.344708515874203	10.564324213887318
94.30829247277786	95.14578450438925
3.9285229920691696	16.227619212105825
39.22536175133709	37.34459795746324
31.589890831951568	96.924861792108
74.26536412382467	13.009007221162058
42.9377523037459	9.618807846828693
49.09252656534659	42.901516134003664
43.354927695820805	74.51419978445995
73.86274704123531	51.474604183935355
70.32454804116632	78.43327131767397
11.561169386478737	56.36360476743384
4.209490571008645	73.82721969162121
8.164864963152517	12.763947445943757
44.029289405466265	48.6476313208163
38.21187465212081	33.32437164753032
82.87390299790668	50.591987980317235
90.46608810849615	62.292606002481364
9.81547645933542	46.12984135276385
14.054642955394726	41.94992019662901
58.43287919726516	2.334181014228445
23.184231820649547	59.354501481812555
59.04865773817826	95.23818535668511
57.08019128116726	22.270395672731976
85.4772952363929	34.03586325120151
76.86628471855506	58.95460347430056
8.134651986865672	93.10717790254917
2.0689165609680353	52.760984919502185
34.847084539425666	88.78820836182314
25.952280442457436	56.823594544949664
68.0601651008548	57.14103631970355
57.338439192828105	17.864841197011685
94.81694063065626	67.89759232293818
2.965346038040919	65.05750396622363
96.1567984049288	32.94935058190175
32.7374277928972	11.949681892016729
95.17737268741023	11.647667484344296
38.85284450406837	26.731812913398354
27.847323541696348	29.572265225948918
63.427954404879706	8.572596536063896
69.77783776634283	68.58761072571998
66.2396402414888	95.5462778594586
5.8976574978650165	91.18796331316106
1.703186860267299	73.22887570467819
30.10028934027799	84.99434475836267
26.845883919339403	69.83636445685886
31.040710388587176	50.580920707193265
25.303108568631476	82.19360288243459
73.0513948534884	0.3176766973431778
77.21074546572804	48.20181369268102
64.37830269229755	43.73068174898328
5.872111830395482	29.899056272683197
7.344644179957326	77.39191514560244
44.752196854199134	63.703829236750764
8.733121645413114	29.523208467775955
28.660758253538514	32.8636231722643
19.836901444941663	64.619846390169
44.1814308145273	86.86790485535688
74.121663001681	49.06160412531717
65.29780619308416	80.81782734322186
98.98056795683769	87.78573883752532
90.15671114824083	20.541962055430012
28.56426382248263	6.853876146578351
19.740408489100737	38.610099364483055
50.24822635930027	15.570503763958468
65.51135824628341	98.55127868168937
5.532987916039621	0.012261499106619222
88.7384490150291	57.696136515345266
21.957899905889214	62.1717611171152
89.91408166494085	16.664914307539398
23.133531080585986	21.140537434094377
14.238726983617756	88.1759236172209
44.74654485381729	65.13632801669631
64.71001020017094	63.122630618032765
55.886153391574084	94.87885531115242
81.12605359457224	43.06702689750716
72.3021967859754	74.82325011541185
9.166621228289143	11.706933990284403
0.2718171313209019	78.74231869819597
37.7503170939341	29.77507277455239
28.571719417835464	39.9271049177064
59.079538763249964	16.88750931718181
50.255681954653106	48.643732535086514
19.79185270525995	24.973385037720227
80.74074391913358	40.02059763751033
19.148296593375385	26.332510253443708
8.142777106218306	29.172961090779314
38.65059645163281	6.133365490254725
29.826739643035943	37.88959018337439
59.76697183018966	0.08328797811971289
50.87216773322142	67.11867416124625
66.17964112223106	66.17497314772285
1.5718860962030983	17.351265316312734
91.67708052401991	84.38665149943925
26.27115633329051	61.2035148562513
17.44729952469366	92.95973954937095
47.760011245460674	43.187838046365265
41.046871302267625	40.13899661006088
8.312691944616368	56.40182711941914
72.90769225612978	36.37027360149829
98.14759245912794	83.55844371263807
82.36192362878067	25.457425017840805
0.5229246151936497	80.4706212265982
32.733505435390505	2.731139539404029
26.020364016982494	98.6822995783146
58.230944837179344	20.9428193663354
76.65128195160494	68.50089175139605
17.21389151806209	35.08326378186606
95.22238223822158	28.715745970192117
26.1626144253753	89.90944376493744
17.26781032840706	57.94482994806396
54.746310291020244	8.977582549205431
46.13530124839736	33.89631982187456
42.78797087268948	39.16166620544597
73.29579021810397	16.122069129706425
56.93366563404763	59.039240491644904
89.71183361250527	95.06646540918082
10.68416607909226	76.26787134905146
50.273382907109244	91.49555929598382
39.26786194473721	94.33601013331945
76.7463619073504	45.36876125924596
58.77016180299462	74.13686537013047
93.1624053017517	25.31315753872035
80.45412433981227	82.85349298751058
13.664706635224075	5.114011300316407
6.951565216816064	2.0651713392269886
29.185377720997906	59.118294458623936
33.63739050781622	48.1008888324685
26.476583267137134	43.8711844817036
65.49821293689334	44.332164348690945
51.974024144140934	62.08286135820505
80.3001808109952	10.127493377111376
66.11971743028414	81.96043564440399
35.62928386976105	9.644773705790277
19.834744968750545	67.32864872202893
64.21297826019105	27.71291101484332
51.531304559811446	34.89856090488097
88.9388557588383	21.21047499602931
74.89142278506658	39.26998946955904
6.399240655266105	16.23039386903445
96.50443655829787	83.26578005216098
29.71501885370968	5.526298364966804
50.246069883109165	18.279306095818388
19.165641714181493	7.3988668972745355
54.74627405257981	85.39919820738952
38.38414799330851	29.316369569327993
72.7054442036942	15.77182322792474
56.91090677789866	73.45569971937834
21.383133130969966	30.960528649906685
1.9347520830575147	74.02123957929358
26.35023021622949	60.99013655447458
62.21465465854324	96.87382042934713
48.93878506312806	40.64745074862223
81.7169530415857	76.67467566615815
74.4362244649169	58.85912910033864
0.7204661699415583	22.12282475543908
90.82566207297333	89.15821093856562
58.659069873582844	21.18774657743899
18.986151042679936	71.3839587711825
56.46465248050808	22.41671137232397
43.472577939438246	23.07369278114168
11.67881815488122	4.9230977641155755
91.55857366334062	20.9426868022207
25.336741641798252	56.96991171975662
47.41092090312579	20.15114819166902
33.3191449521126	23.135140071668005
75.9946182439857	38.219285500722066
58.08936395278635	31.70822664638475
0.3107478484344467	89.30066011372091
32.521328668631305	11.561179901741701
29.342501606440962	93.91351627133183
15.25072565542777	96.89750667611585
45.75854500084227	73.85791107559126
35.036817617600626	34.58171447768444
72.44437176705739	20.893628568832778
63.62051495846054	52.64985178673747
2.028067632702343	38.96176587788581
83.12281334150299	32.4507070235485
23.144443011259195	32.9116883657508
45.94584414891678	5.731518089877835
68.92426283910513	76.06797249670625
60.091537435059976	25.609092376076767
95.38837471911295	46.72607112143419
17.655516220290764	52.33277544303457
67.81251395230242	34.11065742704466
1.590681930760066	70.13788234458058
91.69587783379183	38.1732685277071
58.96169847614057	54.4360975618504
52.29290151018897	66.46278019429172
84.50348233038582	87.72329998231251
71.79519989323143	46.263635431102756
5.005780713428285	67.52415521912354
92.02472162781889	35.70308244491344
13.555771182003406	48.45609017576501
43.49600484437208	10.64978797051034
29.971814576404718	28.40048498002445
59.92091683422167	72.80928758851893
53.20777541581366	69.7604476274295
18.930467826234338	36.595049395726925
85.30479972018566	6.926902198064991
18.51538054038251	28.18742051087082
2.7208431145869514	85.87129700232443
34.93142393478381	8.131816790345216
57.07655195969768	35.03389177225076
43.5257573806004	4.139275815732408
73.46598956775411	65.33297361047774
67.96784130011726	39.75348575694587
1.1784221203140994	61.01400554496666
93.22583010001716	16.157335612650428
24.73364944543166	92.11774001212584
39.9967813324148	76.09851492985673
74.38902483117188	27.274807098446622
89.66102531360332	93.47068682992666
55.256027100331686	73.43913331200581
61.029453232870765	36.47233755839762
83.83972296597665	91.50727209627381
12.882083103270602	81.6685500752076
97.98541772733479	12.384846382472738
31.195998547531644	33.645366170493524
51.72704810171617	46.39837242613014
86.04834578731682	32.85382755994185
69.73056270528699	90.84652151541107
6.266850591228881	54.77133023199531
4.910315744935091	11.64576974630302
34.850547932088794	72.83946754104835
19.05600903107829	31.523344032501953
41.33416451250159	4.651991220644611
71.84198533313103	80.61239414490507
34.27978189241696	96.00354315965446
64.22001260435572	58.19724095439978
76.76049896564777	47.14085280329389
15.168051639889573	33.45276541922727
6.3441948312927225	65.20899158756188
36.28442701844643	27.402689382307216
60.628956388032066	49.650746372280125
44.83441748702156	8.334622863733731
77.04499978243336	29.595144126969476
94.5341373252182	57.56721549401518
32.94168999946	43.87912958516352
19.665820404044823	86.65275990443861
54.058065378016856	37.82905207302849
32.99560733459001	66.74069427614647
31.8388097081056	84.13691785403611
62.34662905352009	61.09732225351152
42.898246530392676	5.158033182898408
10.731655806217166	36.1875688217718
98.72613631906009	39.02802113432236
39.31535314707707	54.255707606039785
25.22357719606388	57.239698010823815
55.7047907551335	84.5547879690518
41.6130148041203	87.53877984905078
62.14406583351978	1.2917875799023593
96.53631080749182	51.468081223707195
80.17418474822053	94.38525111043072
17.038609190534277	31.268934985303265
0.6764846064779354	74.18610634724175
40.26570143449493	89.41379281895917
42.868035029320794	85.5012636395038
59.74524243660337	83.63110728350362
90.26192890225119	43.80661502151323
78.2808698166418	11.985542247303133
32.022500191023184	45.999069766175495
15.660375606966838	88.91623965289901
55.24959243498383	5.143926124616443
70.55706729920844	4.2002265863080135
3.7676481194052824	25.4607463743288
93.94379131080844	57.216969592233504
26.99473741293603	83.60560273276975
13.47055009539857	2.3562997422838605
6.30974285471948	97.126593916304
43.717295528961294	83.43850800745234
34.893440195579394	16.194732700571993
66.95325636837023	25.798470654857386
49.048002077170885	19.287410325305117
81.25858289736775	40.54793158854086
74.54544147895973	37.49909015223648
34.0246736732968	39.89993254543761
25.200818339914907	71.65615871377221
53.52697353155422	19.70078778224862
44.70311819817232	51.45701395058324
66.82164043674132	29.713774491241356
0.032221256938171794	50.97429427926214
83.23768235592766	9.658169295500791
16.44826465133947	30.918689083521578
12.941301032777286	41.31214734439348
48.80572547509104	77.19583269448098
39.98187014170913	9.952055912385683
69.92210085364788	71.14575518234597
61.02729675667965	39.18113989025754
86.34701284349748	34.30525627556951
79.63387142508947	31.256414839265123
94.89700331207261	15.237189756996028
28.10758413226946	36.49770806980185
12.313046706473912	94.18158603647042
56.69128147312937	54.565846854069854
38.78602718193002	48.05478799973253
78.37524253473205	63.28247594666492
93.68271887417161	62.338774933141536
32.09027007319846	48.6506875490749
89.14700113403744	39.78007922475792
24.53924758322443	89.95637286856275
42.888634458848735	73.79360821884524
34.064779125466835	6.549831436749946
68.38607533585252	92.0052850953467
52.591537910056985	50.6891615868003
15.236842452069846	0.8824077362952768
7.956115350615997	82.06686264569073
33.1960140783992	30.255032756830502
21.285900805946227	62.15479701739858
39.63528915678549	45.99203236768106
79.26884896204393	76.29524290814419
61.29264590725824	6.063347019028713
95.68489235644523	56.239637712403635
64.53351542393123	80.63836000386665
24.899604212667615	87.54968229676695
10.807826786439465	90.53367270155097
38.23825826344613	50.852721482223934
36.31413625889155	91.96045586701652
64.64029145053087	40.005086410707875
55.81643611714897	71.76130962861258
76.34748714654845	84.51431883467912
16.369115341089692	84.97530017688142
94.30665729766285	14.886943855214353
48.75742242668747	30.323383406521614
34.66564500045932	33.307376761735554
72.14414643828748	83.34012788766206
63.533134445234666	9.258865160331187
57.91545543648363	54.457389550627134
92.59149398958606	62.517034283974574
76.23823800097801	88.64931193487715
7.746057346392508	65.60971338392265
32.09058671597815	87.85777332432548
64.301167536175	10.118291637131314
51.30909004467526	10.775274521163984
88.7875914825034	60.808027122305454
79.89278738553517	28.843411830217015
6.203634876904709	40.752423401779836
26.73468738151914	53.50543113263142
14.514176218805858	78.8765283871945
45.021994089005396	55.83693278666991
38.11374652116488	26.05578544788442
66.51084900117557	37.821254501568916
34.21656617809278	81.98463485422403
98.86830982492712	84.09839811252832
86.95819802768911	16.9981623730964
17.898430214842826	78.19186164305668
2.1127613844955593	20.09084294825943
24.346573888677398	77.14396459244142
63.93579071669439	92.3716525393738
45.9595876619087	22.139755175043362
83.43808909973686	72.17250777618483
74.54328500276861	40.2078924840964
7.753865822965469	61.468412272117185
90.95932839716991	20.15228876357079
58.225149039518655	36.415119272929054
44.70096172198121	54.16581628244316
83.7225884413075	54.62679762464546
47.70351323252147	20.44617538045568
77.64374541967517	81.639873175201
61.893549495906136	55.39927373540032
84.12736495051789	13.452396854797282
24.716580303319926	28.680083326514698
10.624804352306723	31.66407668172864
33.59435444704678	19.78542627480792
24.770499113664883	51.54165096792757
62.178051787906696	37.853563583860954
84.97945145034932	10.67339330798799
15.928552232951319	55.08219591648246
7.104695424354468	86.83842060960212
21.46323500125667	0.8785089505654876
46.74747670628133	63.142204605665924
8.12878076189418	63.42271060072594
47.71799758991118	78.65039854765833
66.06738446553547	62.48763242272585
98.27796528573232	83.7481536859616
89.45410847713546	16.504376903866305
24.77540468752116	2.9598305624630523
8.980867261725614	60.64370705391666
28.953199728312594	41.845114469002255
63.34544470228463	92.02140663759214
45.36924312271389	21.78950927326169
90.31506504763014	95.9404766955912
73.95293898835885	39.85764805752968
36.58937641013838	6.835787918060561
29.876234991730364	3.786947956971142
58.20239165858463	50.831578500662495
20.7111369814569	30.943566025405026
36.01861037046655	29.999865011881624
73.42616304470835	16.311779103029963
79.20845924791068	61.56008668795596
3.009860385568264	34.379916412083
85.64773432629697	77.29708629880652
17.155552196496505	54.25749069828193
3.063777720698273	57.24148257828091
73.78161114986534	62.486905986268766
57.99594231951807	4.38588729147151
95.40349499375989	89.69780138261984
77.49824070256054	83.18674252828254
15.905793376802338	69.4986551442159
98.543668792746	13.415826506154385
95.76392705051386	33.44787654402596
35.78555524505511	33.90885788622826
19.99101781925956	91.59273437768186
45.30186531062909	4.5017429988147715
36.40706121366086	71.5371291819413
73.88556117627404	22.569880307867802
64.70696350017542	32.721915401451724
34.57126933193916	81.01044306237375
18.776731906143603	39.69431955382736
48.71696409329731	1.888017348572689
36.735902057258	69.06694309914764
57.26695456187244	81.81995082999921
92.8475854250558	60.820282140114195
84.02372861645895	92.57650830844881
17.234309436655792	14.837026621254646
76.41062595834687	53.37645845647771
28.706331244726233	88.5424400684633
46.195468787511054	17.514512910723962
32.10369283649786	20.49850331550799
71.69290966451486	35.726189787225415
53.71670808494412	64.49429389810992
92.73833775470034	64.95527524031223
79.21414748673297	82.70597224982633
39.580236275469346	89.61729306751167
30.68543070328616	57.6526792506382
62.904880118931295	62.128302377193165
47.11034269313575	20.812178868646775
69.34415519731759	77.86530198804374
75.69404003399566	38.880316177699804
62.37299509961104	16.692318127925244
0.8514965374391797	66.72506925385176
76.51868986096919	36.569893889339134
10.296857839426835	72.59711733166009
1.4730010308299741	5.353342024779746
69.89388151582398	1.886630473459674
55.80210408959583	4.870622353458657
89.39617989886644	80.68748571027069
80.50137580189819	48.722871893397226
13.711956622095054	69.98339168141801
1.8018448248570416	2.883154466771125
22.332894379041566	15.636163672837668
59.740448528498334	1.9480762887710372
38.74893777344287	94.5805584770971
76.15649192289963	80.89247256824544
41.75149223441304	60.86091905032458
71.70059301701505	6.269721658819056
92.23164404641453	19.02272938967063
25.44222486661138	40.28324917769142
13.46116430578703	8.462176403481319
43.96898365120152	84.42257785252681
59.27645851542612	83.47887978943335
50.40826020480277	1.1595789385923299
92.79993844233053	58.36037180288882
78.70816249131734	61.34436515810276
9.976529759627933	95.49693958635136
93.18199233383238	54.18081460259001
62.71816308443923	30.510465630008767
50.73710104839992	97.68939285579867
73.77759990672631	50.531580958871075
46.839922180542786	54.618242262138274
76.78015436769648	16.811941532098555
0.5904226255874055	71.84687459475978
25.414206080171045	41.49606016903786
39.497820673391146	79.8679007589928
67.89492315340185	91.63336833746234
59.000119056433604	59.66875452058886
89.50793987706305	36.62915892006428
14.923415059805125	23.59805589524528
44.86364724695883	84.79175368999061
32.88258668613448	52.970680915780505
22.60891867046936	0.23920021600165087
53.11673801588385	76.19960461547706
44.292881207286996	8.955830783811672
79.58971849133997	30.072808053954134
72.87657854814691	27.023968092864717
42.755014380865255	71.7312488039229
59.60561600180296	21.215778006675293
95.49664623046158	6.744776322795254
79.10791438484542	1.016633243486311
10.615735205474866	76.97703616774676
1.7918783968780152	9.733260860866428
36.11317460726371	95.18871451946318
58.34698711144555	53.24183911407509
35.085129198561894	86.80749930912569
72.49268187280371	73.11941340027401
63.66882506420685	5.875636618178721
2.3601727927940033	49.070903274084614
41.75463340216869	0.35175396038743023
31.48096391128862	46.62027473582353
24.20023680983477	28.804729645218973
49.440137012832935	75.99290123157371
66.6011379992459	32.00609596511614
3.181767387214302	11.006427275231118
95.47749603946954	90.17269065267588
26.417728226623247	52.36638992263616
42.03560245632312	57.951357390332724
34.754873879654326	40.13580934929826
67.53304185811197	76.16303426683416
51.17091579884067	20.080204153557688
13.780747434275316	37.41303252327106
4.885943337307086	5.448418706397595
42.36444329992027	55.481169832324106
0.9887629942349907	61.37726811273719
33.19934528964681	82.63778642554303
24.588333296593998	8.556526648642068
54.52856548374771	69.75022444338741
75.05961651314719	82.50323217423897
62.86571113677879	57.51964387004949
98.44634199996214	36.51997518016447
24.14561223704956	80.37222472010303
12.235500439811547	13.271988980671109
49.643051638838394	98.58390307181945
35.56014575848845	84.78299976556757
94.92623307200988	91.6943205832529
86.03142897504165	59.72970676637944
22.895853417355394	95.61338916603701
89.03398196079688	26.010065864391954
18.431085916022525	37.775533442861494
4.906897123270118	55.52623192759056
42.03065621838153	83.95479197876637