5.4412722412201315	91.24893743179368
0.8118860702209989	41.964248258181264
0.8118860702209989	41.964248258181264
2.3550143021490646	91.39247994967201
2.3550143021490646	91.39247994967201
94.17148739419136	25.157616218026565
94.17148739419136	25.157616218026565
98.55255289263829	49.41937208187799
98.55255289263829	49.41937208187799
91.05862661920531	75.65584281944251
91.05862661920531	75.65584281944251
39.83351573997721	42.42523107559852
39.83351573997721	42.42523107559852
32.86283512277851	68.3528813987175
32.86283512277851	68.3528813987175
32.86283512277851	68.3528813987175
27.949656847863945	61.18484113556248
27.949656847863945	61.18484113556248
29.53712805703347	26.68859394536902
29.53712805703347	26.68859394536902
58.89203441981485	7.68537845831589
50.60880757712874	42.77752372263676
50.60880757712874	42.77752372263676
52.71952296731757	7.972459068427678
52.71952296731757	7.972459068427678
45.5448631795932	23.952701625746343
45.5448631795932	23.952701625746343
45.5448631795932	23.952701625746343
49.35834151977935	33.44775088486768
49.35834151977935	33.44775088486768
32.48183987493703	59.88884599978587
32.48183987493703	59.88884599978587
34.02496810686509	10.317076216061672
34.02496810686509	10.317076216061672
29.395583411080914	60.03238704244925
29.395583411080914	60.03238704244925
21.85731563562143	71.19333371126807
21.85731563562143	71.19333371126807
21.85731563562143	71.19333371126807
24.038978314181662	1.1091075670521147
24.038978314181662	1.1091075670521147
50.06817761121798	39.44160315143555
50.06817761121798	39.44160315143555
44.80025994401662	10.669370338314874
44.80025994401662	10.669370338314874
46.98192262257683	39.585142718883965
46.98192262257683	39.585142718883965
46.98192262257683	39.585142718883965
41.714002004945534	10.812909905763293
41.714002004945534	10.812909905763293
43.895666158720715	39.728683761547344
43.895666158720715	39.728683761547344
36.36626550349457	34.104735244115304
36.36626550349457	34.104735244115304
67.77867715898999	81.00582622035824
67.77867715898999	81.00582622035824
69.88939254917884	46.20076009093421
69.88939254917884	46.20076009093421
69.88939254917884	46.20076009093421
62.422072062090734	22.082545269746166
62.422072062090734	22.082545269746166
66.80313608532273	46.34430113359759
66.80313608532273	46.34430113359759
59.335815598234625	22.226084837194577
59.335815598234625	22.226084837194577
61.44653098842347	86.42102165820046
61.44653098842347	86.42102165820046
61.44653098842347	86.42102165820046
56.24955913437851	22.369625879857956
56.24955913437851	22.369625879857956
85.3650163704859	60.558580421578014
85.3650163704859	60.558580421578014
87.47573176067476	25.75351576736893
87.47573176067476	25.75351576736893
82.2787599066298	60.70212293945634
82.2787599066298	60.70212293945634
84.38947529681865	25.8970568100323
84.38947529681865	25.8970568100323
84.38947529681865	25.8970568100323
79.19250344277368	60.84566250690476
79.19250344277368	60.84566250690476
59.16766664115215	6.924563493027383
59.16766664115215	6.924563493027383
61.065537215796944	77.95698478405387
61.065537215796944	77.95698478405387
61.065537215796944	77.95698478405387
53.52726648990755	89.11793145287268
53.52726648990755	89.11793145287268
48.89788326933833	39.83324227926027
48.89788326933833	39.83324227926027
50.44101150126639	89.26147102032111
50.44101150126639	89.26147102032111
43.54127669722411	79.90996280386314
43.54127669722411	79.90996280386314
47.35475503741028	89.40501206298448
47.35475503741028	89.40501206298448
47.35475503741028	89.40501206298448
76.75400585264808	85.47732064467706
76.75400585264808	85.47732064467706
78.6518749520779	57.50974046048859
78.6518749520779	57.50974046048859
73.38395580966156	28.737507647367917
73.38395580966156	28.737507647367917
66.48422100561929	19.38599795569499
66.48422100561929	19.38599795569499
66.48422100561929	19.38599795569499
70.29769934580546	28.881048690031285
70.29769934580546	28.881048690031285
63.39796601697813	19.5295375231434
63.39796601697813	19.5295375231434
64.94109277369122	68.95776921463415
64.94109277369122	68.95776921463415
96.64616660376535	56.95731609416885
96.64616660376535	56.95731609416885
96.64616660376535	56.95731609416885
89.10789882830586	68.11826276298767
89.10789882830586	68.11826276298767
91.00576792773569	40.1506825787992
91.00576792773569	40.1506825787992
86.30543594358014	26.145156370408603
86.30543594358014	26.145156370408603
87.91951146387959	40.294223621462564
87.91951146387959	40.294223621462564
87.91951146387959	40.294223621462564
80.94883084668089	66.22187541979652
80.94883084668089	66.22187541979652
13.077447447830956	56.23961383128191
13.077447447830956	56.23961383128191
15.232507290476216	36.51007177060356
15.232507290476216	36.51007177060356
9.964586672844927	7.737838957482894
9.964586672844927	7.737838957482894
11.862455772274755	78.77026024850939
11.862455772274755	78.77026024850939
11.862455772274755	78.77026024850939
4.891775155076059	5.697912046843328
4.891775155076059	5.697912046843328
98.69480182581614	40.646517743715776
98.69480182581614	40.646517743715776
1.8055172160049802	5.841451614291738
1.8055172160049802	5.841451614291738
83.36142988811683	17.515841599694813
83.36142988811683	17.515841599694813
83.36142988811683	17.515841599694813
87.75136250679711	24.992702277295372
87.75136250679711	24.992702277295372
80.284042019709	0.8744859808923718
80.284042019709	0.8744859808923718
82.39475740989785	65.06942132668328
82.39475740989785	65.06942132668328
77.48158061019825	57.90137958831331
77.48158061019825	57.90137958831331
77.48158061019825	57.90137958831331
69.94330988430885	69.06232625713213
69.94330988430885	69.06232625713213
72.12497403808402	97.97810011291617
72.12497403808402	97.97810011291617
4.226986328104187	39.350522607939176
4.226986328104187	39.350522607939176
6.337701718293027	4.5454579537300965
6.337701718293027	4.5454579537300965
95.0679183464792	37.45413526474802
95.0679183464792	37.45413526474802
89.79999772884791	8.681903926842311
89.79999772884791	8.681903926842311
91.98166335783804	37.5976763074114
91.98166335783804	37.5976763074114
91.98166335783804	37.5976763074114
21.768982562358637	3.827754215628194
21.768982562358637	3.827754215628194
17.14846793723771	36.75817133097987
17.14846793723771	36.75817133097987
18.69159469395082	86.18640007204071
18.69159469395082	86.18640007204071
11.791861365123502	76.83489038036778
11.791861365123502	76.83489038036778
11.791861365123502	76.83489038036778
15.605338230094699	86.32994111470408
15.605338230094699	86.32994111470408
8.42181132213699	20.095077383058634
8.42181132213699	20.095077383058634
10.53252671232583	84.29001272884955
10.53252671232583	84.29001272884955
41.634539002345996	25.662435223872556
41.634539002345996	25.662435223872556
41.634539002345996	25.662435223872556
34.73480567351868	16.310925532199633
34.73480567351868	16.310925532199633
38.54828253848987	25.805977741750883
38.54828253848987	25.805977741750883
31.648549209662555	16.454466574862998
31.648549209662555	16.454466574862998
33.19167744159062	65.8826967911388
33.19167744159062	65.8826967911388
28.278499166676053	58.71465505276881
28.278499166676053	58.71465505276881
28.278499166676053	58.71465505276881
11.33105023346234	21.434911657693885
11.33105023346234	21.434911657693885
12.945125753761786	35.583978908747845
12.945125753761786	35.583978908747845
8.253662365054524	4.793557514106401
8.253662365054524	4.793557514106401
9.867739360568915	18.942623289945402
9.867739360568915	18.942623289945402
9.867739360568915	18.942623289945402
2.8970572681552618	44.87027656349431
2.8970572681552618	44.87027656349431
96.70008393889535	79.81888226036676
96.70008393889535	79.81888226036676
98.81079932908419	45.01381760615769
98.81079932908419	45.01381760615769
28.952862351536474	32.84808658912517
28.952862351536474	32.84808658912517
32.81068366896409	57.41866139220717
32.81068366896409	57.41866139220717
32.81068366896409	57.41866139220717
25.840001576550435	83.34631171532615
25.840001576550435	83.34631171532615
20.643028247290527	19.294918887413573
20.643028247290527	19.294918887413573
22.753743637479367	83.48985275798954
22.753743637479367	83.48985275798954
15.286424625606223	59.37163793680148
15.286424625606223	59.37163793680148
15.286424625606223	59.37163793680148
19.667488648838216	83.6333938006529
19.667488648838216	83.6333938006529
48.80955167129049	71.4676627836204
48.80955167129049	71.4676627836204
50.35267990321855	21.895892999896184
50.35267990321855	21.895892999896184
45.73216232766771	54.82630864003291
45.73216232766771	54.82630864003291
45.73216232766771	54.82630864003291
38.19389455220823	65.98725530885173
38.19389455220823	65.98725530885173
40.37555723076846	94.90302768942081
40.37555723076846	94.90302768942081
35.10763808835212	66.13079487630013
35.10763808835212	66.13079487630013
37.28930076691234	95.0465687320842
37.28930076691234	95.0465687320842
68.34697155490599	21.34346863357644
68.34697155490599	21.34346863357644
68.34697155490599	21.34346863357644
61.163444646948285	54.108606377145954
61.163444646948285	54.108606377145954
63.318501539163634	34.37906579168258
63.318501539163634	34.37906579168258
58.05058239674729	5.606832978561911
58.05058239674729	5.606832978561911
60.23224507530751	34.522605359131
60.23224507530751	34.522605359131
60.23224507530751	34.522605359131
52.69397729984803	45.683552027949816
52.69397729984803	45.683552027949816
38.08782428804885	32.191467660928524
38.08782428804885	32.191467660928524
39.6309525199769	81.61969640198936
39.6309525199769	81.61969640198936
32.447425612019195	15.384834145558873
32.447425612019195	15.384834145558873
32.447425612019195	15.384834145558873
36.83735823069948	22.861694823159432
36.83735823069948	22.861694823159432
29.370037743611377	97.74347852675643
29.370037743611377	97.74347852675643
31.480753133800217	62.93841387254735
31.480753133800217	62.93841387254735
26.283781279755257	97.88702104463475
26.283781279755257	97.88702104463475
55.6386891177516	78.88380408236668
55.6386891177516	78.88380408236668
55.6386891177516	78.88380408236668
59.52311474630913	53.09969185148115
59.52311474630913	53.09969185148115
52.55243265389548	79.0273436498151
52.55243265389548	79.0273436498151
54.42369744219539	2.4144504995941554
54.42369744219539	2.4144504995941554
49.226725588150444	37.3630561964666
49.226725588150444	37.3630561964666
49.226725588150444	37.3630561964666
42.25604497095174	63.29070799480055
42.25604497095174	63.29070799480055
43.87012049125118	77.43977524585452
43.87012049125118	77.43977524585452
75.49537696229065	18.503380276861893
75.49537696229065	18.503380276861893
77.10945395780506	32.652449003130826
77.10945395780506	32.652449003130826
77.10945395780506	32.652449003130826
70.1387718653914	58.580100801464766
70.1387718653914	58.580100801464766
65.23446218592512	34.62716387684392
65.23446218592512	34.62716387684392
66.77759041785318	84.05539261790476
66.77759041785318	84.05539261790476
59.877857089025866	74.70388292623184
59.877857089025866	74.70388292623184
63.69133395399707	84.19893366056813
63.69133395399707	84.19893366056813
63.69133395399707	84.19893366056813
93.11719055557974	29.916556683508148
93.11719055557974	29.916556683508148
87.84926993794845	1.144323870387466
87.84926993794845	1.144323870387466
90.03093409172362	30.060096250956555
90.03093409172362	30.060096250956555
82.82080139742104	14.17991955327865
82.82080139742104	14.17991955327865
82.82080139742104	14.17991955327865
86.63427826239224	23.674970287614943
86.63427826239224	23.674970287614943
79.73454493356493	14.323460595942016
79.73454493356493	14.323460595942016
81.27767316549298	63.75168933700285
81.27767316549298	63.75168933700285
66.6715201536938	50.25960496998156
66.6715201536938	50.25960496998156
57.95373508447129	16.81161731102442
57.95373508447129	16.81161731102442
57.95373508447129	16.81161731102442
50.98305151684268	42.73926910935837
50.98305151684268	42.73926910935837
82.11167106842267	32.75700752084375
82.11167106842267	32.75700752084375
84.22238645861151	96.95194139141971
84.22238645861151	96.95194139141971
79.02541460456655	32.90054708829217
79.02541460456655	32.90054708829217
9.797496359422833	78.79272501408526
11.69536693406762	50.82514482989679
11.69536693406762	50.82514482989679
4.724684841653965	76.75279515301578
4.724684841653965	76.75279515301578
8.60911047021151	50.9686843973452
8.60911047021151	50.9686843973452
1.6384283777978557	76.8963376708941
1.6384283777978557	76.8963376708941
1.6384283777978557	76.8963376708941
3.2258995869673712	42.40009048070064
3.2258995869673712	42.40009048070064
97.59651489118319	92.11540130708823
97.59651489118319	92.11540130708823
27.383834095703786	58.34547921530502
27.383834095703786	58.34547921530502
29.28170614556354	30.377900506331503
29.28170614556354	30.377900506331503
29.28170614556354	30.377900506331503
24.581372686193028	16.372372822725954
24.581372686193028	16.372372822725954
26.19544820649246	30.521441548994883
26.19544820649246	30.521441548994883
19.224767589293766	56.44909187211387
19.224767589293766	56.44909187211387
19.224767589293766	56.44909187211387
14.036665805912056	74.61280385795042
14.036665805912056	74.61280385795042
16.14738119610091	39.807737728526384
16.14738119610091	39.807737728526384
47.27599779725098	29.82547614001177
47.27599779725098	29.82547614001177
47.27599779725098	29.82547614001177
49.38671318743982	94.02041148580268
49.38671318743982	94.02041148580268
42.20318627948211	27.785547754157236
42.20318627948211	27.785547754157236
36.93526566185082	98.01331494103657
36.93526566185082	98.01331494103657
39.116929815626	27.929088796820615
39.116929815626	27.929088796820615
39.116929815626	27.929088796820615
31.623003542193022	54.16555953438514
31.623003542193022	54.16555953438514
36.00406756542501	78.42731539823656
36.00406756542501	78.42731539823656
91.97883588243216	38.313925697384164
91.97883588243216	38.313925697384164
91.97883588243216	38.313925697384164
94.08955127262101	3.5088595679601267
94.08955127262101	3.5088595679601267
89.1763744729214	95.34081782959015
89.1763744729214	95.34081782959015
81.638103747032	7.50176597362392
81.638103747032	7.50176597362392
81.638103747032	7.50176597362392
83.81976937602214	36.41753835419301
83.81976937602214	36.41753835419301
78.56071735383914	89.86041183003644
78.56071735383914	89.86041183003644
80.74238003239937	19.776184210605525
80.74238003239937	19.776184210605525
12.800049345178055	45.07308263688282
12.800049345178055	45.07308263688282
12.800049345178055	45.07308263688282
5.900316016350739	35.7215729452099
5.900316016350739	35.7215729452099
7.443445723493752	85.14980316148569
7.443445723493752	85.14980316148569
2.530267448579195	77.98175994790076
2.530267448579195	77.98175994790076
2.530267448579195	77.98175994790076
4.640982838768035	43.17669676890664
4.640982838768035	43.17669676890664
96.14705656533506	69.4131660312562
96.14705656533506	69.4131660312562
28.843260324745923	74.19760957225671
28.843260324745923	74.19760957225671
28.843260324745923	74.19760957225671
30.386388556673978	24.625839788532506
30.386388556673978	24.625839788532506
23.48665670306162	15.27432862164462
23.48665670306162	15.27432862164462
27.300132092817858	24.769379355980913
27.300132092817858	24.769379355980913
20.11660518486015	57.53451709955043
20.11660518486015	57.53451709955043
20.11660518486015	57.53451709955043
22.227320575049	22.729452445341348
46.80243195107528	4.570234592791941
46.80243195107528	4.570234592791941
48.98409610485045	33.48600844857599
48.98409610485045	33.48600844857599
48.98409610485045	33.48600844857599
43.71617548721917	4.713775635455309
43.71617548721917	4.713775635455309
72.86710562990478	74.76314943217194
72.86710562990478	74.76314943217194
74.97782102009361	39.95808477796286
74.97782102009361	39.95808477796286
69.78085064126361	74.90668899962034
69.78085064126361	74.90668899962034
71.89156603145247	40.10162434541127
71.89156603145247	40.10162434541127
71.89156603145247	40.10162434541127
64.4242440691494	15.983409524223223
64.4242440691494	15.983409524223223
59.723913560208814	1.9778818406176721
59.723913560208814	1.9778818406176721
61.337989080508244	16.126950566886592
61.337989080508244	16.126950566886592
44.151088070190646	36.03937867579982
44.151088070190646	36.03937867579982
44.151088070190646	36.03937867579982
48.5321535686376	60.30113306443628
48.5321535686376	60.30113306443628
41.064831606334536	36.182918243248224
41.064831606334536	36.182918243248224
43.17554699652337	1.3778535890391437
43.17554699652337	1.3778535890391437
37.97857661769337	36.3264592859116
37.97857661769337	36.3264592859116
37.97857661769337	36.3264592859116
31.00789305006476	62.25410960903059
31.00789305006476	62.25410960903059
34.89232015383726	36.46999885336001
34.89232015383726	36.46999885336001
64.25609658728189	0.6818881800560312
64.25609658728189	0.6818881800560312
66.15396716192669	71.71430799586756
66.15396716192669	71.71430799586756
60.88604654429539	42.94207518274688
60.88604654429539	42.94207518274688
60.88604654429539	42.94207518274688
53.986311740253115	33.59056549107395
53.986311740253115	33.59056549107395
55.529439972181166	83.01879570734975
55.529439972181166	83.01879570734975
50.90005675161195	33.73410653373733
50.90005675161195	33.73410653373733
52.443184983540014	83.16233675001313
52.443184983540014	83.16233675001313
52.443184983540014	83.16233675001313
81.84243432356286	79.23464385649075
81.84243432356286	79.23464385649075
76.92925604864828	72.06660211812076
76.92925604864828	72.06660211812076
78.47238428057634	22.494832334396563
78.47238428057634	22.494832334396563
71.57265095174903	13.143322642723637
71.57265095174903	13.143322642723637
71.57265095174903	13.143322642723637
75.38612929193519	22.638371901844973
75.38612929193519	22.638371901844973
68.48639448789291	13.286862210172046
68.48639448789291	13.286862210172046
0.5440638006716045	38.5837621116643
0.5440638006716045	38.5837621116643
2.7345965498950857	50.71463930598254
2.7345965498950857	50.71463930598254
94.19632729922064	61.87558597480135
94.19632729922064	61.87558597480135
94.19632729922064	61.87558597480135
98.36454798212353	92.97482778388834
98.36454798212353	92.97482778388834
91.39386441449491	19.902479582222295
91.39386441449491	19.902479582222295
93.00794141000931	34.05154830849121
93.00794141000931	34.05154830849121
88.30760942585377	20.046019149670705
88.30760942585377	20.046019149670705
88.30760942585377	20.046019149670705
70.86352062275066	31.72040913507378
70.86352062275066	31.72040913507378
73.01857899018096	11.990868549610406
73.01857899018096	11.990868549610406
67.75065837254967	82.21863573648973
67.75065837254967	82.21863573648973
69.64852894719445	54.25105555230126
69.64852894719445	54.25105555230126
69.64852894719445	54.25105555230126
62.677846854780796	80.17870882585017
62.677846854780796	80.17870882585017
57.480875000735836	16.127313047507663
57.480875000735836	16.127313047507663
59.59159039092467	80.32224839329858
59.59159039092467	80.32224839329858
90.72020994250467	70.33998680478396
90.72020994250467	70.33998680478396
92.83979245292684	18.750025489109063
92.83979245292684	18.750025489109063
92.83979245292684	18.750025489109063
85.37247049062378	93.63181066792102
85.37247049062378	93.63181066792102
80.67213998168319	79.62628298431547
80.67213998168319	79.62628298431547
82.57000908111303	51.658702800126996
82.57000908111303	51.658702800126996
75.03173983043858	62.81965094416077
75.03173983043858	62.81965094416077
75.03173983043858	62.81965094416077
79.48375409247187	51.802245318005326
79.48375409247187	51.802245318005326
9.271073296992455	18.03232322622212
9.271073296992455	18.03232322622212
11.426130189207807	97.30278264075875
11.426130189207807	97.30278264075875
6.229159810377806	33.25138686241623
6.229159810377806	33.25138686241623
6.229159810377806	33.25138686241623
98.25847771796415	59.17904013596515
98.25847771796415	59.17904013596515
1.156348292608937	31.211459951776668
1.156348292608937	31.211459951776668
94.88842767497763	2.439227138656
94.88842767497763	2.439227138656
97.07009182875282	31.35499951922509
97.07009182875282	31.35499951922509
29.12776114153152	56.6519008959323
29.12776114153152	56.6519008959323
29.12776114153152	56.6519008959323
22.236896408152493	30.515494542793558
22.236896408152493	30.515494542793558
23.780024640080548	79.94372475906934
23.780024640080548	79.94372475906934
19.150639944296383	30.659034110241976
19.150639944296383	30.659034110241976
20.693768176224438	80.08726580173273
20.693768176224438	80.08726580173273
20.693768176224438	80.08726580173273
13.51024126826673	13.852402070087281
13.51024126826673	13.852402070087281
97.83314096809617	35.63947919307285
97.83314096809617	35.63947919307285
0.4472164883956039	49.78854644412682
0.4472164883956039	49.78854644412682
92.52087737322341	90.79172378642143
92.52087737322341	90.79172378642143
92.52087737322341	90.79172378642143
96.33435571340956	1.2867730455427686
96.33435571340956	1.2867730455427686
89.4346209093673	90.93526335386984
89.4346209093673	90.93526335386984
84.16670324216592	62.163030540749176
84.16670324216592	62.163030540749176
86.06457234159575	34.19545035656069
86.06457234159575	34.19545035656069
16.41948017959208	15.192234869507574
16.41948017959208	15.192234869507574
16.41948017959208	15.192234869507574
20.303904332934668	88.40812411383699
20.303904332934668	88.40812411383699
13.342090835969305	97.5508807259201
13.342090835969305	97.5508807259201
14.956167831483699	12.69994797697405
14.956167831483699	12.69994797697405
10.255835847328143	97.6944202933685
10.255835847328143	97.6944202933685
10.255835847328143	97.6944202933685
2.7885153602400417	73.57620694739542
2.7885153602400417	73.57620694739542
4.899229275213934	38.77114081797137
4.899229275213934	38.77114081797137
36.31164093070935	85.67223179421431
36.31164093070935	85.67223179421431
37.85476916263741	36.10046053527515
37.85476916263741	36.10046053527515
37.85476916263741	36.10046053527515
30.928431522680174	77.10363787756977
60.727117588666374	72.64112876939532
64.61154469243887	46.85701653850979
64.61154469243887	46.85701653850979
57.64086260002522	72.78466833684374
57.64086260002522	72.78466833684374
59.512127388325126	95.1717751866228
59.512127388325126	95.1717751866228
59.512127388325126	95.1717751866228
54.31515553428017	31.12038088349525
54.31515553428017	31.12038088349525
47.34447344186651	57.0480326818292
47.34447344186651	57.0480326818292
51.22889907042406	31.263920450943672
51.22889907042406	31.263920450943672
80.5838069084204	12.260703488675585
80.5838069084204	12.260703488675585
80.5838069084204	12.260703488675585
82.19788390393478	26.409772214944514
82.19788390393478	26.409772214944514
77.49755044456428	12.40424600655392
77.49755044456428	12.40424600655392
70.31402353660657	45.16938227490848
70.31402353660657	45.16938227490848
70.31402353660657	45.16938227490848
71.86601888876797	77.8127173049334
71.86601888876797	77.8127173049334
67.23663566819874	28.528028131320994
67.23663566819874	28.528028131320994
68.77976390012681	77.95625687238183
68.77976390012681	77.95625687238183
68.77976390012681	77.95625687238183
51.90326373049944	5.39735198730002
51.90326373049944	5.39735198730002
46.63534311286814	75.62511917417935
46.63534311286814	75.62511917417935
48.817007266643316	5.54089155474844
48.817007266643316	5.54089155474844
41.60687309712577	88.66071633228549
41.60687309712577	88.66071633228549
41.60687309712577	88.66071633228549
61.144294455956235	38.536520707026575
61.144294455956235	38.536520707026575
63.042163555386075	10.56894052283811
63.042163555386075	10.56894052283811
58.341831571230514	95.56341431444751
58.341831571230514	95.56341431444751
58.341831571230514	95.56341431444751
87.20009953933744	26.514330732657438
87.20009953933744	26.514330732657438
89.31081492952629	90.70926607844835
89.31081492952629	90.70926607844835
84.1138445506963	26.657871775320817
84.1138445506963	26.657871775320817
86.22455994088513	90.85280564589678
86.22455994088513	90.85280564589678
86.22455994088513	90.85280564589678
81.00098082528034	77.1560969015218
81.00098082528034	77.1560969015218
73.81745391732262	10.921236120306279
73.81745391732262	10.921236120306279
75.92816930751147	75.11616999088224
75.92816930751147	75.11616999088224
75.92816930751147	75.11616999088224
8.056788859091467	65.13390692715267
8.056788859091467	65.13390692715267
10.167504249280308	30.328842272943586
10.167504249280308	30.328842272943586
2.700182286977247	6.21062745175553
2.700182286977247	6.21062745175553
96.9998503028217	91.20510124336494
96.9998503028217	91.20510124336494
96.9998503028217	91.20510124336494
98.62279441856943	88.56927183295309
98.62279441856943	88.56927183295309
91.65211232615577	15.49692510650199
91.65211232615577	15.49692510650199
95.82033300905866	46.59616544037402
95.82033300905866	46.59616544037402
95.82033300905866	46.59616544037402
78.30529544236921	93.54971691578397
78.30529544236921	93.54971691578397
80.48695812092943	23.465489296353063
80.48695812092943	23.465489296353063
75.21904045372806	93.69325648323239
75.21904045372806	93.69325648323239
75.21904045372806	93.69325648323239
68.31930564968577	84.34174679155946
68.31930564968577	84.34174679155946
72.13278251465698	93.83679752589576
72.13278251465698	93.83679752589576
65.2064433994848	35.839973392975416
65.2064433994848	35.839973392975416
67.10431397412958	7.872393208786933
67.10431397412958	7.872393208786933
67.10431397412958	7.872393208786933
98.16198328690827	33.16929311027919
98.16198328690827	33.16929311027919
91.26224995808096	23.817783418606265
91.26224995808096	23.817783418606265
92.80537819000902	73.24601363488206
92.80537819000902	73.24601363488206
88.17599349422484	23.96132446126964
88.17599349422484	23.96132446126964
88.17599349422484	23.96132446126964
89.72799032160118	56.60465801607962
89.72799032160118	56.60465801607962
82.82825551755892	47.253148324406695
82.82825551755892	47.253148324406695
14.885926305552573	72.55004822589895
14.885926305552573	72.55004822589895
14.885926305552573	72.55004822589895
16.7837954049824	44.58246951692543
16.7837954049824	44.58246951692543
9.813114787783704	70.51011984004442
9.813114787783704	70.51011984004442
13.697540416341239	44.72600908437385
13.697540416341239	44.72600908437385
13.697540416341239	44.72600908437385
6.726858323927584	70.6536608827078
6.726858323927584	70.6536608827078
1.5298864698826353	6.6022665795802435
1.5298864698826353	6.6022665795802435
3.684944837312936	85.8727245189019
3.684944837312936	85.8727245189019
32.472265517048484	52.10280390233366
32.472265517048484	52.10280390233366
32.472265517048484	52.10280390233366
36.640484724736424	83.2020442362057
36.640484724736424	83.2020442362057
29.669802632322767	10.129697509754601
29.669802632322767	10.129697509754601
31.28387962783716	24.278764760808574
31.28387962783716	24.278764760808574
31.28387962783716	24.278764760808574
26.583546168466647	10.273238552417979
26.583546168466647	10.273238552417979
19.12509427682684	68.37012706976411
19.12509427682684	68.37012706976411
21.23580966701569	33.56506241555503
21.23580966701569	33.56506241555503
79.48092661706599	52.51849470797809
79.48092661706599	52.51849470797809
79.48092661706599	52.51849470797809
81.59164200725483	17.71342857855405
81.59164200725483	17.71342857855405
74.40811509929712	50.47856484690861
74.40811509929712	50.47856484690861
69.14019595688077	21.7063335090029
69.14019595688077	21.7063335090029
69.14019595688077	21.7063335090029
71.32186011065598	50.62210736478694
71.32186011065598	50.62210736478694
66.05393949302467	21.849874551666264
66.05393949302467	21.849874551666264
68.20899638524001	2.120332490987933
68.20899638524001	2.120332490987933
68.20899638524001	2.120332490987933
97.0672658285619	32.071248909197855
97.0672658285619	32.071248909197855
92.3669323691914	18.065722700807264
92.3669323691914	18.065722700807264
94.26480441905115	89.0981425166188
94.26480441905115	89.0981425166188
86.72653369316174	1.2590891854376096
86.72653369316174	1.2590891854376096
86.72653369316174	1.2590891854376096
91.17854647998007	89.24168355928217
91.17854647998007	89.24168355928217
83.64914729996887	83.61773504185012
83.64914729996887	83.61773504185012
85.8308099785291	13.533507422419214
85.8308099785291	13.533507422419214
85.8308099785291	13.533507422419214
17.888479291307796	38.83040732391147
17.888479291307796	38.83040732391147
10.988745962480479	29.478896157023588
10.988745962480479	29.478896157023588
14.802222827451686	38.97394836657485
14.802222827451686	38.97394836657485
7.618697394708935	71.73908611014436
7.618697394708935	71.73908611014436
7.618697394708935	71.73908611014436
9.729412784897775	36.93402145593527
9.729412784897775	36.93402145593527
4.532440930852815	71.88262567759277
4.532440930852815	71.88262567759277
33.93169027087565	67.95493425928537
33.93169027087565	67.95493425928537
33.93169027087565	67.95493425928537
35.47481997801867	18.383163000346194
35.47481997801867	18.383163000346194
30.845433807019543	68.09847382673377
30.845433807019543	68.09847382673377
32.3885620389476	18.526702567794604
32.3885620389476	18.526702567794604
25.205035130989888	51.29184178657908
25.205035130989888	51.29184178657908
25.205035130989888	51.29184178657908
20.504701671619376	37.28631410297353
20.504701671619376	37.28631410297353
22.127648737797028	34.65048764299159
22.127648737797028	34.65048764299159
5.180196854153399	96.3707427727017
5.180196854153399	96.3707427727017
5.180196854153399	96.3707427727017
9.064623957925903	70.58663201703114
9.064623957925903	70.58663201703114
2.0939418655122486	96.51428234015012
2.0939418655122486	96.51428234015012
95.89697001146729	32.46288951223753
95.89697001146729	32.46288951223753
98.00768540165613	96.65782338281349
98.00768540165613	96.65782338281349
98.00768540165613	96.65782338281349
90.82415849369842	30.422962601597963
90.82415849369842	30.422962601597963
94.63763683388459	39.9180118607193
94.63763683388459	39.9180118607193
25.036886173907423	35.990320442411885
25.036886173907423	35.990320442411885
25.036886173907423	35.990320442411885
26.650963169421814	50.139386218250884
26.650963169421814	50.139386218250884
21.950629710051302	36.13386000986031
21.950629710051302	36.13386000986031
14.483309222963198	12.015643713457292
14.483309222963198	12.015643713457292
14.483309222963198	12.015643713457292
16.59402461315205	76.21058053446318
16.59402461315205	76.21058053446318
11.680847813452441	69.04253732087822
11.680847813452441	69.04253732087822
13.23284316561383	2.685872350903157
13.23284316561383	2.685872350903157
42.658698291981544	47.403493898628206
42.658698291981544	47.403493898628206
42.658698291981544	47.403493898628206
37.39077914956521	18.631262560722497
37.39077914956521	18.631262560722497
39.57244330334039	47.547034941291585
39.57244330334039	47.547034941291585
34.304522685709095	18.774803603385866
34.304522685709095	18.774803603385866
34.304522685709095	18.774803603385866
36.48618683948428	47.69057598395496
36.48618683948428	47.69057598395496
28.947917588809833	58.85152265277378
28.947917588809833	58.85152265277378
60.36032924430526	6.752612153801768
60.36032924430526	6.752612153801768
62.51538761173556	86.0230715683384
62.51538761173556	86.0230715683384
62.51538761173556	86.0230715683384
54.97711836106112	97.1840182371572
54.97711836106112	97.1840182371572
59.42913114787945	86.16661113578681
59.42913114787945	86.16661113578681
51.89086189720501	97.32755780460563
51.89086189720501	97.32755780460563
51.89086189720501	97.32755780460563
54.072526050980194	27.24333166038968
54.072526050980194	27.24333166038968
48.8046054333489	97.47110032248396
48.8046054333489	97.47110032248396
31.64431020937618	67.02884139742963
31.64431020937618	67.02884139742963
33.763894195013314	15.438880081754743
33.763894195013314	15.438880081754743
33.763894195013314	15.438880081754743
28.566923816183312	50.387485778627195
28.566923816183312	50.387485778627195
30.677639206372163	15.58242112441811
30.677639206372163	15.58242112441811
25.480667352327202	50.53102682129057
25.480667352327202	50.53102682129057
25.480667352327202	50.53102682129057
18.50998525991355	76.45867861962452
18.50998525991355	76.45867861962452
20.124060780212982	90.60774587067847
20.124060780212982	90.60774587067847
51.509868124578496	88.863522405674
51.509868124578496	88.863522405674
51.509868124578496	88.863522405674
53.62058351476733	54.058457751464914
53.62058351476733	54.058457751464914
46.15326155246427	29.940241455061916
46.15326155246427	29.940241455061916
41.45292956830872	15.934715246671322
41.45292956830872	15.934715246671322
43.067005088608155	30.08378397294024
43.067005088608155	30.08378397294024
43.067005088608155	30.08378397294024
36.09632447140946	56.01143429605923
36.09632447140946	56.01143429605923
39.980750099967004	30.22732354038866
39.980750099967004	30.22732354038866
69.33565646274837	11.22410805333553
69.33565646274837	11.22410805333553
69.33565646274837	11.22410805333553
71.24239563284145	65.47163268289621
71.24239563284145	65.47163268289621
65.97447501521017	36.699399869775526
65.97447501521017	36.699399869775526
59.07474168638285	27.347890178102602
59.07474168638285	27.347890178102602
62.88822002656901	36.8429409124389
62.88822002656901	36.8429409124389
62.88822002656901	36.8429409124389
55.988485222526734	27.491431220765982
55.988485222526734	27.491431220765982
57.531613454454785	76.91965996182681
57.531613454454785	76.91965996182681
89.20121290273573	33.058789061579894
89.20121290273573	33.058789061579894
89.20121290273573	33.058789061579894
82.01768599477802	65.82392680514941
82.01768599477802	65.82392680514941
83.56081422670609	16.252155546210254
83.56081422670609	16.252155546210254
78.9314295309219	65.96746637259783
78.9314295309219	65.96746637259783
80.47455776284997	16.39569658887362
80.47455776284997	16.39569658887362
80.47455776284997	16.39569658887362
73.57482443402266	7.044185421985736
73.57482443402266	7.044185421985736
58.330136975591294	14.064558890671146
58.330136975591294	14.064558890671146
60.51179965415153	42.98033127124023
60.51179965415153	42.98033127124023
60.51179965415153	42.98033127124023
55.25274910718348	96.4232032718687
55.25274910718348	96.4232032718687
57.15061820661331	68.45562308768024
57.15061820661331	68.45562308768024
50.179937589414614	94.38327636122914
50.179937589414614	94.38327636122914
44.98296573536965	30.331882058101588
44.98296573536965	30.331882058101588
44.98296573536965	30.331882058101588
47.093681125558504	94.52681740389251
47.093681125558504	94.52681740389251
75.95195056888039	25.47773382210243
75.95195056888039	25.47773382210243
80.37735756935383	64.8150122794846
80.37735756935383	64.8150122794846
80.37735756935383	64.8150122794846
72.83908831867939	75.97595894830343
72.83908831867939	75.97595894830343
74.73695889332419	48.0083802393299
74.73695889332419	48.0083802393299
70.03662543395367	34.00285255572435
70.03662543395367	34.00285255572435
70.03662543395367	34.00285255572435
62.56930494686557	9.884637734536309
62.56930494686557	9.884637734536309
64.68002033705442	74.07957160511226
64.68002033705442	74.07957160511226
95.80863841341946	64.09731001659766
95.80863841341946	64.09731001659766
97.91935380360829	29.292245362388574
97.91935380360829	29.292245362388574
97.91935380360829	29.292245362388574
92.73125054501162	47.45595587301017
92.73125054501162	47.45595587301017
85.76056845259797	73.38360767134411
85.76056845259797	73.38360767134411
87.65843902724276	45.416027487155645
87.65843902724276	45.416027487155645
87.65843902724276	45.416027487155645
82.39051840961147	16.643794674034964
82.39051840961147	16.643794674034964
84.57218256338665	45.55956852981901
84.57218256338665	45.55956852981901
14.359503243122195	11.789647913250766
14.359503243122195	11.789647913250766
9.703512760993153	12.859644298390922
9.703512760993153	12.859644298390922
9.703512760993153	12.859644298390922
11.317588281292588	27.008711549444882
11.317588281292588	27.008711549444882
4.346907664093892	52.93636334777883
4.346907664093892	52.93636334777883
8.515126871781819	84.03560515686581
8.515126871781819	84.03560515686581
8.515126871781819	84.03560515686581
0.9768576211073788	95.19655182568465
0.9768576211073788	95.19655182568465
3.1585217748825674	25.11232420625374
3.1585217748825674	25.11232420625374
86.91383284123626	32.13269619972418
86.91383284123626	32.13269619972418
86.91383284123626	32.13269619972418
80.01410098762389	22.781186508051263
80.01410098762389	22.781186508051263
83.83644644804339	15.491342056136693
83.83644644804339	15.491342056136693
76.93671164400112	6.139832364463767
76.93671164400112	6.139832364463767
78.47983987592917	55.56806110552461
78.47983987592917	55.56806110552461
78.47983987592917	55.56806110552461
73.5666616010146	48.40001936715463
73.5666616010146	48.40001936715463
3.9215709142259096	29.396803880101498
3.9215709142259096	29.396803880101498
5.5356464345253436	43.54587113115547
5.5356464345253436	43.54587113115547
5.5356464345253436	43.54587113115547
0.8353144503697894	29.54034344754992
0.8353144503697894	29.54034344754992
2.422784184324347	94.04409773257142
2.422784184324347	94.04409773257142
94.52305085549703	84.69258656568353
94.52305085549703	84.69258656568353
89.2551317130807	55.92035522777781
89.2551317130807	55.92035522777781
89.2551317130807	55.92035522777781
91.15300228772549	27.95277504358934
91.15300228772549	27.95277504358934
21.507908650506863	8.949559556536222
21.507908650506863	8.949559556536222
25.392334279064407	82.16544732565069
25.392334279064407	82.16544732565069
25.392334279064407	82.16544732565069
18.42165366186571	9.09310059919959
18.42165366186571	9.09310059919959
13.233548928054084	27.256809634606228
13.233548928054084	27.256809634606228
15.344264318242924	91.45174498039715
15.344264318242924	91.45174498039715
15.344264318242924	91.45174498039715
7.876945306369781	67.3335301592091
7.876945306369781	67.3335301592091
12.258009329601775	91.59528602306052
12.258009329601775	91.59528602306052
41.400070876839095	79.42955500602801
41.400070876839095	79.42955500602801
42.943200583982104	29.857785222303797
42.943200583982104	29.857785222303797
42.943200583982104	29.857785222303797
38.31381441298297	79.57309604869137
38.31381441298297	79.57309604869137
30.819889614764953	6.8095667862559095
30.819889614764953	6.8095667862559095
32.930603529738846	71.00450065683187
32.930603529738846	71.00450065683187
32.930603529738846	71.00450065683187
27.733631675693886	6.953106353704319
27.733631675693886	6.953106353704319
29.844347065882726	71.14804169949524
29.844347065882726	71.14804169949524
12.684051841910012	40.705784249655885
12.684051841910012	40.705784249655885
7.41613417470863	11.933551436535204
7.41613417470863	11.933551436535204
7.41613417470863	11.933551436535204
9.59779685326885	40.84932381710429
9.59779685326885	40.84932381710429
4.338744831085844	94.29219581773276
4.338744831085844	94.29219581773276
6.5204089848610325	24.20796967351681
6.5204089848610325	24.20796967351681
6.5204089848610325	24.20796967351681
97.98213973418659	35.36891634233562
97.98213973418659	35.36891634233562
30.678344968812407	40.15335840812118
30.678344968812407	40.15335840812118
32.22147320074046	89.58158862439697
32.22147320074046	89.58158862439697
32.22147320074046	89.58158862439697
25.037946292782753	23.346726367966486
25.037946292782753	23.346726367966486
29.419010316014745	47.60848223181791
29.419010316014745	47.60848223181791
21.925084042581766	73.84495296938243
21.925084042581766	73.84495296938243
24.106748196356943	3.760725349951522
24.106748196356943	3.760725349951522
24.106748196356943	3.760725349951522
18.838827578725645	73.98849253683085
18.838827578725645	73.98849253683085
48.26468418030833	19.70611555977086
48.26468418030833	19.70611555977086
52.07816104527952	29.2011648188922
52.07816104527952	29.2011648188922
52.07816104527952	29.2011648188922
44.89463266210686	61.96630256246171
44.89463266210686	61.96630256246171
47.00534952751067	27.16123790825263
47.00534952751067	27.16123790825263
41.817246268914	45.32494694365927
41.817246268914	45.32494694365927
34.846564176500344	71.25260021720817
34.846564176500344	71.25260021720817
34.846564176500344	71.25260021720817
36.46064117201474	85.40166894347709
36.46064117201474	85.40166894347709
68.08589764305422	26.46527249926952
68.08589764305422	26.46527249926952
69.69997463856862	40.61433975032348
69.69997463856862	40.61433975032348
69.69997463856862	40.61433975032348
62.72929254615496	66.54199154865742
62.72929254615496	66.54199154865742
57.816114271240394	59.3739512855024
57.816114271240394	59.3739512855024
59.40358548040991	24.877704095308943
59.40358548040991	24.877704095308943
52.432903387996255	50.80535589364288
52.432903387996255	50.80535589364288
56.3173290165538	25.02124366275736
56.3173290165538	25.02124366275736
56.3173290165538	25.02124366275736
39.369880083340085	86.74150174289738
39.369880083340085	86.74150174289738
34.17290822929514	22.69010596455489
34.17290822929514	22.69010596455489
36.283623619483976	86.88504131034581
36.283623619483976	86.88504131034581
36.283623619483976	86.88504131034581
29.10009523631131	20.65017905391531
29.10009523631131	20.65017905391531
32.92244217194576	13.360333126785793
32.92244217194576	13.360333126785793
26.02270884311844	4.008823435112868
26.02270884311844	4.008823435112868
26.02270884311844	4.008823435112868
27.565837075046506	53.437055126603624
27.565837075046506	53.437055126603624
59.26204083445736	58.22149719238917
59.26204083445736	58.22149719238917
51.72377158378292	69.382443861208
51.72377158378292	69.382443861208
53.90543721277306	98.29821624177708
53.90543721277306	98.29821624177708
53.90543721277306	98.29821624177708
48.63751659514177	69.5259834286564
48.63751659514177	69.5259834286564
50.50878138344168	91.91309027843548
50.50878138344168	91.91309027843548
43.609046579399404	82.56158058676255
43.609046579399404	82.56158058676255
43.609046579399404	82.56158058676255
74.66671589217809	8.858479013039847
74.66671589217809	8.858479013039847
76.84838152116824	37.77425286882389
76.84838152116824	37.77425286882389
71.58046090353695	9.002020055703214
71.58046090353695	9.002020055703214
71.58046090353695	9.002020055703214
73.76212358209716	37.9177924362723
73.76212358209716	37.9177924362723
66.23272440208598	32.29384391884027
66.23272440208598	32.29384391884027
61.31954612717141	25.125802180470288
61.31954612717141	25.125802180470288
63.43026151736026	89.32073752626121
63.43026151736026	89.32073752626121
63.43026151736026	89.32073752626121
92.28852948546718	20.271655419686088
92.28852948546718	20.271655419686088
96.66959498391412	44.53341128353751
96.66959498391412	44.53341128353751
89.20227302161106	20.415194987134498
89.20227302161106	20.415194987134498
89.20227302161106	20.415194987134498
91.31298841179992	84.61013033292541
91.31298841179992	84.61013033292541
86.11601803296992	20.558736029797874
86.11601803296992	20.558736029797874
78.90588386345237	4.678559332119969
78.90588386345237	4.678559332119969
81.0165992536412	68.87349467791088
81.0165992536412	68.87349467791088
81.0165992536412	68.87349467791088
65.8428605587962	40.614703706159496
65.8428605587962	40.614703706159496
67.95357594898505	5.809639051950428
67.95357594898505	5.809639051950428
62.75660409494008	40.758244748822875
62.75660409494008	40.758244748822875
55.785922002526426	66.68589654715682
55.785922002526426	66.68589654715682
55.785922002526426	66.68589654715682
57.39999752282587	80.83496379821078
57.39999752282587	80.83496379821078
52.70853413411861	50.04454092835438
52.70853413411861	50.04454092835438
54.6064047087634	22.07696074416591
54.6064047087634	22.07696074416591
83.39372538849895	87.30704160281262
83.39372538849895	87.30704160281262
83.39372538849895	87.30704160281262
78.76434069271478	38.0223524292002
78.76434069271478	38.0223524292002
80.30746892464283	87.45058117026103
80.30746892464283	87.45058117026103
73.40773559581552	78.0990714785881
73.40773559581552	78.0990714785881
77.22121246078672	87.5941222129244
77.22121246078672	87.5941222129244
77.22121246078672	87.5941222129244
70.29487334561452	29.597298080004062
70.29487334561452	29.597298080004062
72.19274392025932	1.6297178958155805
72.19274392025932	1.6297178958155805
4.2504132330380076	26.92661632209288
4.2504132330380076	26.92661632209288
96.3506799042107	17.575106630419953
96.3506799042107	17.575106630419953
96.3506799042107	17.575106630419953
1.1641567691818988	27.070158839971214
1.1641567691818988	27.070158839971214
93.26442344035458	17.718647673083332
93.26442344035458	17.718647673083332
94.80755167228264	67.14687788935912
94.80755167228264	67.14687788935912