67.324910951603	85.52545625264688
79.42679158333382	66.01421453972911
78.67848547924234	59.164269690726144
85.73155974209327	69.23819503634581
71.26731899261445	51.01898727144679
76.20267508696446	54.36951917798727
83.39986136031929	49.370794125053536
82.2060433189472	65.35446100989458
60.47654305174276	61.99746556024756
60.052181883196866	65.74685752835984
70.02699793340112	58.77308312026877
76.19927891087343	57.90448034568506
61.150943657550684	59.70230154291508
62.58639351304839	66.80960710713015
65.04818608626357	73.10294136917219
59.361235796577745	74.59687123032673
50.61592255874666	70.55348377211278
63.179693043092236	69.70868567699196
72.47487455273266	52.793663363517005
57.66803452607271	50.77962350602648
59.88666975498957	64.38278233583495
82.46494526082802	47.40835254471541
65.89233406703403	66.62463775791653
70.47950664778755	63.450442455236896
87.42606874089334	67.76179997515912
91.53464892346028	64.56181010638723
78.05478250323915	63.49183464066568
91.89706673627026	78.77223864008718
71.34886572650757	36.40604123749338
77.76465647749767	42.69126476585651
69.58820410118136	70.92032096013808
66.53073275598466	65.85560070703968
79.0105096047048	76.92034243418338
74.79302163627065	59.26873596746097
72.86106462628156	71.88359688847544
74.69996850568499	60.766018529133675
39.622817440771456	64.42693183884845
79.11679174085866	56.69579847575426
66.90696569746359	70.07927736961207
69.89611625957977	70.18984551982109
56.90842304044706	69.63521687541134
81.14884757474194	81.58726892165025
76.23496602864746	70.29274731413585
63.296316794229995	77.67186758162227
66.09473363037944	79.91401726195318
71.03781010812436	62.4152622938509
69.5329916941835	75.23677738064497
68.42715572609549	69.97546480510353
85.02586707978371	57.910779446428364
67.83329322274125	60.202424153705444
83.03024132074259	82.93276798268155
75.18067430795617	65.31185049352428
67.47896570897257	48.2529598617751
57.78458410963822	62.59834612689822
58.89184926753936	70.85303986860733
66.81032733761518	74.25385558482368
74.19365228136724	72.59237017501187
84.76905068389277	69.8716153603868
70.7490664238503	58.91911744514349
82.64341912461288	88.26758145107979
68.86394315849194	48.31181190501722
67.712149593914	78.53692719228275
61.152475419918474	76.14474041571071
71.32701515974388	49.383578139276636
84.8404255426271	55.84355903751702
70.80024453937854	58.55716338356998
69.9998434371279	63.155686642919456
69.12845585576227	66.2716529738863
49.60850940883581	62.072642286451554
66.2222884265345	70.21566473002297
59.53718019686484	76.28673952673522
76.9357823037444	82.53117403826161
57.93056314424113	81.86240987814348
69.15720529467686	62.52890896686988
80.37063466326917	68.69847767570565
84.63670632852526	72.27336737508637
78.0894191945024	80.0345316341588
71.20070301916684	79.20665348302353
65.6326816673257	76.66941287019026
74.58723365800037	82.2653322399488
91.84537365898387	72.6008249125392
74.49154379628811	47.480233945506946
52.90910865588234	71.43875222561729
62.44522357455398	71.61941182335616
67.94183981933729	60.12878636929668
71.67172581439928	70.7202362110323
63.52617384079724	65.79878114466091
88.26290889395273	66.00504552489703
82.95034306833107	59.87894623270758
68.84537128203513	58.580051133047306
72.19015327355423	63.25961227903511
63.48990237386299	61.98021431825555
65.56279179832009	52.8164007686615
64.71881496507287	63.87642235633629
80.811521739052	71.13174603384401
74.63659741378157	54.676180611955346
82.4577573470069	86.38463837349593
63.454670083138545	57.388427968103656
79.94867229246212	66.68251449952928
77.96170724611962	74.68391518340056
67.42540877053904	72.42655913220946
60.62364309458957	85.33869646039398
55.38534825661774	54.10970881687375
40.32620116699937	82.33875196924417
79.2748625829847	82.69862883571585
72.83999983285575	69.67321307804991
65.58212471425082	72.46944697912183
70.9436558985243	58.25575099792915
93.98511048754997	59.31429575077282
76.98961384278185	59.77176376851754
66.26873215350714	65.94219190071097
68.61537653987564	71.55913274729699
61.56690079289047	59.20281684299923
80.14113624060337	49.13298601443891
72.68738436110111	55.25491043358132
70.18520212978743	71.77463250162441
58.82837614239649	50.15937916592124
87.70709524189915	55.91081270576769
66.5569076002201	57.969315850697825
66.89670335339487	68.94002575699379
88.3856672962916	56.88689947308532
57.77244101148709	69.71834529053748
82.0667158547552	68.00106059647081
81.28133048955323	57.13771681858996
77.98736826576241	84.22652244181323
72.78303188305945	60.94177936570535
66.97692780124302	64.1572162239091
64.74225013508213	63.69327450449469
59.87781861365252	60.94773845957783
69.5346746404178	66.4650813255543
74.07914307345304	52.64409440015653
75.97677868155895	67.59531691681315
83.98521853108991	52.968729167122184
75.70714393404054	63.556938073635756
67.57061697788595	70.49288508198741
75.10723855951426	55.1247790762054
63.4911910046062	69.0502252923798
75.9323631430707	48.422054064219765
69.67271899809695	69.65844292722932
79.96151381248848	58.19036852932977
65.84061160823325	66.83414965375098
85.11006543808459	70.47727401659517
80.5872140047404	80.4468170211817
62.88264530014357	80.63346404327459
66.3537906853857	69.50147678626628
76.1211494361201	63.56220284138629
74.66738920840596	60.90203220971329
77.45471935063364	64.59070041743738
46.51873467478209	75.85940960727974
73.82866860736884	75.4013008767736
77.37563940151695	71.70785854604458
81.95493740776377	39.85119981635512
79.62366958786791	55.64940553118511
52.74209969518816	61.292967301851945
63.04295655283018	64.62188588144747
57.90772197084082	57.00019573632563
71.55430808541942	86.08473369230663
80.94587124089148	84.56711406920104
62.95008931278203	79.06742829524663
85.75187838299512	81.90172627466158
74.66802022903397	74.42987136724622
84.00978681651718	60.086401374742195
92.74112388043946	71.27821280524806
63.74657070505624	65.03953400098224
73.07865131784648	53.48456644700667
72.95345247924351	99.03374538117538
62.40882847697974	66.11196211927741
49.17911054902718	58.45357515690426
93.10127997248327	64.5907359274934
65.22917438427916	70.1431272145109
70.45229907242701	60.592239919237365
71.21208987218468	61.65789518222536
68.7398316484378	57.781618402252775
60.038698929341834	62.385232268760355
71.64083217979608	51.9234238761218
86.28952316591129	64.29366486074844
68.36851496332997	72.78091241889584
63.39370559780146	63.13848262531538
76.96983906683765	61.01966770687408
74.27648391810554	61.622478713767826
61.95960245715321	39.58582357567096
78.20335230868106	66.97849484048187
77.76467337927478	68.58071038565316
79.44168784355305	74.5118582066416
60.564331002299724	69.00306779758789
79.54050770308795	62.480009508559654
77.67246602724583	73.79724551248944
63.45121900051114	55.34601308169066
87.72531111919074	62.16812567818688
67.95241344883904	69.38642543012094
73.346612978202	77.22500079807185
65.11867188112684	49.58092637070468
74.46370280255572	61.90325173834836
52.30233414038493	54.509604539634026
68.8865881632774	73.73965717151945
67.65089450543059	60.9499883255766
79.19932167338023	60.548834531747765
83.69392424191273	67.6237623972732
79.03825193510059	75.78842109118158
52.96473814390472	79.87290507665739
75.8484704201636	68.20809018282878
52.64391687512405	51.92062687795376
84.0146641402089	75.35773560369452
55.9017594751701	70.24685197806814
66.38450830223007	59.42017140410754
53.63643711183921	61.53669739600339
52.53752282534848	75.78964100424487
68.2766030348905	69.86488410025365
63.84137769658836	93.01522209295868
69.43579944993108	73.00689590625709
82.59185305553422	62.03930634435362
80.08863841720165	59.75320135298699
53.70933157026009	61.89342943438452
67.03889386677783	65.71269196452893
48.36230709497127	54.124684504792036
69.72229515193932	60.428186602833186
66.9098519608187	67.72689309263332
59.27669203944265	84.76759168823868
99.17183696249512	55.37513293225503
64.86982304328116	49.620967926602034
78.02523785145567	63.849213231568875
55.06894269625154	94.79819829285788
84.6105762103092	45.234061315191546
65.47238068667241	72.7835797384387
76.60347162418535	58.60235891888786
65.1097588968346	82.79603990132821
56.90241389883879	71.20657792896368
71.63415837663607	56.21002958817972
80.08975246348231	73.08385526660027
71.49117074948487	75.92435167493873
73.67851213399238	64.99193668111633
59.2975172055766	75.7959971702564
63.93806451876474	69.0769651155091
55.51624136139837	58.704032889901484
88.08363786880278	52.48853886399196
54.78541158041955	74.63469996170076
63.691940002512574	64.84460854537392
71.49347865948434	62.59814519216649
79.42467235735887	61.97445673339924
65.6959201602755	65.8666887936187
76.4487562394179	55.25962624149767
81.22605423113879	79.27528856680135
73.32882625892763	47.66303935310328
86.08325985961851	88.06716871862042
63.90082619431114	59.218751808406715
61.13399409931431	46.43452239771938
96.78839709686957	72.46436068159089
86.36097984819365	65.33300179295705
80.62625469790875	61.522320217246836
68.11861695066317	58.396116459041416
86.21219298346645	58.439991580155485
80.10550148258157	40.79778001874911
88.06939963210246	48.75697396430442
99.44900228856044	54.94563387418953
91.82330583152445	54.955615811520794
81.88015645395426	59.32339209464963
86.12128636226804	56.522800498128525
73.83014560855992	53.62858035450822
71.46837271833357	76.04617290393399
91.26103554996826	65.95489951094589
86.80317519706172	59.75638221793419
84.51588851747373	56.49099255432687
79.06401887830043	56.76212171003428
98.57198783038427	52.35495964616623
75.96442355128346	50.19943976450351
94.80270212951243	55.920165887155
88.11142182410902	70.5809671773518
88.39037031455567	52.28447991832432
91.26413329962838	53.51585741464328
91.42469047711208	63.92824427023065
95.36170426387704	40.662067312900376
96.50708880978358	48.72892290754046
104.8593928416242	62.34348199015673
104.8791329690373	49.9149110432426
75.31156044087001	62.368452205659196
75.69394071162185	52.51738755260547
95.07038999118036	44.86322994325288
89.30618223061482	53.1899726142264
78.89216586548169	48.922545327617605
86.20918221814006	61.45580558212576
85.29874542932703	33.57235820029484
75.84255407971033	49.51879863399832
87.13750319631045	55.94450624258035
96.18444698578294	55.55267451738827
103.31290964085446	74.03941243479495
108.08398181827916	58.29269779061863
82.2607177746618	43.71536636489888
68.88627262751001	56.35467310290174
63.00086513377177	54.55264608553727
74.10311940596903	58.39675307864181
69.77410950910412	36.69152839122083
93.45081249868377	43.179103090733065
94.38585775016627	50.359668333674904
62.315413519135284	47.38327636895982
86.694459607911	39.60801379970286
81.37006415071025	59.36299209335816
78.06713511897918	64.52433481860086
90.03770524589038	58.67948094164738
108.55369065136938	53.77242132829578
85.89542384293298	41.46271694616931
88.59396113352916	56.012789571588975
96.46963448111397	60.96373628717383
88.35086849772726	64.41807712554913
94.9601859273089	50.99124738361354
84.93498398810279	54.47121638714724
87.18155293595723	67.7762512829839
89.61554203009459	52.690322905629635
102.3207134235017	61.61390167579404
83.40945052955564	52.27213706152069
95.85431804767052	36.36044614267708
91.45694829689329	46.027586021484346
80.0729063702116	66.49812259962076
90.81032633641152	51.825737829279035
74.94089166485772	68.7740698512689
94.61777769674805	60.22778245333481
83.13951430207422	51.95076050911631
76.67614323322601	63.835080911745855
78.28514538648528	53.52101440378763
67.34812123037618	50.04187431624979
73.57055986035799	60.895740453612746
93.65338813400679	40.10018975766502
93.52875451718477	68.18390785034437
80.23701016743694	58.107716628048145
80.16812052785671	54.62324182927516
97.25444417270519	40.46608706680661
106.66955409087493	56.583454812806735
92.84145488096173	67.18079935448482
83.81286185464195	61.09933074878282
101.843335487513	58.19061768897477
94.45271037215927	49.72108446790164
105.15995606478019	49.51882945449173
75.80940663324216	58.798400151002376
93.0934090335214	48.2352023198019
76.41830542783434	52.23667181851848
86.16365728565967	32.10612116967181
70.49796326055844	44.26564528222365
79.14942191210628	45.22380357088189
94.37348150021556	58.540993561271804
79.07184487754836	39.050852854861546
104.38388780698952	40.0255762341458
89.1405861004716	52.20642354092338
75.46770274949094	59.05218624030094
86.00229932757863	64.09781188191823
81.9478036350297	42.43463080757745
75.01980988342757	44.64056253562129
87.01084089782677	59.2204789095802
91.55873396611415	51.753958023757
84.04666752096897	67.34043431811892
91.31903773123078	60.47251509972612
97.42599339885908	55.004902693938696
91.96002439224675	51.76909688264389
94.0212225715675	63.80114910020012
105.3213611076527	50.610000587616774
87.01839267455921	57.64677372127408
90.86546586168662	65.10689898012988
93.35144100256737	39.79901894252086
92.01458966849043	58.02198576380753
92.33967843237099	48.61477432107112
91.36413933136694	58.272271394269765
85.831183154012	47.14260895145145
74.57472067494021	51.68111596416815
98.50855045070757	59.954439659207196
89.57978057876964	55.97851446350389
96.1806295243163	65.89025974597767
87.7755505018574	44.45045216629919
87.42899188872383	56.554841986108244
101.41144778508355	54.370082167763655
90.8731168057436	19.461669690113425
95.53099954181087	46.29858230639988
86.824656828917	37.25492593935697
80.56082660939715	50.15622486431009
118.52568989078478	61.508246413632826
76.05277908582792	55.786455217639684
85.53929522524992	55.379650167382664
79.5402952475047	75.6331698876065
84.42007933165858	48.12241509893016
75.36814450694575	82.98290736007883
82.96183694941013	46.30883428772564
87.73743070189227	64.06468831681336
92.07191297405335	39.52204370572439
83.83130405616257	40.487447362931114
86.94168791460388	52.13081127523218
80.2118114001003	44.92625750942165
75.56495445943338	68.0615838520322
80.44880839658073	64.91338629715509
91.54541115078513	65.98849766670739
76.95879940565214	51.363647379056445
77.5501512694108	49.80078852024023
87.85394829615534	56.30874659911738
94.25778448513026	45.01324924433079
105.00459116058073	44.53320588298172
109.25600296673736	52.51820783345898
89.18967634759285	50.234744789017505
85.19448619900786	61.318210684590234
90.00329073517393	52.49276867009695
81.1358921634491	41.076931029426994
84.1509399064863	66.26019119174899
76.44691538891354	55.148898796058766
95.22803032565493	69.133195195708
75.58997104669452	46.83658876724911
91.14277672531797	56.318511133705606
96.51918361611982	48.946342026496175
94.85790243800153	32.76118484518564
90.1019488285503	33.08358958481814
96.43090471759271	45.989821615700144
92.17702551410505	37.08472989512025
91.78314676803456	50.19675963761498
78.57406476058601	57.78333361431316
70.394020812268	52.679494490120106
90.76316381864514	42.0073617686733
97.80117003803092	50.827568415870815
88.06776811998343	63.80355662539654
78.04601952130672	72.33234792133257
104.47603059156074	61.24551948438323
96.26607005937502	56.78818011766029
71.34410258035692	42.988727970317846
85.85910951876207	52.55051857748887
89.55463089978751	52.37308284758435
80.1831508099963	56.45550953667908
89.99473540298217	47.49737840368051
71.26716328875872	38.61027539619282
106.41897883635525	61.93134134574069
101.67927415620922	47.82128061561282
96.61926161435667	58.73067009890512
76.56056701333904	59.20267625164187
87.90587357499452	55.080934849093225
88.94547312085324	58.21680432153656
81.18662034442652	86.82427376011503
77.45508194294352	48.688254030372725
84.23530115567048	45.26742358326175
88.01460185677661	52.44849594256278
82.6156163972514	47.48610963338014
94.1718568817779	42.23223641509936
78.71406406401198	62.405896876729145
86.40855061432465	69.93136483762751
88.94718923095675	56.534801745066844
102.99388504825477	48.83366950428724
88.92461575390345	60.78304813773653
88.44687826314419	49.30912291409864
81.52355952526041	31.03682455687022
105.84404289151436	54.881833504270006
90.66508548682987	45.878362700941736
110.1959033858478	58.56858751169146
103.14222338166707	31.962733515802025
85.58740662557123	37.21356401064412
81.24320888945829	32.62865140459054
96.37782309035852	41.788870039163555
76.26526625440545	26.15112570829916
97.8714869342719	63.31875685025221
104.7459154796604	50.149180337669975
107.09247964854937	45.270181242104606
84.07112320725197	59.713661708686516
97.09656743911259	48.2244932058976
83.40224545058074	40.353117802382144
91.29936680064712	59.383251335583516
92.62746797445295	49.34300370925051
83.81705302244944	62.70019860962857
86.54202381811548	37.77064829217743
105.56731617930943	42.833832136969484
92.45786610693749	48.608506741539266
80.30760602396572	53.08216953210682
88.51459154435076	50.27619887991039
76.79029893826127	63.25272773520894
71.46997071400416	67.19588471397222
83.71717045633977	45.476618560239174
83.51966420768453	50.221997166730986
95.9832912074546	56.35523940910461
59.86704698279387	50.4747226503814
97.7308832066716	37.078986156646764
84.43377797621415	35.60643203576976
96.33313886828908	62.49849850802896
88.63346571267361	63.29726018936759
91.11042616918263	67.73728563455006
88.07574649312079	41.778183311826105
79.07290098986756	58.80467955353198
104.15819493283038	55.497970242275436
87.59649734635187	56.45185643529449
94.79463599807058	52.14942459785217
104.15243997126808	63.37158297207923
100.59794312216786	54.477501668432126
83.11859286034446	70.61959604486725
110.45951834112512	61.272050792924446
84.95606516338923	58.76188521954361
76.6711516180774	58.274213283283174
93.78096433861542	64.79253441769048
90.91305415716795	50.20293541158947
83.29761167447732	42.966040951774374
97.2188692175755	62.552276173003236
84.71051981033855	53.77237169903887
95.49403314810662	49.220820070649445
91.9492989704096	45.48512917551204
92.49130088782739	72.00075332618323
91.48708787360982	54.80436233608107
79.80058164173627	66.17362531773927
78.30093449026214	54.32702241177525
69.87821046846688	45.28728419402022
69.89407758345456	38.73747993889935
85.8092318796097	67.80875347726551
82.43580630117668	70.47043749196442
83.05170269266308	66.41421821683349
49.60629673702266	-12.163767317242517
60.32190759818059	2.1324402444573707
76.44331182581226	14.30801034120496
82.73010649509423	-6.4248991543421905
67.08286647983087	-1.5436286731408355
66.60836972058028	-18.886992466661788
66.8495553698707	0.37529259457939856
54.402387434937154	-8.962931143094632
66.30585393442257	-11.284399939918037
72.7425521099957	2.640603548980794
57.11316551619844	-17.373786690797964
70.04289996420123	8.804320551349711
91.55985549295715	2.3911829809909704
74.08575670900612	-6.563122925436204
57.80103201104115	6.158304975623126
68.70783545434024	12.167202386553669
78.57309984452563	-2.435912286939522
72.4777242120542	9.762544501638382
75.65502680359818	1.364468680648047
71.57788439632922	-2.3686796844616973
54.2186730587532	2.8427953423700534
72.56222422564188	23.699077570985015
69.58043583321087	-1.5385875628304042
55.41252456529895	0.3450861353181116
63.90886504728354	4.303994394232823
61.97550166119173	7.005399741277568
76.3040433051614	3.799357248278146
73.74942111184129	16.950878710298376
64.40773112880373	-0.6623189684622512
60.37365219138466	4.334771807470247
65.29362923432492	11.857358561243384
59.77667061470241	0.9311241254268872
55.82364830843581	-2.160340672967216
75.23513561433204	8.132021393276391
58.46389569889805	-9.351368716459232
48.12875051991535	-11.967946845901553
61.060606739200274	15.84301463993862
41.20930260322477	13.404366125947186
44.14273304652474	-12.033227912706245
66.66379173372708	7.075158727316212
76.84838411218138	-5.849290748246071
37.771613848222216	6.019258696362528
82.3428904329077	17.064308766472067
56.620249639801834	16.26799880506693
58.16484172953696	22.402820381939296
71.32780920380105	14.972192898519555
69.56858503628966	-5.916179595011593
54.38571312674074	7.619458259937415
49.88637243364467	-1.9933464800594916
78.57818973444101	-3.2092786092932784
56.98571967860709	-6.626313143545598
52.113685517910305	2.4235487523019774
73.14348693448369	-18.45271731198783
68.92810874037791	-0.03611717295064221
67.20967311410317	-12.844721585527463
71.13921936175188	10.385965242606952
68.12012442619871	0.6159254359206621
84.73360899950724	6.490040393384302
57.313156934976234	2.4869165777461895
59.32856106009581	17.812662481777828
67.08465567833221	7.6818190637124095
57.53813010615658	12.178837074699773
62.27109220232255	-4.84242351985441
58.92429530799835	-4.119500949607251
59.71713924075807	-0.4212528032630405
75.56175675830262	-2.301684742777308
57.852082011954856	4.745109727781939
77.08352291126805	19.67514963527451
66.54125366446986	1.6611767062475096
75.01255274170951	2.5243192157524765
66.07921022458304	10.703937554967412
63.89640784506532	14.032687226135833
65.8562864626266	3.189060731506627
46.66341305627855	28.48856360001001
63.99562267173932	0.5230853809340048
71.1439836079542	-5.635774547962269
54.55249045299084	0.00423988759411742
54.69222110584637	-15.92558108969579
67.60753390828002	12.851256835511911
61.820267698520595	-12.690893615929584
75.36381002055339	-1.3497572186812912
45.20032040296083	-9.747824211460932
71.85208526355457	10.379209470034391
68.6464706229958	12.152181843024458
59.94962214868873	2.5207644875258093
79.9546391070973	-0.937715718224513
75.26820545695819	-3.20677121303466
77.16989099413985	-6.649221882846675
54.57627612818462	7.986088652671216
73.55792613963547	-10.421844115685598
79.20153938038257	2.784967786054869
50.16829507623606	9.459625412488016
46.181835097631364	6.664301393100271
54.547537998715065	0.37429917782111355
53.898181565389635	9.243737047205029
73.095439579809	-5.728785270104622
68.92663367471727	4.819700349009263
62.19115617356432	6.3791326351186495
60.083960654627816	-1.3770326593902613
65.80832425209687	-1.8340246768566795
48.233266579047424	5.1846381431154285
90.12902964638737	-2.2965283632016558
59.083805471884475	4.453367599954883
62.63034934256242	10.657593523594425
66.50952846272098	20.25907703405798
61.114209923913	-0.8201390057828939
61.0501186391407	-7.427445092259447
71.97778759601684	6.79616727399781
59.34047999170596	-10.408341447420863
80.08433300106276	9.641017027485171
79.36050957844819	-14.054690223065471
62.07887411220291	10.026436513010871
76.68235117805705	-6.514314020613524
57.82460771348422	8.032876557649306
61.32873472300203	17.71355543413192
75.6552800562521	-1.5262144980097325
40.7558091487399	2.7962519580065774
59.60492044245781	5.594013568867159
69.59089344614102	8.212642983090127
64.57628943212542	1.6339831892177006
70.13287763231837	2.3875742999562277
38.84069571983591	-2.3958562012292965
83.80853712906321	14.795253073962446
43.36284281200475	-0.6031626579027378
56.96510770932272	9.823107143398746
62.17769155215374	3.865577567012945
63.747508749374	4.573370175555896
65.53080946383274	3.785835312837879
65.17652911005244	8.577183908508086
73.82490690874046	3.3445763934259496
61.246801749132906	4.5766442847250275
54.458312588749976	12.008945890140216
70.75627906181703	0.7670008275483231
74.60716713750674	-1.9189285074431126
65.51220918497029	13.614869113073691
89.70166218203303	-8.478356326471943
70.00321649003065	19.632251621794644
66.26426469141987	29.481850365665153
74.3031239347625	5.614004616973418
53.40336198820458	1.7966398533978394
51.44069910911184	-1.8784477921795846
46.6499903077777	18.698677359175086
68.4619890592046	11.948244675738202
68.7597429231026	16.44316293565671
64.47952424008415	-11.855811208749627
58.28249550211588	1.685255143259484
65.5636860515606	13.415157784333958
67.36605430920599	3.0176858821642516
82.00933163640356	13.388850806310215
80.56648760321153	0.9431375191311338
64.83037843337527	-17.240604738901457
53.06792727453142	15.594969125337885
60.027844921135994	13.868546031650293
49.06170515611609	13.695327219833667
73.24534368985196	-3.837824954138365
61.91080323082237	6.569898939818906
40.64660442525714	9.265316672327318
52.789201451641674	1.498950270240951
54.20788882151002	1.267587180878552
90.03867578799753	-0.2934303597740344
70.27455303343262	-2.5630552992379956
67.67461605354376	1.1676919491578985
64.98950051984197	17.49483369735893
60.55134385066021	17.20526909411545
61.13266169451477	1.6436998991796357
56.140600264692516	18.678711970529463
55.63950654588846	-9.109037154991187
61.12216148683415	-18.457360199669896
64.29013122776452	13.090153697498856
63.30424212375717	-18.60366465862562
70.23039756669742	-5.83040916733046
46.42554181276783	8.834847381047739
70.12073550093785	8.174518408786904
68.51618747111954	-5.5602492507306565
58.64275686903822	-14.896109614662283
73.91158401384544	-7.12059204644623
61.338457933786565	-3.4729109931199798
81.66764004307515	-4.985062663336655
63.26933409945097	-10.586292888843444
68.6186746672492	10.33611034993967
58.12127897005776	-10.39986490284653
73.36367993460401	4.439778823841799
53.981735475277446	8.651393793467172
80.66141072377759	-13.286151591227188
63.84314667873314	-4.513807783321003
72.39938851120678	-5.399313230160839
63.378336205756185	1.6632584975949523
48.79196755516405	2.793373678819929
66.55995078542824	15.608314881605349
61.1532087082869	-2.003665829775839
47.54219068665738	-5.898651452650427
55.32334450721205	4.521328410937771
64.65904905261414	-16.636530550339522
55.21181033651948	9.093692336294096
50.996835764042416	-10.65193848851103
68.76118073042645	8.661326622372718
79.27554602689612	-2.74182400444226
53.84792095042799	12.556458220979664
75.01916081575709	-10.354249041682033
54.450829954360174	0.8485913869803894
67.15822882647473	0.8056008558938861
90.69253861715994	11.37484337417519
55.94176619231176	-5.8447526017934965
45.200669793554795	11.809457174583192
43.18303885843969	0.4031228823942592
80.76337072883217	-9.975288622169899
61.586016830899695	-1.8757188701726228
72.0865903819481	0.38876210768872177
49.44034273660194	4.291787306556346
50.357022779690645	5.601192441651347
94.17751102117501	4.999323389288568
51.7321966342246	-5.973018852820367
59.64083978126954	0.9331663646401607
64.66427027402781	4.722418124435295
64.85390684748924	15.140639055948563
59.437196824435304	23.824173631989446
71.68918459955522	6.007306466129091
55.043351894103225	-5.508001649203393
60.095891200758714	8.724053076339388
58.25654117998974	10.820164387051229
71.92764488392817	6.3975556883373095
73.49224935830898	13.141566902280939
45.19159877452879	12.864334409248817
51.73737958949333	-0.06079333059062364
49.24365599556704	5.440968959459839
70.5790378663674	3.1442761362837843
63.921313595117645	9.546475071703478
64.09290927198897	-7.603245230914183
59.09715581820432	32.32855521403706
58.24646972039389	7.570665021351014
69.01408055331311	17.967578589048316
76.01564892012485	9.522028880681557
77.55143546443993	13.86078502721098
78.02207439845444	20.536507213039023
63.016890689016634	4.133009005630068
72.35511428481955	-11.198923727621347
58.31070575398595	12.476005564954914
50.74007485294656	-0.0799151759018999
62.69465332563699	-7.198939737491074
91.17049596508532	-1.389577199270919
66.2107050528709	3.3107531859546078
56.15900677130638	0.5937571246891937
62.2491950310554	3.4876124431652253
64.70105832268077	6.791609846658032
46.615549321051176	0.2866686157297531
56.262112189461845	14.109380955543072
70.30281493579142	17.35331180551737
87.42493821872668	-0.8147696971587437
52.91330402862892	-7.547553279946316
67.13076042495759	-2.734468089038894
61.988878999361816	36.77245239967144
81.99134647564344	48.56399773037684
63.47994188807981	31.9606873095301
49.414516997261	44.94511613556741
62.27625691139642	25.03775022747829
63.14553280815542	47.2297260926746
62.78248493613364	45.76072576838314
48.56486432356782	30.49833095218808
63.16518517195216	30.405460784206046
52.899026479911555	27.002762364834226
58.004661530954046	30.448433332087443
55.89895294106283	38.3883274349273
62.90507467891428	34.903280983935446
64.23087066655279	43.33600903538738
38.12694221294991	32.50536267039003
69.075949477872	27.568371354160035
75.89048178147988	23.044637500704226
42.46478168768735	46.220134888882384
54.1925930209005	43.37617594018449
79.49168941114786	41.80528321072722
67.78480465497202	32.6877118400521
48.61350903900575	36.39872058388904
60.0568057620563	35.0619155130645
52.736040167026054	24.999667368192767
56.654850951966836	34.60572868051723
59.93737518879638	31.688796918926545
67.27692783622335	41.25197526960022
60.31509097732338	52.13314373815339
69.23841662701113	25.77476344178738
66.86583702417073	50.52773184939244
54.56988931543459	4.493433465186122
52.22472874485614	30.02569090379141
54.29084974668747	40.38246709023205
72.2563322206724	51.593746499167544
51.26074354600254	38.14613129974445
66.05380379602262	22.27856213477773
45.776938070114355	34.194798380876875
66.52234413655142	40.47609941475181
60.521439336097465	33.94548325949039
80.43499278995111	17.179476358276055
52.47848767030958	29.39441648814437
54.65869089066397	38.04067319452024
67.07297351518073	35.826552300828894
80.1883105297573	47.65234986625366
77.72786982468992	22.752672880901223
61.18213927665203	47.69128813690777
54.954122524833615	24.746683769261864
53.34029116319011	31.602660418528473
62.60733299844392	49.43640594401673
55.35825594869415	42.39702055052504
59.01322975619492	29.956313815385833
59.35860015688013	47.02948273300153
56.01020073208983	42.52725261088676
58.02652033039713	31.8526684543665
44.924719379565175	44.25006913350591
50.02251059846895	32.97700205115545
64.12317736625302	41.242958899828245
68.14605276694122	38.519010416640356
76.18349760418756	33.886524890944806
56.75927423197109	35.527900372068075
42.4929014673185	41.344307168511
43.26198311745782	28.054022003406807
50.18535959810387	14.13463669926547
56.266492255687865	28.611565769789852
78.30276989162681	57.81769984415608
62.89409299338539	21.939093398918637
51.63668894222608	17.696536779374824
56.79690004289971	31.764688549051165
56.81994590336574	21.317852942304196
50.36396134052239	41.48737268152717
55.632314640661534	24.831436317290343
52.499017114903076	46.99525990381899
67.14887503293416	35.67561269031005
41.726815599270836	16.85303384119216
53.66968296477615	25.950752270823266
65.27052222359146	40.0642189226545
69.82449831917084	18.27348304644417
54.68993252807938	49.770739036556165
65.66995445641092	40.77083403495816
76.10363475027455	12.021833866943918
43.89625168359799	26.407717943426622
60.05718735401207	36.80550368982127
57.26330310289414	38.77504741128885
62.43114714542273	32.247719134323134
52.95530426845201	37.1957276340485
55.88668659638383	41.123625644909296
52.98633596610021	18.59036007799265
56.754695897244254	36.513880487251114
43.209769870383205	27.568622552588536
67.54407008596979	45.16919632996004
63.93754461862397	32.755444625493
36.42956676692421	44.867672458196495
72.65277876300956	29.01956687118509
50.79767518167884	21.75154827624751
54.05894361500799	32.47414544706066
79.68065611897782	37.179555196559996
61.7861547125731	31.563086582223313
58.97849024509126	42.85845578768888
66.47048400980427	25.42443352904364
50.713825988822826	45.042889159158804
60.625904584253014	24.26793060923744
72.31218901185109	25.182813389198206
47.70716269086762	49.133073494139765
54.37873397610506	36.69004669185734
68.70235341117838	37.73776646526806
44.71407387900079	33.19706863687882
45.94869566845639	34.76355805326764
61.67474499402001	36.99165765167824
61.443749149026885	21.738157171117834
55.74113291929455	28.76038806704696
59.006469997072074	41.00617289221826
64.17061639689074	38.5839732131883
59.0906967709072	25.399033042826332
52.2651435391132	29.70302715117611
44.71506854184635	25.997871799523153
35.882994528569135	31.774393599696634
61.85161930706403	20.50366045897269
55.48350628574144	32.20135241129573
71.85510838774694	38.80846286248079
63.23740414283517	46.79291253100068
44.529166315757436	26.874418454123767
62.28546891380209	50.85707428277313
62.10144024190365	35.7611859610381
57.43065947705684	34.57825634421285
50.803666357647224	31.74867276720586
46.0664268870171	35.60747285130017
65.35985051106711	25.152432514705133
60.51629777486721	38.39598550562228
60.51751079907334	36.87634991946262
73.19881921264398	26.75934231263344
35.252462614248486	25.666761744255467
60.95062409579924	26.215516620349767
60.114916828872225	28.04204328341885
63.903021839529615	7.256459728965432
65.22083091415125	38.935523336852185
62.24686026463691	29.24894788233658
65.86801395423281	29.353578785580286
60.21918033254982	32.30992015104343
67.87994622063775	32.971358432186264
66.33559822375881	31.525011994474013
46.16288308868321	24.49824641299657
64.88851943136903	21.46572451431137
66.0862344861058	37.52145044434802
57.31671181877545	32.78562588537793
58.39951296755717	38.61866835102516
66.00446610928289	32.94109633188518
61.68505500791949	31.044020437900976
68.34559065297117	27.735219882483086
68.05965190932791	28.110570298156944
52.676274966098845	38.26942855564642
55.804103314260516	58.06023238693162
53.350797647058066	34.23365808494475
54.44726655567804	25.655728777007177
40.80668515526434	24.26932110366225
52.983622586410235	46.32017003309704
65.82511250205182	25.842319969115294
51.20681426704172	51.74662269319661
56.85243017203308	34.263420565463086
57.25562553603986	29.944404887139918
68.26994482569425	12.197239395622436
66.3045825560011	29.292022511121818
58.041233812644194	49.5761474648504
68.59958217651402	28.686325411597842
71.04806135925604	21.270730503795328
49.02359560277024	28.14294278512426
51.31535202621458	34.20848092744438
56.73386679015687	33.13502671617878
58.83670691391487	27.406349955967947
63.72383592581187	36.44271978003086
40.513850427260024	20.309333332485394
68.92638874110622	30.215164649107145
42.03108751165156	35.63630740742019
57.25894688029336	20.477487936701834
60.9397496986473	21.40070470870736
52.74600992212299	24.269836969932268
59.515515938007006	38.62696827151262
73.6321908608258	21.99331095934044
67.8711542033318	38.36919092451781
58.37339655581781	41.65299682317204
47.74449403929307	34.086663912973556
49.81824594582974	37.62222564245611
59.36781558846485	24.842419080070705
45.03920123660428	41.09489375985707
62.31530351015654	21.452406007820308
45.3928027198195	18.533396134282732
63.797761452667004	41.44532735710752
49.07045804458223	38.752949318196045
54.77944541993804	31.29954662718014
67.31678617562442	37.88631908482478
51.53923962099326	21.23105808030339
49.002474253142054	38.13067651385283
57.587589918971794	43.65577377555037
52.181610769931524	34.803321212219764
64.02623481531354	45.08865581812874
70.55416408619396	24.632670027536204
66.33846827196882	39.84971276785619
57.267386991683544	37.475415450167816
68.25899559401255	41.115190978444915
54.14698743151436	24.22533673219624
43.832585032318995	30.39690186530594
48.335713832590784	47.380710574019474
56.37083134238414	23.377413493794794
69.9156797404642	27.720875744191783
63.428881988342354	33.51466943611485
70.71970524208449	20.440351905165592
62.84951716594643	15.400410581686799
58.18436622896914	43.16394592874979
63.83241775834134	37.787826530236494
65.3604029299195	32.21549220131794
49.30523848688196	33.07589042838339
64.48863092544698	13.784766990918033
65.73877441865714	35.264150110829554
39.38568115667277	31.417721355413217
59.23405919266319	52.16370176910115
52.16932622814015	33.306166248743175
46.54117995203555	47.59017942987905
51.19456787188093	21.90965984195656
42.988354083154135	20.967659872373492
74.99626552216606	36.883322229224774
50.30831018777196	43.84960625708467
64.51283360353925	27.581680613949494
72.75469389116557	40.81789286275388
49.24731045351992	35.00966395081564
59.46273053561585	38.00922729867011
58.06697991425016	34.54148532903058
62.17900360165288	39.94289748385398
74.42576239329799	23.74808441805368
41.912945310829166	45.25598486662471
57.60956041097118	21.50682494354974
68.02908687281487	34.21781272890691
62.516661006673466	21.9346634232946
56.82983812213823	46.270246851405524
69.0070861841686	20.242297592893117
50.05765419112845	36.404248947121495
46.72088546075584	30.064248391618058
49.33762239498538	40.48418513710271
52.334571197671664	28.502525757367177
62.036990920078	26.348047886773756
45.51463159484396	45.007775861019496
34.657885007443795	30.675930895046392
57.67480884522181	34.68621084091667
56.8308807887738	35.13681258367608
59.732516549224115	37.64464975564161
44.262868313821826	26.914998659878165
56.2139739027662	27.936253545288057
57.8448893669469	60.01578472307957
52.94164682946676	42.12736217152949
41.49251630781792	23.169121924451296
59.73236438773228	43.394032470859344
56.157141945970174	52.15376377142225