80.90011625357997	35.14821695432898
84.03688769718082	65.61728208208943
99.00291591603403	46.988335490116164
88.91470189197067	58.202626678697825
83.94388758894772	61.121214755157084
81.9585435214525	79.38310082845054
85.23085613777943	30.332898032241825
81.86625487070448	61.89698844000874
97.83674628835968	36.9429835097839
84.84511062723219	52.15674776126341
74.82041161503513	62.17643487917329
73.24378169951065	32.97115562528277
70.85015303101413	36.774644070128
107.12328219460028	37.35720043566481
107.06334079823347	48.58985161268618
88.48228257471784	63.92067318059247
86.025776729936	46.46275356288396
86.61916437514475	29.470372327886924
90.50168547252464	51.70431607605806
93.99463982633625	42.971050693994805
109.0618697133661	43.713876148535604
79.60683354918838	41.98062377327896
86.71392308456593	56.95868996735203
78.2553295713606	34.23436317689685
86.60065943884074	58.75773013502156
81.80544131982488	45.03414581090601
88.07848599736946	64.21887964470375
84.22545919235938	66.33086497472986
81.94832873907549	47.05093202873438
116.41042989472801	61.84644167284149
75.67460519760937	29.60987817892428
79.02874900017964	60.642857531347445
67.34736466464093	29.624697981647824
97.97015099294244	45.7066145067668
77.51024660246054	39.031805679319206
104.60063448939653	44.89864641624326
103.04292372425336	46.31257117069765
86.8127985320769	42.422865245264674
81.57698576352334	64.0412460731126
92.74431228998901	58.656384742798885
98.87394892733472	46.09776540348136
89.91329837723859	49.659282094496895
106.8994720160352	20.65191638941764
95.09673094784206	59.73038655662518
82.83595139739586	57.54046866775728
129.54601491107897	51.635072075886015
90.19083667463681	61.75262832326728
75.84516115118926	51.72273121002927
85.12952987346279	28.140850438449647
93.42323460863074	44.14655074540301
86.22099150578453	47.50518858824757
89.55236255998446	58.415852422369326
93.43920478620035	61.53386860815918
87.96724141658778	42.41357967479806
99.76091076167552	39.85882431923926
105.54925177268188	44.84656627057658
74.74207600510742	44.431371159992594
84.25909753092135	51.17219881250647
98.14439990668174	48.73183119827439
81.19928906936025	47.71437004672981
80.33015248924933	55.51738813550263
74.70452448027447	46.65461252223189
89.72853704860927	39.851143716826684
87.56951543938332	46.703328578131305
102.86150325179598	46.15776628807587
96.21789451640998	63.12117154135693
72.17858175719289	56.480642465211986
93.59477669181956	43.43412344341082
84.2214457626572	52.04386755080275
91.64666415778339	55.649368584047195
93.08298654718841	41.75754944956235
86.88529506841216	51.650220691994676
86.70289135453503	60.510314928241385
102.27077691106597	42.68926894297324
87.27651961873714	45.67887028377716
91.27063571883829	48.80194811906332
79.39857652592642	49.40478962180189
78.48502803578273	58.29517959422812
81.853881585362	46.66738790799975
88.31770446349933	21.5352048255078
108.5864650726764	55.83298069615093
91.18199417757906	51.29407407080534
85.46810243966044	55.60938182332251
109.3504547624423	38.23710971780064
87.19719717351784	44.50981542631608
84.25412542355939	46.08623534430713
86.94611221509513	54.04590024109737
74.17174998709268	27.6676986474731
100.16625335428937	44.01957095391224
78.55206900580689	32.69803459667171
83.15561059204032	57.95633647597942
87.79803467366455	68.65674943821443
63.83356248306377	43.28152748420305
98.35962825867877	53.053777540340995
77.55115013801847	41.057740002984204
80.33606576488177	31.957029345487847
94.16072264816188	40.09973977172748
83.57452001352107	62.057495013343086
88.32810486088499	59.50866207594142
91.89833145275645	57.03886347097765
109.48087987426123	45.664101100298694
64.42800967229357	52.440918440413185
92.45042705995436	60.75774299178329
96.60655007548048	47.078266675374365
98.49102474848871	49.877859697802656
87.276762888734	70.29576790641896
85.32769963874287	36.319144164518285
95.66504664163567	44.35884040785256
89.97675385296309	39.969401750921925
99.28522643743199	57.41461775173116
79.19389458234798	52.38890937034038
86.24002598780189	50.44213205234284
95.75662392822254	52.09917961746764
102.98113819386698	43.57134749170241
79.1900922908036	56.69431682178093
81.14885537529148	43.02626907126981
77.70083166864352	45.634593532139924
83.44485209008056	60.48071717689338
93.9465441098029	31.258282991504952
70.69969200176158	47.58614847705795
103.09841282843436	37.208401002901994
80.58860454430645	38.624029109980825
83.39659934785605	37.768584629684575
83.71063690781472	59.45724556570327
99.23471295641357	72.52663360427294
88.53653609240762	34.06844695250863
109.2427422603246	45.98187229728738
80.57898083320575	31.01417616327471
97.75401114376874	58.727098085574596
83.51900377852935	56.616401518036355
89.65527789134157	36.970498620773874
71.80645355582021	52.799332986506485
92.29617105237244	32.82942854918255
89.92361762846501	57.86379373758425
84.63595958988907	48.104523022683416
99.18861676749096	48.02821737030041
98.43527096706597	57.74069230633301
86.22478419282811	45.7814245869497
99.19844505300529	37.031395329474385
95.80882956639138	54.02223995321856
94.89391807741718	61.06191243256006
88.46936764343359	58.878180976268176
83.83332697051515	42.29796497671075
72.55584039335567	43.581201800304584
90.89233130115193	63.255244333393605
110.51928017888369	56.668646337046816
89.50089364411467	49.30502229054038
93.14433814997915	52.39016552819648
103.0948386970713	30.913715595294914
99.12304954105953	58.70501541007986
88.25466252452699	57.54591348332045
84.04564803551406	60.5608937143231
91.39235740275001	69.43259950583496
92.9213227364003	41.16073656721099
99.14452423140483	57.597745749401476
77.59831341871391	49.632897652677805
92.83184593189408	62.33906868131022
100.22307190694056	55.57879810125404
88.66945960741317	48.42495217246085
82.77757989194656	47.66420689418568
76.09141455506091	54.435688098813664
82.22318622080475	43.024177654059315
84.4415957618933	69.02619479998913
86.91522278274705	39.35173697678043
84.04673084303484	54.83557856444958
104.94607452696707	47.78702784248251
85.19365523465304	47.66352948225465
91.23867747531186	64.36381835106496
83.31864670961085	48.219707480931845
82.47312473849655	46.18047483761922
79.36969274217809	48.29882060100589
81.13619109528115	39.04838756759751
86.81537973249145	35.007722300325426
83.0349623200505	65.37256929994268
88.2828984164127	78.78130642906343
106.86067168389407	58.821762232744874
105.08133331700549	55.37129288152463
103.70698872616212	62.959636508836255
86.89099888662449	43.27292516423719
91.58702518967702	64.87385074200687
100.12870281657291	44.18232702673383
117.31406924023302	44.2157054991306
87.87067240440919	47.91629948044708
101.30328138579937	52.10566294031516
71.20644367333927	38.37589434218799
97.75926605665201	27.47830915200268
93.84332405372832	52.90797545478213
86.10512117421362	60.84191965101476
85.22939924198955	58.63177040809915
85.67643380827994	49.91976435450421
106.7599764473075	54.8324177072299
97.73577665774783	50.82595369189228
94.59649241049289	60.68462670445449
88.44145512374239	30.713869609608523
79.97073410763907	69.10997487868612
92.49812619981837	49.55746157129746
83.43469371627582	40.44131649478411
89.32017748193019	26.111563717880454
92.5643851377894	59.660053838972225
78.65164922664218	63.531042493628725
92.77708177858402	68.61742109422089
115.78518587954514	46.45403041848887
86.79009765136385	47.67472670576763
102.39718290620621	35.20875393540608
92.04491162757739	50.480242421966594
90.1935457510338	65.57913514872016
87.3151447598194	49.80444727143997
91.05194213310871	58.556787410221375
85.87566061957985	69.37319867620141
108.39489955010424	53.90448450705069
93.12091053689271	48.857485584844845
90.21781977778585	71.65309388121854
81.32518574214458	47.925522536992496
70.34627335828358	58.35401100471847
90.61591348374365	45.731368754527104
97.8959794667058	45.60233452557122
74.57328868937087	44.54105175757019
93.00533128503078	57.697300196010296
74.71394747002861	52.491244180917256
88.17937709948097	61.36698292229692
96.76763891600176	59.29311373425948
73.74575457621276	33.51562831218577
88.11130545543234	54.98350668225526
91.31706311564615	42.892651120956074
99.74139616394382	42.2748756693719
107.91155084334264	36.154809818348475
89.61348534543315	42.51374663749758
88.31900428320183	49.8134229181858
93.18654249245742	50.56616549684564
93.55361260640422	42.895778562205365
80.408803867949	61.8053410467093
92.44271766627557	54.49040501972839
109.56722000271114	43.95394049653677
67.10110410314736	52.083467427007584
82.07404840649544	50.88607416431097
86.27555697414591	59.98480434713935
70.45614082190039	59.982147079108245
102.11700051190576	52.094403982560735
101.6018731607812	51.61173013693546
84.12719273204311	27.66317653070482
101.10180601821237	51.94182354933555
91.02522224573237	74.16406007449706
86.5506000114241	48.9762180158487
108.13318391274609	64.93335067653393
86.62883524451426	61.2808778179933
91.86954694660852	63.91119068410764
103.74709570894197	50.33644735734025
81.11476631726093	44.19510270127189
111.98966430202249	45.29867097323336
89.25254610298855	32.412133284907014
18.759940411650835	76.0865247370133
31.077606183718714	62.89107033214025
5.105453422871069	55.48254029706547
19.17163305628655	70.19558796364096
19.424740132885308	70.51323010078085
33.014514563463706	71.3014793935388
23.551109229825556	49.27329495996769
27.731530990797598	73.91332677357687
25.608964423755936	63.808345054539664
8.581851213740809	56.575805180162774
12.360260328863557	44.92703501125396
35.85409917132909	66.25205051554043
22.070163261759213	63.54863902742882
13.943813892964329	66.61505569715432
19.206705980579258	59.04174827603439
18.911686975099016	71.15221413683733
30.72857338397035	65.03321368145555
27.890605117134005	76.14018470580055
20.253907948483167	64.37492645519826
29.016834333397338	70.37293523070625
4.754797563685983	75.99862072507923
11.260833719600233	70.883640679846
22.82252806641075	62.59246005634301
15.89247180879616	79.42758626182982
42.89817110194728	71.66097045264071
12.883894588718645	63.07381732103934
29.75685104783526	60.915171982799016
26.16500381222852	68.52147071454915
20.693904597256402	82.1511236591872
5.916096733797152	65.66186854529262
30.57383463685656	74.27329986887075
29.500966601381375	68.30896416726934
32.828893789707884	72.52669401018231
15.07694128802017	61.23729601832689
32.89350337375136	48.59149811795453
17.23502104812575	89.30345990869081
24.98262730156272	66.64951308510365
3.309873007817213	65.32750800527816
14.77660696972671	61.31735720300826
2.414776637056061	81.92845866006266
25.396856828927685	76.61305245050181
12.274546769536936	62.41480306103326
39.38842925035081	75.61193296766857
37.09562931556845	54.468818240793354
24.126642250290928	61.02504963346773
17.667988753151754	72.90998716524986
8.490682092821977	81.37285687420793
26.45921042987589	69.2195389273665
32.916894090708894	58.123273168977235
29.881260440569385	66.510532843566
38.49075960505763	60.235829313674365
4.867222342704526	60.76033922690124
5.78179027925937	61.168268632714835
18.634808572438732	68.37938923655369
17.363430988250926	59.37382312129648
33.35976719662546	55.5568687459195
23.937647028079954	56.58631505536978
23.47414269335496	66.30431495096889
13.73254954278493	74.19862433076113
14.57785051694676	76.07984423785084
35.75272054644695	73.26238255182714
27.672063234115612	60.59272039776006
19.432882967680744	59.320432078429015
26.795983727617518	77.85184082322883
28.67740281112101	77.02713364159358
7.287457572878008	57.78559425970926
36.28719717751722	91.13246184979354
28.31732878211567	89.9568213006471
23.202182933750645	52.626378459117
18.234545414070425	66.02695403561178
34.879345203637875	60.09730168698685
22.178328128799688	68.43591416598427
23.41044447025818	63.59006894428489
24.71955476184528	66.51872152526227
3.2185099506918142	72.2471080459919
20.433742479625995	66.49566770827404
18.96301980195338	83.23489351201619
18.192649990584233	62.59232461057448
30.175982823909397	55.732211230553325
24.855148727067423	59.95901814726001
6.775617940264796	69.06010691363626
21.223400363894758	67.62448427436806
13.459253914142593	73.91269993367273
27.124488396647134	79.69476226192305
26.18315450531399	75.35059908521147
8.994245178400647	64.40523616844814
27.63833562190228	60.83626157746354
27.223018955937803	47.895901269262446
29.65972376109153	59.443835669202
25.217294210513586	57.62868564544611
36.245699658172526	65.84210012386328
12.835535784049704	75.50595744755697
17.151503361614825	61.64739627195983
6.580954774284439	56.635760429009856
19.462187486523856	58.83066520583747
8.497747409596125	66.53669586778275
-1.8896701341122117	43.9966158904721
13.157285257846695	64.09787660107025
19.616909000851454	52.803699588058095
9.270664955613668	66.74198811514539
14.802774596958223	62.78172000536886
15.944148664817654	63.26159668834214
46.10680787298888	56.880029369467415
24.320431300712507	66.28722225109968
29.01374633299567	73.19652859763265
18.79184618694436	74.81873879801017
12.794525823594153	74.10101418911385
23.56667230733906	62.68231232044831
15.887433681636967	58.950115470983555
27.71507618820929	59.352713200990785
10.220255509035509	63.48730907146692
28.250852331144046	75.14649471154537
15.7911635298313	53.725632910692234
19.503365484751015	65.8537843743353
19.565820056739476	60.82293583192995
17.203653002386304	69.29662433026073
23.06280392415276	57.670838434256304
24.143508281226293	61.59838627084437
22.33369140388506	65.13668977219514
25.934772537622564	63.066656100630524
24.784266335248866	71.19294048110457
28.428390493714247	78.39876826421603
28.031093183494985	63.8251321260504
9.360524209837983	66.00127849718956
28.883680943636506	54.752398877480516
26.172967824596387	59.16812759234259
9.668419399635676	82.65003204103317
24.51743926215917	87.30864091986942
34.66352589631573	57.42648794444516
17.429191352870223	68.34422131620795
12.590374567845789	60.874171156012174
30.102295986166915	63.7682508527561
32.103691201363446	68.8144480954638
2.909344187704626	63.33629343781536
28.510786383496782	62.86511016641273
21.58821579822899	72.80073651436881
15.021256498480602	58.84655469786949
24.874812987174217	57.88038624129288
19.679666043558314	60.42469067752036
19.8989643857701	71.13217790909424
-11.994015499281879	80.9579128456191
0.9588926207046065	62.179008980738146
19.800087054716478	88.02299905550629
15.401330581630408	43.83781971875376
27.41278502355744	73.82788008565774
0.7935356554551412	63.675578188691986
21.76149352679994	55.202553035690386
-6.964117112591495	77.21120338522282
32.92369941339188	48.36185586009414
3.1058615783357766	45.87222061442059
43.575355774003214	59.451993103827085
35.02770959030969	63.462624236500154
9.498022008575726	55.80130049212001
7.450562025355371	72.10715417217594
15.047579812240789	69.55263833343737
44.719705238076344	74.48175024952302
13.710877508746067	64.10837567856376
6.803061975390452	51.550260962727016
21.125986434541318	61.96656767507919
12.670841020877994	73.1462941121864
26.66168814706739	70.90813189285264
23.523568233076517	74.1878274405449
26.120278179048643	42.05935351956795
20.014863607657833	68.21100439058625
19.170306029446635	65.8155812241574
29.928019057563645	68.38647111081923
19.87728382568308	72.01398894774924
13.91340483794469	67.38761525655265
10.945138552899074	67.8658723897888
22.039847977348916	64.43396506181767
7.298779484041036	78.24721056909026
12.744641346579632	67.35883547657103
44.993705132379716	66.57186118170958
23.092253561344602	43.085803675146224
24.501765180915434	82.54319317328114
4.770850787826582	64.38462979970966
16.555806627378022	76.06820059883184
27.540256242608773	50.079194989073066
28.904192468956186	58.75396430314462
21.168096484780623	61.99169363194828
28.982431196619046	72.24371860374924
23.04163357837964	70.57902608829491
37.10851560148471	56.9289892931116
29.90783378213768	66.84325142604109
15.661299133696527	72.59663019892756
19.415368783088446	64.89103164048767
13.96585631858244	54.86869527821919
21.618645989553556	56.36108285024054
30.45382294087571	58.230150530499365
24.150708451736403	57.4303617047213
28.133104705250275	82.34465572065491
26.741165577669083	54.099675939206634
17.43920700324967	63.37313590484271
12.847395303740852	63.70897387117352
30.143901038630613	76.84557938871527
34.75979479181876	62.03678912240044
4.565281634350676	86.93793969045662
25.348228906407474	76.61152230879223
24.059119141998636	75.85165389521003
35.02955255293559	58.649050814904946
1.927001558698695	70.50942981236275
17.871362429129263	70.65755431650778
1.6352327025759301	71.48835558815031
21.22325040448211	60.30577748685848
7.879622330072994	75.28791272998684
39.833365485406546	65.1906283385553
26.16708190360155	65.4081680383598
27.04437958380792	57.67743888184602
23.491956938224657	76.80796566286863
15.170821088636298	75.60776639227612
25.08709384813308	90.59686616191603
13.492599881770072	49.87152028156267
12.676232267542526	56.86799911021211
28.422289182499817	67.9545701777866
11.373135801911403	79.76697797984181
3.6294799328906926	63.341076477521646
13.233796420482225	67.86248633793333
24.891117992993678	71.5071300101693
22.2270452187677	57.57467220757546
18.93010226557688	74.85932120848102
16.880921561978525	84.593025091007
19.72142459920968	70.33201824966284
31.792009038879208	55.49584981225266
16.060375038730758	62.587226397347926
44.39785794652538	67.16906922005188
17.049502870302383	56.05339693568478
30.100363671853437	51.149221447647506
34.27410463072211	74.60943772417828
11.97190057896895	76.17785249410649
-2.6965359918088474	60.928252253969085
34.09272408109332	56.44719192154676
15.34433384436101	61.14754444360441
41.5173774518588	66.89892345401273
25.35129377974598	63.449663239483
13.55846129217382	73.12478154093291
20.46666099001893	77.30124140969221
9.559166212290593	67.8238968033477
16.825443762309735	72.43062765399071
14.502050788150271	54.91175180599846
31.923704060323985	65.96626623645923
23.61430587733983	77.88459014883735
9.779133471980108	66.86782050946857
33.75679544268654	80.54604944745425
39.99862090418229	74.5042155370052
17.7785945147541	78.4040220774782
8.105703758654151	47.36993471008746
31.393872929399624	64.9856682920612
17.300492438975496	83.92691644900259
7.212978773809114	78.61105109253472
29.08327646657066	70.75684284125202
86.15794541888846	62.085290076008306
92.6308003255897	40.389070951163504
77.45661340969113	54.358056783957835
83.87665511164596	54.62758976904582
92.30831145664737	53.03020931764535
78.12830689341757	41.031276612551
81.82099297718955	52.747930290562365
69.03642711538669	48.21529174477383
93.7363874516738	47.14511056792727
83.25902622554301	52.76629324094734
81.9606707608458	54.29284242820581
82.38402104696877	54.3532386670301
75.85596217774003	43.76083440632926
96.27177887065326	54.899390163946755
93.55263379718393	49.556971213439404
75.13013348067886	49.81872726862438
76.58579341796474	40.29830349547198
96.29025460998493	37.16398736203331
85.71552596624903	57.45048960332954
71.69028812527351	51.164098294812725
74.65921868450128	45.81973543641167
106.2192212848974	38.50210751229239
75.36097855592219	42.23415933882375
93.44618425540158	58.2274082913778
95.23922397557986	39.08554470750173
70.42594500756186	55.720150747857836
103.69844215272244	58.718771546500044
78.41843379136594	57.80705827824366
92.15288460081148	59.24181867165373
82.27526743696231	57.99611788721003
83.14556936345242	39.5219520414543
81.73258885831532	48.41277505424486
81.57924560859294	59.54276082029622
91.40965489855084	43.36149109357548
75.7657492774907	48.88932926551892
89.91339537464765	61.68018713577932
93.3060005997471	34.61751554375874
97.94366383555868	35.03899134787242
78.19672223974861	45.4651192803212
78.01705530667027	56.76819655647438
93.61832686189337	60.87068193350399
67.36814157893298	33.0780893416308
85.59021482350755	54.54971111560496
89.71848192327752	35.387919407219016
81.39883427974458	41.977217113420664
82.23371947091194	49.06634703573791
72.05136891568952	57.5362039432585
88.70465032601516	71.05407753620707
87.13760177308593	61.91129958558885
102.90424534879043	49.425651462832526
96.20051575327918	53.41564098707552
83.50585861324957	40.114493522321226
74.23706189697829	38.0199522579811
81.90400924279339	43.29112768235498
80.65659912682457	36.863095224171204
98.06114421556794	44.84767263040555
84.12856669419453	42.4609126079791
94.19905494614518	56.461124348088504
84.84006648319428	49.85316183618421
100.5475134094871	42.803671767237304
91.24106729273268	52.73351824280191
92.20348096602677	51.890604362974145
89.60510209446431	42.288827808323596
78.54569647265565	50.64921916236238
89.88346801889983	46.411121923375255
93.82121803828967	55.70189344434574
90.57687944766327	60.04375856070996
75.89340266873741	67.73661714134585
89.72047911085832	60.0073814712646
79.25736117387852	27.97701065584377
77.52566587746611	40.64925594263612
84.42014902430397	33.204414939733226
79.3853462873394	69.60885960033973
78.97936580200077	42.1330679910524
110.11803944310377	58.36905358802208
85.10638911458163	46.21103110636407
100.12295877043898	60.84212425752869
93.81292518379449	39.5257313442399
92.73931640390674	38.55845073541859
75.25917708427636	64.87496823940212
100.72494924104947	25.06088702610786
75.69682953468664	34.46322148635994
88.05084807527457	44.24902525886677
94.34237977638477	46.18782509682056
74.28084294151112	45.13889330077467
92.79922119582734	52.270860486006384
85.04787272912452	61.98997671149243
86.6660098555813	46.45253561436666
73.11472760133904	49.92760509539661
76.59455650494594	38.86896570844776
91.22624255790703	55.052813077766615
65.03855634767825	48.08632806266557
88.72550022272016	40.90587286464148
87.68915859994064	45.93330117514519
82.61971659926444	70.5846211701211
107.78118576767898	46.47048845325759
86.40680573679572	44.071517751011925
107.52569319819125	68.56424834742957
82.89265189130754	66.97676622049748
95.4762179856382	30.99094578237602
83.71823159004586	50.35746226998082
89.30477307545016	38.39358347718169
83.54739255112582	54.73624987598018
91.31600333856474	77.33764830131742
85.24650115250542	40.319562394183066
65.62383094728439	72.08225729083698
91.86926864218833	59.614056200303
79.43525228227517	53.45464080824515
74.39143552571595	54.56085325402228
92.52986221004747	48.495055645151105
76.43689195479315	38.39849694921104
98.57899971575337	49.12760173006203
89.73751024144596	39.13350395807703
71.19621224412367	42.36454926720809
89.381458541501	53.487443647264044
83.48361182807975	53.48398098611169
91.7974620496979	50.5693768483422
64.96535172214286	54.702414773876725
89.72095687246232	50.67347047882949
68.67738093705323	48.729530503391
100.24944958486161	62.183354096539986
85.73237124695939	42.488795546432975
86.27916181124984	52.4075108753521
80.27853408555276	29.418301347307676
67.882384775139	48.8190853352528
104.56415143586719	47.978968585533806
74.41254205651	46.63586658012848
75.77571376891514	71.51551921528343
80.37685976905202	62.50686946051261
79.46711273143208	42.45990647798448
91.92239448959964	63.95210458640272
80.27915170553366	50.87444069989536
92.15679078343757	35.87859997327337
84.39646870176414	46.8460711990862
74.82482482660542	36.638671357646885
86.12455213380355	55.46286182152442
86.8126711175712	50.44034294614101
96.53237399311575	58.2871130505827
90.45559518438999	54.66455214998755
88.87373710562218	50.81777628840975
99.58580125565695	58.52020756865584
88.70286349301433	70.37835601227971
93.24610290173807	63.08498120662803
108.30229610890547	33.155564969166804
92.86220508271846	51.09553253913518
85.34122935907921	41.092505935760215
81.36635926911067	61.39718092807467
76.18090705478167	58.11360408865231
106.43610923727479	36.98125240228351
92.98539986876405	55.221580456053104
95.22365804520149	62.63971772602192
93.75779944937557	46.53141081122613
95.06105997814696	61.155438658686606
84.82875745065695	43.973730080145394
76.83454874525322	62.919818958342034
97.55992531157753	40.63913364594136
75.09607433597756	46.72791465155615
103.7505716404364	49.35992150385522
80.50982789294429	37.129912753990695
78.45385497665693	35.41968294580005
72.83148111316797	63.81659043124725
80.74313768517611	63.50451844035232
95.6591109609868	56.39570627794648
74.47350146662214	57.890627749417824
82.86391510554772	63.83625406001464
76.69224321342575	50.74425036792451
108.39773456490448	53.855733825557536
88.15415222395008	50.61189853052441
90.32250632544002	55.978308311941994
94.52906176306901	51.34440986914739
109.58220694388412	52.46630967338153
79.5596559810348	39.3576925345379
70.8685136990198	65.0378664640378
86.25985009260472	53.97074347121989
74.41079669241809	56.25979475025179
96.20826498864011	53.42479421467735
91.02833180691492	43.97591010432023
89.39102236871413	42.11014113158542
90.24688307954081	50.67258851217827
91.44621525560902	56.92563420481664
76.5985528466647	51.51148240150945
77.53426998070755	49.453462969663974
79.6490864578206	42.57866832214413
84.1123704917266	54.13341068811082
98.16655547611366	31.41725127313544
77.49608324549831	59.84962958973762
63.13862688773683	47.72839699778773
93.63298985842667	36.07462663045406
82.99865168139144	35.04662547204057
96.01330464234819	54.446317659821034
105.99637031546315	50.75913679391918
84.90058013728199	41.61477103388027
89.05533574847256	48.630755208153786
78.1721102324978	44.92364783413559
89.53824791414709	51.520455887512675
80.96850710350974	54.36701143578563
90.40443034187318	74.42939800500356
84.97175668203029	63.44635328141574
95.47251240735879	60.600664988298334
89.65550425008138	62.01341877137981
94.71532004942493	62.42998384756953
93.79006624275468	41.8510181409552
87.47185811330844	55.93880378946228
88.19189048919385	36.38820882644883
94.74036478470605	27.716330150882932
86.06582255467137	62.57874417541026
73.86780106229001	43.10437349437218
77.64030019883464	47.88478854414026
99.90087304899214	71.19600386932385
63.20422632180164	54.63113697760668
85.85818109181098	55.62503571466493
74.7157270675926	47.61217992847268
84.61185240070942	42.610840831466355
81.26390349620324	48.04573269505461
76.70246959411152	51.759785116545665
69.69884398063193	58.993690824434324
75.17842640098341	36.300201881655184
88.45727159453854	61.91867803463086
86.36906764677678	48.99971906789205
81.16838997291282	49.15802560032485
62.48365877520749	47.60248058632082
85.25900274985578	35.46522003154078
67.05743223503003	51.1911428476059
72.09605971837924	55.57373903859102
72.6034931072232	44.110676656903294
81.29946188116594	42.27209415715508
80.83687096965673	64.18504823696284
81.0401205849446	42.25950142970058
85.49889758307349	48.87560066163254
86.91868432154438	57.31342614314708
91.11714524247067	46.70731869957068
74.10430812526697	51.43741089113654
72.75743899658904	55.73711204512095
90.65087281493794	39.53854387509362
69.86723246188063	54.431204280707334
90.32819626762273	64.63907938982885
94.45560489588819	43.10480927349608
100.55890731850957	40.5387152052647
83.11043634926621	53.652667499241794
95.46067563010371	46.88939618088576
92.86452698768996	45.80407706204835
97.56596378266315	53.35617187857836
81.01017207481596	64.22689765849279
81.98822035936946	44.18659177973499
88.826189743853	55.63738756901569
81.1550423127845	43.86540248726715
89.32293994786059	45.1127254869294
78.67374641444069	42.754232394995036
68.4365384640484	50.782769068273765
70.22302367432125	49.888475963565256
89.96000476610237	71.18336367120732
94.97367433726383	66.9354513123102
103.93430106459671	67.97277957187447
100.08998909979505	65.34628477604721
91.12531418126602	75.66726094702037
97.8221963765647	60.373613487941384
88.8637278017308	57.496325998425974
81.42243274432145	57.1483171801725
79.39707396248556	75.87507769592693
99.42646041678746	62.656416248610476
79.76444911099223	73.29253594139786
87.1720032018907	57.341301295091085
103.02085729886903	79.07853544809068
95.5544530425329	55.7056804890348
110.70338654933647	55.63955681156874
90.34732519975023	80.96219453525913
102.8828894647533	60.02451708884589
87.0920465573283	59.32310452467757
76.9277324753948	68.53491057616347
73.99840212705848	89.08851265440576
96.21280706791099	71.42229038749883
87.30042963324051	63.78161268787177
104.68220059383773	65.20962248803572
85.75900383288551	62.69486877700147
63.57456134535549	58.078368375488836
111.82361366885664	66.98875992934275
83.18121209731869	58.10334428344118
81.44955448778103	52.63831084386126
100.03397669822178	85.58809586503102
96.94631090934831	63.05605990425333
96.13244481518812	60.71757846625333
105.01189469369206	90.654948606425
99.70380912140783	52.86975114953905
83.8586069475081	68.56214733121553
100.10713700571324	53.08289336040066
89.46278231083501	61.657995524952476
94.62724937565372	59.000412534700125
92.34920683528605	79.8468969353445
106.48478660396046	59.16819272696784
80.04655054487161	78.88508389428621
80.97467523904115	66.86854647769724
79.4132076495945	75.8456047000255
84.84383623153845	55.51767263596567
80.18637125969705	73.96341761077822
73.26127347948821	69.32664572796656
96.7507198848313	53.265986570097816
67.73076748877378	74.04627439852476
79.30393815610184	73.3809633684143
81.68237460147046	57.79258802055001
96.5322763638436	55.38387012526898
69.23677552976255	70.76582756035029
80.81458230804475	66.59267108108703
103.42831788875336	87.20794087166516
88.29348024898952	64.57512442448414
87.32123572455357	72.8890323679392
71.37152545787461	59.11060958641397
92.61490823414385	58.2915982220877
100.92230960224411	85.99177138541135
95.65162827953738	67.76759561506373
86.32276129278881	67.28341131934444
72.29161725192014	68.28597861915854
79.66368560045201	60.8250513342762
114.6830233750356	57.916645489312316
91.6247831017763	64.7282675054868
94.42577279136005	56.16565149329677
98.50949278525005	68.79232998898345
81.87146805130595	58.586951059642175
57.246856795323865	62.298257103695036
63.94046201585276	72.85800382214028
108.21015762832475	67.37430865214978
84.44705849116568	53.86646140235517
100.66580199502327	78.07520788395061
92.68315516877622	65.98951831630912
80.951891394161	43.786980958260045
93.78860867765147	80.25227272309606
64.96044179550104	79.85713831834917
94.7273879697112	67.2948406574713
92.57080462177404	77.49571445939843
79.86598045581499	75.56731254913838
92.99684333569246	63.46973031933534
104.38651370719305	80.72555975982911
79.52517704531742	61.989895741987844
90.09092438295954	57.10112655983612
91.28629258988921	83.7890593280199
88.52466775089044	57.91816337309766
89.42727014125872	82.78543802122189
110.06880358055848	70.30477834624715
101.47577532604654	67.67071322490331
81.40739681895165	92.38290339389314
82.09372284432308	78.05746143700047
93.74807227889282	56.33437425169875
103.70962095407964	49.256817540974495
86.77249800105442	51.93081188262628
84.41377368291421	52.53100335147969
85.24896335457842	84.5055204743472
93.76501279113475	51.521521800406745
76.81613250776205	56.87344451941449
94.55991307978506	57.108084657254985
75.80995759269985	67.94996745974636
88.26865834064847	75.27765428716614
84.5448315176987	52.64249925636682
89.74601106782035	72.43177803913335
89.33726350357439	42.640564651941446
82.37956655237953	68.64298199475125
94.33962209139801	77.1065777175287
74.46026164927713	67.77082078391152
76.20763979615919	68.37889476801038
95.27133861158339	74.39725622590637
87.33209028365056	61.25074640403957
94.68521487859556	62.73798780195114
76.16561950757277	59.5100003595943
78.65793039139211	68.15822032133784
101.16808228531256	47.90518808149314
94.13608725616263	89.13859735215357
84.03967466267429	69.60275286374346
87.28045761116277	72.31769764443926
103.09389821306684	77.71103550199769
93.41261964640837	62.7945092300929
87.70584913027096	84.11623773635266
89.94565494594096	50.2153568673688
95.48146636684487	37.44383378553597
97.32361496347033	61.153787844488285
96.2305043777662	52.46223062061149
89.33600746339513	64.0669858602834
89.6406137999435	62.759354075709396
89.43042556185036	71.31050158152574
88.45181240164148	76.31503935728499
107.75605190597372	52.810413082165894
93.31725155788031	73.4861297426885
62.83739205613979	70.26868463505477
89.07671554388156	73.43540222492565
88.74084230154166	57.434951320585
81.9162584074102	81.84803903016763
84.78336930221577	67.84321168073028
77.4981714648084	57.87712072786385
95.2776462995292	65.34327359315022
92.47537244265087	69.14232111125473
96.67934964564064	73.58524545281423
108.0404140632584	72.04387436998363
88.9710213668495	96.36017635806112
91.63689509922911	62.35446947968661
104.46759639703737	75.77243585482674
80.49335792747829	75.1783109015564
66.55385602102794	72.24876380395399
91.30394621721403	62.195916997952025
89.2290915892987	62.154946059311875
94.70709272280094	60.45697133887247
102.57356420365342	66.04688226876904
82.30521683143454	93.22793473277383
90.25032677094053	76.91503464211242
99.59501575355642	64.16769498026596
104.1090182396147	73.83362018704344
92.04671356005673	63.582247810348576
84.12963435586683	76.8591385948758
90.51381049997102	72.49051349383424
79.05318420296236	74.26689797404666
94.32855878480902	59.58262462202815
82.54180880430167	67.53716455171363
86.50787475765084	76.40965975318008
98.28422255554375	59.1309301211263
100.27704790573496	61.98929453095304
103.18185117971463	79.40039760885001
84.12945789315076	72.58589566386883
87.58174101470864	73.28302685094312
95.74092093323621	70.91793050563426
84.98967713791667	69.39700347218837
97.84486095467037	54.31593836089911
94.95038733615142	51.80622638475815
101.4277159907425	73.50570081860091
92.35340555092245	69.3272494702031
90.87265937381514	48.34520824828021
77.1720776316151	71.50017028732093
95.4675821067322	51.28031227924923
102.16799861340489	58.76908344162536
87.27307074767795	78.05684064414123
96.0625129427384	70.45990944123628
96.00752513107659	72.46084119332005
78.76393321874967	63.05315700992521
79.68141920059351	61.031132951817646
91.08116294454324	74.79515672498756
99.19987573301312	60.0041731485388
94.22810307179306	74.49971284253499
80.13954961699105	76.73323309869525
85.63953002024556	74.8333389727976
95.20416848781518	65.68065609371625
82.39772331093072	70.72402861063195
93.21137990559306	71.45226684913199
115.23926615497953	72.0015277053766
87.02535168254852	57.44305244142328
76.6112642934725	55.80764152411215
86.70622332968428	56.61956649135963
95.04313311537834	61.50915832690575
106.99093305197103	45.20920600347132
84.72369771578587	80.46285983813232
97.41831171025157	68.03238717610324
94.48461791532141	54.70916764878835
85.5148697590206	85.64680254782215
93.56536710693717	69.72410083960325
83.83273605995021	67.53757703155833
93.24640240032274	70.45255310619486
96.35231742566546	72.022318128796
108.05724902417134	67.59316122825311
90.1770477227929	73.18049885708695
85.49466445585321	81.33693802752421
107.90826146100261	51.987929485957736
98.76746461408821	72.69145969761794
96.84717480409641	60.261552351621205
92.1604942283546	63.64301863376118
93.74385351243372	50.0106129983334
104.42687710187872	76.93567051658178
85.66083078941571	72.7143485019678
99.81606718601405	72.47101140950346
69.20078497003514	64.82602716217308
82.64252374117557	74.70192982585607
95.06196011163925	70.33874380280116
83.77067850070921	71.63714889170627
92.28948011787062	64.67737340198867
71.62612050591467	67.44783827058573
83.28148218080788	65.75994802604421
99.38968631663762	64.46315443635741
97.46442342744605	68.05260556738547
83.19533847947157	69.01803398142904
81.76184999477857	62.773801373542476
97.66635487066465	62.46715393797253
107.18415231850085	66.54419841271448
96.32907835256779	77.24222429980388
102.11867599045334	71.14664197337227
94.09586462791822	57.40257942650272
84.88926563219974	63.96285994328176
86.65217841473822	40.99667942153095
97.91896563711904	57.27484544650004
84.61375860628308	74.33164304530646
83.37618806746914	59.73076111235049
87.9933877841063	82.51185138225021
84.34176489156997	65.63755304484289
80.82909731320551	85.18578242130636
78.38145746470313	73.81201727364991
70.1002921722401	57.5799060149737
98.66992026713505	77.47293607911303
72.99108770819953	67.40383851556165
97.94956496152454	59.25018917691905
68.28240872681668	76.65534145985384
69.7985196795953	69.59069923362706
105.90184831527812	63.793038541714566
102.54649568146439	60.05885167996876
86.47642753886575	80.61994071408581
70.66510507101027	54.20307727804988
92.39306616003195	65.98676464754162
72.47209382774979	67.50357815106776
89.85817999587533	73.43428864438314