18.97839106990599	93.04548204315877
10.526660913702324	51.05063584624597
40.09441356724271	25.209934413957274
42.33815641394098	35.63144196598532
35.766559641485514	98.2388074326007
38.01030396339875	9.660314984628737
11.604737538467884	95.6532621624145
41.21683464446469	84.88808332365655
41.51836541449167	9.201645515912404
34.831476901208404	92.0126498790039
36.85350633691432	27.05653708730341
60.86067619824474	31.345145463387347
55.965236589441716	89.60731335251565
49.15418773988237	11.406851798334127
49.46458710535764	17.93551880433912
51.78814731109054	75.2929667296795
45.05691729578078	44.02844702402532
47.1144196380649	10.932753487321381
76.57575062144075	87.51079576525797
79.0589455452429	40.74013033808289
72.12373783462242	98.5282013914134
68.27478511264309	57.1727328772955
70.62495257993582	64.17549524388332
62.03132489655948	92.73897497741416
64.58546858394797	10.689148060232226
49.55362594106069	10.872034108467107
49.78420794750132	69.46475926594478
43.265821272520654	31.362753615055016
45.802227769012575	81.88271707037481
39.24836966266866	11.92029363970343
41.465506723022045	72.69648527526908
41.68722160922935	49.074104143782655
35.15996633880039	27.756995154358716
37.84713748269831	89.9337404434139
67.63660354723105	40.47065640442382
69.78279331921306	37.52601100521131
60.94971503394779	24.28166224273029
63.698966345983756	67.96414122802946
56.66620408543206	13.386057854904461
58.97202857548332	5.313299103176494
52.58667083222705	12.437865658523842
84.57553824143154	57.320765102816104
84.93027910893332	78.92495765278176
87.56424015535646	43.811071108912174
80.90395742841807	76.26739138846607
83.38715235222023	29.496725961291002
74.58954844874812	48.11279497859159
77.17029644726654	14.708283977872043
70.687385629294	8.466697581978838
73.17944914854444	43.911138443767875
73.41003115498508	3.5038621260305924
4.403474914828548	62.98818880327077
6.939879936105498	14.50815225859055
0.4569676429179995	8.266567337912315
0.5367850019526295	55.202510661654586
93.20463883138609	60.61770462428183
95.7499139233263	94.3527743685657
88.83244340360241	19.5710550493945
89.48871651634612	64.48880684118609
92.06059591941623	47.86919102671739
75.54770668795389	79.12957907970552
77.66728919837607	27.53961923924557
71.28193145511979	34.66418579459293
73.35717246351545	66.99870188538728
64.60391301249977	1.6902964466485404
67.3176884675276	13.512354701736188
60.44456092504517	52.806159451310684
62.39564307237972	23.12920814961706
3.437155317829688	73.32723717211078
5.698636830639507	50.178954351637095
98.29554189648664	90.87331127948616
1.5304161477366107	19.079712542550112
30.87645539028465	16.861392241747843
33.590232320527456	28.68345049683549
26.76144775528648	83.0527793151557
28.863294550027028	65.03260984719748
22.300564897804897	11.855080127562006
24.366937310752277	60.97449140460722
15.702362339004559	25.817132628144925
17.981579567496002	68.09905795995458
0.9897876570408298	15.743791971348893
97.66622745130793	57.386342570793545
0.7059940779104371	57.860437931376374
92.94815680104084	76.95060378447475
95.24511269564381	85.66274021899764
88.39859093950625	74.60185940981957
90.63346519075624	2.808259197668551
21.201217844296625	75.96755776537985
23.4981737388996	84.67969419990274
14.753779932902294	2.586392099698175
17.112815995643317	91.8042607552501
10.142132428014703	18.73191107836908
12.811567856231006	15.47844673992599
6.089204961154576	66.42903184802094
8.084630085730575	51.827604615073014
37.62577695292609	76.34159021675185
39.87838987028761	69.97820110731408
33.12055259341801	89.06836696041246
35.76338076007447	37.16958818072193
28.437956324944086	41.49304890430519
30.79699091247015	31.71091755985711
24.73976972558572	11.794360748707733
25.09451206830245	33.39855182345842
56.46258222177138	65.22411725574071
57.10111666840354	44.711660895248954
59.6907347375852	93.5222532330636
53.11026936968145	73.91451683635975
55.300800643689975	86.04539255546302
46.39677359483835	9.080205282988887
49.181500763882454	84.62310352328463
42.574428134418866	16.370051210118405
45.155177608152236	81.9655387341839
45.44783830751596	23.063994637475638
28.606812519681768	81.36550900739041
31.063401657139046	84.94952913896792
26.052670307508222	64.41533592457233
26.416279770458285	69.23463181307217
19.481073535052758	28.02270139118773
22.168243203735727	90.19944668024291
15.61438362217685	20.23702324957154
17.79604630073707	49.15279563014063
47.51456507689843	34.96887455637239
47.97573056499466	53.15432339611278
41.182418906331904	40.38406999421459
43.70995680737552	8.688930111000191
37.138358559705104	71.29629557761558
39.47965743154954	95.08395608088418
32.659739986541894	33.668388237738554
34.86800992666196	12.22947505955508
64.45349977109893	51.818984729979626
73.4107383926403	28.074799409733664
75.10463127197436	89.15981145974486
68.3113196133116	76.38955805784667
70.80338313256205	12.833997444420746
54.27275523498815	77.66417734512555
56.55197393869456	20.946102676935187
50.21982776812803	26.361298114777387
52.30393737197199	41.910919019320886
52.561125164757506	50.14895861804598
46.29105916232902	37.06988627691722
48.33969438437981	20.759087926464144
42.0341525249432	74.81959780555377
44.073920626760675	75.29369464135155
73.5973303030596	34.37746914031716
75.95636636580062	24.595337795869078
69.47345407261312	18.353751399975874
71.61077524914685	32.193999711799265
64.83520078138066	84.85395741261432
65.08352145393285	10.876890722375315
58.52079180171072	56.69936247795481
60.86209067355516	80.48702003079347
90.6781610492178	79.66925338348075
93.20569895026144	47.97411202505139
86.43899455315851	83.84917306440063
86.78486682521199	23.238259325402176
88.91332088151236	53.86340282347642
82.54569885393771	27.41818048153701
84.88699625056721	51.205839509590646
77.94292141971339	26.778804273957064
80.61235537271472	23.525341410728924
11.011606187952511	19.59764851720655
5.92992459952039	34.34261531760288
8.306697853158008	89.99069360065309
1.3537529516409386	82.34855502648531
4.014316833979021	95.87998587429307
96.05250333701366	6.022742486376156
98.54456833147907	41.467181872950235
81.84543712038763	29.210371787636305
84.47052957136246	10.881383380447506
77.57966336276847	83.74497850252372
77.9344057054852	6.3491695772744166
71.14109404682245	92.57891617537622
75.29157606361379	58.247948356964926
68.53374026195915	77.33811421006331
68.8796140092276	16.727200471064865
1.2920256647230208	63.62829144730781
3.7308776112837148	1.7821019513870462
95.78680130521494	76.35506819096841
97.69354047530801	31.60259429574404
90.64304102385972	10.594302770335718
39.54209048090771	39.375158418979694
32.72217451111503	76.95959057583408
35.21423803036547	13.40403143762312
28.420926371702706	0.6337780357249347
30.487298784650093	49.75318931277015
24.039862348470724	75.37202217187351
25.990943020590304	45.69507234539485
9.602211174974137	39.96692779087095
11.641977801576639	40.441024626668735
2.995140020725505	70.71387547770473
5.194541365397267	66.0598574857721
97.42783549307937	2.934918525121337
0.9376376784413653	4.809569014408651
93.79172906185906	53.74196406576786
95.97339321563425	82.65773792155191
96.19510810184156	59.035356790065485
28.829233168329317	82.31406515960705
22.098001677804593	51.04954545395286
22.36405954125336	42.50268839121213
24.873858776185443	44.37733888049946
17.920913874668376	36.73520030633168
20.48392615750516	36.90047820289889
12.12088048056946	25.056681618692448
14.728235740647706	40.297485059220314
44.08314210342909	21.294268096952237
46.610680004472705	88.59912821373783
40.2519280475613	45.369007735117655
42.41585501043989	8.85457196340342
43.05438945707206	87.34211412769672
36.53600425730635	49.24010847680696
38.68219402928837	46.295463077594434
32.27023049968721	4.77471519169437
34.47850043980726	82.33580348872584
61.9532748940554	57.73037633814452
64.50741710622893	74.68054942096258
59.43460558846007	72.64062251032301
59.674056190349006	15.448451006334876
53.52815052419661	64.38084605769409
55.67434029617862	61.43619918326661
49.27124536202575	3.130557586330638
51.52385680417232	95.76716847689286
9.190372615716353	33.431951298043565
11.372035294276571	62.34772515382761
4.516646417905675	68.07173805568544
4.960073239890369	20.82697579271259
7.026447128052706	69.9463870697578
0.3040842329762762	21.896973653067704
2.4857483867514647	50.81274603363679
94.78112268257162	68.19354076923003
96.98052255202842	63.53952425251236
27.54827520556881	37.69882282022367
30.146761870198777	69.72451849657249
23.44213616601893	87.10531470738067
25.269057977077377	94.41689601319906
18.803882874786463	54.6055207200191
21.154048866864237	61.60828308660692
14.263184133485211	35.47187968389809
16.6044815301147	59.259537236736776
45.923916461532826	8.395902494687085
48.238608071817424	82.5382470814933
41.7911701604231	9.157079940596663
43.74225083254269	78.480130114118
37.26820861001844	55.45364853197393
39.520820052165	49.09025942253616
32.53240076885476	9.58770159337182
34.54556308432734	60.416483987922184
64.12218433331603	17.790885894167676
66.46348320516047	41.57854639743627
59.60809137835966	47.30256077450905
53.98542841801163	95.92613688663768
55.87443039720812	84.74345188870006
49.25849212272616	33.27529476178471
53.31141958958629	84.57817399213286
52.079043604353636	4.464080898928543
45.47197245010501	35.21102711054736
47.07717937495615	66.14499102306715
40.665217320569944	24.624243137167085
43.22822960340673	24.789521033734285
72.98222128614631	42.466019214962614
73.2660148652767	0.34937325493513005
66.40175591824256	22.858281343043817
68.93816241473446	73.37824627357855
62.35769557161575	53.770506926444796
64.9473136407974	3.58109926425943
65.28431879261755	58.755080711511845
59.14728024669851	90.9025805766202
61.692555338638705	25.637648845689117
89.19393410401676	49.67753761157017
91.37559825779194	78.59330999213927
85.18534813918312	13.450180974752778
87.74836042201991	13.615458871319978
87.91686226032252	90.70245033255367
81.3984770605568	52.600444681663895
84.15659696804106	79.49802848071222
77.56726152947405	76.67518431982931
79.66910979942958	58.6550148518711
62.51768317090514	11.427862215780882
65.0452195967338	78.73272085735152
58.553440183312965	89.27602964770918
58.7308120922788	50.57812592269201
51.99071200630579	36.09850140328867
54.340877998383576	43.10126524509144
47.65398948510031	26.912271083397915
49.90660240246183	20.548880498745174
79.6517254897531	55.01027534143931
82.38323961089249	33.262543224025244
75.39482032758225	92.7599853948609
75.74956267029899	15.364176469611595
78.36578505061057	13.82008324867366
71.65229222619739	47.98577317051774
74.33059477464703	27.94741364582379
67.50181020940605	82.31674098892903
67.78560231332148	40.20009355368659
97.48638389858625	59.585964327635025
1.235635210622212	4.268441837719243
93.71724853564155	65.16643618682949
95.89004409396844	11.867106704079337
96.28912941392663	48.546820372360784
89.31844732151298	74.47447217069472
92.05883003810065	35.94184634224476
85.05267356389382	30.009078885582145
87.65116022852378	62.03477603714592
18.57365522478091	57.798264204392964
18.635735392918956	39.30399790063694
12.161690219964791	16.277516318492893
14.848862839077666	78.45426160754808
7.824969173974259	7.091285998602134
10.512140317872188	69.26802981244236
10.707247942519658	96.00033571492348
3.9848865226581864	47.95092082301842
6.663187595892854	27.912561298324466
88.67139716065263	74.55729235928887
91.18119639558472	76.43194284857618
84.44996638027496	45.16742314292199
87.15487471506945	73.77437805947545
80.15758536109597	51.05671541656198
80.56553927650245	70.95153537380752
74.03828548128845	49.634424909168615
76.57469197778038	1.1543883644884005
7.115838844975884	25.66837249095229
9.19994697360489	41.217993395495775
45.89801643762819	83.32152533714273
39.122443445076975	36.98148303795778
39.423972739888995	60.295043754998666
34.59061182400906	1.0629468155859128
34.92761845104416	56.23692678762337
37.242310061328766	31.379271374429578
30.47560566422583	67.25433388899377
32.48876650448347	19.083116283544143
15.771898102495438	40.39609509551696
18.068852521883457	49.108231530039845
11.612547490255793	91.51195957539407
13.882896123298945	51.57878009345458
6.9122155061002495	77.50643189178852
9.599385174783208	40.683175705628756
2.77060060954223	95.05250599916391
5.111898006171709	19.8401635520026
34.635309157685604	77.9239380509682
36.692812975184694	44.82824451426426
29.88176412562534	65.62778296008275
32.26740597471124	5.490964581667137
25.438619934255303	59.86029339998735
28.099185291808354	73.39172424779511
21.28813791746396	94.19126121839864
23.345641734963046	61.09556768169471
52.95773589052994	50.33039031815172
53.29474251756504	6.50437029018918
46.536906715910405	25.594537618502514
48.74517518081551	4.155625915533994
41.880914758566405	26.664534003642668
44.124659080479624	37.08604008045575
37.28700591979035	9.240265560241776
39.575091743730084	34.737294230585604
39.841501013184015	87.97590728491139
33.49161912693586	27.96089162004034
36.01915555276453	95.26575026161098
29.50963894844711	40.37885089968531
29.74022095488775	98.97157458194803
59.06852300653921	31.323044653647486
61.64927100505762	96.91853365292793
55.21957175977483	88.96757613952958
57.294812768170516	22.30209075510898
50.767558972956515	0.9849817656850282
53.35717409170826	49.7955726282847
53.419254259846305	31.301306324528696
46.94521203732206	8.274826217599587
49.48161853381397	58.79478967291938
79.39524345940784	71.34317302641728
81.61238199497619	33.11936613719789
72.90346404598701	81.88648329198989
75.44873766271225	16.621551561058823
68.95695677407646	27.164861826631437
71.28051845502432	84.52230975197183
64.49607686702481	54.96716411425271
64.78873904160349	95.06562001754445
67.3872242310185	28.091317169108226
97.52256404281967	17.017320866334654
97.81522621739836	57.115778244841366
90.88001998199283	15.903849298171878
93.55832253044245	94.86548977347792
86.72066789453822	67.01971230283402
89.35462746574639	31.90582870939436
82.58792306864346	67.78089122395856
84.84053451079002	61.41750211452078
67.90195269780965	7.35286353319499
70.49157076699132	56.163455871009624
71.15671247518333	84.2963139517653
64.56737851183128	81.4734697908824
67.16586370124627	14.49916694244618
58.35052408209254	66.68502780746346
60.71842578985194	40.1180012767645
54.19117199463794	18.800890812125605
56.7807900638196	67.61148314994024
57.12666233587309	7.000569410941789
86.86291682771608	58.24685796467182
89.40819339487123	91.98192623374075
82.98736126982178	67.24607353409154
83.18246889446925	93.97837943657264
76.8148498173245	67.53315561941828
78.99651249588474	96.44892799998738
72.41604712798099	76.84119012806858
75.07661248553403	90.37262097587633
75.36927466011271	31.471078354383042
6.229689488231782	45.7288328253861
8.269457590049253	46.20293113639884
1.4938831222830697	98.86288736199894
4.172185670732695	78.82452783730498
96.44982277565626	30.775112945399933
98.51619518860365	79.89452422244514
92.08649594332087	71.94356670904679
94.21494704919134	3.5687116823359863
22.911436389646774	54.34090340026824
25.110836259103575	49.68688540833561
18.92058761570972	83.54375786616407
21.21754203509775	92.25589135025704
14.255728538132388	2.3986479623401267
17.031585636513228	94.72644138888673
10.13185230768591	85.37493169721381
12.260304888771335	17.000076670503002
12.730338972315865	18.40062884877758
94.99573337943126	73.28339950846708
97.00002709945555	41.89707708926831
90.27766420437912	92.84766219736325
92.6721716984834	15.925950107911728
87.71465192154234	92.682385776011
81.0011576219142	27.848074222640133
27.789491688773328	91.43399452549319
29.997761628893393	69.99508282252467
23.22218863634217	23.655039048124763
25.24421807204809	57.698926256424265
18.69035701527425	86.73650135053794
20.76559949888488	20.071018916547253
50.29787777063211	61.36989675404703
52.60370078546842	53.29713800231905
46.13852715839246	13.485761233924148
48.45321876867707	87.62810582073035
41.58895982164292	11.137015384053992
43.73514959362494	8.192368509626522
36.94183793496217	94.42211658294329
39.49598162235066	12.37228966576136
96.6059242558794	1.7923102239392112
96.87198064411321	92.2454531611985
90.31812106255433	22.283029730527122
92.80131598635649	74.51236430335207
85.98140001656381	13.096796460206448
86.60219874751434	26.154130472216423
89.09426079154983	61.598569858790505
82.55813840088754	57.06635605561741
85.11228208827603	74.01653061365043
15.369633901126202	41.64716217535676
17.515823673108212	38.702515300929285
11.130465929851926	45.8270833314916
13.250051390704018	93.2371220158167
6.5276884956275865	45.18770712391164
6.900166554025944	33.222107826160624
0.03590760699179585	55.7310159142693
2.758553132682893	50.768180458321055
32.61896796080197	65.02593640453907
32.90276153993236	22.909288969296632
35.43916803642427	73.42925242461642
28.619250591416623	12.013684581470802
31.137919897011958	96.10343988450727
24.35347830901244	66.54829129635822
27.102728145833446	11.230770281657392
20.185257626109543	35.44905096248619
20.406972512316848	11.826671306214717
50.196438576849594	61.363587267224645
52.68850062088509	96.80802812901369
46.32088154374034	70.36280283664436
48.67991613126641	60.58067149219628
41.64715387071471	6.00259106950119
44.11261160362029	91.80171601482785
36.70736980945527	49.189234889883785
38.818085199644116	14.384170235674706
22.110086868319335	18.912255336611633
24.611018983018084	37.571799536934854
18.066027996907497	49.82447944479767
20.354113820847225	75.32150959035644
13.516460660157954	47.47573507014247
14.030836245728985	63.9518098419478
16.54950555132432	49.04156514498426
9.561086268014082	9.539007315819918
12.221651625567123	23.07043816362768
41.58542805901175	86.28232601510874
44.2459934165648	0.8137568629165014
35.81200045125771	24.249121768716922
38.392748449776136	89.84461076799738
31.73246572283775	23.300928097121343
31.954180609045054	98.67854696563492
34.45511124852884	18.3380926411731
27.661801065081026	5.567839239274914
29.737042073476694	37.90235533006926
59.54424532890603	53.86948239379244
62.01857165725989	23.88371362808319
55.70416120237498	94.72911721820871
57.88582683136512	24.64488959877781
49.09709152334131	26.47606638025745
51.45612611086739	16.69393356059441
44.66281445220462	3.9236816339111815
47.27939118895129	64.16505705482477
40.929507827488166	4.150041389953738
43.43043994218691	22.809587065491915
36.48636363611813	97.38255330507329
36.93865905355112	33.35289733106453
66.34677846423722	12.6403092512913
68.99847375112701	42.95663528534991
63.84584634953846	92.98076357575312
66.06298340989186	54.75695521131877
57.20330081349667	91.86729200759034
59.97028931642922	2.9799806203877943
53.19471484866304	55.63993684598788
55.85528168143104	69.17136769379564
56.08586368787168	28.76409137605836
85.82211817971466	80.0103799297884
88.54476370540576	75.04754447384015
81.63616178113016	82.48092996841808
84.29672861389815	96.01235934101089
77.370388023511	38.0155366833055
79.64960672721739	80.29746201511514
70.96729308935812	78.70989213593961
73.15782731379657	90.84077080547281
3.89408180563955	43.08705935920284
7.964746463396263	60.82014821704927
98.21148553716563	94.51174130309558
1.7478920336575303	46.03170475841535
93.83929010938192	53.46509025299329
96.34022074886572	72.12463592853146
89.90165290813464	80.95857507659895
90.25639377563641	3.5627646761346705
92.50900669299793	96.19937556669689
75.56155628456926	58.91963217162196
77.84077498827565	2.2015575034316064
71.12728068864752	36.367247425275686
73.72576735327748	68.39294457683947
66.95906148095958	5.268007091403665
69.2648844957959	96.19524686446073
62.418362739658335	85.13436605528265
64.69758144336473	28.41628991187734
94.23872831056025	52.93027551355618
96.4913397527068	46.56688492890345
89.67142230769916	84.1513185609728
91.95064248662051	27.43324389278244
84.90901163062053	88.64005865633821
87.25030902725	13.427717684391846
80.81173971130397	22.26165535724436
82.46129108861153	68.27114186329489
13.419258991446867	95.89505076075345
15.485631404394246	46.01446203779867
8.73666272297294	48.319732704646185
10.971538449437881	75.52613396771012
4.506364822361925	35.71475719931521
6.821056432646527	10.85710178612142
98.6463981201371	26.837344343440073
1.9167482283952102	85.90416486150058
31.449025024927483	28.203045649430273
33.63069065391762	57.118818029999375
27.2187256491015	15.5980701440993
29.551155925497646	56.1706243584038
22.757845742049835	43.40037243172057
24.833086750445517	75.73488704729996
18.07524947357592	94.82505437561329
20.381073963627188	86.75229414867037
3.575519607156233	77.91422629836674
6.244955035372536	74.66076048470869
98.22106137026913	3.2977848757627433
1.5978331486917763	58.945863158812934
91.8179649609013	43.992141803611815
94.02623490102135	22.55322862542833
87.61427284663515	80.03248221474321
89.49440623038335	85.63469240305646
20.026684502130585	27.93357171577121
24.230376616396722	90.8932313046398
17.42819783750062	94.90787456420743
28.930710075767234	5.898760463460312
56.307929980084154	66.92718036163842
59.26115898743084	21.557067112737936
52.78711381447667	97.53058700580884
52.90240703051943	77.32694810933272
55.908844660125965	30.247465218142032
49.13327166757474	82.90742144374214
51.67854675951494	17.642489712811056
42.71243954252528	58.17156874409292
45.65679847920872	29.58635215665824
29.188250749772877	75.92226575360702
31.316703330858303	7.547410726896224
31.591628314540404	81.21565847790464
24.931345587602017	14.671977282243583
27.467752084093938	65.19194221277832
20.771994975362382	65.78784176212069
23.405956021785506	30.673956693466067
14.484191782037314	86.27855979349364
17.05607118510743	69.65894250381
46.9253546086748	67.13180326377714
49.53270986875305	82.37260522909006
49.82537204333174	23.471062607596764
43.395671322834	15.520106569413374
45.52412390391942	46.145250067487616
38.97026432236054	75.18282663681624
39.608800244207664	54.67036880110955
32.691329724483765	78.88865095715329
35.3696322729334	58.85028995724438
64.96399071281867	81.65490296620311
67.11904908024897	61.925360905524784
60.48537213965546	44.02699415111114
62.74685217725032	20.878711330637454
56.37923162489062	93.43348603826814
56.64528801312443	84.88662897552742
58.977718289520574	26.459183189831908
51.98929900621033	85.95662683588253
54.33059640283981	10.744284388721212
84.465936214641	98.67028808594765
79.02064516325882	9.59596194827406
79.18914700156141	86.68295193429279
81.76102787984648	70.06333464460913
75.45548749562484	25.123844523698754
77.938682419427	77.3531790965237
69.11447272961001	47.32393514779182
71.33161126517837	9.10012678335748
54.818720558501056	40.36051631156055
57.426074343364355	55.60131827687347
58.01140016773668	36.79823303388687
51.57282937657568	45.632172181954346
53.940734034765	19.065144176040445
47.466690337025796	95.03866406911135
48.1229634497695	40.95641586090292
41.143412761907555	83.66896284548773
43.74189942653752	16.6946599970515
73.54910268196684	32.66178853598963
74.00139809939982	67.63213108676591
76.34269697124427	91.41979011481955
70.02828651635936	63.26519518016003
72.52921863105811	81.92473938048325
65.74477556784363	52.36959226754916
67.89983541048889	32.64004873165587
60.42364485273754	25.306730571933635
63.17289616477351	68.98920808201785
92.60761988658952	96.92193444349205
95.08194621494339	66.9361656777828
86.31094809781615	35.197549136330814
88.90943476244611	67.22324628789458
82.7191846438373	2.080118745723047
16.258256376841093	58.08498380909864
9.411733145488572	47.024101524705614
11.94813964198048	97.5440649800254
5.181433769662589	34.41912601937463
7.815394816085722	98.30524242593496
37.232381347005145	60.80776063512583
37.46296335344578	20.400484317388557
40.017107040834276	37.350657400206615
33.64061789302628	27.690328769303115
35.82228057158651	56.60610262508716
29.454661494441773	30.160878807932793
29.623163332744365	8.247868793951527
22.741167194813634	64.32656872977688
25.188887736822622	84.69548404760525
84.96712877716655	38.348867133368536
87.459192296417	73.79330651994262
80.77230378313374	57.604310883034124
83.35305325686713	24.199798407099617
76.6306903617907	75.15038499040952
78.936513376627	67.07762476346659
79.34446729203349	86.97244324549717
72.7994763059229	0.2251246285749413
75.68175654968324	89.13417434489627
6.081004414491136	85.20648292658886
6.3559308733881945	59.87473067759728
98.80207129182932	88.91230577171095
2.59566558110674	48.670307350540874
94.10173783245881	74.9067780881054
96.78004185612339	54.868418563411446
90.21731220390127	1.690890318990931
92.71824284338506	20.35043451931415
93.09072385221333	8.384835221563122
23.826978344056307	59.631123775293155
26.372253435996516	93.36619351957704
19.915946929153897	36.769921564931266
20.40371672838005	4.60068337070412
13.938543101304095	63.78930807752416
16.510422504374212	47.16968931262555
16.81195327440119	70.48325150488141
10.160539142911098	86.15467512296948
12.377676203264498	47.93086823375008
42.30017267473657	43.694357876212095
44.83657769601353	94.21432133153188
38.09647908525547	79.73469681212853
40.100771330064816	48.34837439292976
33.334065457746924	84.22343690749396
33.839572447869664	18.484406865550135
26.815680257981214	46.1214312566042
30.584815620925905	40.54095644697982
13.708313976083582	66.98205156189803
16.005268395471603	75.69418799642091
9.194221021127207	96.49372349180949
11.50891263141181	71.63606955383065
4.662390875274247	60.57518726943761
98.63392233474686	73.61078442754375
1.9220081586865758	0.1078145731025435
30.664985861180664	50.26236988778859
34.49619991704846	26.187628774408207
27.75609983107544	11.708005730219826
66.90188836189277	74.18045298969515
69.15450127925429	67.81706535547232
62.21929356863381	26.605134933587873
64.92420190342831	55.212091325356305
58.148628910877086	8.872046075741444
60.41010894847194	84.72376325526777
53.66114174226559	87.02903392211527
55.73638127544631	20.36355001290964
38.98403996688007	9.816111045100861
41.2632571953715	52.09803785212546
35.08187714742594	69.17001217327315
35.2503804609435	47.25700363450683
37.98189458208288	25.509271517092767
30.993475298772644	85.00671516314338
33.72498941991202	63.25898452094429
26.67448996846374	42.25069299553596
29.423741280499712	85.93317050562017
56.960594427670934	42.833475576067876
59.56794821253422	58.074279016595746
53.04069441732022	36.75716855195685
55.479546363880914	73.91098053125103
47.97675149499964	17.93234645506642
50.53976377783644	18.09762582684859
43.7819279761818	37.187790204732
46.309464402010455	5.492648846302646
46.78836560578832	89.10830731354132
76.16987923012952	19.75040626773562
78.61759829692357	40.119321585563995
71.9041054725104	74.28501150740807
74.55580223461514	5.601337541466691
67.99307405760797	51.423809297046176
70.14813094982331	31.694268711582804
61.4303458806008	97.2462795774107
63.89580361350638	84.04540599795233
93.44581760093523	91.77449493816535
96.19507038818614	36.45697392346453
89.6500779268606	48.70965383132733
89.93387298120595	6.593006396084903
92.32838047531024	28.67129283141842
85.83659958667445	39.21460309699104
86.54608574732286	82.42298524649243
79.78824847045327	2.5131510995908117
82.32465496694518	53.03311603012555
66.03347619604526	60.67112295162724
66.29953258427908	52.12426588888653
61.04048203731102	6.56713936472995
63.771996158450406	83.81940724731588
63.860682112933326	14.970455384807298
57.74138075791085	13.54816487741393
59.96738641371254	57.53946132672873
53.315973757437405	73.21088642003176
53.67071462493918	94.81507749478244
83.46905076013516	28.567098269541514
85.97884999506725	30.44174875882884
86.65286029870754	41.789710178118696
80.25863543521793	65.6991719197169
82.68861878633032	20.637879085261957
76.27665525672916	78.11713267457685
76.49836866772151	54.494751543090416
69.90903470436946	51.67190738220752
72.55186287102593	98.773128602517
3.2881173628689138	51.019417156247044
5.434307134850923	48.074771757034526
5.726969309429608	88.17322913554123
98.30613718438015	63.43737791110698
1.638567460776311	5.009930650196515
94.12018078579564	65.90792499930676
96.69206166408073	49.288309184838056
89.73024816711536	58.43106579692114
90.15593927341843	44.75609390645001
22.49740216532752	27.936346372699823
24.68793343933603	40.06722356701806
17.672909844895877	50.91935277182126
13.735625524868704	41.198303286848514
6.197356274194265	52.35924995566734
8.56525945716862	25.792223424968395
2.1799017139123475	32.91679145553071
4.237407006626392	98.82109644361182
96.5859928751363	15.492521536914847
98.87407869907602	40.98955020725868
29.362013993581783	67.21290692644268
31.579152529150143	28.98909856200833
32.18221406920409	75.61622294652003
25.63722308309351	87.86890285438284
27.8543601434469	49.64509596516345
21.309369157336313	61.89777587302626
23.87237996495815	62.063053769593466
15.456124190547644	51.92862977810713
17.868370350763474	40.43712584093895
18.56011784530035	18.215298362942047
48.34071678959975	84.53711098541778
50.584459636298014	94.95861706223087
43.98625707749769	9.920669562813787
46.51379350332635	77.22552820438443
39.2061077343075	47.97919855546597
41.742514230799415	98.49916201078575
33.317388385725664	6.149633205550274
35.90700645490733	54.960225543364906
19.420720059359947	35.86592951281541
21.82409762412747	41.159320761898066
22.14336706026599	30.903092581652196
15.953116941657179	64.75996503948066
18.152518286328952	60.10594852276299
11.607525825003407	72.35862695541086
12.059822717651352	8.3289709814021
5.568041829015561	18.872281246974715
8.095579730059178	86.17713988854536
37.48596047463372	0.0343421812738387
39.99576118478076	1.9089926705611635
40.20860747553978	94.07150672532559
33.521718962256514	77.88251108841709
36.12907274711981	93.12331305373002
29.31802389756045	14.922850024333545
31.544031028577102	58.9141479488633
25.06998880605285	35.8876678419342
27.36694322544087	44.59980132602717
56.67750808619574	10.521063245443301
59.01880548282522	34.308720798281975
52.58910476232749	26.357763284883628
54.94814082506851	16.575631940435535
48.110486189164284	87.7298559450066
50.33649332018092	32.7211523943214
42.69180092412697	47.30084129815052
74.02439669580274	47.265990425866164
76.36569409243221	71.05364797870483
76.70269924425236	27.227627950742292
69.91825618103789	96.67248231302317
72.17086762318444	90.30909172837042
65.32434734226183	79.2482123944073
60.60627669199475	98.81247508330347
62.84115094324472	27.01887487115245
46.07994251444514	33.25633256480949
48.27047378845367	45.387211234342686
41.14015845318571	76.44297490997712
43.321821131745935	6.358750240976136
36.909857602144776	63.838000879861106
39.00283727665199	62.60272659815375
31.695150032418187	33.356396949235275
34.018710238151094	90.71384634979063
63.86138787537358	39.54139414372532
66.15834376997655	48.253527627818286
59.48919097237492	97.49474309362304
59.83506619485832	36.88382787940964
62.1852321869361	43.886591721212405
57.38734565284933	16.514912561581262
50.55856108760835	70.88423990468651
50.80688028494558	95.90717468966247
92.010172633262	26.28392988764881
94.13862521434743	56.909073385723055
87.62910713481506	2.0221725485824305
90.1300392495138	20.68171822412061
71.61285629802717	83.3284286963075
74.1137884127259	2.987974371845679
67.09876334307079	13.840103576648886
69.36911197611394	72.9069240947094
62.54919600632125	11.491356251563772
65.26297293656404	23.313415981866388
58.33663382139185	64.31659184894605
60.92625041535856	14.127184186760674
61.387415903454794	32.3126315512861
90.68024209809813	31.80368236798899
85.72272232115706	9.560116560873304
87.86004349769078	23.400366347911646
81.09333910058784	59.27542738726088
83.78937736471912	5.667276014850245
84.06430382361617	79.33552524107363
77.51044276684233	9.373100335187303
79.66550113427263	88.64355974972392
10.126830642433516	66.22160055244554
12.796266070649818	62.96813621400244
5.621606282925443	78.94837877132109
8.282173115693443	92.4798081439139
1.5332044342721347	94.78508028597638
3.5552353451930108	29.82896601906092
95.74418649563366	50.62850446487941
98.12095827405632	7.276582747929614
29.01684748396856	53.394756473929235
30.834900699578714	77.49123591642841
24.431805765425846	19.185592844277476
26.764236041822002	59.75814705858197
19.98866157405582	13.418103284182072
22.125982750589536	27.258353071220412
13.399326135488813	10.595260598514127
15.50117440544432	91.5750911305559
72.22976890991144	10.74560617273565
74.81938697909311	59.55619851055028
67.99060241385213	14.925525853655529
70.31416261958503	72.28297525421088
63.51198236547397	76.29761851377852
65.40098434467046	65.11493351584089
58.9890208150693	23.59418710515579
61.21502794608594	67.58548355447058
90.55219859318571	82.15205696470423
93.06199782811777	84.02670745399153
86.2420818583251	22.61114108606089
88.52129908681653	64.89306641787053
81.68364592612726	37.04728894722664
83.7943613163161	2.2422242930175575
76.99218253742	6.256867552585183
79.67935220610296	68.43361136642542
9.821415228555239	56.26788182460786
12.056290955020181	83.4742830876718
5.475824111901467	63.86654521575301
8.216206828489138	25.333919387303037
8.446788834929778	83.9266415943508
1.5204497197575844	25.929818936645404
4.118936384387538	57.95551608820917
96.56507532761371	86.99309265753782
0.19016777858854306	68.66410277513404
27.709285210078136	59.13419821808347
30.245690231355088	10.654164623833163
24.064308708194567	27.726138944980857
26.290317314426172	71.71743539429565
26.716006945514284	58.04246645425443
20.162147363955405	87.0800415483681
22.742895362473817	53.67552907243359
15.710134577137074	98.09744864973851
18.246539598414035	49.61741210505829
0.6694218635865341	16.065228409009286
3.312250030242991	63.16644962931878
5.875262313079786	63.33172900110093
36.52497918566695	68.73380747013269
38.69777474399384	15.434476512167599
39.38065364308242	9.997544220421563
32.906608470128255	85.9710626382775
35.26564453286929	76.18893129382943
28.738390737655287	54.87182230440548
29.20842334598486	56.27237448268004
22.61908938263281	53.449531797012106
24.783016345511406	16.935094550082923
54.696641271105285	29.48347937879578
57.33946943776174	76.5846991238903
57.60552582599555	68.03784206114958
51.264512535195685	90.2379341604576
53.87186632005897	6.478736125770517
45.08313248725012	8.30990995682024
47.63727469942366	25.260083039638314
41.030203545175034	56.007030726472095
43.19412903283867	19.492594954757855
25.803253277640263	29.45761234744082
28.357395489813808	46.40778543025889
21.989774937454108	19.962560137889568
24.135964709436116	17.017914738677057
17.759477036843084	7.357586107773552
18.069874927103395	13.886253113778533
20.40230520349954	54.45880732808303
13.342937156602963	50.23541098892556
16.012371109604306	46.98194812569743
45.411620449627144	43.054255232175045
47.77065651236816	33.27212388772696
41.23453412170587	28.739910084553877
41.935148736476094	88.73318594509117
35.4433678478403	0.27649621066378505
37.997511535228796	17.22666781826689
31.363834594635286	98.32830106385325
33.58984172565193	43.31959751316805
33.77608075485111	86.83679860190001
63.37043919473638	10.641410135643785
66.30592953597153	97.84109020967493
59.77867574075752	76.52397974503602
60.04473212899133	67.9771226822953
53.51747685856237	46.660013692871345
56.13370071408892	45.115920471933414
49.606446918874916	23.798810007294502
49.88137190255702	97.46705923351789
52.34682963546259	84.26618417884453
82.18063867723679	49.87862568381513
84.72591229396204	83.61369395288405
77.78183598789326	59.18666019246542
78.25187007143779	60.587213845954956
71.46742700822331	31.032065257805908
73.60474818475703	44.87231504484425
67.02428281685327	25.264575697710494
69.7735326536743	68.94705468300967
53.24290623131535	34.77723458371447
53.28724773334186	49.852758652460174
56.26708105181846	53.12795984480711
49.77530311361259	63.67127011037972
50.02362083573486	88.69420342014071
43.50523563596915	50.59219776925095
46.06824644359098	50.75747714103312
39.1951203763235	90.05128189060761
41.678313824910695	43.28061646343256
42.00645038128255	16.239493096935828
72.16839597942861	53.81080976019473
74.57177354419613	59.10420395970731
66.2087293424754	47.2604059002859
68.62097402747625	35.76890343833267
62.155800400400295	94.95752666993775
62.38638240684094	54.55025182741542
65.07355502595382	17.726997116470617
57.943238215470906	48.78276226732002
60.60380357302395	62.31419311512778
98.9070799618984	36.35168749407954
2.301590406432597	58.42997540462803
94.82754670869339	35.40349382248398
95.5281613234636	95.39677115823622
78.90884894662175	31.07590439666456
81.87981366965006	51.13600077526235
81.99510541047786	30.93236187878623