49.58390752121792	29.690470502736098
44.31598837880158	0.9182376896154187
46.50651965281009	13.049116359148604
46.50651965281009	13.049116359148604
46.50651965281009	13.049116359148604
77.5641889655888	38.3460147854259
77.5641889655888	38.3460147854259
79.74585311936397	67.26178864120995
79.74585311936397	67.26178864120995
72.20758386868953	78.42273531002877
72.20758386868953	78.42273531002877
68.74033363220688	70.10223947854557
68.74033363220688	70.10223947854557
61.76965153979324	96.02989127687951
61.76965153979324	96.02989127687951
63.38372853530764	11.17895852793347
63.38372853530764	11.17895852793347
58.68339507593713	96.17343084432792
58.68339507593713	96.17343084432792
58.68339507593713	96.17343084432792
60.58126565058191	68.2058521353544
86.32667284370281	49.654995154980284
79.3559892760742	75.5826484285292
79.3559892760742	75.5826484285292
79.3559892760742	75.5826484285292
83.2404163798467	49.79853619764366
83.2404163798467	49.79853619764366
76.26973428743305	75.7261879959776
76.26973428743305	75.7261879959776
78.16760338686288	47.75860781178913
78.16760338686288	47.75860781178913
72.89968424444653	18.98637499866845
72.89968424444653	18.98637499866845
72.89968424444653	18.98637499866845
3.3344079662625403	46.91910136014264
3.3344079662625403	46.91910136014264
7.147886306448706	56.4141535696939
7.147886306448706	56.4141535696939
0.24815297762138944	47.06264387802098
0.24815297762138944	47.06264387802098
1.7912812095494441	96.49087261908181
88.62362578787587	58.367130114288216
90.52149783773562	30.39954993009973
90.52149783773562	30.39954993009973
90.52149783773562	30.39954993009973
23.19109728601656	85.53867902985283
23.19109728601656	85.53867902985283
24.734225517944616	35.96690777091366
24.734225517944616	35.96690777091366
17.83449071390234	26.6153995544557
17.83449071390234	26.6153995544557
12.566570096271056	96.84316674133503
12.566570096271056	96.84316674133503
14.74823572526119	26.75893912190411
14.74823572526119	26.75893912190411
14.74823572526119	26.75893912190411
9.480315107629893	96.98670630878343
9.480315107629893	96.98670630878343
11.37818420705972	69.01912759980992
11.37818420705972	69.01912759980992
93.43960386929432	14.954487543269172
93.43960386929432	14.954487543269172
88.24263349046431	49.90309471535658
88.24263349046431	49.90309471535658
88.24263349046431	49.90309471535658
90.35334888065314	15.098028585932541
90.35334888065314	15.098028585932541
82.88602691835008	89.97981376474449
82.88602691835008	89.97981376474449
87.26709241679704	15.241569628595919
87.26709241679704	15.241569628595919
79.79977192970894	90.12335480740786
79.79977192970894	90.12335480740786
79.79977192970894	90.12335480740786
81.91048731989778	55.31829015319878
81.91048731989778	55.31829015319878
14.296293189048333	53.574065212979356
14.296293189048333	53.574065212979356
6.8289712267452725	29.4558503917913
6.8289712267452725	29.4558503917913
8.939686616934113	93.65078573758223
5.853431628292951	93.79432530503064
5.853431628292951	93.79432530503064
0.656459774248001	29.74293100190309
0.656459774248001	29.74293100190309
30.011366137029377	10.739714039635015
30.011366137029377	10.739714039635015
31.918105307122453	64.98724161962559
31.918105307122453	64.98724161962559
26.650184689491155	36.21500880650492
26.650184689491155	36.21500880650492
28.8318503184813	65.130781187074
28.8318503184813	65.130781187074
28.8318503184813	65.130781187074
21.293579592591904	76.29172785589283
21.293579592591904	76.29172785589283
16.66419489680773	27.007038682280413
16.66419489680773	27.007038682280413
18.207323128735784	76.43526742334124
18.207323128735784	76.43526742334124
47.63317973031845	22.152890446281255
47.63317973031845	22.152890446281255
47.63317973031845	22.152890446281255
51.77479315166152	4.606816338905856
51.77479315166152	4.606816338905856
44.23652390098708	15.767763007724684
44.23652390098708	15.767763007724684
46.418188054762254	44.68353686350873
46.418188054762254	44.68353686350873
41.15026743713097	15.911305525603009
41.15026743713097	15.911305525603009
41.15026743713097	15.911305525603009
34.250534108303654	6.559794358715124
34.250534108303654	6.559794358715124
38.064012448489805	16.05484509305143
38.064012448489805	16.05484509305143
21.187509328432515	42.495940207969625
21.187509328432515	42.495940207969625
22.73950763102383	75.13927376277961
22.73950763102383	75.13927376277961
17.826329356109262	67.97123202440962
17.826329356109262	67.97123202440962
17.826329356109262	67.97123202440962
10.855647263695609	93.89888382274357
10.855647263695609	93.89888382274357
12.469724259210002	9.047951073797527
12.469724259210002	9.047951073797527
7.7693907998395	94.04242486540693
7.7693907998395	94.04242486540693
9.383466320138934	9.191492116460907
9.383466320138934	9.191492116460907
9.383466320138934	9.191492116460907
38.73837563335022	89.18827662940778
38.73837563335022	89.18827662940778
33.51479651774543	75.49156788503282
33.51479651774543	75.49156788503282
35.41266856760519	47.523989176059295
35.41266856760519	47.523989176059295
28.44198647519153	73.45163949917828
28.44198647519153	73.45163949917828
28.44198647519153	73.45163949917828
32.326410628534106	47.66752874350772
32.326410628534106	47.66752874350772
25.35573001133541	73.59518054184166
25.35573001133541	73.59518054184166
56.48434661248549	63.61291747811209
56.48434661248549	63.61291747811209
58.59506200267433	28.807852823903005
58.59506200267433	28.807852823903005
51.13661011103452	86.9047428164641
51.13661011103452	86.9047428164641
51.13661011103452	86.9047428164641
55.517675609481465	12.16649868031552
55.517675609481465	12.16649868031552
48.33414870152375	44.93163642388503
48.33414870152375	44.93163642388503
49.87727693345182	94.35986516494587
49.87727693345182	94.35986516494587
45.24789223766764	45.075175991333445
45.24789223766764	45.075175991333445
45.24789223766764	45.075175991333445
70.99329795557358	26.524320486174283
73.10401334576243	90.71925435675024
73.10401334576243	90.71925435675024
65.92048643780471	24.484390625104787
65.92048643780471	24.484390625104787
65.92048643780471	24.484390625104787
60.65256729538838	94.71215928719907
60.65256729538838	94.71215928719907
62.83423144916355	24.627933142983125
62.83423144916355	24.627933142983125
47.58954251551725	31.648303661238618
47.58954251551725	31.648303661238618
49.771206669292425	60.56407751702267
49.771206669292425	60.56407751702267
49.771206669292425	60.56407751702267
42.241806014066285	54.94012899959062
42.241806014066285	54.94012899959062
37.612422793497075	5.655439825978209
37.612422793497075	5.655439825978209
39.155549550210175	55.08366856703904
39.155549550210175	55.08366856703904
31.972022642252462	87.84880631060855
31.972022642252462	87.84880631060855
31.972022642252462	87.84880631060855
36.35308666548445	13.110562174459977
36.35308666548445	13.110562174459977
65.21135610880634	43.06148006788486
65.21135610880634	43.06148006788486
67.32207149899519	8.256413938460819
67.32207149899519	8.256413938460819
62.098493858605345	93.55970666930081
62.098493858605345	93.55970666930081
55.19876052977803	84.20819550241292
55.19876052977803	84.20819550241292
55.19876052977803	84.20819550241292
59.01223886996419	93.70324623674922
59.01223886996419	93.70324623674922
51.82871196200649	27.46838398031873
51.82871196200649	27.46838398031873
53.939427352195324	91.66331932610964
53.939427352195324	91.66331932610964
85.0680439533454	81.68105478716511
85.0680439533454	81.68105478716511
85.0680439533454	81.68105478716511
78.0973633361467	8.608708060714031
78.0973633361467	8.608708060714031
79.72030745189444	5.972880125517128
79.72030745189444	5.972880125517128
75.01997399252392	90.96735391712653
75.01997399252392	90.96735391712653
76.63405098803831	6.116421168180508
76.63405098803831	6.116421168180508
76.63405098803831	6.116421168180508
69.66336889562466	32.04407296651445
69.66336889562466	32.04407296651445
2.075780551120092	78.94516246754243
2.075780551120092	78.94516246754243
3.618908783048147	29.373392683818228
3.618908783048147	29.373392683818228
95.71917545422083	20.021881516930353
95.71917545422083	20.021881516930353
0.5769952964334988	44.59245779522731
0.5769952964334988	44.59245779522731
0.5769952964334988	44.59245779522731
92.60631320401984	70.5201081183463
92.60631320401984	70.5201081183463
87.40934134997488	6.468715290433708
87.40934134997488	6.468715290433708
89.52005674016372	70.66365063622463
89.52005674016372	70.66365063622463
72.359761516191	40.22139171117031
72.359761516191	40.22139171117031
72.359761516191	40.22139171117031
76.17323985637717	49.71644097029165
76.17323985637717	49.71644097029165
69.27350652754984	40.36493127861873
69.27350652754984	40.36493127861873
70.8255033549262	73.00826630864366
70.8255033549262	73.00826630864366
66.19611865914203	23.723577135031242
66.19611865914203	23.723577135031242
66.19611865914203	23.723577135031242
58.65784940846758	34.88452380385006
58.65784940846758	34.88452380385006
60.83951356224277	63.80029618441916
60.83951356224277	63.80029618441916
91.89718287502146	89.09719756112636
91.89718287502146	89.09719756112636
93.79505344966626	61.129617376937894
93.79505344966626	61.129617376937894
86.82436988203764	87.05726770005688
86.82436988203764	87.05726770005688
86.82436988203764	87.05726770005688
81.60079371686277	73.36056043089687
81.60079371686277	73.36056043089687
83.78245787063794	3.276334286680921
83.78245787063794	3.276334286680921
78.51453725300664	73.50410147356024
78.51453725300664	73.50410147356024
80.69620140678184	3.4198738541293308
80.69620140678184	3.4198738541293308
80.69620140678184	3.4198738541293308
10.48352208651738	68.64995176234612
10.48352208651738	68.64995176234612
5.570343811602813	61.48191002397614
5.570343811602813	61.48191002397614
7.681059201791653	26.67684536976706
7.681059201791653	26.67684536976706
0.22260583493688513	84.77373536232815
0.22260583493688513	84.77373536232815
0.22260583493688513	84.77373536232815
4.603671333383836	10.035491226179579
4.603671333383836	10.035491226179579
96.13635084629573	84.91727640499153
96.13635084629573	84.91727640499153
98.24706623648457	50.112210275567485
98.24706623648457	50.112210275567485
30.375682837634656	40.12994868705287
30.375682837634656	40.12994868705287
23.405002220435957	66.05760048538681
23.405002220435957	66.05760048538681
23.405002220435957	66.05760048538681
25.302871319865787	38.0900217764133
25.302871319865787	38.0900217764133
20.079295154690907	24.39331155682337
20.079295154690907	24.39331155682337
22.190010544879748	88.58824690261429
22.190010544879748	88.58824690261429
16.993038690834798	24.53685259948675
16.993038690834798	24.53685259948675
16.993038690834798	24.53685259948675
0.04558975762108497	86.25710920441182
0.04558975762108497	86.25710920441182
1.659665277920519	1.4061764554657874
1.659665277920519	1.4061764554657874
95.95933181855001	86.40065024707519
95.95933181855001	86.40065024707519
97.85720386840975	58.43307006288673
97.85720386840975	58.43307006288673
90.32780173796866	52.80912154545468
90.32780173796866	52.80912154545468
90.32780173796866	52.80912154545468
85.69841851739943	3.5244323718422566
85.69841851739943	3.5244323718422566
87.2415467493275	52.9526611129031
87.2415467493275	52.9526611129031
17.667401875695216	97.67028266062815
17.667401875695216	97.67028266062815
21.480878740666412	8.165334870179402
21.480878740666412	8.165334870179402
21.480878740666412	8.165334870179402
14.581145411839097	97.81382517850648
14.581145411839097	97.81382517850648
9.313226269422758	69.0415923653858
9.313226269422758	69.0415923653858
11.184491057722678	91.42869773994991
11.184491057722678	91.42869773994991
4.284756253680403	82.07718952349194
4.284756253680403	82.07718952349194
4.284756253680403	82.07718952349194
34.43783325637816	37.4334013730017
34.43783325637816	37.4334013730017
26.89956400570372	48.59434804182052
26.89956400570372	48.59434804182052
26.89956400570372	48.59434804182052
28.8063031757968	3.8418741465961457
28.8063031757968	3.8418741465961457
24.105971191641256	88.83634646299059
24.105971191641256	88.83634646299059
25.720048187155648	3.985413714044566
25.720048187155648	3.985413714044566
55.074954549937026	83.98219675177647
55.074954549937026	83.98219675177647
55.074954549937026	83.98219675177647
49.877982695892065	19.930803923863895
49.877982695892065	19.930803923863895
51.988698086080916	84.12573926965482
51.988698086080916	84.12573926965482
46.791727707250914	20.074343491312305
46.791727707250914	20.074343491312305
48.90244162222479	84.26927883710323
48.90244162222479	84.26927883710323
48.90244162222479	84.26927883710323
41.692308927922205	68.38910213942532
41.692308927922205	68.38910213942532
4.26199887274638	96.49364727601042
4.26199887274638	96.49364727601042
6.3727142629352205	61.68858262180135
6.3727142629352205	61.68858262180135
97.90539230063216	37.57036632539834
97.90539230063216	37.57036632539834
3.286457799079111	61.83212366446472
3.286457799079111	61.83212366446472
3.286457799079111	61.83212366446472
94.81913731199101	37.713907368061705
94.81913731199101	37.713907368061705
96.93872129762813	85.12394752760177
96.93872129762813	85.12394752760177
92.02554302271358	77.95590578923179
92.02554302271358	77.95590578923179
21.812862227234174	44.185983697448584
21.812862227234174	44.185983697448584
21.812862227234174	44.185983697448584
23.994526381009354	73.10175755323263
23.994526381009354	73.10175755323263
18.72660723859301	44.329526215326915
18.72660723859301	44.329526215326915
20.908271392368192	73.245298595896
20.908271392368192	73.245298595896
15.640350774736904	44.473065782775336
15.640350774736904	44.473065782775336
15.640350774736904	44.473065782775336
8.714011659564711	85.47624164985498
8.714011659564711	85.47624164985498
10.611880758994538	57.508662940881464
10.611880758994538	57.508662940881464
41.66955154698819	82.80556136715876
41.66955154698819	82.80556136715876
43.851215700763376	12.72133374772785
43.851215700763376	12.72133374772785
36.31294497487398	23.882280416546678
36.31294497487398	23.882280416546678
36.31294497487398	23.882280416546678
31.68356175430476	73.59759124293426
31.68356175430476	73.59759124293426
33.226688511017855	24.025821459210047
33.226688511017855	24.025821459210047
26.335823777638833	96.88941658128627
26.335823777638833	96.88941658128627
30.149302117825	7.384465840407604
30.149302117825	7.384465840407604
30.149302117825	7.384465840407604
59.29136366506232	94.21873629859004
59.29136366506232	94.21873629859004
61.40207905525116	59.41367164438096
61.40207905525116	59.41367164438096
56.2051072012062	94.36227734125342
56.2051072012062	94.36227734125342
49.2344265840075	21.28992766437241
49.2344265840075	21.28992766437241
49.2344265840075	21.28992766437241
53.118852212565045	94.50581690870183
53.118852212565045	94.50581690870183
46.192513097392855	36.508994250996444
46.192513097392855	36.508994250996444
47.735641329320906	85.93722299205729
47.735641329320906	85.93722299205729
32.845696213606296	15.561784585063466
32.845696213606296	15.561784585063466
25.87501264597768	41.48943785861237
25.87501264597768	41.48943785861237
25.87501264597768	41.48943785861237
27.489089641492072	55.63850658488129
27.489089641492072	55.63850658488129
22.788757657336518	41.632977426060776
22.788757657336518	41.632977426060776
24.402834652850924	55.782046152329706
24.402834652850924	55.782046152329706
17.441019680670603	64.92480276441279
17.441019680670603	64.92480276441279
17.441019680670603	64.92480276441279
48.56963775703563	54.94253970068322
48.56963775703563	54.94253970068322
50.68035314722447	20.137475046474137
50.68035314722447	20.137475046474137
43.49682623926676	52.90261279004365
43.49682623926676	52.90261279004365
47.31030310423797	62.397663524379944
47.31030310423797	62.397663524379944
47.31030310423797	62.397663524379944
40.41056977541065	53.04615383270703
40.41056977541065	53.04615383270703
35.14264915777935	24.27392101958635
35.14264915777935	24.27392101958635
37.297709000424625	4.544380434122975
37.297709000424625	4.544380434122975
66.15597696853155	34.49529537711794
66.15597696853155	34.49529537711794
70.53704099176353	58.75705124096936
70.53704099176353	58.75705124096936
70.53704099176353	58.75705124096936
63.35351408380583	91.52218898453887
63.35351408380583	91.52218898453887
64.89664231573389	41.950419200814665
64.89664231573389	41.950419200814665
60.267259095164675	91.66572855198729
60.267259095164675	91.66572855198729
52.72898836927528	3.8266752208061146
52.72898836927528	3.8266752208061146
52.72898836927528	3.8266752208061146
54.91952111849874	15.9575538903393
54.91952111849874	15.9575538903393
85.97719043127745	41.25445379183156
85.97719043127745	41.25445379183156
88.15885458505262	70.1702276476156
88.15885458505262	70.1702276476156
82.89093396742133	41.397994834494924
82.89093396742133	41.397994834494924
82.89093396742133	41.397994834494924
75.70740705946362	74.16313110284948
75.70740705946362	74.16313110284948
77.81812244965246	39.3580664486404
77.81812244965246	39.3580664486404
72.6211505956075	74.30667214551286
72.6211505956075	74.30667214551286
74.77621043825276	54.57713156004949
74.77621043825276	54.57713156004949
57.26117139634835	2.530681560244474
57.26117139634835	2.530681560244474
57.26117139634835	2.530681560244474
52.63178817577915	52.245992386632054
52.63178817577915	52.245992386632054
54.17491493249224	2.6742226029078418
54.17491493249224	2.6742226029078418
46.991389499749495	35.43936034647736
46.991389499749495	35.43936034647736
51.37245352298147	59.70111473511382
51.37245352298147	59.70111473511382
51.37245352298147	59.70111473511382
43.90513303589337	35.58290138914072
43.90513303589337	35.58290138914072
46.01584842608222	0.777835259716685
46.01584842608222	0.777835259716685
77.15333509789555	73.01067848495121
77.15333509789555	73.01067848495121
70.1826530054819	98.93832880807021
70.1826530054819	98.93832880807021
70.1826530054819	98.93832880807021
74.06707863403943	73.15421805239963
74.06707863403943	73.15421805239963
67.09639506641082	0.08187132594853075
67.09639506641082	0.08187132594853075
68.99426711627056	71.11429114176006
68.99426711627056	71.11429114176006
63.726346498639266	42.34205832863938
63.726346498639266	42.34205832863938
93.12559731387707	38.41436691033197
93.12559731387707	38.41436691033197
93.12559731387707	38.41436691033197
94.7396728341765	52.56343416138593
94.7396728341765	52.56343416138593
90.03933937480599	38.55790647778038
90.03933937480599	38.55790647778038
91.65341637032039	52.70697520404931
91.65341637032039	52.70697520404931
84.68273575312169	78.6346255271683
84.68273575312169	78.6346255271683
84.68273575312169	78.6346255271683
79.76955747820712	71.46658378879832
79.76955747820712	71.46658378879832
81.31268571013518	21.894814005074103
81.31268571013518	21.894814005074103
11.738540836502903	66.61243702801411
11.738540836502903	66.61243702801411
15.56088629692239	59.32259110088459
15.56088629692239	59.32259110088459
15.56088629692239	59.32259110088459
8.661152968095074	49.97108140921167
8.661152968095074	49.97108140921167
3.3932338256787453	21.198848596090993
3.3932338256787453	21.198848596090993
5.574896504238965	50.11462245187504
5.574896504238965	50.11462245187504
97.03662872877949	61.27556912069386
97.03662872877949	61.27556912069386
2.204847936467421	92.37481092978085
2.204847936467421	92.37481092978085
2.204847936467421	92.37481092978085
84.30174050528021	70.17059012823667
84.30174050528021	70.17059012823667
85.84486873720826	20.598818869297506
85.84486873720826	20.598818869297506
81.21548551663905	70.31412969568508
81.21548551663905	70.31412969568508
73.67721479074964	81.4750763645039
73.67721479074964	81.4750763645039
73.67721479074964	81.4750763645039
75.85887894452485	11.390850220287959
75.85887894452485	11.390850220287959
70.59095832689354	81.61861888238224
70.59095832689354	81.61861888238224
72.48882890153833	53.651038698193766
72.48882890153833	53.651038698193766
2.843736739534661	34.64782321114064
2.843736739534661	34.64782321114064
96.65563348093801	52.81153224654727
96.65563348093801	52.81153224654727
96.65563348093801	52.81153224654727
98.76634887112684	18.006467592338193
98.76634887112684	18.006467592338193
93.56937701708189	52.95507328921065
93.56937701708189	52.95507328921065
95.68009240727073	18.150008635001573
95.68009240727073	18.150008635001573
88.21277192018262	93.03179233859856
88.21277192018262	93.03179233859856
88.21277192018262	93.03179233859856
20.83802839122211	34.09539736960595
20.83802839122211	34.09539736960595
22.709293179522017	56.482504219385
22.709293179522017	56.482504219385
15.241971217218957	32.36428939819696
15.241971217218957	32.36428939819696
19.623036715665908	56.62604378683342
19.623036715665908	56.62604378683342
19.623036715665908	56.62604378683342
12.155716228577806	32.507828965645366
12.155716228577806	32.507828965645366
14.266431618766646	96.70276283622132
14.266431618766646	96.70276283622132
9.069459764721685	32.651370008308746
9.069459764721685	32.651370008308746
38.42436760271803	13.648154521255615
38.42436760271803	13.648154521255615
40.322236702147855	84.68057433706714
40.322236702147855	84.68057433706714
40.322236702147855	84.68057433706714
35.06318615517981	39.12344633769561
35.06318615517981	39.12344633769561
37.24485030895499	68.0392187182647
37.24485030895499	68.0392187182647
31.9769296913237	39.266985905144026
31.9769296913237	39.266985905144026
25.077196362496384	29.915477688686067
25.077196362496384	29.915477688686067
25.077196362496384	29.915477688686067
26.62032459442444	79.3437064297469
26.62032459442444	79.3437064297469
12.014171582625258	65.85162058751064
12.014171582625258	65.85162058751064
13.885436370925166	88.23872743728971
13.885436370925166	88.23872743728971
6.3471671202507265	0.3996741061085216
6.3471671202507265	0.3996741061085216
6.3471671202507265	0.3996741061085216
1.7177838996815102	50.114984932496114
1.7177838996815102	50.114984932496114
3.260912131609565	0.5432151487719004
3.260912131609565	0.5432151487719004
95.36117732756729	90.19170398188402
95.36117732756729	90.19170398188402
0.17465566775345565	0.6867561914352681
0.17465566775345565	0.6867561914352681
29.60051226933613	45.40437773916032
29.60051226933613	45.40437773916032
29.60051226933613	45.40437773916032
24.332591651704828	16.63214492603964
24.332591651704828	16.63214492603964
26.239330821797918	70.8796695556003
26.239330821797918	70.8796695556003
19.268647254169306	96.80732282914923
19.268647254169306	96.80732282914923
23.153074357941797	71.02321207347865
23.153074357941797	71.02321207347865
23.153074357941797	71.02321207347865
16.182392265528144	96.95086387181259
16.182392265528144	96.95086387181259
17.796469261042535	12.09993112286655
17.796469261042535	12.09993112286655
49.421725732082024	52.163534678658976
49.421725732082024	52.163534678658976
41.92779945864904	78.4000054162235
41.92779945864904	78.4000054162235
41.92779945864904	78.4000054162235
43.82566855807887	50.43242670724999
43.82566855807887	50.43242670724999
39.12533657392331	36.42689902364444
39.12533657392331	36.42689902364444
40.739413569437716	50.57596627469841
40.739413569437716	50.57596627469841
33.768730001809104	76.50361807303236
33.768730001809104	76.50361807303236
64.89734955338909	66.52135648451774
64.89734955338909	66.52135648451774
64.89734955338909	66.52135648451774
67.00806494357793	31.71629183030866
67.00806494357793	31.71629183030866
61.819960209766315	49.880000865715296
61.819960209766315	49.880000865715296
63.93067559995516	15.074936211506216
36.14585613666684	94.93716647314905
40.59786892348516	83.91975937177864
40.59786892348516	83.91975937177864
33.05959967281072	95.08070604059746
33.05959967281072	95.08070604059746
35.214658040241034	75.35116397991912
35.214658040241034	75.35116397991912
30.301481240541424	68.1831237167641
30.301481240541424	68.1831237167641
30.301481240541424	68.1831237167641
22.763210514652027	79.34407038558291
22.763210514652027	79.34407038558291
24.944874668427204	9.259844241366965
24.944874668427204	9.259844241366965
56.0025439812059	34.556742667644265
56.0025439812059	34.556742667644265
58.184208134981084	63.47251504821335
58.184208134981084	63.47251504821335
52.92515611279808	17.91538704884182
52.92515611279808	17.91538704884182
52.92515611279808	17.91538704884182
46.02542278397076	8.563877357168893
46.02542278397076	8.563877357168893
47.56855101589881	57.99210757344469
47.56855101589881	57.99210757344469
42.65537421619921	50.824067310289664
42.65537421619921	50.824067310289664
44.76608960638806	16.019001180865622
44.76608960638806	16.019001180865622
44.76608960638806	16.019001180865622
73.62435757449498	45.96991759907554
73.62435757449498	45.96991759907554
68.92402411512448	31.964389915470004
68.92402411512448	31.964389915470004
70.53810111063888	46.11345864173892
70.53810111063888	46.11345864173892
63.61176199546668	87.11663450881858
63.61176199546668	87.11663450881858
63.61176199546668	87.11663450881858
67.42523886043787	96.61168376793991
67.42523886043787	96.61168376793991
60.241711952480166	30.376821511509426
60.241711952480166	30.376821511509426
62.35242734266902	94.57175685730034
62.35242734266902	94.57175685730034
93.48104394381909	84.58949526878573
93.48104394381909	84.58949526878573
93.48104394381909	84.58949526878573
86.51036332662039	11.517147067119675
86.51036332662039	11.517147067119675
90.40365755062624	67.94813964998329
90.40365755062624	67.94813964998329
83.43297693342754	93.87579144831723
83.43297693342754	93.87579144831723
85.04705245372696	9.02486017458615
85.04705245372696	9.02486017458615
80.34671899435645	94.01933249098062
80.34671899435645	94.01933249098062
80.34671899435645	94.01933249098062
63.18642377038374	63.57707356592629
63.18642377038374	63.57707356592629
64.72955200231179	14.005303782202077
64.72955200231179	14.005303782202077
60.10016878174258	63.720614608589656
60.10016878174258	63.720614608589656
61.643295538455675	14.148844824865446
61.643295538455675	14.148844824865446
61.643295538455675	14.148844824865446
54.716956423283484	55.15201921673015
54.716956423283484	55.15201921673015
49.51998604445349	90.10062638881756
49.51998604445349	90.10062638881756
51.63070143464233	55.29556173460848
51.63070143464233	55.29556173460848
80.77276445709461	43.129829242361
80.77276445709461	43.129829242361
80.77276445709461	43.129829242361
84.58623984685086	52.62488145191226
84.58623984685086	52.62488145191226
77.68650651802355	43.27337028502438
77.68650651802355	43.27337028502438
72.4274559710555	96.71624228565285
72.4274559710555	96.71624228565285
74.60912012483067	26.632016141436893
74.60912012483067	26.632016141436893
67.07085087415624	37.79296133504075
67.07085087415624	37.79296133504075
67.07085087415624	37.79296133504075
71.52286366097456	26.775555708885303
71.52286366097456	26.775555708885303
1.3101828654951544	92.00563509231705
1.3101828654951544	92.00563509231705
3.208053440139939	64.03805490812859
3.208053440139939	64.03805490812859
97.50771998076942	50.032528699737995
97.50771998076942	50.032528699737995
97.50771998076942	50.032528699737995
90.04040096889628	25.914312403334982
90.04040096889628	25.914312403334982
92.19545786111163	6.1847718178716065
92.19545786111163	6.1847718178716065
86.92753724348034	76.41253900475094
86.92753724348034	76.41253900475094
89.10920287247048	6.328312860534985
89.10920287247048	6.328312860534985
21.166872185249176	31.625211286812284
21.166872185249176	31.625211286812284
21.166872185249176	31.625211286812284
13.983345277291466	64.39035050559676
13.983345277291466	64.39035050559676
16.094060667480306	29.585284376172716
16.094060667480306	29.585284376172716
10.90595593366868	47.7489948867943
10.90595593366868	47.7489948867943
13.016671323857532	12.943928757370262
13.016671323857532	12.943928757370262
13.016671323857532	12.943928757370262
5.549350836769419	87.82571541139718
5.549350836769419	87.82571541139718
89.87225201181381	10.612791059167789
89.87225201181381	10.612791059167789
91.48632605689829	24.76185831022176
91.48632605689829	24.76185831022176
84.5156454396996	50.68951010855571
84.5156454396996	50.68951010855571
84.5156454396996	50.68951010855571
88.68386464738754	81.7887519176427
88.68386464738754	81.7887519176427
81.14559539671309	92.94969858646151
81.14559539671309	92.94969858646151
83.30065376414339	73.22015800099814
83.30065376414339	73.22015800099814
78.10368191009843	9.16876369787059
78.10368191009843	9.16876369787059
78.10368191009843	9.16876369787059
8.45858974809478	89.16554673560252
8.45858974809478	89.16554673560252
12.343015376652314	63.381435979931936
12.343015376652314	63.381435979931936
5.37233328423866	89.30908777826588
5.37233328423866	89.30908777826588
7.270203858883456	61.34150906929237
7.270203858883456	61.34150906929237
2.0022832412521585	32.5692762561717
2.0022832412521585	32.5692762561717
2.0022832412521585	32.5692762561717
94.11141850787314	6.432869903032953
94.11141850787314	6.432869903032953
95.65454673980119	55.8611015945237
95.65454673980119	55.8611015945237
28.350751974427013	60.64554366030926
28.350751974427013	60.64554366030926
29.893880206355067	11.073772401370087
29.893880206355067	11.073772401370087
29.893880206355067	11.073772401370087
22.99414687752775	1.7222627096971725
22.99414687752775	1.7222627096971725
17.726226259896453	71.9500298965765
17.726226259896453	71.9500298965765
19.624096834541238	43.982449712388025
19.624096834541238	43.982449712388025
12.697757719369045	84.98562705468264
12.697757719369045	84.98562705468264
16.51123458434025	94.48067631380397
16.51123458434025	94.48067631380397
16.51123458434025	94.48067631380397
45.937091185922924	40.19829933674398
45.937091185922924	40.19829933674398
40.66917056829163	11.426066523623298
40.66917056829163	11.426066523623298
42.850834722066814	40.341840379407344
42.850834722066814	40.341840379407344
35.312565471392375	51.502787048226175
35.312565471392375	51.502787048226175
35.312565471392375	51.502787048226175
39.4807846790803	82.6020273820982
39.4807846790803	82.6020273820982
32.51897118211494	91.74478399418129
32.51897118211494	91.74478399418129
34.133048177629334	6.89385272045021
34.133048177629334	6.89385272045021
92.87480499756904	75.89315163239527
92.87480499756904	75.89315163239527
85.40748303526598	51.77493533599227
85.40748303526598	51.77493533599227
85.40748303526598	51.77493533599227
87.51819842545483	16.96987068178318
87.51819842545483	16.96987068178318
82.32122804662482	51.91847490344068
82.32122804662482	51.91847490344068
84.43194343681367	17.113410249231602
84.43194343681367	17.113410249231602
77.22181074251108	1.2332350267686438
77.22181074251108	1.2332350267686438
77.22181074251108	1.2332350267686438
9.350427343661162	90.25097196303908
9.350427343661162	90.25097196303908
11.461142733850002	55.44590583361503
11.461142733850002	55.44590583361503
6.2641723550199995	90.39451300570245
6.2641723550199995	90.39451300570245
8.37488774520885	55.58944835149337
8.37488774520885	55.58944835149337
8.37488774520885	55.58944835149337
0.9075657829057906	31.471232055090354
0.9075657829057906	31.471232055090354
95.20723379875024	17.465704371484804
95.20723379875024	17.465704371484804
97.11397296884331	71.71323047626043
97.11397296884331	71.71323047626043
26.901292173363903	37.943308384477234
26.901292173363903	37.943308384477234
31.353306435397194	26.925902758321786
31.353306435397194	26.925902758321786
31.353306435397194	26.925902758321786
23.815035709507793	38.0868494271406
23.815035709507793	38.0868494271406
25.996699863282974	67.00262180770969
25.996699863282974	67.00262180770969
20.72878072086663	38.23038899458901
20.72878072086663	38.23038899458901
13.80244013047948	79.23356633688363
13.80244013047948	79.23356633688363
13.80244013047948	79.23356633688363
15.700310705124277	51.265986152695156
15.700310705124277	51.265986152695156
46.757980017902966	76.5628860541874
46.757980017902966	76.5628860541874
48.939644171678154	6.478658434756499
48.939644171678154	6.478658434756499
43.671725029261815	76.70642562163583
43.671725029261815	76.70642562163583
43.671725029261815	76.70642562163583
36.77199022521954	67.3549159299629
36.77199022521954	67.3549159299629
38.3151184571476	17.783146146238693
38.3151184571476	17.783146146238693
33.68573523657838	67.49845697262627
33.68573523657838	67.49845697262627
35.23773206395474	1.1417905274362508
35.23773206395474	1.1417905274362508
18.07743683998201	69.69953160238192
18.07743683998201	69.69953160238192
18.07743683998201	69.69953160238192
13.3771033806115	55.69400539399133
13.3771033806115	55.69400539399133
14.991180376125891	69.84307412026027
14.991180376125891	69.84307412026027
8.020498283712238	95.77072591859421
8.020498283712238	95.77072591859421
11.90492538748474	69.98661368770867
11.90492538748474	69.98661368770867
11.90492538748474	69.98661368770867
4.978586272312548	11.989789554788327
4.978586272312548	11.989789554788327
36.03625410987628	37.286689456280584
36.03625410987628	37.286689456280584
37.93412468452107	9.319109272092113
37.93412468452107	9.319109272092113
30.96344259210742	35.24676107042606
30.96344259210742	35.24676107042606
30.96344259210742	35.24676107042606
34.84786822066496	9.46265031475548
34.84786822066496	9.46265031475548
27.8771861282513	35.39030063787447
27.8771861282513	35.39030063787447
29.491263123765705	49.5393693641434
29.491263123765705	49.5393693641434
24.790931139610148	35.533843155752805
24.790931139610148	35.533843155752805
53.658066227950414	48.69986438771186
53.658066227950414	48.69986438771186
53.658066227950414	48.69986438771186
55.76878161813925	13.894799733502783
55.76878161813925	13.894799733502783
50.85560481843965	6.726756519917844
50.85560481843965	6.726756519917844
52.39873305036771	56.15498821140859
52.39873305036771	56.15498821140859
45.49899972154039	46.80347704452072
45.49899972154039	46.80347704452072
45.49899972154039	46.80347704452072
40.231079103909096	18.031244231400038
40.231079103909096	18.031244231400038
42.386137471339396	97.30170364593667
42.386137471339396	97.30170364593667
73.51475554770444	87.3194405822071
73.51475554770444	87.3194405822071
75.62547093789327	52.51437592799801
75.62547093789327	52.51437592799801
75.62547093789327	52.51437592799801
68.44194402993557	85.27951367156753
68.44194402993557	85.27951367156753
63.174023412304265	56.50728085844685
63.174023412304265	56.50728085844685
65.35568756607945	85.42305323901593
65.35568756607945	85.42305323901593
57.817418315405014	96.58399990783477
57.817418315405014	96.58399990783477
57.817418315405014	96.58399990783477
62.269432577438295	85.56659428167931
62.269432577438295	85.56659428167931
44.763262130982184	16.7352505708384
44.763262130982184	16.7352505708384
46.94492628475736	45.65102295140749
46.94492628475736	45.65102295140749
41.67700714234102	16.878790138286806
41.67700714234102	16.878790138286806
34.49348023438331	49.64392788185632
34.49348023438331	49.64392788185632
34.49348023438331	49.64392788185632
36.60419562457215	14.838863227647241
36.60419562457215	14.838863227647241
31.4072237705272	49.7874689245197
31.4072237705272	49.7874689245197
33.51793916071604	14.982402795095663
33.51793916071604	14.982402795095663
64.6199514507362	55.35482676533361
64.6199514507362	55.35482676533361
64.6199514507362	55.35482676533361
57.72021664669392	46.003317073660696
57.72021664669392	46.003317073660696
59.263344878621986	95.43154728993649
59.263344878621986	95.43154728993649
54.35016807892237	88.26350407635155
54.35016807892237	88.26350407635155
56.46088346911122	53.45843942214247
56.46088346911122	53.45843942214247
56.46088346911122	53.45843942214247
48.993562982023114	29.340224600954414
48.993562982023114	29.340224600954414
80.6188194530626	69.4038296319618
80.6188194530626	69.4038296319618
82.24176356881033	66.76800317197987
82.24176356881033	66.76800317197987
75.27108295161163	92.69565349509885
75.27108295161163	92.69565349509885
79.15550858016917	66.91154273942827
79.15550858016917	66.91154273942827
79.15550858016917	66.91154273942827
72.18482501254056	92.83919453776222
72.18482501254056	92.83919453776222
74.0826970624003	64.8716158287887
74.0826970624003	64.8716158287887
68.81477644476901	36.09938301566803
68.81477644476901	36.09938301566803
98.24063304635168	80.81700456339308
98.24063304635168	80.81700456339308
98.24063304635168	80.81700456339308
3.0984528885643465	6.387577891260123
3.0984528885643465	6.387577891260123
95.12776932093574	32.31523116480903
95.12776932093574	32.31523116480903
96.74184631645012	46.464298415863
96.74184631645012	46.464298415863
92.04151285707961	32.45877073225745
92.04151285707961	32.45877073225745
92.04151285707961	32.45877073225745
84.85798742433687	65.22390847582696
84.85798742433687	65.22390847582696
86.40111418104998	15.652137216887795
86.40111418104998	15.652137216887795
71.79496264446574	2.160052849866503
71.79496264446574	2.160052849866503
73.34695947184208	34.80338787989143
73.34695947184208	34.80338787989143
66.44722614301477	25.451878188218505
66.44722614301477	25.451878188218505
66.44722614301477	25.451878188218505
61.179305525383484	95.67964537509783
61.179305525383484	95.67964537509783
63.36096967915866	25.595417755666926
63.36096967915866	25.595417755666926
58.09304906152736	95.8231864177612
58.09304906152736	95.8231864177612
59.99091963617216	67.85560623357273
59.99091963617216	67.85560623357273
59.99091963617216	67.85560623357273
89.34582599895353	48.85239074651962
89.34582599895353	48.85239074651962
84.12224983377865	35.155682002144644
84.12224983377865	35.155682002144644
86.30391398755383	64.07145438271372
86.30391398755383	64.07145438271372
78.7656447368794	75.23240105153255
78.7656447368794	75.23240105153255
78.7656447368794	75.23240105153255
83.21765899891268	64.2149954253771
83.21765899891268	64.2149954253771
75.67938827302328	75.37594209419592
75.67938827302328	75.37594209419592
77.5772573724531	47.408363385222415
77.5772573724531	47.408363385222415
10.202515318707553	87.47196694101483
10.202515318707553	87.47196694101483
2.744063427067744	46.56885693357592
2.744063427067744	46.56885693357592
2.744063427067744	46.56885693357592
4.854778817256584	11.763790804151883
4.854778817256584	11.763790804151883
98.65780696321163	46.7123979762393
98.65780696321163	46.7123979762393
1.7685223534004637	11.907331846815262
1.7685223534004637	11.907331846815262
95.57155049935551	46.85593754368771
95.57155049935551	46.85593754368771
95.57155049935551	46.85593754368771
25.92645833735185	27.852722056634594
25.92645833735185	27.852722056634594
27.824327436781676	98.88514187244611
27.824327436781676	98.88514187244611
22.600751271606796	85.18843312807115
22.600751271606796	85.18843312807115
24.711466661795647	50.38336847386207
24.711466661795647	50.38336847386207
17.244144699492587	26.265152177459058
17.244144699492587	26.265152177459058
17.244144699492587	26.265152177459058
12.543812715337033	12.259625969068463
12.543812715337033	12.259625969068463
14.157889710851425	26.408694695337392
14.157889710851425	26.408694695337392
96.21044077763773	88.1289498250475
96.21044077763773	88.1289498250475
1.3786599853256503	20.228191634134493
1.3786599853256503	20.228191634134493
1.3786599853256503	20.228191634134493
92.8492593300995	14.6042416414875
92.8492593300995	14.6042416414875
95.03092348387469	43.5200169724865
95.03092348387469	43.5200169724865
89.7630028662434	14.747784159365825
89.7630028662434	14.747784159365825
82.86326953741607	5.3962729924779405
82.86326953741607	5.3962729924779405
82.86326953741607	5.3962729924779405
86.67674640238728	14.891323726814246
86.67674640238728	14.891323726814246
17.102603003969946	59.60894527453929
17.102603003969946	59.60894527453929
18.645731235898012	10.037175490815088
18.645731235898012	10.037175490815088
13.705947174638567	53.22381931119767
13.705947174638567	53.22381931119767
6.80621384581125	43.87230961952475
6.80621384581125	43.87230961952475
6.80621384581125	43.87230961952475
8.349340602524347	93.30053836058559
8.349340602524347	93.30053836058559
3.7199573819551297	44.01585066218813
3.7199573819551297	44.01585066218813
5.263085613883195	93.44407940324896
5.263085613883195	93.44407940324896
34.68894074025091	39.16170095097401
34.68894074025091	39.16170095097401
34.68894074025091	39.16170095097401
29.421021597834567	10.389469613068288
29.421021597834567	10.389469613068288
31.327759292712688	64.63699424262896
31.327759292712688	64.63699424262896
24.357077200299035	90.56464604096291
24.357077200299035	90.56464604096291
28.241504304071537	64.78053528529233
28.241504304071537	64.78053528529233
28.241504304071537	64.78053528529233
21.270820736442925	90.70818708362629
21.270820736442925	90.70818708362629
52.39944028802291	80.72592401989671
52.39944028802291	80.72592401989671
54.51015567821176	45.920859365687626
54.51015567821176	45.920859365687626
47.0428337159087	21.802644544499568
47.0428337159087	21.802644544499568
51.18444861246671	4.25657191233914
51.18444861246671	4.25657191233914
51.18444861246671	4.25657191233914
44.2137650448381	30.184223710673084
44.2137650448381	30.184223710673084
45.8278420403525	44.33329096172706
45.8278420403525	44.33329096172706
41.12751005619695	30.327763278121505
41.12751005619695	30.327763278121505
23.683421253093826	42.00215326352458
23.683421253093826	42.00215326352458
23.683421253093826	42.00215326352458
25.794135168067708	7.197087134100543
25.794135168067708	7.197087134100543
20.59716478923772	42.14569430618795
20.59716478923772	42.14569430618795
22.71674877487485	89.55573299051305
22.71674877487485	89.55573299051305
15.533221866917142	23.32087073408256
15.533221866917142	23.32087073408256
15.533221866917142	23.32087073408256
10.265301249285844	93.54863939617685
10.265301249285844	93.54863939617685
12.44696687827599	23.46441177674594
12.44696687827599	23.46441177674594
43.50463619105468	48.76131020302324
43.50463619105468	48.76131020302324
45.6862988696149	77.67708405880728
45.6862988696149	77.67708405880728
38.14802961894046	88.8380307276261
38.14802961894046	88.8380307276261
38.14802961894046	88.8380307276261
33.49203913681142	89.90802711276626
33.49203913681142	89.90802711276626
35.389909711456205	61.94044692857779
35.389909711456205	61.94044692857779
27.851640460781766	73.10139359739661
27.851640460781766	73.10139359739661
32.30365324760008	62.08398797124116
32.30365324760008	62.08398797124116
32.30365324760008	62.08398797124116
61.09097392733565	28.314067354672908
61.09097392733565	28.314067354672908
63.27263660589586	57.229839735241995
63.27263660589586	57.229839735241995
58.00471893869448	28.45760692212133
58.00471893869448	28.45760692212133
51.11385125488554	2.321202044197541
51.11385125488554	2.321202044197541
51.11385125488554	2.321202044197541
54.927329595071704	11.816252778533846
54.927329595071704	11.816252778533846
47.743802687114	44.58139052210335
47.743802687114	44.58139052210335
50.65304012322439	45.92122332152364
50.65304012322439	45.92122332152364
52.26711711873878	60.07029057257761
52.26711711873878	60.07029057257761
45.296436501540086	85.99794237091156
45.296436501540086	85.99794237091156
45.296436501540086	85.99794237091156
49.18086213009763	60.213831615240984
49.18086213009763	60.213831615240984
42.21904715791731	69.35658675210911
42.21904715791731	69.35658675210911
37.02207677908731	5.305193924196524
37.02207677908731	5.305193924196524
39.13279216927615	69.50012926998744
39.13279216927615	69.50012926998744
39.13279216927615	69.50012926998744
68.27485371651348	57.334398252954934
68.27485371651348	57.334398252954934
72.08833205669964	66.82944751207627
72.08833205669964	66.82944751207627
65.18859725265736	57.47793782040335
65.18859725265736	57.47793782040335
66.73172548458541	7.906169511894093
66.73172548458541	7.906169511894093
62.07573647767132	8.976164421819291
62.07573647767132	8.976164421819291
62.07573647767132	8.976164421819291
54.60841451536826	83.8579510758462
54.60841451536826	83.8579510758462
56.71912990555711	49.05288494642217
56.71912990555711	49.05288494642217
88.13154156105253	95.95397592266511
88.13154156105253	95.95397592266511
89.6746697929806	46.38220466372595
89.6746697929806	46.38220466372595
89.6746697929806	46.38220466372595
82.77493646415327	37.03069497205303
82.77493646415327	37.03069497205303
77.50701732173694	8.258462158932346
77.50701732173694	8.258462158932346
79.69754859574546	20.389340828465542
79.69754859574546	20.389340828465542
74.42962945332911	90.61710801534487
74.42962945332911	90.61710801534487
76.6112936071043	20.532880395913953
76.6112936071043	20.532880395913953
76.6112936071043	20.532880395913953
6.398612811624894	85.76295830413075
6.398612811624894	85.76295830413075
1.4854345367103265	78.59491804097573
1.4854345367103265	78.59491804097573
3.596149926899167	43.78985191155168
3.596149926899167	43.78985191155168
95.12882943981107	19.671637090363628
95.12882943981107	19.671637090363628
95.12882943981107	19.671637090363628
0.5542379154994767	59.0089155477458
0.5542379154994767	59.0089155477458
92.01596866482504	70.16986369177958
92.01596866482504	70.16986369177958
94.19763134338525	0.08563754756363251
94.19763134338525	0.08563754756363251
78.95294536016887	7.106008065819115
78.95294536016887	7.106008065819115
78.95294536016887	7.106008065819115
71.7694169769962	39.87114580938863
71.7694169769962	39.87114580938863
73.88013236718504	5.066081155179549
73.88013236718504	5.066081155179549
68.68316051314008	40.01468537683705
68.68316051314008	40.01468537683705
70.80274449877723	87.42472701159207
70.80274449877723	87.42472701159207
65.60577411994723	23.373331233249566
65.60577411994723	23.373331233249566
65.60577411994723	23.373331233249566
94.9606804827286	4.370115746196436
94.9606804827286	4.370115746196436
96.57475747824299	18.519182997250407
96.57475747824299	18.519182997250407
91.87442549408745	4.513655313644857
91.87442549408745	4.513655313644857
93.77229459351727	75.54607660467134
93.77229459351727	75.54607660467134
93.77229459351727	75.54607660467134
86.23402534284284	86.70702327349017
86.23402534284284	86.70702327349017
81.57803486071379	87.77701965863032
81.57803486071379	87.77701965863032
83.19211185622818	2.9260883848992365
83.19211185622818	2.9260883848992365
13.54701969422452	82.92287142263116
13.54701969422452	82.92287142263116
13.54701969422452	82.92287142263116
17.431443847567095	57.13875919174562
17.431443847567095	57.13875919174562
10.4607632303684	83.06641246529453
10.4607632303684	83.06641246529453
12.358633805013184	55.098832281106056
12.358633805013184	55.098832281106056
7.0907131873818985	26.32659946798538
7.0907131873818985	26.32659946798538
7.0907131873818985	26.32659946798538
0.199848454002874	0.19019459006159978
0.199848454002874	0.19019459006159978
4.01332531897407	9.685245324397894
4.01332531897407	9.685245324397894
33.43918192055674	54.40286687212294
33.43918192055674	54.40286687212294
34.98231015248481	4.831097088398735
34.98231015248481	4.831097088398735
30.352925456700632	54.54640791478632
30.352925456700632	54.54640791478632
69.78784439946547	34.26262465903804
69.78784439946547	34.26262465903804
71.68571497411027	6.295045950064528
71.68571497411027	6.295045950064528
64.72390000192995	15.43780256214762
64.72390000192995	15.43780256214762
95.85251955350994	5.455540973633006
95.85251955350994	5.455540973633006
95.85251955350994	5.455540973633006
97.96323494369878	69.65047484420897
97.96323494369878	69.65047484420897
90.49591298139572	45.53226002302091
90.49591298139572	45.53226002302091
94.87697847984266	69.79401441165737
94.87697847984266	69.79401441165737
87.4096565175396	45.67579959046933
87.4096565175396	45.67579959046933
89.5203733829434	10.87073493626025
89.5203733829434	10.87073493626025
89.5203733829434	10.87073493626025
84.58058932168397	54.057378756642834
84.58058932168397	54.057378756642834
14.438857289790901	84.00829517485276
14.438857289790901	84.00829517485276
16.549572679979743	49.20323052064368
16.549572679979743	49.20323052064368
11.35260082593478	84.15183621751613
11.35260082593478	84.15183621751613
11.35260082593478	84.15183621751613
13.46331769133859	49.34677156330706
13.46331769133859	49.34677156330706
8.266345837293631	84.2953772601795
8.266345837293631	84.2953772601795
1.295662269665018	11.223029058513452
1.295662269665018	11.223029058513452
3.202401439758095	65.47055368807413
3.202401439758095	65.47055368807413
3.202401439758095	65.47055368807413
34.2600707525368	90.76745358956637
34.2600707525368	90.76745358956637
36.44173638152693	20.683227445350433
36.44173638152693	20.683227445350433
28.903465655637532	31.84417411416925
28.903465655637532	31.84417411416925
24.27408095985336	81.55948494055683
24.27408095985336	81.55948494055683
25.817209191781416	31.98771368161766
25.817209191781416	31.98771368161766
25.817209191781416	31.98771368161766
18.9174758629541	22.636203989944743
18.9174758629541	22.636203989944743
23.059090759512117	5.090131357784304
23.059090759512117	5.090131357784304
5.544053192822661	52.043681357979295
5.544053192822661	52.043681357979295
7.725715871382891	80.95945521376333
7.725715871382891	80.95945521376333
7.725715871382891	80.95945521376333
2.457796728966551	52.18722240064266
2.457796728966551	52.18722240064266
94.55806340013923	42.835712708969744
94.55806340013923	42.835712708969744
98.37154174032538	52.33076196809108
98.37154174032538	52.33076196809108
91.47180841149807	42.97925227641816
91.47180841149807	42.97925227641816
91.47180841149807	42.97925227641816
93.02380523887443	75.6225873064431
93.02380523887443	75.6225873064431
25.436213943939936	23.52367828268604
25.436213943939936	23.52367828268604
18.465533326741237	49.451328605805024
18.465533326741237	49.451328605805024
20.079610322255633	63.60039733207395
20.079610322255633	63.60039733207395
15.37927686288513	49.5948696484684
15.37927686288513	49.5948696484684
15.37927686288513	49.5948696484684
16.993353858399523	63.74393689952237
16.993353858399523	63.74393689952237
10.022671765985868	89.67159017307127
10.022671765985868	89.67159017307127
41.12468405600602	31.044012668094272
41.12468405600602	31.044012668094272
43.022554630650816	3.0764324839058026
43.022554630650816	3.0764324839058026
43.022554630650816	3.0764324839058026
36.05187253823716	29.004085757454707
36.05187253823716	29.004085757454707
39.93629816679469	3.219975001784128
39.93629816679469	3.219975001784128
32.96561607438104	29.147625324903114
32.96561607438104	29.147625324903114
27.76864422033608	64.09623249699054
27.76864422033608	64.09623249699054
27.76864422033608	64.09623249699054
29.879359610524933	29.291166367566493
29.879359610524933	29.291166367566493
58.74649764929511	42.45718907474051
58.74649764929511	42.45718907474051
63.127561672527094	66.71894493859193
63.127561672527094	66.71894493859193
55.94403476456938	0.4840812069464916
55.94403476456938	0.4840812069464916
55.94403476456938	0.4840812069464916
57.487162996497446	49.912311423222285
57.487162996497446	49.912311423222285
52.85777830071327	0.6276222496098594
52.85777830071327	0.6276222496098594
45.31950905003883	11.788568918428687
45.31950905003883	11.788568918428687
47.50117320381401	40.704341298997775
47.50117320381401	40.704341298997775
32.300828722624125	62.80023736121394
32.300828722624125	62.80023736121394
32.300828722624125	62.80023736121394
34.41154411281297	27.995172707004855
34.41154411281297	27.995172707004855
27.228017204855256	60.7603089753594
27.228017204855256	60.7603089753594
21.96009658722396	31.98807616223873
21.96009658722396	31.98807616223873
24.14175926578419	60.90385001802278
24.14175926578419	60.90385001802278
24.14175926578419	60.90385001802278
18.87384012336785	32.1316172049021
18.87384012336785	32.1316172049021
21.05550280192807	61.047391060686145
21.05550280192807	61.047391060686145
49.84282495687857	27.27746896890294
49.84282495687857	27.27746896890294
45.2223088565427	60.207886084254625
45.2223088565427	60.207886084254625
45.2223088565427	60.207886084254625
46.765435613255804	10.636114825315456
46.765435613255804	10.636114825315456
39.58190870529809	43.40125256888497
39.58190870529809	43.40125256888497
43.96297272853008	67.66300843273639
43.96297272853008	67.66300843273639
36.49565371665693	43.54479213633338
36.49565371665693	43.54479213633338
36.49565371665693	43.54479213633338
38.60636910684578	8.739727482124309
38.60636910684578	8.739727482124309
69.70837992165097	49.112149977147304
69.70837992165097	49.112149977147304
62.808646592823656	39.76064028547439
62.808646592823656	39.76064028547439
66.62212493300983	49.25569249502564
66.62212493300983	49.25569249502564
59.438598025052116	82.0208287633802
59.438598025052116	82.0208287633802
59.438598025052116	82.0208287633802
61.54931341524095	47.21576263395616
61.54931341524095	47.21576263395616
56.35234156119599	82.16436980604357
56.35234156119599	82.16436980604357
85.70724939919234	63.16115431899045
85.70724939919234	63.16115431899045
87.32132491949177	77.31022009482945
87.32132491949177	77.31022009482945
87.32132491949177	77.31022009482945
82.62986005556955	46.519798700188005
82.62986005556955	46.519798700188005
84.24393705108395	60.66886595124196
84.24393705108395	60.66886595124196
77.27325643388525	86.59651922479087
77.27325643388525	86.59651922479087
72.3600781589707	79.42847748642089
72.3600781589707	79.42847748642089
72.3600781589707	79.42847748642089
73.90320639089875	29.85670622748172
73.90320639089875	29.85670622748172
57.02670327084145	56.29779986718496
57.02670327084145	56.29779986718496
60.88452311305412	80.86837614548192
60.88452311305412	80.86837614548192
53.91384249585543	7.796026468600911
53.91384249585543	7.796026468600911
48.716870641810466	42.74463364068833
48.716870641810466	42.74463364068833
48.716870641810466	42.74463364068833
50.82758603199931	7.93956751126429
50.82758603199931	7.93956751126429
43.6440591240416	40.7047052548338
43.6440591240416	40.7047052548338
47.457535989012804	50.1997559891701
47.457535989012804	50.1997559891701
76.88339259059548	94.91737753689515
76.88339259059548	94.91737753689515
76.88339259059548	94.91737753689515
78.42652082252353	45.34560627795598
78.42652082252353	45.34560627795598
73.80600472218767	78.27602339330765
73.80600472218767	78.27602339330765
66.26773547151322	89.43697006212648
66.26773547151322	89.43697006212648
68.4493996252884	19.352742442695572
68.4493996252884	19.352742442695572
68.4493996252884	19.352742442695572
63.1814790076571	89.58050962957489
63.1814790076571	89.58050962957489
65.07934958230189	61.61293092060138
65.07934958230189	61.61293092060138
94.43425742029822	42.6097139583333
94.43425742029822	42.6097139583333
89.21067977990839	28.913005213958332
89.21067977990839	28.913005213958332
91.39234393368358	57.82877759452742
91.39234393368358	57.82877759452742
91.39234393368358	57.82877759452742
86.12442331605227	29.056546256621697
86.12442331605227	29.056546256621697
88.30608746982746	57.97232011240575
88.30608746982746	57.97232011240575
80.76781821915303	69.13326678122458
80.76781821915303	69.13326678122458
13.180228399433485	17.03435628225256
13.180228399433485	17.03435628225256
13.180228399433485	17.03435628225256
15.290945264837282	81.22929162804348
15.290945264837282	81.22929162804348
7.832491897982514	40.326180145389614
7.832491897982514	40.326180145389614
12.213557396429465	64.58793600924103
12.213557396429465	64.58793600924103
4.746236909341364	40.46972118805298
4.746236909341364	40.46972118805298
6.856952299530203	5.664656533843899
6.856952299530203	5.664656533843899
6.856952299530203	5.664656533843899
1.6599804454852434	40.61326223071636
1.6599804454852434	40.61326223071636
83.71253151227154	3.333517360426466
83.71253151227154	3.333517360426466
85.61040061170137	74.36593717623799
85.61040061170137	74.36593717623799
80.38682444652649	60.669229907077984
80.38682444652649	60.669229907077984
80.38682444652649	60.669229907077984
82.49753983671535	25.864163777653943
82.49753983671535	25.864163777653943
77.30056798267039	60.81277094974136
77.30056798267039	60.81277094974136
70.32988589025673	86.7404227480753
70.32988589025673	86.7404227480753
71.94396288577111	1.8894899991292669
71.94396288577111	1.8894899991292669
71.94396288577111	1.8894899991292669
4.569219356810605	41.95309503013665
4.569219356810605	41.95309503013665
6.46708993145539	13.985514845948181
6.46708993145539	13.985514845948181
97.93768780101428	8.361566328516146
97.93768780101428	8.361566328516146
93.30830458044507	58.076878630118685
93.30830458044507	58.076878630118685
94.85143281237312	8.505107371179514
94.85143281237312	8.505107371179514
94.85143281237312	8.505107371179514
87.95169800833085	98.15359767950659
87.95169800833085	98.15359767950659
91.76517634851702	8.648646938627923
91.76517634851702	8.648646938627923
22.191032950099686	53.36626996156793
22.191032950099686	53.36626996156793
16.92311233246839	24.59403862366222
16.92311233246839	24.59403862366222
16.92311233246839	24.59403862366222
18.820981431898225	95.62645843947374
18.820981431898225	95.62645843947374
11.894642316726031	37.629632831338434
11.894642316726031	37.629632831338434
15.708120656912186	47.1246850408897
15.708120656912186	47.1246850408897
8.80838732808487	37.77317534921677
8.80838732808487	37.77317534921677
8.80838732808487	37.77317534921677
10.351514084797977	87.2014040902776
10.351514084797977	87.2014040902776
42.04771931942379	91.98584615606316
42.04771931942379	91.98584615606316
34.50945006874935	4.1467928248819765
34.50945006874935	4.1467928248819765
36.41618923884243	58.39431745444264
36.41618923884243	58.39431745444264
31.715857254686885	44.38879124605205
31.715857254686885	44.38879124605205
31.715857254686885	44.38879124605205
33.329934250201276	58.53785997232098
33.329934250201276	58.53785997232098
26.359250682572664	84.46551177065493
26.359250682572664	84.46551177065493
11.185511987727645	56.20672079890355
11.185511987727645	56.20672079890355
13.296227377916496	21.401656144694467
13.296227377916496	21.401656144694467
13.296227377916496	21.401656144694467
8.099255523871536	56.35026184156692
8.099255523871536	56.35026184156692
10.209970914060376	21.545197187357836
10.209970914060376	21.545197187357836
2.9998382197577906	5.66501901446497
2.9998382197577906	5.66501901446497
96.8028678409278	40.61362618655238
96.8028678409278	40.61362618655238
96.8028678409278	40.61362618655238
98.91358323111663	5.808561532343296
98.91358323111663	5.808561532343296
28.77185119922357	35.75947647533826
28.77185119922357	35.75947647533826
33.15291522245556	60.02123233918968
33.15291522245556	60.02123233918968
25.6855932601525	35.90301751800164
25.6855932601525	35.90301751800164
27.80517872100459	83.31305767754169
27.80517872100459	83.31305767754169
27.80517872100459	83.31305767754169
22.892000446090023	76.14501593917171
22.892000446090023	76.14501593917171
15.353731195415584	87.30596260799054
15.353731195415584	87.30596260799054
17.53539534919076	17.221734988559632
17.53539534919076	17.221734988559632
48.593064661969464	42.51863489005188
48.593064661969464	42.51863489005188
48.593064661969464	42.51863489005188
50.77472881574464	71.43440874583594
50.77472881574464	71.43440874583594
45.50680819811334	42.66217593271526
45.50680819811334	42.66217593271526
38.60707486928602	33.31066624104233
38.60707486928602	33.31066624104233
40.47833965758595	55.697771615606435
40.47833965758595	55.697771615606435
40.47833965758595	55.697771615606435
35.210419039954644	26.925538802485757
35.210419039954644	26.925538802485757
37.392083193729825	55.84131265826981
37.392083193729825	55.84131265826981
66.17940387346538	22.0713905664866
66.17940387346538	22.0713905664866
61.55001917768121	71.78670139287418
61.55001917768121	71.78670139287418
63.093147409609266	22.21493013393502
63.093147409609266	22.21493013393502
63.093147409609266	22.21493013393502
56.20228267623024	95.07852673122619
56.20228267623024	95.07852673122619
60.01575954120143	5.573577465562482
60.01575954120143	5.573577465562482
52.83223263324373	38.338715209132
52.83223263324373	38.338715209132
54.94294802343258	3.5336490797079576
54.94294802343258	3.5336490797079576
54.94294802343258	3.5336490797079576
39.7692078533726	74.27485958317153
39.7692078533726	74.27485958317153
32.7985272361739	1.202509906290525
32.7985272361739	1.202509906290525
36.68295286473145	74.41839915061996
36.68295286473145	74.41839915061996
29.712269297102836	1.346052424168862
29.712269297102836	1.346052424168862
29.712269297102836	1.346052424168862
31.299741981487312	65.8498052339754
31.299741981487312	65.8498052339754
26.386562231357786	58.681763495605416
26.386562231357786	58.681763495605416
55.74147006935413	39.67854800855229
55.74147006935413	39.67854800855229
57.355547064868524	53.82761525960626
57.355547064868524	53.82761525960626
57.355547064868524	53.82761525960626
52.65521360549801	39.82208757600071
52.65521360549801	39.82208757600071
54.2692906010124	53.97115630226963
54.2692906010124	53.97115630226963
47.30747710404704	63.113912914352724
47.30747710404704	63.113912914352724
42.11050525000209	98.06251713601021
42.11050525000209	98.06251713601021
44.22122064019093	63.25745248180113
44.22122064019093	63.25745248180113
44.22122064019093	63.25745248180113
73.36328366264321	51.09172293998358
73.36328366264321	51.09172293998358
77.17676052761442	60.58677219910492
77.17676052761442	60.58677219910492
70.2770271987871	51.23526250743199
70.2770271987871	51.23526250743199
65.00910805637076	22.463029694311313
65.00910805637076	22.463029694311313
65.00910805637076	22.463029694311313
67.19077073493098	51.37880355009537
67.19077073493098	51.37880355009537
59.696844461498	77.6152742876599
59.696844461498	77.6152742876599
64.07790995994495	2.877030151511317
64.07790995994495	2.877030151511317
93.21997150718228	89.71129913447879
93.21997150718228	89.71129913447879
94.76309973911033	40.139529350754586
94.76309973911033	40.139529350754586
94.76309973911033	40.139529350754586
90.13371504332616	89.85483870192722
90.13371504332616	89.85483870192722
82.59544726786669	2.0157853707460354
82.59544726786669	2.0157853707460354
84.7859785418752	14.14666404027923
84.7859785418752	14.14666404027923
79.51805792424389	84.37443270237351
79.51805792424389	84.37443270237351
79.51805792424389	84.37443270237351
81.69972207801908	14.290205082942599
81.69972207801908	14.290205082942599
66.45503461958774	21.31057707641305
66.45503461958774	21.31057707641305
59.27150771163002	54.07571334476761
59.27150771163002	54.07571334476761
61.38222310181886	19.270648690558527
61.38222310181886	19.270648690558527
56.18525124777391	54.21925438743097
56.18525124777391	54.21925438743097
56.18525124777391	54.21925438743097
58.29596663796275	19.414189733221892
58.29596663796275	19.414189733221892
50.80204036452977	45.65066047078642
50.80204036452977	45.65066047078642
82.49824559915558	50.435102536571975
82.49824559915558	50.435102536571975
84.04137383108365	0.8633312776328039
84.04137383108365	0.8633312776328039
84.04137383108365	0.8633312776328039
76.85784544791099	33.62847049641728
76.85784544791099	33.62847049641728
81.23891094635792	57.89022488505374
81.23891094635792	57.89022488505374
73.77159045926982	33.7720100638657
73.77159045926982	33.7720100638657
75.88230584945866	97.96694393444166
75.88230584945866	97.96694393444166
75.88230584945866	97.96694393444166
70.694202590862	17.130655920278215
70.694202590862	17.130655920278215
1.0491104288583384	97.12743895801013
1.0491104288583384	97.12743895801013
4.933536057415872	71.34332820233956
4.933536057415872	71.34332820233956
96.96285396500222	97.2709800006735
96.96285396500222	97.2709800006735
98.86072453964701	69.30339981648503
98.86072453964701	69.30339981648503
98.86072453964701	69.30339981648503
93.59280392201572	40.53116700336435
93.59280392201572	40.53116700336435
86.66646480684352	81.53434434565897
86.66646480684352	81.53434434565897
88.28054180235792	95.68341159671293
88.28054180235792	95.68341159671293
20.9057982733974	36.74701662772031
20.9057982733974	36.74701662772031
20.9057982733974	36.74701662772031
22.519873793696835	50.89608387877427
22.519873793696835	50.89608387877427
15.54919317649814	76.82373567710822
15.54919317649814	76.82373567710822
10.636014901583572	69.65569393873824
10.636014901583572	69.65569393873824
12.179141658296668	20.083924155014024
12.179141658296668	20.083924155014024
12.179141658296668	20.083924155014024
5.2794098046843105	10.73241446334111
5.2794098046843105	10.73241446334111
9.10175526510381	3.4425700114265405
9.10175526510381	3.4425700114265405
65.64411221558672	77.09588544008928
65.64411221558672	77.09588544008928
60.37619159795541	48.323652626968595
60.37619159795541	48.323652626968595
62.5578557517306	77.23942500753769
62.5578557517306	77.23942500753769
62.5578557517306	77.23942500753769
55.019585025841195	88.40037167635651
55.019585025841195	88.40037167635651
59.18780570874409	20.499613485443504
59.18780570874409	20.499613485443504
52.261466593571896	61.50278935252316
52.261466593571896	61.50278935252316
53.804593350284996	11.931018093583988
53.804593350284996	11.931018093583988
53.804593350284996	11.931018093583988
85.50080006012577	16.715461634584504
85.50080006012577	16.715461634584504
77.96252933423638	27.876409778618278
77.96252933423638	27.876409778618278
80.14419348801155	56.79218215918737
80.14419348801155	56.79218215918737
74.87627434559522	28.019949346066685
74.87627434559522	28.019949346066685
76.77414344502505	0.052369161878217385
76.77414344502505	0.052369161878217385
76.77414344502505	0.052369161878217385
69.80346282782635	25.980020960212162
69.80346282782635	25.980020960212162
1.9409480244247193	98.21286418544669
1.9409480244247193	98.21286418544669
4.051663414613559	63.407799531237615
4.051663414613559	63.407799531237615
97.85469303578357	98.3564037528951
97.85469303578357	98.3564037528951
97.85469303578357	98.3564037528951
0.9654084259724084	63.55133909868602
0.9654084259724084	63.55133909868602
92.49808646366935	39.43312280228302
92.49808646366935	39.43312280228302
87.7977544795138	25.427596593892428
87.7977544795138	25.427596593892428
89.66901779259874	47.81470344367148
89.66901779259874	47.81470344367148
89.66901779259874	47.81470344367148
19.527287235920642	77.7656198618814
19.527287235920642	77.7656198618814
23.908352734367583	3.0273742505178713
23.908352734367583	3.0273742505178713
16.441030772064522	77.90916090454479
16.441030772064522	77.90916090454479
18.551746162253362	43.10409625033571
18.551746162253362	43.10409625033571
18.551746162253362	43.10409625033571
13.35477578342337	78.05270047199319
13.35477578342337	78.05270047199319
6.384092215794758	4.980352270327141
6.384092215794758	4.980352270327141
8.281964265654501	76.01277356135363
8.281964265654501	76.01277356135363
92.04614392745648	66.24825036857322
92.04614392745648	66.24825036857322
94.22780660601671	95.1640227491423
94.22780660601671	95.1640227491423
94.22780660601671	95.1640227491423
88.95988893881533	66.39178993602164
88.95988893881533	66.39178993602164
82.06015413477306	57.040280244348715
82.06015413477306	57.040280244348715
83.60328236670111	7.468508985409544
83.60328236670111	7.468508985409544
78.9738991461319	57.18382128701208
78.9738991461319	57.18382128701208
78.9738991461319	57.18382128701208
80.84516245921685	79.5709266615762
80.84516245921685	79.5709266615762
10.6324831389524	45.80100604500794
10.6324831389524	45.80100604500794
6.003098443168225	95.51631539618056
6.003098443168225	95.51631539618056
7.546226675096291	45.94454708767131
7.546226675096291	45.94454708767131
0.6464933462689746	36.593037395998394
0.6464933462689746	36.593037395998394
0.6464933462689746	36.593037395998394
4.4599702112401705	46.08808665511973
4.4599702112401705	46.08808665511973
96.56023688241285	36.7365769634468
96.56023688241285	36.7365769634468
28.617906195191555	62.0334753897241
28.617906195191555	62.0334753897241
30.524645365284634	17.281001494499726
30.524645365284634	17.281001494499726
30.524645365284634	17.281001494499726
23.553963272870977	43.208653292833674
23.553963272870977	43.208653292833674
27.438388901428514	17.424542537163095
27.438388901428514	17.424542537163095
20.467706809014857	43.35219433549705
20.467706809014857	43.35219433549705
22.081783804529262	57.50126158655101
22.081783804529262	57.50126158655101
22.081783804529262	57.50126158655101
17.38145034515875	43.49573390294546
17.38145034515875	43.49573390294546
46.239719788480635	73.44665179637035
46.239719788480635	73.44665179637035
48.110984576780545	95.83375717093445
48.110984576780545	95.83375717093445
43.41065111741004	81.8282294873289
43.41065111741004	81.8282294873289
43.41065111741004	81.8282294873289
45.024728112924436	95.97729821359782
45.024728112924436	95.97729821359782
38.05404602051078	22.904950011931763
38.05404602051078	22.904950011931763
32.85707416646582	57.85355570880422
32.85707416646582	57.85355570880422
34.96778955665467	23.048491054595143
34.96778955665467	23.048491054595143
19.794049386594693	93.78970155805872
19.794049386594693	93.78970155805872
19.794049386594693	93.78970155805872
21.913634847446794	42.19974024238382
21.913634847446794	42.19974024238382
14.730106464274117	74.96487798595334
14.730106464274117	74.96487798595334
9.462187321857789	46.192645172832655
9.462187321857789	46.192645172832655
11.643850000418007	75.10841755340175
11.643850000418007	75.10841755340175
11.643850000418007	75.10841755340175
4.1055822249585265	86.26936422222057
4.1055822249585265	86.26936422222057
8.557595011776858	75.25196007128008
8.557595011776858	75.25196007128008
37.34491421629745	41.48203797949687
37.34491421629745	41.48203797949687
39.49997258372775	21.7524973940335
39.49997258372775	21.7524973940335
39.49997258372775	21.7524973940335
34.58679430881318	14.584454180448551
34.58679430881318	14.584454180448551
27.04852505813874	25.745400849267376
27.04852505813874	25.745400849267376
29.23019068712889	54.66117470505142
29.23019068712889	54.66117470505142
23.96227006949759	25.888941891930745
23.96227006949759	25.888941891930745
26.14393274805781	54.80471427249984
26.14393274805781	54.80471427249984
26.14393274805781	54.80471427249984
57.201602060836514	80.10161417399209
57.201602060836514	80.10161417399209
50.31073732745749	53.965209296068316
50.31073732745749	53.965209296068316
51.85386555938554	4.393438037129145
51.85386555938554	4.393438037129145
46.94068875968593	96.22539777397412
46.94068875968593	96.22539777397412
46.94068875968593	96.22539777397412
49.05140414987477	61.42033164455008
49.05140414987477	61.42033164455008
41.58408218757171	37.30211682336203
41.58408218757171	37.30211682336203
73.20934013382616	77.36572037915445
73.20934013382616	77.36572037915445
74.8234156541256	91.51478910542338
74.8234156541256	91.51478910542338
74.8234156541256	91.51478910542338
67.8970765389534	33.51796497250302
67.8970765389534	33.51796497250302
71.7105534039246	43.013015706839326
71.7105534039246	43.013015706839326
64.5270264959669	75.7781519751939
64.5270264959669	75.7781519751939
66.63774188615574	40.97308879619976
66.63774188615574	40.97308879619976
61.440771507325735	75.92169301785725
61.440771507325735	75.92169301785725
61.440771507325735	75.92169301785725
44.49331962368211	38.64194962278233
44.49331962368211	38.64194962278233
48.37774672745461	12.857838867111754
48.37774672745461	12.857838867111754
41.415933230489244	22.000595479194835
41.415933230489244	22.000595479194835
43.03001022600364	36.14966273024881
43.03001022600364	36.14966273024881
43.03001022600364	36.14966273024881
38.329676766633135	22.144135046643257
38.329676766633135	22.144135046643257
31.146151333890383	54.909272790212775
31.146151333890383	54.909272790212775
32.68927809060348	5.337503006488561
32.68927809060348	5.337503006488561
64.38548332522929	10.121946547489074
64.38548332522929	10.121946547489074
65.92861155715735	59.55017528854991
65.92861155715735	59.55017528854991
65.92861155715735	59.55017528854991
59.00227244198517	1.5533511556295585
59.00227244198517	1.5533511556295585
53.80530058794021	36.501956852502005
53.80530058794021	36.501956852502005
55.916015978129046	1.6968921982929372
55.916015978129046	1.6968921982929372
48.73248907017134	34.46202994186244
48.73248907017134	34.46202994186244
48.73248907017134	34.46202994186244
52.54596593514255	43.957079200983785
52.54596593514255	43.957079200983785
81.97182106151025	88.67470074870883
81.97182106151025	88.67470074870883
76.71277051454221	43.1175727493373
76.71277051454221	43.1175727493373
78.89443466831739	72.03334660512134
78.89443466831739	72.03334660512134
78.89443466831739	72.03334660512134
71.356163942428	83.19429327394018
71.356163942428	83.19429327394018
75.80817820446129	72.17688764778472
75.80817820446129	72.17688764778472
68.26990895378684	83.33783431660353
68.26990895378684	83.33783431660353
70.16777805321667	55.37025413241507
70.16777805321667	55.37025413241507
2.7930359994711114	95.43385916342244
2.7930359994711114	95.43385916342244
2.7930359994711114	95.43385916342244
94.32571403716805	71.3156443422344
94.32571403716805	71.3156443422344
96.48077387981331	51.586102281556066
96.48077387981331	51.586102281556066
91.21285326218201	22.81386946843539
91.21285326218201	22.81386946843539
93.3945174159572	51.72964332421944
93.3945174159572	51.72964332421944
93.3945174159572	51.72964332421944
88.1265967983259	22.957410511098765
88.1265967983259	22.957410511098765
70.96630157435318	91.5151530612594
70.96630157435318	91.5151530612594
73.07701696454201	56.71008693183536
73.07701696454201	56.71008693183536
67.88891518116031	74.87379891767192
67.88891518116031	74.87379891767192
67.88891518116031	74.87379891767192
69.9996290961342	40.06873278824788
69.9996290961342	40.06873278824788
62.5323086090461	15.950517967059824
62.5323086090461	15.950517967059824
57.831976624890544	1.9449902834542723
57.831976624890544	1.9449902834542723
59.446053620404946	16.094059009723203
59.446053620404946	16.094059009723203
88.80095998318632	96.09084204745511
88.80095998318632	96.09084204745511
88.80095998318632	96.09084204745511
92.9691806660892	28.190083856542106
92.9691806660892	28.190083856542106
85.43090994019981	39.351030525360926
85.43090994019981	39.351030525360926
87.58596830763013	19.62148846468259
87.58596830763013	19.62148846468259
82.38899792880012	54.57009416155505
82.38899792880012	54.57009416155505
75.41831436117151	80.49774743510396
75.41831436117151	80.49774743510396
75.41831436117151	80.49774743510396
79.30273998972905	54.71363520421842
79.30273998972905	54.71363520421842
9.657649302940344	35.71041824195034
9.657649302940344	35.71041824195034
11.555518402370172	7.742839532976829
11.555518402370172	7.742839532976829
6.287597784738874	77.97060671985615
6.287597784738874	77.97060671985615
6.287597784738874	77.97060671985615
98.39673305135985	51.83420184193237
98.39673305135985	51.83420184193237
0.9398612832879041	2.2624320582081614
0.9398612832879041	2.2624320582081614
95.3104780627187	51.97774288459574
95.3104780627187	51.97774288459574
96.85360629464675	2.405971625656571
96.85360629464675	2.405971625656571
96.85360629464675	2.405971625656571
27.279461421014467	47.12359464859658
27.279461421014467	47.12359464859658
22.01154080338317	18.351361835475913
22.01154080338317	18.351361835475913
23.909411378027965	89.3837831265024
23.909411378027965	89.3837831265024
16.98307226285577	31.386957518367083
16.98307226285577	31.386957518367083
16.98307226285577	31.386957518367083
20.796550603041926	40.882008252703386
20.796550603041926	40.882008252703386
13.89681579899965	31.530498561030463
13.89681579899965	31.530498561030463
97.65212834056831	38.55086907928595
97.65212834056831	38.55086907928595
0.8337924943434835	67.46664441028496
0.8337924943434835	67.46664441028496
92.29552324366904	78.62759107910378
92.29552324366904	78.62759107910378
92.29552324366904	78.62759107910378
96.46374245135698	10.726831412975812
96.46374245135698	10.726831412975812
89.50192895439162	19.869588025058896
89.50192895439162	19.869588025058896
91.11600447469105	34.01865527611287
91.11600447469105	34.01865527611287
86.41567396575046	20.013127592507313
86.41567396575046	20.013127592507313
86.41567396575046	20.013127592507313
16.27394045864243	49.96404401071724
16.27394045864243	49.96404401071724
18.38465584883128	15.158980831723115
18.38465584883128	15.158980831723115
13.187685470001277	50.1075850533806
13.187685470001277	50.1075850533806
15.298400860190116	15.302520399171524
15.298400860190116	15.302520399171524
15.298400860190116	15.302520399171524
8.08826816588753	98.42234370149362
8.08826816588753	98.42234370149362
2.89129631184257	34.370949398366065
2.89129631184257	34.370949398366065
5.002011702031421	98.56588474415699
5.002011702031421	98.56588474415699
36.13062977839645	88.58362168042741
36.13062977839645	88.58362168042741
36.13062977839645	88.58362168042741
38.24134516858529	53.77855702621833
38.24134516858529	53.77855702621833
30.77402320628223	29.660342205030286
30.77402320628223	29.660342205030286
26.073691222126687	15.654813046209778
26.073691222126687	15.654813046209778
27.980428917004804	69.90234062620036
27.980428917004804	69.90234062620036
20.442161141545323	81.06328729501918
20.442161141545323	81.06328729501918
20.442161141545323	81.06328729501918
24.894173928363653	70.04588019364877
24.894173928363653	70.04588019364877
53.6814946080992	36.27595810186556
53.6814946080992	36.27595810186556
55.86315728665942	65.19173195764962
55.86315728665942	65.19173195764962
50.595236669028125	36.41949914452894
50.595236669028125	36.41949914452894
50.595236669028125	36.41949914452894
43.69550481541577	27.06798945285602
43.69550481541577	27.06798945285602
45.566769603715684	49.455094827420126
45.566769603715684	49.455094827420126
40.29884898608439	20.682862014299445
40.29884898608439	20.682862014299445
42.48051313985957	49.59863587008349
42.48051313985957	49.59863587008349
42.48051313985957	49.59863587008349
27.23582568142822	56.619007863553946
27.23582568142822	56.619007863553946
20.336090877385946	47.26749817188102
20.336090877385946	47.26749817188102
21.879219109314	96.69572838815681
21.879219109314	96.69572838815681
17.249835888744784	47.411039214544395
17.249835888744784	47.411039214544395
18.80183271612114	80.05437276935437
18.80183271612114	80.05437276935437
18.80183271612114	80.05437276935437
11.61830580816342	13.819510512923882
11.61830580816342	13.819510512923882
43.24356080398795	53.88311554393127
43.24356080398795	53.88311554393127
44.85763779950234	68.03218427020019
44.85763779950234	68.03218427020019
37.88695718230365	93.95983459331917
37.88695718230365	93.95983459331917
37.88695718230365	93.95983459331917
41.77138133564623	68.1757238376486
41.77138133564623	68.1757238376486
34.80069924323258	94.10337563598254
34.80069924323258	94.10337563598254
29.5771230780577	80.40666689160759
29.5771230780577	80.40666689160759
31.474992177487525	52.439088182634066
31.474992177487525	52.439088182634066
60.82990149069883	33.43587122036598
60.82990149069883	33.43587122036598
60.82990149069883	33.43587122036598
64.71432564404141	7.651758989480454
64.71432564404141	7.651758989480454
57.74364355162775	33.579412263029354
57.74364355162775	33.579412263029354
59.357720547142144	47.72847951408332
59.357720547142144	47.72847951408332
54.65738708777164	33.72295183047777
54.65738708777164	33.72295183047777
54.65738708777164	33.72295183047777
47.19893519613183	91.81984182303886
47.19893519613183	91.81984182303886
49.30965058632067	57.01477716882978
49.30965058632067	57.01477716882978
80.72206224181609	4.915866669857776
80.72206224181609	4.915866669857776
82.26519047374416	54.34409688613356
82.26519047374416	54.34409688613356
82.26519047374416	54.34409688613356
75.36545714491685	44.99258571924568
75.36545714491685	44.99258571924568
70.0975380025005	16.220352906125
70.0975380025005	16.220352906125
72.27920068106071	45.136128237124005
72.27920068106071	45.136128237124005
67.05562304067088	31.439419492749046
67.05562304067088	31.439419492749046
69.1663399060747	95.634353363325
69.1663399060747	95.634353363325
69.1663399060747	95.634353363325
52.006044682101965	65.19209591348564
52.006044682101965	65.19209591348564
46.73812406447067	36.419863100364964
46.73812406447067	36.419863100364964
48.919788218245856	65.33563548093404
48.919788218245856	65.33563548093404
41.38151749235646	76.49658214975288
41.38151749235646	76.49658214975288
41.38151749235646	76.49658214975288
45.83353175438974	65.47917652359743
45.83353175438974	65.47917652359743
38.30413109916359	59.8552280061654
38.30413109916359	59.8552280061654
40.485795252938765	88.77100038673449
40.485795252938765	88.77100038673449
71.54346309050251	15.06790028822674
71.54346309050251	15.06790028822674
71.54346309050251	15.06790028822674
64.3599361825448	47.83303803179626
64.3599361825448	47.83303803179626
66.4706530479486	13.027971902372215
66.4706530479486	13.027971902372215
61.27368119390364	47.97657907445962
61.27368119390364	47.97657907445962
63.38439658409249	13.171512945035582
63.38439658409249	13.171512945035582
63.38439658409249	13.171512945035582
58.16081894370265	98.47480567587557
58.16081894370265	98.47480567587557
87.58667554528533	44.19242722360062
87.58667554528533	44.19242722360062
89.12980377721338	93.62065596466145
89.12980377721338	93.62065596466145
84.21662550229883	86.45261422629147
84.21662550229883	86.45261422629147
86.32734089248767	51.64754957208239
86.32734089248767	51.64754957208239
86.32734089248767	51.64754957208239
78.86001893018461	27.529333275679388
78.86001893018461	27.529333275679388
74.15968694602905	13.523807067288795
74.15968694602905	13.523807067288795
75.78263253699173	10.887979132091893
75.78263253699173	10.887979132091893
6.13753889977312	90.88476364503877
6.13753889977312	90.88476364503877
6.13753889977312	90.88476364503877
10.021964528330654	65.10065288936819
10.021964528330654	65.10065288936819
3.051283911131958	91.02830321248719
3.051283911131958	91.02830321248719
4.949153010561796	63.06072450351367
4.949153010561796	63.06072450351367
98.68123386814545	34.288491690393
98.68123386814545	34.288491690393
98.68123386814545	34.288491690393
91.78149906410319	24.936983473935033
91.78149906410319	24.936983473935033
95.6393203815308	49.507556801802075
95.6393203815308	49.507556801802075
56.43529861277132	68.59114803984868
56.43529861277132	68.59114803984868
58.04937560828571	82.74021676611761
58.04937560828571	82.74021676611761
53.34904362413017	68.7346876072971
53.34904362413017	68.7346876072971
53.34904362413017	68.7346876072971
46.165516716172455	2.499826826081573
46.165516716172455	2.499826826081573
47.70864494810051	51.9280555671424
47.70864494810051	51.9280555671424
43.07926025231634	2.6433678687449405
43.07926025231634	2.6433678687449405
44.63125560447772	35.28670142355492
44.63125560447772	35.28670142355492
44.63125560447772	35.28670142355492
74.05711220606041	80.00432297127998
74.05711220606041	80.00432297127998
68.7891915884291	51.232090158159295
68.7891915884291	51.232090158159295
70.9708557422043	80.14786401394333
70.9708557422043	80.14786401394333
65.70293512457299	51.37563120082266
65.70293512457299	51.37563120082266
67.60080569921779	23.408052491849148
67.60080569921779	23.408052491849148
67.60080569921779	23.408052491849148
60.63012508201909	49.335704290183095
60.63012508201909	49.335704290183095
91.73213589682429	89.70812826042106
91.73213589682429	89.70812826042106
93.91380005059946	19.623900640990147
93.91380005059946	19.623900640990147
86.37553227513997	30.784847309808974
86.37553227513997	30.784847309808974
86.37553227513997	30.784847309808974
90.8275450619583	19.767440208438565
90.8275450619583	19.767440208438565
83.28927433606891	30.92838687725738
83.28927433606891	30.92838687725738
85.1871449107137	2.960806693068913
85.1871449107137	2.960806693068913
80.48681292655814	87.95528048467833
80.48681292655814	87.95528048467833
80.48681292655814	87.95528048467833
10.353949490113374	2.1213017166373804
10.353949490113374	2.1213017166373804
12.464664880302212	66.3162370624283
12.464664880302212	66.3162370624283
7.267693026257253	2.264842759300759
7.267693026257253	2.264842759300759
9.378408416446092	66.45977662987671
9.378408416446092	66.45977662987671
9.378408416446092	66.45977662987671
4.181436562401144	2.408383801964127
4.181436562401144	2.408383801964127
96.21075594520245	28.33603560029807
96.21075594520245	28.33603560029807
98.10862504463228	0.3684568913245607
98.10862504463228	0.3684568913245607
82.90828056344239	22.46435147832576
82.90828056344239	22.46435147832576
85.01899595363123	86.65928682411668
85.01899595363123	86.65928682411668
85.01899595363123	86.65928682411668
77.55167546654313	62.541070527713664
77.55167546654313	62.541070527713664
72.85134200717262	48.535542844108114
72.85134200717262	48.535542844108114
74.46541900268701	62.684611570377044
74.46541900268701	62.684611570377044
67.49473691027336	88.61226484392594
67.49473691027336	88.61226484392594
67.49473691027336	88.61226484392594
71.66295611796129	20.71150517779798
71.66295611796129	20.71150517779798
1.4591453931451324	69.15668789976391
1.4591453931451324	69.15668789976391
3.64080954692031	98.072460280333
3.64080954692031	98.072460280333
97.37288892928902	69.30022894242728
97.37288892928902	69.30022894242728
97.37288892928902	69.30022894242728
90.47315560046171	59.948719250754365
90.47315560046171	59.948719250754365
94.2866324654329	69.44376998509065
94.2866324654329	69.44376998509065
87.38689913660559	60.09225881820278
87.38689913660559	60.09225881820278
88.93002736853366	10.520489034478565
88.93002736853366	10.520489034478565
21.315833237684195	8.776265569474088
21.315833237684195	8.776265569474088
21.315833237684195	8.776265569474088
14.416099908856879	98.42475587780118
14.416099908856879	98.42475587780118
15.959226665569975	48.852984618862
15.959226665569975	48.852984618862
11.32984344500077	98.56829544524959
11.32984344500077	98.56829544524959
12.872971676928824	48.996525661525375
12.872971676928824	48.996525661525375
12.872971676928824	48.996525661525375
5.97323687288655	39.64501596985246
5.97323687288655	39.64501596985246
37.030907660880196	64.94191439612976
37.030907660880196	64.94191439612976
38.928776760310036	36.974335687156234
38.928776760310036	36.974335687156234
31.966964738559632	46.117092299239324
31.966964738559632	46.117092299239324
31.966964738559632	46.117092299239324
35.85139036711717	20.33298006835379
35.85139036711717	20.33298006835379
28.880706799488554	46.26063186668774
28.880706799488554	46.26063186668774
23.68373642065855	81.20923903877515
23.68373642065855	81.20923903877515
25.794451810847402	46.40417290935112
25.794451810847402	46.40417290935112
8.350363007744285	58.078561419539234
8.350363007744285	58.078561419539234
8.350363007744285	58.078561419539234
12.491976429087345	40.532488787378796
12.491976429087345	40.532488787378796
5.521295811888649	66.4601420609277
5.521295811888649	66.4601420609277
7.135372807403042	80.60920783676671
7.135372807403042	80.60920783676671
2.435039348032529	66.60368162837612
2.435039348032529	66.60368162837612
2.435039348032529	66.60368162837612
93.96771738572947	42.48546680718806
93.96771738572947	42.48546680718806
96.07843277591832	7.6804021529789805
96.07843277591832	7.6804021529789805
28.20705085228335	96.69813908924941
28.20705085228335	96.69813908924941
30.31776624247219	61.89307295982537
30.31776624247219	61.89307295982537
30.31776624247219	61.89307295982537
23.14310792996277	77.87331551714402
23.14310792996277	77.87331551714402
17.875187312331473	49.10108270402335
17.875187312331473	49.10108270402335
20.05685146610666	78.01685803502235
20.05685146610666	78.01685803502235
14.788932323690322	49.24462522190168
14.788932323690322	49.24462522190168
16.9705964774655	78.16039760247077
16.9705964774655	78.16039760247077
16.9705964774655	78.16039760247077
45.75791568198609	44.39047551068756
45.75791568198609	44.39047551068756
41.10192667507201	45.460473371042674
41.10192667507201	45.460473371042674
42.999795774501834	17.492893186854204
42.999795774501834	17.492893186854204
35.461526523827395	28.65383985567302
35.461526523827395	28.65383985567302
35.461526523827395	28.65383985567302
39.913540785860675	17.636432754302625
39.913540785860675	17.636432754302625
32.37527005997127	28.79737942312144
32.37527005997127	28.79737942312144
34.556934213746466	57.71315327890549
34.556934213746466	57.71315327890549
65.61460500174012	83.01005318039775
65.61460500174012	83.01005318039775
65.61460500174012	83.01005318039775
58.723738793146126	56.87364682725901
58.723738793146126	56.87364682725901
62.53721565811733	66.36869903681026
62.53721565811733	66.36869903681026
55.35368875015963	0.1338353051648179
55.35368875015963	0.1338353051648179
57.46440414034847	64.32877065095573
57.46440414034847	64.32877065095573
52.26743376151847	0.27737634782818565
52.26743376151847	0.27737634782818565
52.26743376151847	0.27737634782818565
35.3199833530898	61.997632952753264
35.3199833530898	61.997632952753264
36.93405887338924	76.14670020380723
36.93405887338924	76.14670020380723
32.27806986647515	77.21669658894737
32.27806986647515	77.21669658894737
33.8211980984032	27.64492533000821
33.8211980984032	27.64492533000821
33.8211980984032	27.64492533000821
26.63767119044549	60.410063073577724