48.09053518904294	89.45433439868854
43.66764552485481	98.3570341479884
33.22911478333113	102.77194882884902
39.2790406768129	80.23813039047637
29.54250137339225	75.50961745792354
47.07806381089433	95.79418848671958
50.01723683469601	92.40203249064066
28.010029337436443	81.97599616904918
50.600346812013385	96.36476301186714
40.83022572746998	118.0646936980888
37.00683785450093	86.80539202734883
34.646757205608495	75.36148470259359
34.79720307536921	90.16957649403038
35.51696194072104	79.0388525247269
41.63634106089087	95.17903079528672
63.69852947114337	86.5380539933838
29.35902566609194	101.7868471526678
39.718804651951885	86.00025211446369
39.71303286734232	77.16568384756
39.99354885994	86.0181215170855
65.00294948600069	87.3639087581516
34.98101255396056	90.54037386457345
34.3729359847613	93.30914504650792
35.84148910123867	83.39607448065678
37.24705386138767	79.92908183730543
51.22608670761488	87.62645827081234
41.120092535948245	98.65815783966774
49.979617738205974	93.48277792425604
40.42878505780336	111.27936835811995
35.555077820485785	87.04192886736848
49.46938278270966	93.4380930648807
56.50224265242774	109.50464255083935
41.08392475515826	94.99131519999007
42.110140988850645	80.75084295748964
38.96608731746635	72.76054452595022
43.62341089170323	91.55146085047484
40.49826860187587	82.11882350302216
33.58758283123868	100.23256173144931
45.409142118717	87.5582772766011
33.889933913800455	86.79317996082544
37.62055459034201	79.80881650860233
36.04898503159154	73.66882691074656
31.366407329063847	98.31435001908126
39.541277900967955	97.52441280618935
20.487204803570982	112.29434043159387
43.53173907614561	102.7879105641045
36.54939942765973	67.3550590982248
29.654951189110058	87.57225408338623
48.13824732917176	87.34200220735686
54.96650086318077	94.82894705579393
34.54816646439752	90.41770614098333
31.37293008537237	78.24150437426616
50.119930837468715	93.00982339238907
19.45599430929071	80.60781465999213
50.656099999076595	94.6458756757333
39.6820540194129	71.60557689044427
39.455621401150765	109.76635625334428
28.630274417644912	90.12492945949361
25.663780462595227	80.30492005392234
31.750375348424008	94.88708739010073
39.778137613312616	101.17814738151847
36.54597879003715	84.28785079934612
48.3349427990519	88.87599868263158
50.18275868384864	105.36588231102489
38.28854914095254	68.6459276545341
42.54391965974562	75.4959553145019
51.48015899637894	75.29326487741261
29.444564195812855	89.79536792589545
36.82253200073282	89.79783081496446
39.523481228521995	70.07547150894648
30.955849969357068	87.01026790341898
38.116260757576015	95.5969695794203
43.026407413392285	91.51677476006091
44.027759638400866	89.31836223068538
59.764206339806805	97.97179427534711
54.467482514062205	80.59315439120398
54.146981237380146	80.99158203935488
43.57326365954853	85.00524850880345
36.54455846870695	87.33073012802285
44.412878492501264	90.60312734479204
52.57202041824108	104.17155259706396
30.142292335405656	119.54936638209173
49.13176091343925	92.05057894358026
42.08234703281429	88.24628117951502
29.877411758995038	97.12592804064514
34.80142081517627	103.60535241501029
38.18133834879773	91.0517955959506
27.94905546618602	82.84931806093883
43.26758624226818	86.29975852408347
27.87841045710075	80.04452538011955
39.35987425112953	85.47764886552993
38.47041393537849	87.92001773964456
51.056029605410615	93.34171713183419
47.216012776016015	100.47577800294981
44.732191008600175	105.60210582468055
53.37116409560448	92.0127149573193
42.90513358747518	85.6436067098326
65.9173651751139	99.5922541135722
34.26503148248412	96.76014941497488
51.75441245552902	91.37806999974353
45.352297643970516	89.98494149606182
45.132452418657635	114.00544970088997
35.49933093334821	92.03505325296429
32.38041211711931	91.03488793575576
60.357241011561115	76.15312701931896
29.8190819568999	89.8208173307664
60.79236205904634	108.14979056681068
48.23517524439042	79.6157128884679
31.525246449493977	100.9621769286986
44.533604171466244	96.75457327278447
22.060742094595724	107.84686302966483
38.03758076194352	85.8104949801132
41.91997255921918	98.07524175443679
41.252591793019164	108.97595655848156
45.0189203679722	68.53971109226207
31.851978279990625	116.63343702401701
32.47421279371814	84.71241887226007
42.21209557454152	95.36165904950128
42.93251200257921	80.02217598358622
33.904594235988014	94.86180829544084
39.08347988108953	87.90951271348223
38.48087058927603	97.46009135034447
15.499006688215296	87.39691772673945
24.776930239985475	89.13837555718536
40.22819426906311	94.55713571495923
48.02888322413619	106.27890767752275
58.814124093124164	88.91824847141032
52.59314818876277	105.64315799455568
32.12459869672339	75.87486512695924
37.42498947446885	85.01478286814151
43.45086119218836	92.27918480664614
37.45550628971566	93.79398765142767
36.565160950441175	81.09713196147632
32.61892082921796	90.01246635255401
41.00567501329081	91.74049394014543
20.69680472733041	86.38014443448104
34.368840705267445	85.15492152600699
33.06386480418647	89.83748649118462
46.69342741027936	90.89632100672507
41.75855396363156	121.78229190225093
31.58527076194781	88.0424327214335
48.95151877644709	72.75053881627034
39.88516712471282	77.84229215712014
24.113037522825987	99.53928984307888
43.75182447501764	92.56078718227025
48.11293384536917	85.401830956435
38.003336845285844	85.24962100000405
42.389711719079486	85.34870087334691
59.509198253820486	93.23995476204524
30.524806914996724	91.30453083013221
50.0239822025446	84.19568173294633
28.804755686995392	87.24586970486281
40.862842864828984	89.32168435049468
40.943709235095966	91.12793273202145
43.79372493682125	90.67427111442575
42.09169378763609	102.30781942529107
35.06695372676417	103.82982461047433
51.70988896168247	100.86307137576365
43.02269661856875	98.40108331498469
50.04149536155138	85.67469234204296
33.54830190799315	93.56715230975121
35.76839745557232	110.61210742062208
50.66530707925044	70.95299271081991
43.10850075311671	86.92255646911607
39.200161664156646	80.9664873260892
30.408721787224373	102.87108850521906
43.80853708284843	83.84768613421247
32.86075146907281	106.86987144630872
40.79652920754922	84.87565235662255
43.96449708834987	84.76601644140678
44.89234203985491	101.13809263681632
48.33059032286873	107.61587911483356
12.422548494668074	84.98891218366565
44.090986297685426	100.34972872321869
32.2331038436958	101.88399248603575
41.022984428799035	92.20434774384805
47.649076647102675	81.56520232567705
36.60780818104044	99.94969836874841
44.4797983413108	83.9444074802944
10.762574954437948	82.42848702563829
39.36279373986054	106.74961843869707
28.754423160694344	87.3291984450219
48.62321848930345	102.95186235650696
29.09948543951854	105.17093997188948
41.0108432548675	95.18537530723798
30.292374934093125	90.07018006577611
33.078460568256645	90.55620613469584
49.65730278859546	91.44739914746583
39.06100198955399	81.00827892458761
51.08936579041841	90.82037395577647
53.38338505764186	95.69794296884189
36.01665789221824	94.27846891442785
35.99092907263304	87.86168427264867
47.253907681922236	84.57291879589428
38.446863397477024	91.782914081898
40.362727106234736	102.27852650703899
43.046151668959865	84.06132331317055
29.520293274403464	112.77699981586147
50.88551405578036	97.8222839117902
48.76396680329449	91.92401090699961
32.964741253439996	98.04785854323589
29.9886132379484	91.78437142846273
47.91929641564454	113.5145978642913
15.401917885032777	87.48052446384287
42.902729149006284	87.85361773253551
25.008162470984054	97.57283770189692
64.89558187920865	92.38444300689463
41.565017110697056	103.88392176692057
38.08867627639012	68.63706072085188
45.93362813284984	79.40126504465165
53.32797291529639	76.18354251751742
41.41404116920723	93.63275579844736
42.77732000982958	94.54119121281157
46.223710856394675	101.49116842230215
38.484507974903025	77.2647068308473
51.52445271706149	91.91068583714626
45.06577613012046	94.8857864860342
40.43956026279264	81.98722297284779
48.34217487705902	93.48388462682507
37.25725976970496	88.76068713838578
46.52443406841258	77.0195478941907
20.668930585571623	108.38231479483746
35.03962573898984	90.51228366730888
44.59688465312335	67.8082351860146
40.535216858916506	103.09242858292215
53.020505318179374	78.98952473096678
32.40652588309683	113.315342933652
52.68844213499908	89.07154716592272
47.13326705868512	99.20728539721232
48.86054299978136	96.87102384582155
33.24573652413525	87.0974295195097
31.618621305520755	100.01200572791727
42.65760899262893	115.0165884406531
46.259762151229104	81.25286500638134
51.84017501679463	99.23215423081
41.58546438528496	97.72851872376924
27.876942821004153	81.69986451056847
43.105864855809855	95.73307891888992
40.81326262261483	90.40669991819999
42.84899184788125	96.50756998463173
34.195973021962786	104.8166584400245
32.09108154546966	80.36638785625752
40.256637450264854	86.39806621453613
30.7362610676596	105.57416178332478
36.8533398734933	105.85881635174752
37.689594166992464	103.88969200215794
35.38544884104021	78.67268918351692
33.62502203646773	88.96589774888469
37.131310781199126	81.981270287928
38.61163847262276	83.55305633428746
99.83649994339049	-17.38359345309148
81.31908116246981	7.532813769274364
91.04285739031266	-3.075683936381287
64.68454261366631	4.579120550949468
98.6674809941907	11.610495217618036
76.83968419822203	-3.5086446696931457
82.67814475607364	3.9234260218232153
100.65151980003509	3.4159263429317663
78.45716904583385	14.33893495464478
83.59978414368086	28.112472667655037
75.97430876602745	16.58152702534138
108.45264165761114	-3.456968333189236
90.23224059632115	4.757429933689178
86.31568587960416	19.573206598404774
90.4934967684088	17.129397536647183
67.91075083497348	14.045183966102265
80.46015753768329	11.129616622670133
86.78873351836069	9.536768240936984
87.65369674077402	9.781115802784555
99.82870365033276	3.2283436709876785
93.06577456459209	12.431790066200927
65.39964506388742	8.952145446546123
93.57189294323274	20.51127071827677
90.39104892470375	21.822007219841147
93.47206712916599	19.622598908026053
83.20138418218178	15.614203982171357
91.5733035643592	17.300624129117423
96.7095563607563	12.396259596565423
81.93624946974	0.5533814917541591
92.2603709346954	11.20730912809303
77.7288926530446	16.238255886560747
70.20287299652328	4.6656154369193
86.46476738790973	25.30214478436012
99.0189518565798	29.377041710024617
111.6638228988935	9.468594088723773
92.37322621410054	19.980280135478463
100.43070438273685	11.288187280557183
61.84102787140151	4.729884964940226
87.52719724039355	20.065419150948088
92.14067373233748	15.192520259518073
82.68261633995732	-7.070108612789575
70.42419525124662	0.057512509758341324
80.19407079625206	3.1240013631896613
66.63700921476871	11.098583635434775
85.93302662616827	-4.977448066347389
81.18907687728796	9.290896337692338
61.9011538829922	3.15639078060385
71.25039139043393	17.226464075262214
96.19108830252594	-9.457733107974459
88.23953024174423	11.21614679701538
83.80191232661652	5.949710292615215
81.22202955456373	18.418718363247336
86.18124081024837	18.68718853785633
90.88082016533708	0.34095056826926573
79.7518177077446	6.495390495334473
72.64228921483115	2.199478900119619
80.41735121153432	14.05105029995574
82.94936321057156	16.123661845539807
86.05370776111556	3.6040951909367998
88.29582447507457	15.178244946001026
107.9897677919613	2.9211482676825007
102.47949237729455	11.993041437976753
81.9724468152889	22.55945879562111
84.11415953396286	15.613684864024982
106.06464274845325	14.185550412907201
88.03383658540423	21.149536022320195
84.4753117999699	8.366375487652105
93.04650462671053	2.2260155759074163
91.94081722337272	-2.409461100058529
77.30833525175854	32.023482372089056
93.08704028903665	10.633420728171375
77.62020074641313	17.289155295387744
70.23949036782312	6.811050626105055
81.17082911810893	-0.6147930119790814
72.98048991925506	23.298623267457103
88.88359501884547	15.555255422827098
64.06670847321774	13.977633052999417
82.88450132096206	6.335956148825944
72.33873768703506	7.4180974402917785
82.98645070152698	13.095632038023107
82.72958936823667	-15.247157512084208
97.88898642894557	34.15912252650999
68.47775464522438	1.151215110519221
80.0579576707371	3.4177449194085368
84.4607306472155	28.586783207923254
85.24655275691426	23.81910626295432
97.04773764964608	29.718828699414104
92.68861762945053	22.69840412388234
99.08650651797934	1.5403453057760093
80.55518266402593	10.123632918953447
85.10501708802607	9.534792336675855
78.20938825077992	13.555103278046374
74.30183830398704	1.5788503764791706
73.79457467677751	22.966459669443392
108.39799226935756	-2.957750787064427
100.50111099426132	13.07486483077497
86.55904135243539	7.9456198184810525
80.51319670726313	16.285264664452036
69.967543273322	9.885483904498967
84.71048419613918	1.8908455964798137
86.38507425354268	10.07219417930045
90.20178958205891	14.42424891114862
87.18370419368803	20.215848746038116
91.57415893373566	5.959218452825248
76.89621811409782	22.29904621336169
84.37519569346739	22.995217787673766
78.01813754772763	13.032894076371349
84.76984110459505	7.896833381943354
75.03659115815265	20.61843231719262
99.84156814873974	3.7322559170337177
96.43457102498068	4.281173701001458
90.49364028486823	31.644900377903607
86.44966889161596	10.495704689871038
97.7282777337607	24.9564940279571
74.34598501303397	24.893583029729246
87.96705362423704	6.728969873370921
97.16118418616226	21.124519538159106
109.96669963727824	20.007246617505327
82.58062905835588	0.3507908969997757
95.18106614989314	11.836286680291918
80.62823658284655	30.88671629573623
87.33392088252405	20.1727440387455
73.10658426659413	9.49858417274512
101.49083486649448	9.001466043449822
85.00277816754708	-6.577910781478252
89.51257906989746	-7.081093158884919
107.80270689970963	4.448955622337299
98.90090734918923	11.930414154078644
97.76742881087267	1.6615135054313335
99.3114250397962	22.853563625154443
79.43247935530518	19.194886028039193
91.4360151049685	15.40577006297373
81.51065562115595	16.918451184692564
89.06123288206435	-7.782797791643759
86.47860061356633	23.927287120869302
111.87906938963113	3.2562641520915623
88.82142228766833	25.0345456382625
83.18434276555456	23.31952006956095
99.95906535998056	7.3148361901772
76.97471508669906	8.208019222757493
76.90757777964455	-3.7827713738210864
94.45960995337009	11.010007277370576
96.5024243926673	20.941675807343977
86.3293607645616	2.8406872625876556
73.42033163251368	5.7411289351993124
89.97340338267675	5.549354305258292
88.16133625200729	7.134293266035531
89.63167927714045	-1.2278312695945655
85.39138124255196	1.9326188981064583
79.74334472033037	26.253084340479063
84.0959305983557	21.077973930851115
86.38073231064133	2.3867335965655077
101.20447712847832	0.5771846910225058
97.19546931158058	6.649185990087436
84.8289922709607	17.5734723913522
73.96891866297253	-8.380628404637694
91.06220134675667	5.023858119584155
91.92770335070199	5.7871117110476185
72.40246149029073	13.633472239728802
83.36619778946645	15.183967186833037
88.02314837485754	27.640702549321347
82.4525648851907	-1.193268990110628
71.11343994909915	10.258410937103605
89.34631067885219	31.55964916580538
95.56256403547559	18.077958830467942
77.01349809021669	14.287977361664293
94.46619577167368	2.2981119178166622
102.45217040040522	5.721302132167122
79.7966173630571	15.52522321280773
82.26352952557008	16.478279869624618
97.90486882866458	19.911001498986867
84.6667668432408	11.740619162493921
87.38422133626437	14.294072715808426
79.59869003685257	17.39899374755688
81.28273699750224	0.28450037339107936
90.4946654768574	31.728502359275225
80.34660847627707	4.8940329183155775
86.7367065910231	22.16974431252327
103.7463546555147	13.1297910422344
88.08824177957989	7.409452711131683
82.68299697519113	16.140995036223728
90.74004977379036	6.914298694083042
97.05214660430856	15.237752533728873
85.00359256952851	16.378276952863356
101.1458983731347	10.553028433290713
85.25881528901526	15.754234326594844
82.36774341667314	-3.8590745459133835
91.9363553170366	3.344423991605866
72.00407555094861	19.304022820809777
92.19971866657798	2.0877965091365436
76.550701104764	18.707083001629965
109.14042753691518	6.885772329654274
90.21939987027267	20.851135837522065
91.35036243837847	12.977277376696062
73.42463894172504	11.464710217507255
89.2071545197263	27.081680997978882
105.42473614632911	0.5602800762550988
78.07689055183657	14.771496074046802
78.45238074490358	14.529318642579096
73.96897816340295	-13.111935090727467
85.21117650282433	-2.205184115260474
63.19450272546578	14.074233244459048
87.15821329066762	14.260301374938859
87.7972139020819	9.045624573032157
75.53862852110603	3.997606287901492
80.24635345857601	17.47941604940072
86.55370611969275	18.989986860036414
104.10940559988374	29.945527478879868
87.52110960716578	19.89578667481096
87.12927751980976	-3.494734338155803
97.23901158980459	30.76199399220164
88.70475243128907	11.0818596068164
86.92741844895477	18.529987579511634
98.13138246434762	-10.818232090382367
101.0665307608771	12.830766902477853
93.36127945687143	-3.392960633929585
83.26497245724023	6.578866810146281
97.90863492641859	16.917573427205532
87.48605677206773	20.362441545537138
92.63329515894607	3.966196009375426
93.61346680008779	19.647573196486903
85.9726209013379	-0.8580223304194607
70.0375538154672	29.438702636830513
91.68066674371276	12.543629653913767
96.0237578585991	12.741272879069
89.05058931334241	21.627208393040917
95.74373660293034	9.310691629619717
95.40908987143118	-0.19596516727063218
87.15292691407932	13.885335292499468
68.71518552361931	5.258669860756531
82.45876402736218	19.39380377995694
65.96465265623166	16.289620979521537
89.57451102614866	23.091258295656385
81.74074851448927	1.6687665384442365
73.5121119388864	12.633612160132037
85.2331734422823	-8.8759431521176
86.58074227165277	10.888311402764538
75.00915547339667	-10.914904483125586
83.03645422530148	-5.160764701849239
74.09105420908634	17.351149128655347
86.90120474276715	12.17356288059791
81.20725121925575	11.75290303602266
77.17630371566166	8.155368081010476
78.78851364004564	27.646051070755927
84.32387407858637	12.715842709003281
88.69000275999156	10.661663241317973
99.97136925765957	4.813735927974588
82.61307327815994	12.047116288801645
95.08891846121949	8.989350788833836
93.80545196187671	18.311132429443788
33.033262998809334	91.37806918067197
17.347809127243195	93.75731689908497
34.05058805242701	91.93099316623582
12.281351756683147	107.52492424864839
38.698102169608426	98.36624263822057
17.239328506767343	95.85624854532865
53.267202897535924	89.70953549574162
28.79445956791931	93.59507233837861
30.38962173315933	106.00665518675352
38.322728792345586	94.45568140613148
14.959375476035156	97.30031500593294
20.810847418427727	98.0627241380459
33.58488209696486	92.27762149424498
38.743376179031344	117.44913647803068
38.80697904477156	117.57115343168128
36.28610569518974	80.54837390366163
38.192338910683105	109.1101727670386
27.655129377366354	91.83957137816142
26.277918410783656	99.00800151365286
39.5409701804288	102.43035429402016
47.35614660107119	97.78078522867821
35.600728664522556	85.62062978271608
33.3730570589954	88.01138693599633
16.125268189137437	102.32392862102516
32.9083385681645	114.34902919988109
32.092598034306505	86.90289735452433
32.074903971948615	93.88173419590687
28.866829342900107	78.82034323446837
26.235634904441252	99.3835325504323
24.527076301311627	98.73514256401654
21.313333976965712	118.17745331920548
26.85779150727697	100.3601400727739
31.09283032286725	105.86298391189848
40.64162127893851	99.59021023150645
30.206794419277124	80.15035960853172
18.337745497067445	92.67886848624507
43.893731008058836	98.27038133721074
41.10860266268297	92.12572493436437
32.87368086670589	98.3237905541101
31.729699293263202	98.49841271919274
48.00760791679504	87.2528138394013
32.18375293300365	93.64924734949655
25.35085310071683	105.85766079609071
11.259909496283317	91.79400731383151
39.77883123534793	96.55281727489994
38.755782407211875	100.56811135610623
28.496422539534684	99.31932352454646
34.612114599749226	98.01579800297036
42.07237796689563	105.86362061420613
10.215357818693114	84.92346605381648
22.574378451385385	104.43241251731075
29.352234340036997	76.3878752126694
31.48179672975023	100.8348717302992
31.230640703070073	93.25212846369331
23.67405164825867	102.44193658272405
34.297242566036914	109.5436379547116
31.161190296824657	106.2075623796758
23.063487156605994	82.32950544483147
23.537679046205767	101.57163116545755
27.503444855020447	116.75065265804457
38.269864207236324	102.02873896927503
31.592763560643174	111.62176472271898
30.479581147575715	97.93672476668291
47.85635869549916	100.01375573488184
24.215084473193727	96.9690160368092
32.05478980233411	83.04099722066543
37.86080217834379	101.4756394914966
37.12030620435074	90.18175718569341
38.22960488021866	87.46044975210009
28.140030400431908	97.65694355467996
17.5943995258488	93.79758966362576
23.08203835044028	98.0499156451367
26.29779896429722	114.97640115179378
22.603228415802246	98.01553328599196
31.335114076760117	108.33737400314975
32.96674991157662	101.44362038573786
25.89984501689455	102.75184267302507
23.080797782229162	89.3771843143355
14.95616652524777	93.89702611954914
19.07249882665513	97.92085704903202
18.123150767567587	84.07903901611317
35.20083812838621	116.70664939368322
31.684639271779446	95.70559934495229
26.870072375062687	74.19580212759806
48.3464867693576	105.13554055057514
37.2419109556183	103.2528830665191
38.33128666299384	99.36227661118824
16.26121913188995	107.75653959589309
25.7804237609072	110.35654190261062
33.22325775817926	83.82529460971355
32.592455237412025	97.38041130540132
25.109131690905958	117.61041025048087
45.97090690487621	98.52501698547906
15.508537506086356	94.99346813840869
29.143315961445463	102.36431015367337
32.51245934825365	96.40352900052481
26.556328611336934	88.24130930129397
28.977437510123885	92.72452277119984
31.388612567035473	109.35337621356413
31.73233720072598	102.53735526252079
42.12130599993351	115.29429387471552
10.572921880364223	97.9696219706927
34.75281798237005	97.33617639351202
38.358536656599306	106.6440229196468
24.19972933133497	103.27448593277411
28.479485488505336	117.59684396940773
48.22805244176298	94.55545603436912
20.710871954065844	104.87232632618976
35.92798995957328	88.85090265648914
47.889791304379415	96.10390310794709
38.75817107719543	87.2320116445436
47.805074577382264	92.88965795407475
38.236320777817056	92.60310602608439
28.517626302475442	97.20166687269885
45.25403782594138	92.61121344019102
23.474047186478153	86.48927920908031
48.963259778610876	99.98653420750739
33.296137443074755	90.58417858404178
26.423855798134316	98.39445717421084
30.38373848567418	115.80148750408244
38.493913726890945	116.35465379845576
25.351913243462246	93.7359180088647
26.979735623567894	87.95064470780534
48.77445660583733	95.06974782193083
42.982783273340196	81.67933791955367
34.733265287632925	100.9620359956727
27.228664523321836	105.62798418646426
20.970720980482334	97.117766751648
33.78991357942445	111.6729071440363
46.44654166458347	92.71743791106121
31.528043576025564	111.45523369388621
33.09778910610336	108.63250171329797
24.532152994562082	112.09069156097226
32.61639030502938	87.2526940153006
29.930638251478463	96.96974505639568
45.51580496848749	91.21524049643614
48.695618995587516	101.2909527806512
37.05994869470561	81.66742931182614
25.62039248045795	93.14499070931743
35.63032902832897	86.61150948447468
23.74596857780974	79.02619701060834
26.277935908876234	101.359761750487
27.30339887775388	98.61542272318253
32.93327808106481	86.87870853554622
36.99761848793032	107.02233440560961
33.441270780394916	107.32374434354767
48.76799834694483	69.85952651424464
29.648451505562868	83.89166767351156
33.90262631097906	89.73199671377321
26.49106093533945	101.21468246765342
20.26428174804732	95.9737513086299
33.40612588915175	105.24084904133278
35.24744264341588	102.52930407819025
46.2852165466687	92.27456572027558
30.53241044161606	94.33766385898804
29.02594806507331	77.18243308535175
25.971309826082596	89.8174342990878
32.157239311924336	91.98416057432603
23.019217915842688	101.65907834506531
26.56502137458722	102.99564061453341
33.08339696644225	95.58085835688304
29.136225713308583	112.55430629311918
47.957603194571746	100.24375857223585
38.03452836074204	90.4817023430354
35.52656307805311	126.59309853291043
42.6460486939294	102.5774328468515
21.513036818709104	100.9398798974947
31.592129708378113	98.86824060712247
11.643229920620868	103.03067611873746
25.07210563522806	100.64813638601433
20.30364926666241	89.05614743485577
21.308801404309687	97.96422002214652
35.39139619523262	91.09625746295711
29.98955592715084	87.80427724148225
32.51086232160046	95.07886654922858
33.91176003365229	82.50732107237027
31.027207148445086	107.815633059432
29.025413496900974	90.93776925863256
51.358221492292444	86.68594942681638
21.567757819409273	91.79442009863064
33.62665607429601	99.02181771181709
36.284124519010135	98.50131372862785
32.58692429736607	99.24426539062145
47.27251614122937	102.85178725626358
31.05910113716093	106.11323123622054
24.37290353617337	100.08383184564852
28.83194170861806	106.08845787118433
51.79653279289687	84.53340485162694
17.431764624493738	93.68602330428017
38.506746136966036	90.76488779002248
32.305304698860375	103.01365858672517
27.885854325351225	92.17154634422012
20.313209294774786	111.88139052925648
41.15200198075334	104.73001081012515
38.35942482627664	110.33248799144447
32.193548679355814	97.99136681863872
25.705073710714984	107.07466522113474
43.20255783527207	81.55083084659636
18.190269022705287	108.52788485676703
21.15274896937415	82.00631327042287
28.48971820862613	101.18884206957308
32.67477158793781	111.15872693405124
12.888564092632283	89.65427878546842
32.58772496106946	109.22628898848032
28.32799294241996	87.09200065625163
40.56680376721296	100.76579251923806
32.5946166924316	88.18467231869329
48.33292510803835	114.36226612886381
30.218776687277145	105.31675276054165
32.7806019180906	103.03697463763834
51.5601846016734	106.93873113832407
37.2548813489355	90.52679135107246
27.786067843090393	117.97208631085834
3.539274439901977	98.98760538341115
44.59197371939177	105.18713451022863
26.34048870774393	101.81422264690627
30.36281259131408	93.78602032528492
36.19466500550898	99.19897692251965
41.55814963198753	98.107187560271
30.729759183250987	104.87784649110617
32.25126157370508	99.94805561136928
42.86578290232606	96.19171794223622
49.326997789963094	119.87847398591644
41.92288620839901	89.81811035239933
43.79140296504826	98.04529827837236
30.40474767856643	101.82519473855731
13.760056441813543	89.68406307581843
30.95835502316253	96.30649505972215
44.78285453251906	111.39967124854026
39.4493169148092	107.81969416417162
41.00439111752986	87.77046658602131
42.51550060708287	88.35197121175847
12.232428517012117	82.05786929490581
37.58749812280926	106.05357387514005
27.028740550653595	101.88077308674615
27.343664577679373	93.5901640298738
38.38774330464642	95.02108500876754
29.09642866912486	99.40444608463726
58.13623541745679	78.31682059498316
28.937747543978865	90.34103082748881
34.881352006775096	130.05286454308307
53.723640250458786	84.4368083432087
23.69525130764933	98.64950339116344
23.808855570255204	78.65419614675804
35.77022173694052	96.50538505762786
54.98895262006168	111.55930119759611
38.87675117075364	84.00525488499294
26.106303384910188	120.51999854181335
37.892180264170534	89.9985617508258
33.202850280233996	106.57136168858602
7.960461323636981	51.78867945982138
37.720982689486384	46.03939538355216
19.300859440441698	68.59354617963835
47.791901614597094	52.15063263291968
31.326838206780295	59.057480510447284
26.64794695008455	72.01305235456269
41.938760467826356	36.30071175514938
30.495566952197066	57.203606323014306
19.284730679865127	52.195055895780946
21.845336544503013	59.02208197662721
15.732138247788624	44.919056555177164
14.485269925367838	51.310650874977604
15.818943315586777	54.68305310970584
31.493951925948803	48.44789907106177
44.372545636061666	51.627297381629276
22.803080969170164	45.93013693524237
23.950222980862012	61.58004402853152
48.415714076211124	66.08222797490275
17.44827271197559	45.40346327786891
18.939286674970557	70.95072049762685
39.213347403914725	64.83539870468762
34.60557798877949	48.890702462877556
34.91879955966101	57.14591737437677
28.127630303353357	59.372178124454955
34.040438073714014	50.63298167767924
19.647859159409478	56.47798550609975
38.59625717666431	46.898085943320794
25.116987579096413	59.735121603837335
27.320830689383108	58.37720488050168
16.79908791693971	59.484988861664434
15.211501974331284	39.978923453492555
24.341847507015736	62.98580912243301
31.927031800497822	58.50472376839062
31.327963597192436	74.60195555634093
42.26530622408387	51.21088774472424
24.457095781850136	49.61537844664386
32.47612388776126	55.212035210589
12.796870341272166	50.53050301178374
33.92455493405375	54.884352541640496
13.819420452162085	56.282666558199935
26.228176909627507	47.77346432271887
30.576797930772106	51.663214582932845
12.822321156395438	66.67012893006158
24.546146846790815	53.01931065323141
10.831347026438474	54.71083499756737
33.41677841724472	56.26983434313589
-6.937176654199359	50.8658530990599
24.245326365185996	47.090177371370196
42.132942992113485	58.69215880834721
33.80301012297226	73.12916013287149
20.262768274631966	58.40824563423657
23.726426291901248	78.5919132083074
20.134979395626146	43.332817304933705
26.681554338487413	59.35711797492044
23.93198972895645	58.99008975241029
24.791470668055812	50.728827590754285
7.810073624646524	65.69590059843452
16.62547725708292	64.87640377277046
24.69667279606235	57.37273227103708
4.5128953307794575	53.93156521765563
22.54310598813304	50.56953118685099
31.391229277874455	37.217894166906554
29.375838991000666	49.66233228386466
24.472544421352985	67.69736820158583
40.51891681613081	55.76190185759914
48.689336818005145	60.12237231779737
33.839345027542336	58.9117852898579
17.611938526396326	56.53309471625254
12.410968925785609	53.64450573715438
10.99591605489817	45.702907251113736
22.867567550211763	29.334514013736722
10.354270929347035	71.6836871736099
14.820346325257546	40.874922009947255
17.128427397921996	62.46221362155116
20.01492483199727	53.81845406722469
23.122667506598958	60.448132050795266
28.10382727648664	45.436873021411955
18.715022924044632	59.588327659789485
40.59579455608122	45.560238597534536
12.193774017117045	51.065502869138086
25.041273199970167	47.37891676026381
36.39134361608907	49.95258877532655
41.32454789692186	55.073940159378225
27.460417198528045	54.28058714998425
0.21468673201931665	49.63845554524882
7.880244290527617	63.94705630920925
24.66741002183603	58.417260972513155
27.872413322241403	49.00023238939414
22.725737164007466	45.16306946149367
35.64275338202005	66.69553040231747
21.506128267373455	42.24438080490382
26.696413981117267	53.220203773711795
6.175057161992225	42.62283366593463
13.17344458017912	77.89325503226954
39.71972038463387	81.32521228643293
25.969630257563892	53.62441763205306
21.192141562459966	56.661859482815515
32.17690338300078	68.26114779593762
39.892356225663725	72.6862165190312
15.253713903666013	57.942818316947104
32.893346996621204	45.28307655486023
25.90493273788123	50.25670297734385
24.10827529181942	53.89856171413935
20.719484974948738	60.262465416871166
5.4618251709348264	65.72085262178565
25.935966543932544	73.6642630685445
34.34760328043205	55.25494835711948
20.722465773800852	53.49080169991088
16.706833000220485	59.48421394223812
29.523052286491033	48.83882518169049
28.214965142328786	70.12930501744462
12.654343518428021	52.891026828212745
20.12757534497147	80.93566611668463
16.58033957924546	65.12367746340107
28.35474404346265	59.62071551138431
20.437940980350344	48.23047490395166
2.277882861269198	46.70097627511154
25.073274419196935	52.96092102121637
22.81995593548081	58.94297172271358
28.052602683767297	50.06991618225895
43.093984506881256	56.64119650076613
3.045584286326779	42.45278641909435
12.294735728765394	57.00136229172421
24.200312351096603	52.04463445154175
15.82621809529587	72.75672038494176
25.286240815364273	77.46082675646966
24.254493868169824	50.98490131920295
12.262510416427048	43.69073355065301
22.114867532905187	48.89324084304695
26.51866343662527	55.01860013379951
12.370358193817838	49.504812002022824
29.357632172407868	60.00342263582471
22.187934868724646	76.13921156512875
28.941402061264842	53.607554717881364
36.8320660729963	57.05741965130031
31.33941450104471	55.020656285572684
36.018933250728296	49.66989010045999
20.918690487742033	48.81503624865065
39.48234079794412	46.251340457087665
17.977477671215034	59.29921441307036
31.899357875665842	48.81975733935772
23.18162146733629	52.17438882084907
26.64316773116376	72.44218258810935
16.937180482376473	65.72504080380361
32.16104209353123	48.54107947725146
26.60784461628305	55.416675880836976
28.310379653468466	81.95309646589186
29.359553395779155	67.07550355866475
35.88155681559956	50.68653613611305
25.373793388128572	63.392895495150015
16.23853583187615	52.71140312275239
24.611127666059065	51.44765398213986
21.804291772794205	43.12515884609182
27.96815805852565	69.49348196449544
30.397694681549073	53.18331127654103
21.12033743036988	71.31376747098277
22.933455394476034	63.17298028689457
32.26390822486554	63.34843720995148
31.681385148117315	53.40140982341421
42.91984621497461	66.84102939617713
41.82581414744848	47.65897469782798
23.01528998044953	37.53975818874765
12.990533051037195	42.816260191826785
34.89531872951546	61.9274766552271
17.024363471204612	46.983397324359714
19.674006275297383	58.58089303997352
17.124343472150805	49.96233960837599
30.741386171759082	43.71926991228355
21.504703201488727	51.160569685179695
-0.2415054744201619	50.786542369019024
28.394707192664796	65.83016502164169
31.68701090113905	62.46269930813487
23.663535188477173	59.96527091343913
35.62212846672353	30.947119724333003
26.12508988327534	50.68112894384086
2.0218174965114244	64.15081030221246
21.59464395736101	63.17371851945778
7.577731570208524	46.49642888864718
28.265373704120762	52.20537585209944
13.718509575373387	58.438265886277414
12.379314962735052	60.19543762722347
8.701581146900278	54.09214598477173
35.01354264521471	73.06332170345846
25.88615054924322	55.77860861012096
17.32309503292936	62.71851946254863
20.524099114230804	35.94945769546022
18.81180661692861	39.675997761406094
28.440821339576438	49.45317388710359
31.193087271124835	45.950071327654385
28.181435157963517	58.95422736541016
28.136344520912274	64.4427521951116
28.860435556333886	45.14275293062531
23.785835934261684	74.10072649444825
39.28005506029318	54.22707168933968
32.6974905302155	41.276557946900915
9.852870481743643	74.26261160965365
16.152733208740074	58.09887116949644
30.131624762460884	56.99988610210765
12.470844963057422	68.6364813810834
32.98006970823505	61.03579421733315
35.540498836969235	61.9795201836931
4.556659392894321	48.39470935457921
17.462146954907883	74.49451812710005
12.871315115406993	50.38390464303645
28.100160095698584	40.242686935061954
0.5989457844579462	67.15683524239256
32.391425800487646	59.41358649121281
35.467722268363815	65.34554990484251
30.894748388413195	38.09495940407841
32.606502493181836	38.3414500737306
23.342036342623135	59.51737868417568
29.590473105854116	47.63431413091494
21.428842441620553	68.46619407354403
26.378872236726547	63.31953799315744
25.4811289261977	68.70104595118384
26.12321690316068	68.72039160177755
33.757851010839886	50.792269009455524
42.35003040408975	58.04776009014394
16.185479508696524	53.47143839146567
30.28162050026303	73.67171699223636
-3.784991898799831	43.78507463093417
35.48893602106321	62.62282954624534
13.651715998530793	58.97131296309397
12.080702941064322	49.63345189025756
19.281855145811857	53.09057576475635
21.754378932878275	50.7522529523616
21.011864009258982	49.435924201149064
15.873725762236393	39.43882990857963
23.13347462983464	62.587167399452895
31.02840840702421	47.165013154721194
4.682984989022614	61.79294570110328
19.222459354443945	33.652114576854686
21.85839828857296	48.50300302321938
7.667140888685054	57.60213324586836
20.097273822666303	56.060525906745475
10.116286817623326	60.785788350953325
17.254929871375445	61.77612894914641
22.315465248632773	56.718179852264555
19.746425404020627	58.70015411212326
5.967054236437491	56.94885625255599
45.703637422990795	53.08498573799588
22.964937944766522	60.75146241752398
29.7744885804911	65.74619851776883
10.629325912086491	57.729909934179226
19.16811459969212	24.18993805907886
26.37792070127444	62.20870433749182
14.370196452238934	38.38363303953527
34.86058908375912	47.56882103174051
36.03723520882879	41.14471870135934
23.161469995434135	43.35381717502375