96.92176316594833	42.80308442774977
90.80930201767951	58.5575151548947
100.80345296805478	50.5031399546475
107.31743248002412	63.86574228822129
100.0199574561722	42.60846371722216
104.99550074843069	78.08702316491164
75.48413862293128	50.63386395546201
104.8165377279041	33.83691398479273
82.96893375235396	40.769618342206265
84.36858451607044	27.839596827072054
86.16637147603689	57.0345794637306
74.66794966368819	45.537281354661005
97.19281604988127	44.35266887890935
103.41934848025008	45.36376927824406
106.4948803146204	59.438767100684565
91.86470428456558	44.308354114678075
111.68608931767847	54.72359980880715
94.77475680341992	56.52478878363452
101.21565301513876	47.419654249800615
93.81967639672233	40.38078443298416
94.92884392184699	69.6695091188918
85.50232031845594	47.25947459858289
82.2192448615251	55.34355894954124
94.23626154051529	43.87565863034492
87.51316159241117	48.55385750042706
98.49272521586956	66.85094308782635
94.50130600563003	69.60996735539527
95.44790446228323	79.5179036370555
93.32733637271365	56.14912619703304
93.53726837101298	46.30516990103894
89.19548270203867	47.54175178725868
92.12026987604342	72.17576620322254
85.6071591602762	55.54615125105131
101.36430924489744	68.04604437847017
102.97887527072871	56.87935699801713
79.86369836944203	60.98953724530186
66.15593444074838	47.523842992801846
97.83117343399685	34.509842917059025
80.15133891802179	57.22892359132241
101.58571247462534	71.01097621060805
86.16384602103857	49.5055802959687
74.85939457969693	55.94814898912553
88.86557141696443	61.51869291174575
102.78466269959742	49.96806819661756
94.47645990903851	47.65858053116794
80.59163934040947	50.25052829319624
91.71810603266235	51.009289917642526
106.70071587490766	44.374160749043455
97.66019757231919	54.21443485408335
114.02964853525354	50.92160297833102
100.53692583326064	45.05704069871858
96.33514802335493	58.83077944266722
91.85361720837574	53.316031775859294
98.88178095667995	66.24232740916347
95.80830378726247	38.97758079844988
75.33984654571533	56.17936086477485
94.07619021280325	54.58330976737558
83.40266109712536	56.10989270718797
85.03533354892258	62.11342693154593
84.93679678546933	72.49340990118618
95.0772960798087	59.74382195408197
89.3812421219216	53.463605165571174
100.73499124082778	64.0504568453293
94.55452001873931	77.56080341000325
83.33215984746363	46.84809356102409
90.3954860796925	57.42052650015769
70.47151596482325	52.05071144601391
96.50939614018945	55.723295656215576
94.06598434414047	58.00811537734897
91.53950601678143	51.512242463221774
85.49055438539149	68.25691445335667
85.54070857787339	53.36025424080728
89.89352584466401	73.2055009838433
104.89038692793953	43.13520259281245
102.99952977086026	72.94643963103155
97.72259014539382	44.32051754210934
93.25597700823846	47.96875887595325
91.27806743026892	39.814539617590846
107.62469177271237	38.29757279908962
90.73516874827594	49.60938185812571
88.1365481825014	56.650864210588345
103.82472140754984	57.714195157118596
118.90874584330345	45.731080858234705
103.58165523714197	45.89020604260429
93.56483513729609	66.07755050606335
111.30610314810687	44.44672602041823
79.95947098373584	72.22020253427128
86.55254295068774	54.73562849605313
87.41344643323457	51.91205434196912
111.88822331279957	47.34853974340031
94.35303880374829	46.58335311183751
100.17931709340932	55.98716758121996
97.36980829467736	49.19046305219475
112.4098693639321	58.25909993180393
85.7172739027665	34.88244395567499
100.09070402654669	58.15725957501339
115.44226449694276	46.25034774355888
96.3205932354833	60.19836950313006
92.85216424011963	39.250521603573326
89.44552429235523	37.11496122398053
83.52206406984267	52.15610165283545
89.16593498876153	46.18903527371891
92.32335132928421	57.22255796334937
94.38682298852333	44.17322423476265
92.77251156223038	49.88285434334932
100.44384622598018	50.31316906030095
94.04613938249666	71.04657469961718
87.85794578359481	56.559301873598045
93.73191159524538	59.29419609575672
97.98871937328606	48.48535505341641
88.5540660499998	47.10938735789446
90.78406561154895	48.79359511652251
80.61523652856019	49.795965718991894
107.30007761909417	43.474295352708836
86.83677888211955	50.4096783137534
89.86819814936142	66.29955139714465
98.97958147372536	37.366965627306556
95.81523762908922	51.38513956915667
95.40478379764129	66.65820829166675
98.28260562782573	47.46512023769021
103.01007108750412	45.14147812737507
92.0821131352775	61.43155047818662
104.41260963419678	46.39091003848498
101.28006922263847	66.52699211291258
80.04246647173511	46.170266858812234
75.97274732839554	47.157373735679
83.80708040957666	49.961547016217324
86.32555583525205	54.9932435773787
92.82281699060346	80.02810881168062
91.02404905136858	51.07944136872043
87.24042689130717	66.0733600383219
101.44577573794395	68.75880226287143
101.53325757563462	64.8311350941672
113.18562068118803	41.023306470255974
100.67415595146035	74.68300444318545
107.09817783350456	70.65630865708803
90.75659701573642	52.822649185410945
85.10211714915101	26.96989374186597
89.46922876395294	50.49532647804544
106.0336813885368	48.04248607153856
75.8397737435061	47.53713291705499
85.01157949885355	76.73641300832016
92.99245017190854	52.334983246131756
90.68258530062644	62.752535452343295
90.6267278709669	55.192223361863185
105.41650151043942	28.895533427224596
89.32819573337501	51.127894729872466
99.02945221123157	33.95075157279402
94.62886752498677	62.28137020660718
91.28651998162786	50.251494401472385
101.05467473941151	72.07331089449184
95.07577234639051	75.18832371887736
92.99667182642548	68.02870740332403
96.12173164615254	60.04229873230861
107.90224098299105	67.26483816658477
120.53716637882714	52.78844103714372
97.9442099082085	55.46893802177153
99.2153119849712	54.549007159845125
93.82181476629033	34.08500215333599
78.83961677001442	42.69960179419855
90.29433872547911	55.53745079160666
96.22855855924811	45.41825707483814
94.42270028717911	60.69829026483556
83.63231547803521	36.48851489447263
86.23767469697835	55.215640419133486
113.65788453930534	40.85171000222165
94.52645413622591	55.29678709408957
122.47357950593789	52.69121063951232
94.17793873799639	55.104489584932175
99.46260587365181	59.37043906612633
87.81461972361268	43.15096602936265
100.55028946798257	62.578531941912026
109.91648877023688	56.54165596595673
107.06523203396046	46.87643503014476
100.68829730530445	58.90786514086404
82.15188790310583	65.92345598084921
81.83319656060011	61.93276436226408
92.26091429140553	61.689185963937675
95.86783949086396	50.093776422460245
86.34980838438003	51.58443543230715
86.55519355031436	43.13849317139913
102.9679325783384	46.770625096486825
104.56717483326555	63.76837849761908
109.0220242619437	48.74830241590042
102.16215760180518	62.579122336981726
76.61716043197671	51.556977321508704
95.49443319210756	63.36876888096648
99.96652294204284	46.1456280819397
104.79101013475287	51.756489933464415
103.12168546074922	45.126721496045214
99.56324592561499	47.20404577325813
93.84471311415354	61.1475023955445
89.01376335870175	62.58325244958536
80.44029003480422	57.556533669225594
99.76359164968778	62.2674367844063
104.45349628851157	46.179424263045014
102.09204787234192	49.84435698238292
100.70493247470073	52.81245301340875
105.1235991274049	47.827818319640244
104.86261297486155	65.16199265592151
100.92110108763242	69.30497227607962
94.80422866375189	51.25550754289953
92.33128282095872	65.95344823827952
93.50825092469469	57.322581283195674
89.80939445509536	57.846291263123796
79.3226696741452	56.73241702075384
97.34776240655206	57.787156592959214
71.55945517322479	54.80694114785453
85.67661127498347	51.30083517451228
81.97982788399436	46.85220221644778
87.51990910975516	54.392873668550266
99.45804969317132	70.0630322401414
102.92382590561488	50.670035282882395
97.2942645370415	51.36742121787681
74.4087317383561	42.48653275261218
82.45364356876365	63.336580869395846
104.12597082471926	54.244353279205086
103.87172368418003	49.202924731609905
107.3161764633146	56.69188041646146
94.64711902277844	46.84673257629656
83.27623663437099	78.97913055396147
101.44381946490662	52.30851172051675
95.58131953012271	70.67537400461664
99.08656999944233	60.27140859034297
91.0758862925833	65.39044694769495
102.46050513738773	40.621437825043024
94.90306001918894	54.15250848627544
83.98414321565042	51.0422379660761
94.50315439462038	49.81557258917818
98.2594568260288	50.69500329813606
100.6886700148219	75.96995020081434
113.96735982633689	45.024190061348406
99.58685822340243	45.711692805525935
79.84259704042434	49.03622349932736
83.47291528975859	53.26341727348904
87.8702604067285	45.40631491228593
79.13403871714972	54.82709017415945
93.10612757109413	57.403235402498055
85.93572718956982	56.66883685614949
96.46791841461126	86.75865357007552
96.54205540418303	66.56780954681726
93.55459396900997	60.62148221863015
86.75296704566404	49.42508911963787
86.32459957672074	43.70287769154376
83.22548686127917	33.7586584815635
80.64636142930007	48.588250201058926
100.42968087397983	52.745254166814945
111.51455657147591	49.98922107850139
93.90142305823485	43.9250558075334
76.19805883304683	52.40307908439562
66.51509832826318	31.542190249451934
51.47922214147698	27.964394885034476
54.31846179233871	47.428123102169366
66.7218690717736	45.59834259285488
46.90224397137871	15.73522574992382
62.82324657541866	21.519895776514993
72.75016910912206	35.1974037925203
57.40864574428907	42.87624056212244
57.211801389275685	54.38886783799165
61.42094012004182	38.17356264431628
79.81688521082353	34.10608956360952
60.490296161134346	38.032695726722224
58.1827046457375	34.92212949755093
59.67265697424796	33.02867953343645
70.83265383548405	35.45874129082506
50.7846411410938	50.84972172009959
49.076456437985485	39.80510168848736
54.03881000859453	41.99835480760444
68.79682364312532	59.49769909948226
55.47106334150706	47.849848752290484
55.35383930622614	36.353496819807326
52.7992850301715	52.804960090785436
60.29297190452825	55.15759659156497
72.8672282229148	62.07909721216333
62.81258224844742	49.778539964202814
63.46000821916774	26.850059808032434
61.82912090988363	33.97316784276874
72.19394106610102	66.5019515815649
58.759458057044384	45.22456895569603
73.20196777287616	46.503705693340564
63.4815494857787	22.136673348283704
71.74900528855507	62.30270624042018
59.29009531312755	38.97931625526136
40.8192766336442	38.733621540238424
70.2404798970842	40.55364752558979
57.26882437115087	51.223619138186976
44.04631291631185	33.50083109325263
59.3668836418333	57.973654800679526
57.116180293980406	52.06960663605757
78.06371065019155	50.56722413038715
53.772100086987514	51.63580052116395
71.31556395788459	34.806967633826126
69.8005941749703	50.97236467689453
54.765144612614506	30.2342885211699
62.94757189817344	41.308819096930634
69.91564246782337	31.913470955779534
60.69472187629914	30.614047109577417
52.547593916903516	40.87380025273404
63.914967264053594	39.48371780621755
68.58334512078291	24.76305517722561
65.74229693227927	40.239950777508
65.00373949201642	40.10745653679178
70.67415338665955	40.53787021027632
54.17485238322719	51.867107348432526
44.97064164026958	45.5246077097681
62.9690747078737	49.529582073746155
59.3656427132625	41.63252545623173
64.08270422233528	48.78273230910378
71.79838464595834	22.109704584110375
64.50436510529595	35.613673631212215
57.727347539112095	32.32321839208733
72.26647408514607	24.027608930262254
69.12451321444816	37.11633525530605
60.37599730522059	38.53549514457264
46.97573794106285	38.95704552106566
59.56096671121492	43.27690526183854
30.036185012741186	36.20742304847748
64.3525929367051	43.09121768673752
59.939077060079114	57.245182275668085
73.27185909772496	41.13880026811918
59.666303868885194	51.83076998841614
73.14816701523898	38.94901478706353
51.4261821202482	48.08028081229726
61.51544906433684	34.33209790664654
61.28708619777756	28.082466758843736
60.08639221215625	34.069319024680205
60.128073130174606	40.4367700811236
58.67924908578192	21.356197066303817
47.02453925008783	37.12445376262382
67.90575034575036	50.69485855514488
56.81305933852197	48.9710290473596
61.649866947491006	16.031275705823877
49.99570894208705	28.611989814647536
65.66127870056677	51.28205216359181
67.10608976874327	31.82987653179867
63.468635998017014	41.135862885901645
60.61820767944998	30.600709244724023
70.97873166947537	26.947751423459643
59.45320968553018	24.87851720419821
66.65412824892681	38.65542200921927
64.97999666446334	50.976227636629986
69.91773388878794	42.958893660278875
67.01089202892514	37.746897453255386
61.040345853779904	37.56594850413401
48.202696451989034	46.60380496196008
60.627095986384774	42.95628270771582
56.95360750865101	33.90022879616492
51.72785010026851	58.01883639211633
64.38356948836926	71.35395890681465
67.51641716226757	43.4207988344032
42.725231445427525	27.442704510331716
58.7629200829303	52.94046673245159
70.46772910324506	39.13187651425106
55.9322050131381	43.06199174754371
52.754205153805174	41.6348137023864
51.78787194835056	25.891967734226274
63.39894077476388	29.31024604302851
48.719907974057875	35.637143017046036
72.2029124247004	38.454804505119206
53.921500296605416	46.80803837125915
68.32352881742044	41.12984608409995
62.37280842733961	28.593844777255168
75.48715637744743	50.96485897111121
57.576825271072565	39.75944231747422
55.78765124463609	31.370742844048912
64.59776034891968	36.509304545786684
68.62162235133486	28.584910858769174
35.23865193208417	48.882545758364614
66.75895562214568	47.2268639219495
53.20448519874076	53.64423553406205
56.225947723320985	47.919105824656626
61.299804688997256	8.391560604088244
30.912291468047027	31.94299018986994
59.875073436788256	24.522731972177027
51.373195009093905	43.04067551858134
56.01412463078257	39.00471173086381
52.92504277954193	31.29233291150954
74.63928278759394	34.21464572817054
66.30246222694117	44.26038301023201
77.1646827247227	35.99678099778594
79.31296867630667	57.139784687939496
64.16292133856398	45.26625698062111
44.20062599168095	49.72148375319155
61.75823419858669	35.43134697607115
70.14761328297098	46.335209735314336
74.6461137525805	30.983348150750736
58.56482260406559	31.595941456888113
50.33029471080749	29.6697740583398
61.2099947810602	45.98751148277579
32.732931498303444	42.27390610738251
40.65429500669374	42.30159973985832
57.80033840523879	30.682889469530153
54.97198846109918	18.108312592667485
43.876058384001624	31.143950689108074
48.44363700917014	44.12586000190961
74.8868542708224	33.429824487520165
46.89042627747406	39.91975266916121
53.38193982097697	47.46144133928006
67.93747790820012	36.628398897021576
58.2353202689971	47.82088618082587
56.00063576691335	39.5610288613257
75.63792220970689	41.1692068198776
51.981390448248014	23.267640082019142
41.88250756157262	42.57570728596971
59.23036615636913	39.14850259455277
73.18503530634248	39.86107570063327
61.35412879042111	34.38661456595977
48.84875983385661	32.81309472681133
59.147574897029614	49.64117282048271
62.238064386074896	40.071268995340816
48.48850224071809	46.79396012431885
59.566526817868194	28.977869028396867
64.34139251712729	29.145751551647166
55.22566116077258	44.22024535571168
67.52103131464634	45.85938337075258
40.12109183163528	49.20577501228967
75.26869339118326	34.92482049980006
37.76055662599916	60.3971044678278
64.85478891094303	38.29739189279567
49.84767182698273	51.744766501671734
53.13214473748649	45.32470894568019
55.92190989486613	19.938606010681625
52.27990527022426	25.24838277423924
42.05015107714803	32.41107831521235
65.3996269742519	53.299972304740365
65.34306131963444	28.142075620702762
56.54117019000561	49.834831171892034
41.847456287615955	34.16914382224724
55.05110972111485	44.1812670565626
60.88142956681587	55.55211548334635
57.65884143985547	47.24346661939134
46.092381197192665	11.27099398891242
61.050911540537236	38.666175605739966
72.81898709718786	61.6910428123372
56.6074220634071	53.47933446347271
64.60510717160967	26.02556933297553
54.347120151283605	52.29485393724816
50.232551620287175	32.581625586036665
49.70566013219397	31.056941471184736
71.19534375135649	60.138753019998916
58.03655421581146	39.480389989520646
59.576051064261435	41.82231920772721
48.22963681924217	50.46229153270923
56.48877325818181	36.527575000654934
56.04507645584955	51.47645123740652
36.59571719896964	53.04217712654521
68.87033806298427	31.93525395343014
66.63948031198346	40.35905068749796
55.758940537542394	31.38939658147989
57.5334867710731	44.74197963256786
42.517828150270375	45.540789528079245
61.31277256649512	53.70408888728163
48.226136557899046	43.80866400089245
53.69694312657908	36.01849554940374
43.79622453850069	37.03570405725358
71.87331715100659	35.648391544436706
47.76060874055006	44.06933361372702
66.61489947240617	52.516435513294994
47.371747962299736	28.119183687642256
65.28983346668988	37.45994698375623
51.09803885798372	46.10610020047926
71.82879460084446	56.54737409083366
71.14691721757859	48.96760035586016
63.9212865649259	42.461030683222006
62.582914287771246	42.80822894758927
54.369486028137715	23.0169983590604
56.84962373883619	43.41266786768563
67.86190053315715	32.593147446307135
48.27184818888643	42.77540891947936
61.832298425571906	52.525927608170065
55.99008435651821	28.02438171802417
50.33414857235205	46.63672819829652
53.35216508714216	51.80377766473786
58.79235885929855	39.098050101409655
60.490829695582704	48.582235818517624
78.97737166397383	38.98095182224521
55.49505817792724	37.72058841980001
46.70104848569513	35.912711935674324
73.8870638751428	32.79467345559577
58.008420328056616	38.386645732613644
54.299977196268934	36.404918759981186
68.93170284200914	30.700368465597464
48.54487320372456	44.165631347329736
77.46382021662225	54.463867828981606
32.39318983435116	37.262982593461146
50.71394874894605	49.53577293767023
56.43509452260094	43.45575699382867
63.58684853858303	59.929140459051496
62.96217433377369	41.21393063908142
47.536132086262285	30.34092954054031
50.044515250428105	18.618525447826098
65.34114880197258	30.646249510465864
59.06909294053107	36.21713064968894
49.66642144693276	32.459493344989276
85.2403565527473	35.02573015111421
67.17406959978788	50.634212271478965
59.361469258527805	45.93201492968622
63.38032647394886	35.96785719317828
53.3588295840687	15.060124754218446
60.8390263827304	37.64023019666354
54.48981864194156	73.54437222974873
53.22048160518454	70.3697726651114
71.73696960928771	71.73631607873992
71.07728156186172	69.67238415513954
67.84790447295126	53.372806006438225
74.23335791949532	78.12973047116584
62.97650069892788	68.99730067614303
63.58024696279105	60.639610388935374
55.92397083981302	82.15030611753882
61.45861899219143	66.95342246719407
65.66232520733882	61.973759486342274
59.705197236805176	74.05394424496968
73.64396962556611	66.61133148846136
87.74668974773424	77.53294421931024
48.62642262875433	68.08132694580472
66.57093210339443	61.142839171235494
61.60525093393229	76.04181974060664
82.32965781501196	60.525116911813804
65.86389567669202	58.97732954837055
71.98168158498434	84.61762296978821
55.20303557675058	72.2635949093008
51.4652869384979	82.27003665921227
64.30811538133882	82.16450873274954
82.88934544429002	64.28391897569202
56.938815512176845	68.93932252541336
51.318670782950115	60.219704683835914
69.28973179146904	61.12398070409552
69.63186569338288	73.0245515493333
78.14886117913714	79.1664559683657
71.67325762029915	74.76467584738869
68.27786082799467	85.1690386859689
68.66490716789264	62.8572766620931
60.09391665244578	77.52571064279057
68.37053137261948	54.595920247244415
56.92538659437572	84.14260251613348
73.119371147761	65.50582079663428
59.46160504148173	63.64806876429654
87.18314425177329	35.68036175449455
80.05725364855164	50.62637475435846
66.67342377699485	47.125415652775146
69.26371295956481	81.60612745838259
60.01619590484471	61.96224001124567
77.3032197321222	75.89391948958482
46.97700453049244	60.361786026284
83.44656567772522	70.00394918956144
68.79644042911957	96.43367982075688
70.67640002012645	62.93446701938712
87.29467404378292	70.89233384414412
62.64005623024854	65.32774687143852
60.37769816508743	63.58694040861679
66.4865045946397	80.32868678131594
66.12679254748991	63.22844505033544
54.07790077644199	57.57466863499714
64.36623116508662	64.86520168348325
81.90246167753993	66.68508886215515
76.67532114477247	70.05704905686899
83.09918988852375	70.84385731112226
56.241031372437355	71.62757601171656
73.68756265392553	72.79261107603499
47.91850377295637	47.71904048335985
51.86100567374977	59.11437054529213
77.11098916612325	77.69777441009975
72.71877303091642	82.17308135579268
52.03730144414959	67.74297329710326
63.474206263148865	62.174654353694066
71.21877917047034	63.7722381125016
60.00546776309933	70.19970243553321
56.77479070979365	83.37120398098283
69.41022426354401	51.1492157350621
58.757891946663044	73.50405103807094
71.9349492404791	76.1040216387454
77.74211818137843	54.99879552702296
65.7129662978065	62.286366005635145
74.89241105650501	68.71306027683409
68.2566460984078	69.5027000285702
82.62067137996021	69.96782447724087
74.78066242903466	70.66614908630518
74.3319166045076	58.38502256067884
75.34217964617274	57.21128567428913
59.305319390332784	62.192785853744304
73.48287946153418	66.86532701108194
71.53473444669515	80.01342713577057
67.74112768695666	66.87199362838435
70.56296847822684	83.73657933641361
69.41112857502313	64.07182819016539
76.08071494312021	58.00175697033193
58.002906111544796	69.83562843840379
56.31714278924594	62.30209033088553
70.64386762451569	70.09910326353432
61.09670837403179	57.54574111214993
66.23736398094304	79.76418139318713
73.7123941247456	84.62663922377408
64.90058210331703	62.1284393651481
65.82896479155045	64.53652575392204
55.698929555030055	63.52216626038657
72.69392032415809	66.7618025323447
60.89759859297404	63.85516494353869
77.47567899756065	72.80909412365392
75.71054871366366	70.09885955378829
68.0860220215	87.08308265935784
77.83297926720131	61.845258627269224
78.55514195532547	69.21127297531602
65.58866845083972	62.39123432093302
60.770867510134835	64.8278125557926
62.26898235088445	73.34403503395855
73.14569159864445	70.09735192033386
61.45853447393609	56.74275180935795
56.43786284671525	52.51557427601874
74.61526837830357	57.42022999542619
64.2757472833236	81.7174113677242
55.83709085806614	71.92671419387618
55.413867702599404	73.70299842465927
76.15112666886152	81.1773074745309
55.23563895438721	74.14751288130036
70.45751083339174	61.7459570888218
81.35859276998364	70.17926492428774
81.52637746315722	58.821534097189044
70.32198430515277	46.88536326377228
62.503835041958084	71.91325926315882
58.379333380842326	82.36918880378695
79.05883552272836	60.883768766925776
68.88773220008984	71.65162290496451
66.1098152803432	76.03102910171026
70.43961133379591	60.15540545300818
79.39851723944354	66.79002130087852
64.34636273896051	64.881326970982
57.891327788708466	106.28060040010521
61.69376380397312	70.62452217299227
66.86173186229607	56.939538819499944
50.58429952539489	69.50654119092283
77.39545543921845	70.86247643356872
72.73490918226135	67.01869748648953
85.78829020395621	72.16457956042099
57.59394245244316	76.79997437476203
63.212539511738356	75.76530859476405
76.1409761885149	71.70182177866714
58.36648117747198	83.19363448405763
70.89636058440537	73.3650258412632
61.524947247902	67.38784909825578
73.60464696999657	77.59904993666667
71.49227594251182	70.1359002322307
55.31865917814968	93.89809169318193
66.74528169215266	66.96927025532077
49.37560540828228	71.20363510744062
78.95038798385474	69.39357709493808
51.00994615818808	75.5744810223534
77.72530243728195	83.46670433056067
80.03006051816044	63.388494605321284
70.8704261278521	54.733914051176974
81.90961191201663	50.957533673401585
65.25655745919144	56.859850719902276
66.91189911508502	66.28294239868985
50.13061362334871	73.10546131195433
58.466243826269235	62.83074371266278
82.21570392127717	80.7758669179108
76.12480008194511	55.28232845124282
72.18487387248764	70.6028149375244
80.99327805423236	70.67419580476331
58.31350851077782	47.557676328762
102.25008702815745	74.8197634107309
76.7192514818681	72.584112464145
58.75203911527975	50.43647588131378
69.95380094899318	65.12146883892618
43.4970068806426	74.75088818713806
71.44738196523008	70.86883594223895
63.17396348768221	62.17506406484001
86.6464268640216	77.08661102742141
83.84254940424546	51.0936194702469
71.14049029401515	70.55662554978998
59.42068794063775	71.81752385260548
54.441315591227216	54.16729856784521
68.81914710954614	65.20393333054484
73.96982871284726	64.48795066293111
74.78361136798374	63.20730651853119
76.2661796084069	68.6862813599107
62.53668562292365	69.82825878938716
64.30969768881883	74.47192054508875
57.675156490082955	57.58445986071369
62.708806192683426	66.01124069294228
63.19949745171158	78.7502348534676
68.84223141617248	68.00916380840584
67.75050153998461	71.34797119084809
59.77245569981936	74.23769004878528
83.25487079808985	67.77786679120725
63.88548726676248	54.453876815206335
78.43896439676261	50.521260564109966
64.5038213673261	65.89830652524167
66.34945786952032	60.54044106062297
72.53159743239893	72.48774322364963
73.98680526074584	63.41532038960371
61.18684130871269	57.57781707110169
83.0705751677651	71.69111690945411
53.468537789172146	59.61545561897226
77.38275798136902	63.97197931729225
51.78503479131342	60.29134164891792
83.36571732607067	68.90283641864096
66.99414224961279	61.48200604426237
61.67285275533276	69.01696234317748
56.41189826453159	64.96115383693764
81.88272340674689	63.119249608954235
56.24503582042067	78.25700776200554
58.32604677874835	71.36586982222677
62.4541013869541	73.17826526384033
74.66216414354494	82.02387800689344
57.52503379683275	91.8241796597028
74.9545269098114	67.54681004046498
58.29477512730634	67.89513906775326
65.61951160983209	66.60156065643554
65.577221883508	84.43788206453864
73.46792868171117	61.95852508047799
57.638205399480675	69.73871538098298
69.95980073979989	78.83614105928108
85.6447974381598	66.9647630480359
74.48796309696847	80.13752317205058
67.41218672680974	67.97510479727784
70.77334631373157	52.187046852138835
83.46269929747477	61.70848380634882
71.7828866483687	49.18661900461542
65.62183976901838	79.31557909139529
83.38327098500237	43.955186913687186
60.195366556656715	65.30246422727272
65.09605168650451	75.06962502086292
89.52252172764776	59.02851192511711
86.29250488489114	89.56770568373882
82.21295444325746	61.89022516090039
65.66708790203882	72.86435574008783
60.55314856838322	68.88919344227828
74.72331829150644	56.868865195912264
60.5193898031501	58.9796484333158
46.45908025616958	35.27434312509506
62.747148277880676	59.75482251716903
66.41844488922332	67.88684974993025
70.86531150875284	80.15144866627608
68.69938008790807	54.30804598589569
74.08874862569797	59.18141656099448
69.89130199555821	78.82233024395725
70.92184146895153	70.7010300085627
73.88475655744277	80.41652523401011
70.3193225453212	69.35266579094265
57.694446687908474	58.60538544016289
67.04469902335399	77.6745494426943
65.48024910451481	73.50683294521434
60.65329669497059	65.67424382627009
73.65873203435231	67.70280188431857
51.40982012564052	86.18976594707654
46.553544575147626	88.3901808718868
80.67490761287998	77.40923141941437
70.37048572374434	60.34273524782382
65.27133254217907	80.48016959837395
66.55801360317125	78.25742523962455
12.885171204631112	23.163662824970167
17.172856120773474	5.4972163807856536
27.923616684682056	31.736505613355305
24.558203713034498	21.418334645446343
29.073092054913857	23.077925046958416
28.662106103431235	13.028589165685679
33.26171360535782	24.730185562511465
19.702583112579717	33.71029511612635
23.033696095562906	19.77703763009099
21.17248751682342	15.54549941705612
20.328266079351433	-1.9815196485014734
24.561790651310872	17.452792789162398
29.021635194614856	24.545694954080282
30.08635731669095	17.28142600570664
17.205323438534286	-3.036411577451039
20.483982094639252	18.176041684591507
37.02654858037888	9.769262396676735
52.517181649885686	5.425129032104676
19.5510457812385	8.531227231842141
23.04772570297578	19.05529361757871
36.58769208398655	13.17378910929857
27.89111943741848	7.791254516134947
13.913778674827928	19.68187973399698
10.309434122559662	13.157354554629457
26.507940333930655	35.64410772614285
23.269484835954955	17.375110004269786
1.5449462002239116	10.891682428748734
20.248210750424214	15.866387379253071
19.762780076545983	13.889260890272066
16.998674749915597	19.61639885495059
3.073795111097521	23.615525693244848
14.287291786993821	14.598217345332388
25.710250805737015	18.45853944731799
23.93487640541691	11.287959661884619
13.59622741495805	8.532309403080532
14.716841524806162	23.188534366511448
33.68725054498489	6.931113758598143
18.277128423055366	-4.695808654783823
9.31116910400164	19.15461704675611
2.1015240608401733	11.766146517445733
26.528962425963137	40.13576378263395
22.59257199254624	24.22471280814682
14.528521114541626	3.385529311114583
41.31325025498077	2.2322502945853984
22.776112573224463	25.08824246806224
1.1725108016520167	44.726913665785844
23.71889477542074	7.908264035242616
18.982666165648247	15.355710089547662
9.118169202162854	17.962093032155288
7.163250938238962	14.771910401446892
19.64306213925387	8.747049363707106
34.0440438290547	20.776628859509753
0.6724620660553917	9.789767776515037
29.69086164488917	2.201683425894286
22.365813122541528	32.33632031277293
18.265790945458274	15.941704559282119
6.087113949863369	30.65865054860108
28.726812630617797	20.90174539778043
11.34690862875908	26.04611852239094
37.32230482575102	1.0370350613086803
24.910812787229155	34.588260828590336
35.48567796433015	1.441869482556907
26.628050858735428	18.002253735856872
21.165831852035854	-2.5187549025082223
43.71139285650176	2.227672912552068
27.25287989160764	15.071680550968749
35.92166744716801	7.711724718545447
33.50778622277199	27.643702565399657
11.06430619854622	-1.780645836848601
16.340839382006866	16.290473357595225
32.03370280156203	15.669623349397623
32.83560663817754	34.38673931306372
6.849117288458112	29.549950583875958
29.837256827540223	14.881613737647463
9.479849528350908	3.5473961731693215
34.0303645633963	22.73144569832815
31.078213692718123	25.786556644152288
38.51503129103702	7.753679924754531
26.09544823723312	3.1470309539883328
5.881431173282428	22.788950489869997
29.934180495783018	9.251350287114404
16.90287818140288	24.146700585616117
34.212745066200455	33.738089138561975
23.727327267218513	21.727733268145165
40.02187023394583	18.6581962990116
32.8446380261559	11.780904917859706
31.167045736798123	14.942140227953617
2.6145567512804675	21.769781685945457
36.487693285708396	19.160113219995672
-0.3796219198213642	25.198073327213606
23.15647125646503	0.6427862600250798
31.538244213121814	18.80230920887865
24.8408882319973	-8.693066205118145
21.321637423703795	19.83764581958009
10.255907570638543	23.290166651037623
15.627288665567132	23.560947861477782
36.08729044951495	11.272740557228687
22.001944387934	7.848918988620033
7.0188706788269215	8.27726555328702
4.597333896923413	22.62520592396001
17.56389698297332	14.80001836138711
17.792446447157413	9.537867086882251
31.3451484871334	11.293747891400956
4.991975458220217	8.40201053548098
-8.274275362734336	16.257228096689506
25.19136760487119	13.331230961699696
22.255304536087465	-0.43232457295151505
16.164801213395922	12.127515305539058
21.17430867082215	10.925636843393828
23.388561053054733	17.200193806635152
38.681575707740805	5.894514917162262
30.19903970382377	11.336141978969856
32.730695789974476	9.700751618328319
34.552657108076666	10.612261035188808
14.753799719398884	32.65056211971899
7.55819019076495	15.554574750537698
28.45080148948501	19.811728560931744
14.306672702227711	5.018323108047861
-1.6204800914335813	5.049299945568917
15.685497026915208	24.57159919475884
42.3449775258113	7.218448934128334
25.743718012859603	0.6324085549701159
20.597290505644633	25.343604805370507
9.762151551726276	8.248633557859726
28.120342608795468	20.218788087704382
13.004129525699822	17.324031893252485
11.021216656357224	16.438252363472966
20.325637002503633	31.84864533297494
16.211604257430118	3.941864715248979
31.601763534621348	8.87251126310611
16.36016698010334	21.105945811696674
19.31277989508034	7.544386160933503
33.0784166351588	21.05358646263895
13.681439819283078	18.294082164331293
23.488413744806845	15.586276998047094
10.410644504286036	28.847525240340254
15.057340437659109	18.371794846111204
21.18346924800282	-7.03373877736829
29.81647323032432	2.0457800948080838
20.662899449303897	2.59333902043193
23.9688028679291	14.850131446263557
19.52266424379667	15.140152389082456
14.87618581499541	20.938587354331837
32.99156485565173	13.66600363086721
19.287840753441024	-9.259256300810508
4.371687456402327	28.384308631281293
23.686579030026405	16.02824598770103
11.277366089697649	18.03877831848341
27.438963399122542	42.65958362823982
23.887066984372325	29.007397521399373
4.332213134519108	20.66402528618882
25.4655935967077	11.731130123695102
35.87891435798086	32.83122466299832
24.708678075182345	22.13808722593044
18.646935484951534	23.577645439121568
1.5122315106634758	-0.7817518695703072
33.96821592960748	12.902691990881433
33.767577504270825	27.742750748025315
12.862801416230237	11.635072460528477
9.752594481348412	12.750053959210113
24.172908440666355	33.318975589783385
34.91124859834882	11.686047626637784
19.59719743548428	19.71279675454256
20.714398699425622	28.778147637292037
9.710170024681087	15.366328718166493
33.27303792474275	8.099362027256488
21.695668175564588	13.324583214430076
0.5143728615718075	3.801471706561138
36.411890766161264	-1.6191703560120114
28.018912607126317	11.109202458851971
21.335727872369123	0.6160148402500951
8.772438183381691	15.396054687999024
21.33379401866793	3.2000375672629993
33.60449099451918	6.843875470471798
6.290437593353474	3.0630347973844856
17.239044868112295	20.50978868656937
11.71453248116029	20.862514964673807
13.803267876433644	0.18757023972602127
3.768118465948209	17.3710196718816
23.061501971410472	7.876941293591162
18.212634612964212	17.624228273725958
36.11490340929035	19.33773914919729
27.84393989253642	24.72150361969461
26.941095131330243	15.925020233066
24.87160877294507	-2.164347462549797
17.97858410945102	30.21789578598841
40.38294894254153	20.67467768134375
29.435214430139464	20.255496161845073
27.004871235969546	5.01887260966496
15.413004240523483	20.465582581426737
5.280796724321522	14.511864476389576
4.929866570850319	18.014929805681653
18.68222564051409	11.599985249552635
20.933891014995798	19.2542417802623
13.718639803582255	22.535505235211957
43.02345874609095	5.471564926382989
32.42713814065201	19.18797692471642
22.033663648713933	-2.664640181741431
11.940037839272401	17.806228511046932
21.25849630468732	26.772835581558862
9.367110089986907	21.14483830713656
16.782268829788325	4.187351407443183
21.82029982405403	19.080597510164708
14.312384742661838	16.861120633139958
16.69285020538644	22.527869373523732
23.22038912099262	2.93062211111711
23.426701476040595	27.100336294775822
9.123072254561334	13.487959900665139
27.07541785877901	24.73139459297451
1.079831680502707	20.95820640790122
16.824506171705796	19.07648771140422
11.102415524921648	9.03715710003262
31.343778888194	15.944618868774107
23.31569276102876	3.687861300339323
22.909096334485923	19.762074427770937
16.103990637655727	28.020227043260526
14.996829725485496	6.681657134408841
8.66165506304903	36.95104764145019
30.462268242543566	10.479324055136473
24.961797203963837	10.688995865345332
35.2859066499302	8.887163518304346
-0.9563135114138319	2.697022216323825
36.67528657125055	22.16653235978899
7.8241690236041155	33.14152730495257
28.208886198893513	26.617877297222453
13.626344076380722	6.7179789599548325
24.765995457355313	35.949778280092175
31.67161118405791	17.540179829421973
7.682550196749544	32.51055734654204
-10.957995958308771	7.1107142404395685
14.511288386614678	25.66211637129472
6.2055629055610915	15.880425240893109
17.150235424208645	21.38097650285518
27.79156112013642	17.930272938123053
12.157242773906777	16.976444261916
29.435249557369367	14.054274429925439
4.565785688424331	26.11239856494319
31.578670705686708	32.770925058829796
40.42627580030968	1.558848035468472
36.726363022354874	20.638876467815052
15.595695360549367	12.549159051415986
26.528767916799495	8.512446401350374
23.02010507833472	12.71660320286686
17.221365803816518	4.418874469219265
16.439355792623637	30.8024751491754
23.549953072500603	17.811427022434493
21.86313806280071	23.442358451253728
8.777143226369	10.97258625545805
21.16520877340852	27.39253323422452
13.044305877450272	13.264674328087045