54.25253475369397	89.92396319995132
69.31084378813097	102.45206569288803
57.70420580154652	86.60084711360092
40.22593410417567	99.81264533006886
62.994702757292046	107.25274260523625
39.88414882073004	59.215025380662354
40.867223388749736	87.52823582534577
43.628019934775374	79.4968254782463
36.45267296077413	100.79073981526194
61.99483409508866	107.91105064944763
48.435679520974084	81.62535153507226
71.18129933950283	85.48148276879778
59.20192791341276	88.17413801046608
52.95605029132839	94.03762522853214
62.595683187838794	76.39388749389454
37.89534688262424	94.54740143363813
50.6049359320625	80.12866296837191
55.67944111077911	88.10488587730181
39.299864072233	92.19954086924466
39.99624753687594	97.41888590922565
59.859425163784955	73.85522513711196
53.703171592909534	82.55813280199533
58.56520674846982	72.06979486891696
54.52427410927084	74.7730111926667
50.70267987376646	70.33434709159239
35.03948674212421	73.28059910993207
41.508768593172135	71.24077730858265
56.50742021943761	82.22264782078936
50.70018232100599	103.33796470974751
30.136325830470835	86.19704893445473
58.34905828393133	73.66418030292012
51.86054068641577	106.638462762245
69.70942579683008	102.51184181469125
70.2647595938666	80.2126114513521
60.61074988152496	82.27504309558311
48.77626249336662	87.62475364076863
58.83903811081739	67.33215828465627
61.41556112213114	95.43423633053055
58.00344388972907	80.8314539671627
29.497922176838955	78.99496972158684
27.056235448317658	78.61747862240851
70.44231858131909	76.06906562345894
49.67177780837958	88.18137893738378
38.62533119635004	84.01299438412947
52.89286306950449	84.26521578418618
54.25901244943999	96.31875729808152
50.55420356390369	102.86782921783973
48.041187410981465	109.66369398259361
46.32785750075474	105.355223247123
47.336221570116315	85.84895746560612
49.59882815595175	84.20337032823186
55.49195651993979	98.2287215081596
42.95296316800847	62.05295561181762
26.34423821224188	74.79633613733039
49.78228059256018	99.77443075724292
61.200025859774925	93.61259365558585
48.84055029918097	101.94820368644177
46.97749673589171	92.40934234179652
44.43713082485998	79.79753916670897
56.116344608012604	95.59270239642028
57.737120777047565	79.49375538657517
30.400394869820815	88.83645170670265
63.66066700074947	107.47864106392535
61.962882075699326	88.40287643588023
56.166664694468174	80.94798333880112
44.257268428822535	89.12151045239999
47.32079889186264	66.03963040098549
54.68222389674223	65.26042776725352
54.68327953945645	76.76770093903993
47.42953504834665	81.4906954916923
52.22731070151729	94.76615143338137
44.137131590164	100.86222960083444
50.7055292558644	101.59555516542468
58.63765997866631	82.22648220619554
59.81091708794771	85.46432404171121
54.146815184816376	95.49484228089634
48.97551232340179	104.77718071744633
51.03898949086722	74.76850833715159
48.799415381804536	77.8516409703697
36.26866014016744	75.81666267852478
66.76062919737112	87.58003746025055
55.44789205672919	87.27206940371815
50.27575006017701	65.33970186503933
55.291128528859986	83.55773853799647
44.507750669875385	78.52298001835297
48.39060498147889	75.56150203713102
37.74347624387781	98.48214884387359
46.11332754452945	69.77385466397803
43.10074711656512	99.02482675942284
44.50989883539197	73.37397487105763
35.639456031457804	81.36259954435586
56.88882197506668	95.84249691650015
50.13840240421819	79.00719358650511
47.14549604792222	66.92638257785227
60.36174616426385	66.8851801286297
53.13776230781433	112.85187706925772
32.40357899320243	99.37738261398698
62.325889002061714	92.94121889534188
67.72601671175525	92.55635415460253
49.68509683265077	86.92437155214665
59.322545147600344	84.53458142052891
60.41116711597014	101.9402729360647
47.88597024909144	90.04662035896717
59.30626935370502	76.20957328527825
45.38080978135595	89.1315396455541
59.16892503563349	69.4765015428354
68.83702001830704	81.45619638862193
35.30628635150352	87.77655579622761
71.2045382750639	79.28510758372246
51.3513659868183	91.88970507928259
46.2213308099145	100.76273831160717
43.807279977988415	92.88674875071712
38.04954158406638	74.79856092500837
63.238542652872425	89.83185389680024
44.125680234401855	77.74344342241767
54.864780338200895	67.17358178715041
57.40307753893377	98.56756941672282
52.758491478400245	88.57489804100544
49.22445948309762	98.44126853528435
37.58907278749256	96.5727567615002
56.6709887530353	87.8782035334095
41.88141591411941	90.3030979300039
64.18366682755776	96.18884882793918
60.8755451077189	67.54746652525206
66.03904825069232	77.51722915793914
59.55299101658269	81.49283896050619
55.37079429463101	101.2184253214185
55.39603756365733	90.26769264327957
48.54357133244588	80.34436398744637
54.20103852998427	94.10551578026632
53.1704869097786	80.39879239786464
54.810339119719494	90.50480313578764
35.73046532806809	94.5632425932258
38.76973777156974	88.1512042237291
67.74191157357545	94.12563658410866
36.929101888832925	91.27969382520133
44.621482498199136	80.35933761845959
37.0466656699541	56.212874668737086
51.87716573389138	88.41583952517563
68.72952479956297	79.56293146900917
36.248645188215235	87.94627865424117
49.24188309910277	90.56474325506385
43.5521144935896	98.83406382383379
61.64023213492108	83.22082262559272
51.83776079218976	78.62189855790568
58.75431821316138	83.67296432741527
41.78917289043497	84.16760130187863
52.79304255137808	77.945933981017
44.79263160126152	86.47858871604703
66.01119693765561	91.23378867823735
55.79696169315133	94.97202148784324
54.195103130690434	83.7344208633122
63.533390958386455	70.84972921928205
40.169906570355096	76.75892297817704
53.63309271264384	90.36070819432234
67.41773774103343	85.40135482194947
37.11723812186818	87.3248653249398
46.59673819011877	96.86805986283503
41.13554162121271	88.37290945363274
54.95514637261833	83.55965606971725
48.828950327586796	94.70968629350892
59.31970533156755	94.15692953914034
67.98243980570768	91.15076800382562
60.56269319153736	93.33794371810104
67.6477884750121	96.51835066430766
62.02074123639291	87.5874292894241
59.13657519783679	83.50847429078712
53.784239696400476	97.74248608936627
38.43971823921504	68.99341598443297
55.84956613995997	78.96589047867235
38.946041297304305	95.72711214969526
51.924037877182485	92.69327013055324
49.16021382125819	86.08565147146476
69.54228071421137	75.88700495356689
46.55084365872213	95.36274961757717
70.34020355190788	81.3843150304082
58.32394375902271	76.91504717873572
45.96498702311933	64.67486827287591
38.22347408471847	82.06366860992524
54.516357903766945	94.11360204812128
47.702981389611544	91.15648992086804
54.238652809922414	95.12086992262176
55.16258193054545	87.3092497445088
62.678608408856164	89.05968458807328
26.825221104485305	94.00050851707078
54.59172537680149	95.24473199119826
47.58892415842623	94.52884709672178
50.86933582612139	87.02396912853514
50.24640885399995	92.30697121058326
41.989413786475886	82.68282212105395
66.84618861881279	76.9033577581188
51.56753584866409	93.21741774390208
44.55788908310242	77.95384980091124
59.10377731840536	98.90320997374857
48.56087192727591	83.7263745209466
49.01311724046019	81.25191935190372
57.84977528452474	80.34558446280614
62.492485592311596	84.80994856669307
43.6568058848077	77.65459324756583
55.582982965781895	78.77451641281722
58.58707266809857	71.21587141326823
60.07829900931324	104.94469346372153
37.870288974006556	101.37880866402375
44.73669376409181	88.1978679262842
48.52591535973532	94.97118615301112
47.135432109059934	94.73919709402324
54.51548891508212	71.26151530982732
53.565171751034605	76.82041501975314
35.502881290189094	78.31605914927012
52.03969067957543	79.38668606326998
50.232735388844794	103.49186574019672
45.94468405710375	84.3575866321825
31.812499687642706	85.81008977954176
43.990886704293914	89.72579885868663
30.357966580490167	87.92784468623954
50.38078332712747	86.4725135765466
58.41888987892588	96.48470500155727
53.96160761214999	85.34916405964454
17.957487498283726	83.49316343562958
50.17615441677148	84.95659146731968
56.411357497728616	81.53248876533405
51.25201783411883	92.82603348244707
55.62688204858713	85.41795043863763
43.9723112991679	88.72637627214954
50.64799693293015	62.0831434397613
39.27877092465505	90.89310158729714
54.93024727682051	84.29483320891967
47.399435284213055	80.17504336879898
47.284676007146224	79.44645991665641
51.935248396526774	81.3606945318714
48.30733834755223	72.80743313534012
32.97958083741722	98.14636473501245
42.585811507709614	104.74314877172087
62.293070323604574	68.10726358404554
57.482871265904116	76.87917304333271
62.94166461072291	90.24780270645645
52.74030895836072	91.61304544263209
34.91920928496131	80.85306468116629
54.16165198594829	87.83007283698147
48.78221777481358	69.55231906818564
37.47148905285718	72.77978085845012
42.90052807797717	84.02819328333095
41.95567348189626	59.452530353210626
49.13773634455081	89.52478510078743
39.4637485241214	89.52202674144296
64.27660954503209	66.00831491288194
44.95647220616923	73.25054490815438
56.19050409076304	90.01562352795823
33.02280391301275	96.54252975151168
60.08147941560982	101.0496835948323
22.155591733132574	47.89318211996861
24.531309323516318	30.831040293142248
33.0595088837566	16.03979319272498
28.213822423487205	8.941312410272655
27.83334034220902	29.35671912796179
43.9201604042878	10.897298406228135
36.2707918612573	27.005184830634537
44.15398699122776	25.69646286301228
31.75823387943503	19.488359727474233
21.633670003412405	16.983888816419235
14.079824525783497	34.30975735841293
31.7331311070409	14.101361728356633
25.372582111736914	12.885649949173281
37.90029858790019	19.72708997097324
32.4716878127435	29.576355868193897
20.35021058035207	41.65218298734204
13.471849507516758	34.68438081290261
23.335704419009538	31.03754465449171
42.44156680243119	9.12593844703995
34.30901991958348	2.1341380303216617
41.01905662621953	25.858777526766186
25.68079554761062	21.296422848557544
28.50703914763884	10.783152134242805
33.570022958883285	19.529569835858915
35.634288282265295	33.43658262666738
23.273808999713808	23.66213661379307
43.90161091359524	25.716021297662728
22.08701486492464	10.568323423974554
1.8461889804829354	42.38606206689887
54.71907937366241	31.356452672321595
29.605816189775403	16.437120433461402
43.12481493021536	17.15002219459062
31.98050404701455	30.21689573119177
36.23994858315793	23.509613393963548
53.31098643999681	11.577314924329245
23.719231314282634	26.96229120491799
24.174764851720102	36.921195604250315
44.04292212314208	37.10390006784282
28.3808030060627	14.234409936344404
13.02807609578198	12.406137828224988
15.443664603718466	10.533993097471317
29.972886424272332	35.434653917925154
34.707129033149144	28.222367301529264
28.354148084581595	21.69467175993848
18.242807267066286	34.14744879842515
12.664609696986815	24.568095033732913
30.238532538188615	28.07189513353744
29.06768459140956	0.022575565563595745
21.16242462759529	17.041002194348938
18.234403791136565	12.974881819410266
27.477659873283866	19.479449883891228
35.736354720935026	32.61562449278642
25.240072492848405	20.801922887071157
32.690569524425136	34.294626645812826
17.168487663134073	33.598331904414195
36.57943742249016	29.843606760156383
20.944308650546443	24.605222342523767
27.884663934683456	6.9038985723946595
26.870948565398912	50.90368803514771
36.763184186715606	24.769210502172072
24.9829143649563	28.056583303237584
32.516390769853174	29.655349528554215
37.487272178021655	21.89602377770817
21.844336655163925	33.03019817217545
30.610473952605567	26.688198454605562
35.27983618523146	26.4357940972562
37.84153043682194	15.418262410360212
52.50693771245105	17.949634797583514
19.01350763085879	23.2403061920585
20.2204102223104	24.444349663664326
35.388901867673724	23.284232218530256
28.031935912203927	21.301438512261175
21.060521191626606	6.518557377809582
40.93372981287028	20.051302969956673
36.52802430039135	11.076721636453845
28.753026379749894	40.78167779961735
32.78365562596344	27.48868981532169
26.439018879151906	31.783945522645883
18.871558336974523	42.209408316493295
16.01977479912175	14.672057963932131
30.820832227269104	22.888467006364234
31.332691703215374	-0.5421448103882582
19.844717620060926	30.224380649165425
32.45369244739271	42.045579604480764
29.588108359199094	20.44750524945177
29.87963262584218	10.772171669668696
32.636790383693565	5.5238385762005
34.60662211816756	22.73793385187291
51.03484656873769	21.055119430464536
20.427576368872167	23.285946772662196
47.333158382130996	45.23516284162223
37.06481717574364	29.052889115369076
14.444420544084805	13.052336077450734
18.143327679588868	25.626983596194858
38.94250171051431	46.557559242171656
36.06498906392383	34.67405835264545
34.53077693552433	30.163125123087255
41.709974670191876	34.115303782966336
25.932750948246547	15.26472925864143
32.682391663361074	14.749803869241866
30.60729783917703	34.68140798661435
28.213870657163262	15.882461215175331
20.441651412857865	11.871599043514449
24.00054616907552	38.91303096356329
30.337062985081857	21.60647810164388
22.886412916684623	20.103593126702464
41.73454044138847	8.359836273146556
33.592649971979114	30.35933452289719
29.43611976444254	36.45518334669114
35.712191451614316	32.00440484598767
31.575367603115332	20.047191584246292
28.235277873799248	24.696789411278893
31.449886681394233	36.235454367563094
35.62128545268143	33.46204168861733
31.597729654679107	32.56319161766371
59.37590630055031	18.280033112629706
29.657416544130985	24.86282056361844
18.26790850261731	26.22145486591139
17.991387836571207	31.703016257412056
43.31504901543785	17.497878521879407
32.063521529228765	34.47436329092443
20.70714784908398	33.84057603232791
32.68655405986893	28.332595087712207
26.626899326978542	13.790171153242822
42.772567767565064	35.30859008284134
39.46078647382704	5.75023432883858
23.05449702542073	42.58424922624209
18.47234073265643	21.97387511814974
27.789137877100284	25.719683288067053
31.05968506839515	36.28966453549123
40.42269412500461	8.907330042373621
25.3849103349997	33.84617555203151
16.82401994774765	21.89878226992954
35.16951905038753	46.17052029387552
24.859139128622353	36.10486538057556
31.18923154184328	16.159801576361346
30.994695169248846	19.21825664331717
41.350892322100535	20.13585481084148
18.54263384932493	41.03382355149232
14.27402146202264	30.396798340674504
14.400658153212516	18.888854900183855
40.013513035003555	24.29335661817916
31.270298849279573	30.498671860488464
33.668389774185485	12.00896549295456
19.099960325158122	28.344529816054656
14.962068598472245	14.236993172757797
43.7023218328747	4.59843342918094
7.692792580551174	34.17449666393627
32.30729394198103	10.729445968126733
41.106393242827906	24.184312664804974
22.700837501522017	17.240153438263953
25.332378464278513	21.62925866524024
46.47822864241722	17.619682041450314
44.447022217809874	30.90584164395326
31.9560112421333	20.52203059569185
48.11276801817266	24.814679455321343
24.21102118443239	29.026107005199474
38.38956376421792	18.044385070611362
7.026497164365075	28.352693020068266
40.6884876101968	30.65194012036344
34.82852971559939	20.03207498289019
47.23558140496968	24.153162290593762
20.280587489983745	27.847937247380486
40.70713488351948	21.386774408414272
27.713164871763716	25.868946246882956
39.66935770674941	16.67964276517135
36.53509486609597	27.68872288546584
17.014128086615077	19.539245845923265
20.069834792590335	44.14464867776631
46.843841144089026	31.163085568402106
30.62092786228227	23.34852493351968
29.829486283304135	29.458884174950832
27.586993074807232	24.49946989163533
16.488413188144634	20.03088633394597
11.899512901181534	44.0154830324703
23.147282128384063	15.187256362971075
11.487090870578523	29.661741179703345
22.4158698904561	22.30753628262157
28.73668116351366	28.901861966507262
17.48314096099682	15.025845421988285
9.977861114228535	37.10287594907507
27.43746685040231	28.25152481128975
23.815312268133678	16.015222595635315
32.65345373921863	38.88746738558659
27.20675075272947	31.246332154937292
24.79030977861452	32.49130172112332
33.07078990495368	25.597502979478136
23.139757973395028	4.810493022855638
22.62972373810816	21.565788725658848
21.637702766915687	0.7071540148348205
36.615750495273495	18.74194703095917
31.109073480180367	31.377494827761566
47.380382278863166	-3.766205788657391
38.616462474429746	15.733775885910655
38.5264201368109	26.606942759446504
22.0693184473202	18.090417082366265
17.38078105244405	10.447782045581512
41.931863416832556	38.732114695469086
38.81724447610742	5.372711491826344
36.565930714601116	36.35147276155131
31.359714498221845	34.82072606047426
38.41312828328019	16.252481427744634
11.915965215189392	18.203731112292797
23.71116091534318	25.794720528877416
32.87506035267465	26.09011134704417
27.539118841624443	25.997230657066805
23.06362241562011	16.680398098478214
39.6713843195087	19.42674843219513
21.858880118448464	35.59568554227174
34.29163941681658	43.106841426399356
22.961055466318356	35.84987510673318
31.54382494382898	26.434845650332313
27.332415843146137	1.8709577374109543
16.6263118247357	20.485264378839645
35.60116069717316	24.47129393490313
46.918754303971575	25.3423443950036
31.815108974232576	32.27992846335415
24.270542147371803	28.615522754512252
22.485359484898556	14.110549859823182
27.08078814580635	21.76371772010449
13.600035284251165	26.21883965023187
24.080161424388727	20.90924734095486
40.21215641826457	28.695827508194952
25.25536922324214	8.89972363374752
11.763880409513437	39.81290531731041
46.64890602157766	21.633641806342226
39.87771596294605	13.72540414661165
30.041346112531183	33.14012356987113
31.078219857036487	21.473920056993748
36.08785076642922	28.28809600572804
27.439110398838313	22.435178259570407
28.404286160806215	12.289080299477282
37.13749904396059	13.87814772140094
28.55676881955845	7.099682684743669
26.247321726765033	20.65275466720925
12.117348846116919	12.083400456870093
25.56531017116091	30.851186230898506
23.08560151113323	30.57523385078196
35.111888944243724	1.4330233452951155
24.540825437515295	26.89113494723237
28.125175773629465	34.12554952244214
34.81075384015136	38.18846797351973
23.356281333780732	30.72137832515031
30.816847441768633	47.25754681798085
40.1005765658047	12.219131074051097
35.51702686668635	35.54575657162081
25.681157146824212	21.799927556202444
35.176872214354006	33.267533164688146
29.54069734411958	16.212666729637395
7.3743258415125545	29.34601937843707
45.670489240745475	64.29425177962892
38.22617277388594	68.32519214637394
38.47023680241521	69.1115981038208
39.132541560161116	55.05910985517542
45.073090224647636	71.85133941569521
61.10676371581004	66.00612142423685
59.60092450854891	64.97631682661772
52.23585763639808	58.34521738514441
58.984501573497006	58.44735277921778
40.693585455006556	39.88449708725652
34.712845121123124	61.53037288387239
49.40517581875537	65.52903281591585
32.81973999239531	53.8522242265301
51.90276254353523	68.12332384225135
54.96791734236206	55.024149371095305
60.11714762635367	67.22481015221759
54.903777143184854	61.218661198396205
61.66029006593801	65.36550014380599
62.603295529957734	54.82796952963903
65.27435462218624	59.57727500789487
62.20695065712038	68.09975834122265
54.80630524623048	66.07831598725973
40.46941202338886	44.655043675951404
49.347609417860326	61.4042094014836
57.261072338256774	64.45353644139632
63.51536526508461	52.01659916394628
40.68419486033262	31.843990807560093
44.79254013117608	61.17836913978743
51.32200068104162	57.43174008840897
43.516087645378164	58.638099728369134
51.85055050697556	61.01178674638345
59.74035866913716	61.48922276661773
46.68976254000788	58.821529448370164
43.093710095726706	53.10981236651136
64.55162923764631	61.747618817293194
46.41565965683598	66.03832801363677
56.28596566405918	70.35869945731353
54.848194006450015	50.45814048442392
45.0664867974677	50.283484113796405
57.723072009217596	59.08626732735667
43.3888491350192	59.515317847578174
47.20700734418648	66.27301650710639
48.50873455195962	54.47589104940152
45.45725537644076	72.32064289926724
50.180380162885875	52.92903284530601
29.348929412899775	71.58317910589057
51.69619327080276	56.87431715762929
59.797180215219825	73.55802088166855
55.49703175015182	64.91043699798416
45.770475877957864	57.34694440413737
48.28687517742189	35.11686466767398
43.83949076909432	50.17162161568392
52.788633023513185	54.569741721695536
55.56753745890759	68.05374913921334
37.297745198734106	79.2989502237248
51.7489788148006	69.78476435725901
67.76548016295777	80.09444197843864
59.712567133439826	61.274397750164425
65.56499803373062	70.6834115131619
42.401394348192184	60.626388033974386
35.80028907429616	50.52928545793762
57.020616883475526	57.35535361105233
30.923318055359605	70.71368859148691
51.358816544591384	68.61714452951104
47.283470701900434	71.91192024792898
65.62828680752298	71.67091060211587
43.08611265677588	68.44130913025843
59.094358690701526	75.67856292143938
60.95654995715423	46.63800223654083
43.67040382167505	62.58740071914294
49.74625965028245	60.43272985643429
68.54829666421843	69.28099417964742
63.581684417115504	67.06427951033668
39.52148415942207	81.64840160125041
72.35936525285179	62.50558819331627
50.024828420125296	73.63447370060078
48.882812296479784	53.48174211829991
59.90437821985887	65.39733130001387
60.05620013915166	63.87948255139907
29.865317316563942	62.03082000201354
55.00538751143112	50.38795062580966
42.13683809816493	49.27543308929562
52.64009532524695	51.662969069906374
56.11060448940023	65.52120686016988
43.12133729147255	62.6301417180213
54.44116020225598	67.4129385478708
56.05143434082842	71.40204653630789
44.40022694061734	66.06818654533846
37.88257075905775	68.25895818713065
56.75528144186058	76.82700135676099
49.60343298573696	57.678034280258274
65.3209892817683	39.74462934394013
52.13308437766366	49.13253655651953
35.275291972917834	62.54628538522028
69.46863178240623	67.56641628769762
48.90628355687571	45.0039843099253
45.10671030557775	55.176320823302525
49.88513191873727	58.2069369127149
50.98783364309531	56.30009579361702
55.02704039101844	76.45128022696514
45.439150230975	61.85926091017079
62.68813765463444	60.412521371678096
41.67491916419901	48.57377045485303
62.0069424961993	72.97810457853373
51.04454940475372	77.82939389608256
52.99822309370233	51.29642469011425
38.324970570921835	74.8745273402391
54.022987371275086	59.59940433392525
55.37891131766143	55.64593579314766
70.09046371197239	58.2026970934613
54.57022510571066	49.17250462544176
40.288338295818335	61.93974983174778
38.07663265278953	70.42628000206285
56.40673050868102	66.96756720079986
51.46272030504022	67.65646493468209
49.74895806118918	68.41536910569455
58.92976678862578	75.24053885714184
57.78684526309323	64.70741097882049
60.3534823998779	65.62737188099399
56.597630482207094	73.75123955413092
32.56742072321393	58.71026099107199
50.9131934940387	61.57914968628887
60.75793632950783	60.841322888794906
51.92261472392956	50.28359893988875
58.837242938046764	71.52713875886357
57.069473302971005	77.55063033364955
48.080860094446656	66.81626510754337
44.53834283889187	72.58987631223555
61.727921685106864	64.7602480130448
42.04717870343488	66.21952668295837
49.023925105263615	58.5367256229046
47.60863143753254	63.69058668110907
53.53913400549586	74.44260701000042
55.14553998157495	70.57377783829229
34.166149476794835	59.72969612396794
38.48196896839662	55.94255255860178
51.64361094848203	46.32888132755016
40.23492226232303	58.031999732412885
50.160516405290096	50.71123749062926
50.55410032127532	61.169218861748156
58.21835312803425	44.5778729239545
47.39042301374686	63.12640207656117
56.861118141006656	58.68360627801102
66.3581120887993	78.88046554085207
49.63040061928288	63.81590849854691
59.15473862412853	58.74240479254039
44.191838636616104	50.14116983468115
56.685706761737464	61.41345501298766
50.47872260066937	46.06386335444762
51.98660481760572	47.455584475218295
44.59267617051557	65.48250034737494
61.416470081064624	51.54403457728251
47.507238533003175	47.846486230732516
45.861350713447266	52.57375723321815
40.80589077800608	57.63039976367381
60.5200624096916	42.91974574360902
42.38162240846068	70.51163043351347
52.546434441927694	38.95717335668884
50.561026066742635	61.14784841134204
52.473306225972	56.76877662673611
44.70863377582406	53.09064778109958
45.88610222836501	75.45831603152493
49.49435464955028	53.249934932430655
69.9361550125293	50.11844198568957
46.35950539328421	39.83741180521962
40.39810956751192	60.39790141481201
59.17328363913447	68.10708749186796
55.5720834878848	57.20489240416827
53.50755767646998	68.71228504731057
44.9340106408335	59.942264220049125
62.761595653809536	76.26597902426556
50.689199131844596	39.09250794520625
49.79840012860205	59.33655269431729
62.194173856251034	82.79922282257564
56.69514615464519	56.61711545344311
64.22168903213316	59.91605237408858
42.69678280539877	61.933819223198086
61.865812444971525	49.147428411122796
56.2822737978838	54.50561946027192
55.79989512046431	63.9630667268079
38.3912366496974	54.580097687403104
48.02608577925368	63.2699704576699
48.74729245047371	59.688161846631886
56.22227856557017	57.788049571141435
59.97751631305917	59.176331002172475
59.70901734214489	75.51383419449782
42.40087135362113	63.512825914411046
49.3103063129632	59.311587529715
35.44994174358656	55.41435216693045
54.65045821044147	68.8297502891042
44.98073965692192	54.168889783403586
45.63076541686682	62.22107623343168
53.44879777785939	40.399658115814695
44.37859933344015	62.447486302995124
55.34453684463598	43.74392935175308
37.399205774545294	59.31051677326792
42.53307795293506	57.71840398520542
50.18952960647974	57.281309511840924
51.87413184390479	61.68258503919648
52.66797042131073	62.97792144393614
49.348960487849105	68.3296327599619
62.181157561336946	71.85095143325196
44.098220997198254	50.56334407368145
49.04069644180733	62.643892808225395
60.734504401919445	59.48407527439122
44.49019700047378	66.78360737526873
49.32007947296839	74.27039893941796
58.63384200619078	58.99860839016606
39.980994467183415	52.348545544191495
55.465421459540394	63.97849805948664
56.921099020146286	36.79010419567411
49.03101957868871	52.99937352086626
37.30267197046192	52.24671023585523
50.53683244839678	78.98936716396929
64.61737786431533	57.17954790964829
52.93607571701284	73.57786677936726
58.6998632611635	51.338639237505944
48.04470145523003	51.56743571284772
51.649414757752616	48.27017420803135
47.17962017631452	47.41927835088421
58.72850252160125	68.21614147612406
58.51631243044597	63.541535771846256
72.63001516350347	53.23725387477497
48.4814757379609	45.35340208479698
55.70950147074228	73.51330598365793
55.228461684850615	58.98268402837941
53.47949415364033	51.842409819837506
56.23261840178665	60.42006557358014
56.47575290968955	75.28134952268273
47.34058780191326	35.395122745636755
54.549490696090444	76.6581709578968
36.6044578204632	64.72102512801006
48.44342669778415	39.91193786793433
49.68270623589971	68.19967097712052
54.35016863560267	57.331071336999145
58.40146725927344	77.91984452729388
54.64336386902312	51.1254215449677
48.33400480610472	59.8529794196138
60.158567824579094	66.84855708831957
39.14546770000121	60.75752272156504
40.59869211848496	62.32514134938789
51.090068156093245	57.936750042117595
58.440104646539716	58.22310591576771
45.95552834005901	64.7124149848743
55.62484887034734	70.33742753830187
58.615812597268715	75.31213036945618
42.60609463942697	58.55391711333963
42.33006898857132	63.805066854397666
48.530559054871574	66.13249985672587
44.66991924754305	75.58194032309886
69.82329548026982	11.867505271918205
48.77480765241656	19.10321287847101
41.95003553005854	-7.451083673059049
38.968800171747816	18.51605213840198
58.979810798298914	-2.0115780575386033
43.837743294917715	6.636630192515096
50.82681037802203	14.971822331356725
46.6723046458568	22.27361122442553
42.517518109901374	9.49637667077301
60.72483246367934	11.586592206064154
42.41809701223961	20.53640899276582
48.367024247199424	14.328849097805703
61.97353456272575	34.8556694289468
34.70238410183635	10.92899585870606
28.66338545391553	2.3033676701528076
48.43079816795084	16.325516538998684
62.54287714276446	23.218044167021162
39.04833559463231	9.88653830747352
48.88442007323069	4.463014027330534
44.3854952017425	9.98587333500064
34.0155803110886	-9.888886254313238
51.18641557043216	25.560558616828086
34.837776499963226	13.287338789965887
46.36920180128402	19.606141908004215
52.766879106037244	6.616851311805478
64.05763878604922	8.363943244568476
52.69573967216912	13.921354114917452
59.19200999165938	10.605274331703543
55.40725608427098	30.28477375529429
34.0387943462879	12.85441649853969
45.191457672820555	1.8578544122966587
51.26257202002048	16.640616231429075
30.494484158626648	26.672356902314405
60.03169755489044	17.250972863837763
48.6661372456246	24.020180005063366
53.36651544924045	30.451488000548622
44.61238214637144	9.171061963668715
25.677391602726466	21.474108837065415
54.31413597290912	19.478846294318117
49.60913079635724	21.109593584503802
40.680403451786894	-1.9287133416922089
58.98880492265764	28.50381160932698
53.51348038771626	23.837761411554776
69.2270795476908	6.371815392677911
41.25444837569637	15.488425687198532
61.416381629868994	11.267036778269688
71.57334505472681	29.829093488497097
52.28899132496457	10.11347086529802
45.42668602930341	25.898130066329838
56.20449549309838	4.194745330832481
30.09892534813646	10.448266782558605
41.48812609062318	17.60332439792037
55.559947247528406	18.0209141782521
48.65371807261568	28.823331178553367
49.708245006056266	18.542795188864652
52.695125197881424	17.968393536744905
61.604301303480455	23.91692661885614
40.95518706556124	27.736326177833558
36.29230799171684	5.840193850916803
59.84189099274107	21.40936571049048
51.38696021053658	18.01776204956318
30.007435990704344	16.953837007468227
49.00617769741227	19.854607132603892
37.134071848360065	8.820513274399714
56.188128855173694	5.861766738023993
39.64255330068734	33.794182743132815
48.29438041507454	19.651533860175014
58.37614713382128	5.921510247920249
40.146629386130364	21.47255993778542
52.005628829936896	24.0322271524961
52.96935165593837	26.820600935861847
30.315154640038376	5.278416499120283
40.94080662057867	24.508506163913882
33.864748141906624	18.552745682389258
53.104318115531214	1.153130991142909
37.765195038553436	10.63841775118663
53.16217519183253	14.288597630544462
42.03588995552213	35.25062412481861
29.886013819506267	6.987729155774918
53.28662805875938	3.254098407761111
44.32183735290979	12.529736900162426
65.01904368504428	23.215673719045938
56.387814419845554	0.07643007407262203
60.801411735856064	6.114697280244128
42.53605209440661	19.492858233700908
47.89409150098455	27.885747877470287
41.52770999099398	14.831003956029305
48.50664750814091	26.645609268595503
57.98101230839893	25.123537508731847
54.98728905684312	3.8892443799802443
55.47810005544327	21.823183982047524
43.777961794210015	25.582906481949273
57.50141085051928	24.94571158810802
58.19292002888048	18.44965756712392
50.39932717385512	7.8453888860121435
55.3552386639434	24.495872683470147
50.003533793545635	21.123165367653197
44.306272897240255	7.289250148372265
48.32270329590774	14.715089095250597
49.37529398510509	-2.5034197160541076
37.509062441248815	14.521146835151782
43.39124380564021	9.204149340297144
24.286357790117552	17.57459251962111
37.525785870920394	17.333935813623995
22.769538825624547	18.078780396359836
43.822171494454395	33.976128387492395
54.78649100605089	7.316185713909679
76.4539159213094	27.011991293807643
55.631694907918195	21.683869169117607
44.78335997993424	5.5192143184277125
41.41184578298411	15.929258871180286
39.320948875275626	20.38344635445314
46.439740867457175	18.11526012768539
48.06057493421951	42.294926556084995
26.75634573392359	7.461348595460638
37.45122262485105	31.373688955633078
45.21582056270829	28.021966882104294
36.5101206298734	18.712609141254195
23.203919600750673	37.855909546490174
49.04169470242368	16.94841459417865
34.26390997910783	36.72481099157102
49.73483378480535	3.48658626097923
47.448122771210684	25.914342780852174
36.806925561998725	12.416749534691938
41.14158701424845	25.666616595476228
42.513718360870165	10.97353724259256
50.60121437078539	14.467623295870066
41.37575751898377	16.437111715233048
54.86454167087945	6.012499096363273
51.06224901237959	18.395836057587527
39.25076314406866	7.367637067167722
66.2799202989049	10.321895682627945
54.51229515294335	29.405639759439353
55.00359338017568	4.777032081302496
36.362297597290905	29.828107730301078
37.57795759054376	4.470945173371495
59.55113705478099	1.0721140329856134
56.86725607680117	16.742342423283638
44.886171160970136	32.268650933561474
52.94904792806213	24.30046848760003
47.25338671249287	21.103738318687512
51.25469037779503	-1.28350225287598
64.11428321885461	18.51877162948441
44.39178633318092	28.734432193361084
42.90651112705289	9.7736167323404
28.939483037699016	-1.3658913864914837
44.264870189165904	0.5617385480118884
43.012254223000895	15.9186746347268
11.321143573975846	33.10245360663177
31.472059385857296	30.47774958232346
46.51792874309972	0.13644233047626386
42.15969478119888	16.587717067712887
41.94687301633788	13.737412677048848
48.64635413923583	12.716367110089006
38.46376735128842	11.985245054138101
54.65559575688363	24.73971106114351
56.83514346669595	34.46296208648464
41.15040896673165	4.681992796177042
38.96952160213598	17.91335592179842
44.25245750581884	29.861940570048823
60.62213302318941	1.389646640271616
48.60457652480674	18.185541136945258
38.11237727065328	13.115837356794874
33.84151257042215	17.953010309675197
54.08368997145515	19.082062180681504
49.99784565543479	24.241704461118573
39.887716553408026	11.68510074067003
49.260828612487465	13.711557681584445
43.11369334648293	18.326419298692137
30.935071434182937	21.56164022466393
51.9408289517243	9.846696112441743
41.536433168974774	17.71234774464236
44.11049550924569	-3.439302094136316
35.4294047367123	14.574320346623942
39.194724109274745	23.725038054000688
58.785495585820755	6.456435836551639
73.26090904259053	8.47299380376547
53.37462107354226	7.934235067625494
45.50694799404155	25.74566505145257
61.893904585681476	14.691812907890002
34.984322267634525	37.890340272027984
54.71713718977539	38.848304110539814
35.104087382846316	13.158570979447731
41.022102040857156	29.335161716267457
46.96242956966721	17.161755256503067
36.17224243473841	9.584006432281331
41.876920353795846	20.533190428086773
49.333059584780706	9.283289716221551
42.003271474752516	10.060337250548326
28.408875156708486	22.82161454818141
49.28202711558456	22.23741144164732
29.87895646088933	25.46045819449388
46.39622513823343	13.007304724367895
32.882059906135055	13.977496387281974
53.212467485165064	19.028927105778877
45.564321771881	31.103674746438443
43.66838296388725	9.697165056541316
67.4331359935278	12.30458845271913
73.84556832886148	23.484721167113396
42.54188540466427	25.996109703902214
44.555407424173346	23.574595744459145
56.08882392787952	8.067866886511572
30.232276040374774	21.248689531755403
50.835834254320226	10.471759149416009
48.57239936581084	15.895229606763548
59.36646507992184	12.749366337031981
70.31236796026667	31.89828374968906
16.249148383294617	30.347662691345004
40.75835574621058	30.22393679532172
68.06790168303968	15.910741735065455
48.20882551221781	23.90376298918869
69.97276415110777	19.47218687050057
52.18892219584221	36.34917076883175
57.05967448216427	22.015006717602983
50.66435163882819	18.568249493576527
39.639990343867844	17.14720146807595
39.26954564820124	6.017842287095217
27.912223566779474	12.116270600787434
53.93531194731298	33.06542686604738
60.62484458895143	22.843152334649687
46.30887776281612	28.54430235197574
41.46931393312257	20.590450968759026
44.04641013916038	37.20871619167147
47.886407470060455	9.841962844022936
44.967049505205246	15.950964351066803
34.01728033764292	38.56795622334866
50.60210091388149	10.704503280133661
43.349107720140566	30.354591930461503
42.55102762459185	12.038036348808676
46.44081388113299	33.733520300310005
50.47927956985257	5.793925508757642
49.313250079312034	31.83497658181819
41.331194176156615	-5.54976226066627
41.217301552725246	3.7066490618462122
47.34162334400298	25.826963113013296
45.0630515077323	23.01031708312022
39.18968958906913	31.345390120728855
40.46980626749586	27.009034294940616
33.358217957821346	11.328993503638198
56.380646008887176	18.546382358450916
43.678842385227135	7.279564616947379
30.870339052100828	16.549383892335566
50.74891033844922	13.944709842918515
34.44696166471681	20.365698097910006
40.09964352733549	17.743103011971108
40.60002001670379	19.83690081691836
52.80357412736019	21.127923623475375
42.24540792597475	38.79663359764964
49.480002924927255	14.573540941669453
47.69394869562501	18.30544094211066