53.25025429290781	80.33418033658609
58.40615528597717	79.97550644202774
57.065641737635524	94.17427015812552
65.95874381419084	101.26038461217021
76.4859147882488	83.47872402240452
64.15610342217927	93.18714697460166
72.90381870017724	83.00800803366947
54.44306838753546	96.08243238422546
83.18409166425381	69.63501569055086
62.205260639550545	84.15663743700063
67.258039230703	94.06077036583218
53.458178454550065	88.92943654330854
66.16498943777913	117.93558346298167
71.86514127941248	96.58041990049429
67.32686083578986	97.97972477192206
63.16584258422949	94.40425958067816
63.534014984871085	94.70939185836869
50.507750551383474	75.5618952213234
32.53436171033642	99.8548765399935
59.03691280866443	110.69466043541966
69.3892785519175	98.29614319005579
49.75547439633868	87.37134646424968
63.79459952143777	95.42532541910202
45.50572258162728	61.53530187554325
61.13194084126714	89.84125296895645
50.46161780091873	89.16655147981851
56.44668343059407	87.70920197869297
57.31137687605089	91.00564737081365
54.0280276871099	82.49878164704532
70.23131323884937	76.07158269313047
54.22952821523648	108.80837111566898
72.78110948250405	86.54223569126123
69.39949316876887	85.36926077539216
58.48093373708658	76.72929779517726
58.74083496227391	100.12447439866708
83.62585138641698	79.76120052035631
71.6578247223997	92.31610818264683
66.83281441466987	79.65898261217403
58.0104862625882	91.75013027116987
63.321156550009675	107.01759292945954
54.88541344753684	90.09975353120566
60.25955441403804	108.31677726044111
68.13517056649135	102.41116926739838
40.51275873221467	88.24841441905579
50.86111918701645	63.84196873471629
80.58632605617926	97.0138621595086
51.048783423842714	86.02303011872061
50.30256638055602	88.57628647923788
66.30366123335837	83.71411473445484
50.95941185236803	80.32797186928977
54.72901609422999	98.14143769922599
80.7626226556286	87.07490402649947
66.27345225796773	101.01866404402415
63.890322278326835	107.87351286759475
64.13812992501967	76.14944601101111
72.56447005558334	68.53197454900862
63.757510614412304	103.85711887982372
47.804067672045775	88.51159258163389
51.39831591952407	99.0010256272271
62.604452400691926	111.08043522410676
62.31366527694471	93.61349242659233
66.58866772331571	89.86049595482199
67.6760950705152	72.64363627525887
52.621492131717794	72.41756452194075
48.95946751434794	108.48279872430228
50.99765390527815	104.52092090162124
65.29966161574824	94.17757930640829
43.693605207107126	97.57951919219792
63.75592197078147	81.22542542942719
55.84223412002004	95.98154932979713
69.58314942032212	85.206480434864
51.81860704922229	82.46028965912919
52.018104403892366	95.70488880857397
58.32679971888687	101.29477594928434
52.37819851551849	79.3294778805078
52.1414815768492	83.10255320022416
43.94483597722823	83.98049666304948
67.18077697866042	100.86406645544194
67.29301783882326	104.13152767355429
64.17441999329567	89.6578214921675
61.60624368212999	91.87576350751824
69.15899338893234	75.28562651616274
63.72321811935374	106.95158643410568
62.96699753838119	95.04440147026149
71.99902033820034	99.2038722600322
49.25914358912533	105.27065703339723
53.47248058202281	103.54422859519515
56.64809158318054	111.40295425629022
51.01280854643038	94.67412709277878
49.69802134674735	80.94644565762196
50.24882468434399	106.7567230858182
59.1816078586152	80.75589200646775
62.53653696146337	111.95687743747688
41.53435843708152	90.50665555842274
62.251628749683874	81.27022484710008
57.12370741069413	89.33835422551081
57.3488303752086	88.45294416569116
60.179531403297446	100.30868713126445
57.00188799127973	80.36012297905496
51.45140443322465	81.54247536874627
57.86089164441413	99.5130850672279
48.88937053938924	88.25093433826439
68.63087751015745	84.31459491079345
59.568542373144076	65.21725118538573
86.33857367611834	100.67236895535635
71.25950811182753	96.87958628337664
76.08020615752423	65.50606482517641
76.35119568819154	77.97395314005593
75.40380368311386	94.59163535904807
60.1049526877553	81.18774907810628
51.956144506127785	93.35739095766985
61.81082290686865	86.59542032848219
67.85062508035176	86.48229074190408
57.797757426887074	78.06522159994364
68.4114502053653	73.07220781433975
53.71677512894603	73.17278543759245
76.87631069721607	79.15660733687514
61.808775573439306	98.12667622689612
68.62978177075925	90.41506455761748
73.92744422077378	83.0194211612402
66.58820882637774	99.34163090146842
59.899699245561045	87.64940243973506
52.833291185462414	87.23026980756148
80.87534007131472	90.40929188770284
55.99301908819871	77.74734646509965
62.54895214146636	76.31728539294686
47.817740372406824	84.5600999670668
53.024686583100795	86.27793809112801
62.30229924697386	71.93847264338805
47.48592914996817	78.33010283985378
64.51222511371843	86.99736309214349
63.339278335224854	97.60742373305602
69.50044741713317	96.41504911169802
53.54954551030309	91.55462550892145
59.45872087343784	79.62202468200805
81.3202895390523	87.23293214227378
67.75280341075884	95.09833784565866
64.01429194267968	102.10101629247333
64.32163998619461	82.60134648512538
60.90719363109667	111.5571679509008
55.61541332872454	98.49369813609285
65.38350287701577	91.86586754048686
62.23848619699434	90.63285488619432
48.535295150553644	71.36189069902808
75.60186412264817	106.6518711826962
55.63692063863854	117.51245510107647
63.31724384999757	103.6199227118298
54.690699405114344	107.58904963271539
43.07217687309955	98.56196623530549
66.47386626171559	104.28424361689241
44.226243616975594	79.45316183234442
67.15423345064602	81.80983248475823
67.47245489392887	86.09177132141544
60.27271742291919	90.65459030927235
65.28963326389494	94.36722186044861
42.446370259502274	82.03353169831107
62.9769033226945	92.5668627849598
61.770625468406635	94.49268448385104
60.3346665805308	75.98801265326513
67.63437905881277	83.20539653064996
73.25626428591774	89.13881716573545
57.08001787940451	87.54145257714706
70.93365098686986	89.02414793354079
57.27062563237831	80.04004497763779
65.65669697993191	98.52208502508952
66.5673372116225	87.4219787723823
60.30186023391082	94.88286484328438
60.37255406455255	99.89760031943115
68.95913769222402	66.0977772653358
47.53700886958197	82.93622076706927
61.73922849463893	70.19270781233018
47.29179861299335	105.52279112692881
60.2069487068571	85.31806414741999
81.12608828059099	86.32207825393662
67.79977733211318	65.91383363935245
71.56132401859205	96.04920996241967
62.568370297226416	85.70654568892259
72.23012513134293	101.05362626760635
54.51423525685625	77.94071271019453
68.37757726103148	59.84013164418579
53.34654271140468	107.06979230705359
56.070435865676465	98.31774636473375
78.41246652495948	88.96620837741393
61.659848974332334	101.87315817592533
45.49671758838703	71.35032405820394
55.584669768787215	96.3022146056405
75.5003962294254	71.6175146244135
65.57191618256729	67.93586684451084
75.99488610777534	86.94525167702618
70.70987877159601	105.0327619465624
43.599206490396824	85.24998927189979
52.03798423435554	78.15633091150708
66.75250455334523	83.34060892982451
57.954465205584796	86.81206316563966
62.551096319452256	98.00420319869257
50.25933513603913	104.88689200056966
62.971680049800106	90.03799900166428
41.65613948660459	93.25462370446166
59.19456346725645	92.24991528898195
67.63050952727824	90.18534576376062
65.18828054688959	85.84695259031545
61.02832115235592	73.50166434531391
55.13534412430631	93.64945990950373
48.503350995656554	71.52689205956521
58.139472197543974	101.41722388881719
62.52139363002614	83.10310210566654
55.628008097617354	84.79703575662128
79.55591302634936	71.59612975325429
49.83640854243908	91.11472839262046
67.74953951022337	85.09871420422425
42.72521687160429	76.90877046798775
63.32217999115693	110.19965520666543
71.75097085840268	83.34579816734141
70.38552925682697	109.26334851698596
66.6106679475055	83.70482009800462
55.7816973959224	94.98126005560923
50.24708451432747	103.93674763594535
57.6890275194397	96.57265120738023
44.20150874338148	98.40548152424252
66.73172044646195	68.24769385688879
66.64382737646565	84.02886106241257
65.38237766485383	101.89413932809089
51.563375611503886	78.46365083994945
61.238339648309356	97.48681905500625
52.17091561983874	84.7638158630827
69.79314559050493	62.69762270642299
75.69862791797418	84.8368524719799
65.271805419467	93.21254135010818
54.52339511605894	84.3298809318693
60.17821124414268	77.30601638263143
47.068464420980945	75.73592328016036
53.819025606241325	91.42889572839618
42.13134873104818	67.03275408149936
64.4410346743456	80.16716241572279
50.682150282989916	84.40777774631024
56.045584411395296	94.0120012999762
44.879194617926416	99.51996832898244
58.93808444359743	97.38132645092328
56.6550940122283	96.0519072371375
51.024833604210656	93.26469187345577
77.90936305355234	82.67916724687845
54.3081101089325	78.84738033349709
63.5698980216845	64.67829487087933
50.83400916510914	87.58534434571747
54.534871684242844	90.21627701373058
51.188905083821325	106.90927306872632
43.43255297009952	100.0540600453573
52.67045814609383	84.18419276640923
55.1731447609648	76.44548394662468
63.28027544041001	108.76726983752013
61.176386437328475	68.6987382647257
76.86394819026393	60.248950272809
72.78791812306707	61.43229845581863
78.90335073862654	54.11820218635478
99.55751357209846	58.74843646631849
85.21635640461571	64.24731893747162
83.42937479192919	32.870155680930765
77.57805558728032	64.12053482335929
96.38469812315898	66.79804815343647
92.73342147976294	54.17792231584566
89.16768143337569	58.824202574771
84.10037130267122	48.05933690547373
65.474841657691	68.88501390842328
80.75213838901564	51.757235388051996
69.85907717305622	60.37765322438226
92.73118715351657	53.92870315031446
92.49191431833229	69.74665460973128
83.8547968613919	57.65730428858842
75.15135071366873	56.427093201916826
97.09994184671044	67.34825337187819
59.172176677143675	51.24717459731755
76.86208870930774	68.92245508507763
75.51992399810449	50.02279526699483
68.350393942136	73.52655154201423
71.10529335916904	67.26252166511978
75.64282487677974	72.7423252715381
86.38628520195304	66.15157859632781
70.21029942733009	65.17875047976752
59.90150706315126	36.04313812606587
70.22393581103242	61.193588020720746
70.48097470360594	44.57823366789685
95.31633427774413	69.69016845291532
90.12324461356268	59.14662150499182
74.08363157353251	60.814413647891044
83.89592430491142	64.26809286284235
78.98995272227356	58.86951455630494
95.12867445553894	73.32093122872188
74.03483545428139	49.525905299345645
50.34508293595036	62.7390693279326
63.069264953064334	66.3491474461596
78.02114947021518	59.17622460081456
82.0905109150122	56.769181500630125
77.34049463151028	70.82626372800134
76.98353178737312	51.60392720749892
82.2263863963668	58.284292545159346
97.32587129636276	62.37090874454979
84.65484074166908	63.194816780574804
72.07594835801571	65.33503378175091
74.56658389422753	66.78940278456635
71.97020296852399	78.05662949026248
101.93620170928992	48.68572828789471
64.63869632003005	64.09702253968102
97.8626452012551	53.612444766187174
77.48972673871566	53.40993162581246
68.93514901173228	45.87740010219173
79.04409324299897	59.35679630382508
71.88211872696515	65.3015312325576
75.36202072045982	65.12242918768956
71.14277073018324	69.5688418863271
97.24016050246966	62.39902775507233
91.65253955835296	60.36576259770247
82.00856090949893	39.78443416479102
67.8808513899999	52.05074044624017
94.04940926572095	56.56046201151781
65.61797890784186	55.066773206072796
83.53217826109895	69.04407766521527
91.47646477042434	76.59566259351602
103.19206013916792	58.33967736455403
89.56997408292087	76.04682520676955
79.50641287699332	47.976943670207824
77.86825626186489	47.858516136123704
84.3530757875403	67.01343730529518
80.35355740569594	61.7060360688467
82.4758374488521	62.94115366516937
79.7241244973066	62.44384532867073
80.98828717767347	57.50363832431854
89.93402811317507	59.8151789602706
87.75989907410566	66.2432901238966
87.27967324311867	44.08341555602867
76.02937948400712	48.31735127145722
86.11988925053528	61.79396821104486
86.85684635536316	54.67876196695211
72.59387923545627	40.672831851850795
87.27276643781448	64.0287762325497
57.00836727738411	69.23694912566305
77.89620373985419	59.556704979858935
95.68568975851137	59.39654703699947
68.12326526402303	49.20142209782558
72.27705256174389	81.82905676412175
68.90331632795416	80.70882419474455
100.05572870876877	59.99881982366494
75.12391422252365	63.78076502925808
73.83653832588665	50.96740860026361
82.36983369287675	44.05374697173653
68.97767871307693	64.26491766608076
95.3082520510887	64.71892085913261
68.9397449018791	51.500117791429396
83.27446601187835	60.22624429944658
87.60257286419352	80.22209472439988
90.93409245280992	47.927064608006646
68.55005181510445	54.26845175986647
83.40743722687249	52.37186449353743
81.26198625953198	68.87002041495613
110.46377674592053	79.9427397096153
67.07688642153849	32.90293572678907
84.16784125592648	57.59326874937723
78.67739320349082	75.98838200485147
87.01929142577609	59.94021923729849
84.8177570204858	68.44631293269553
75.19684589892576	42.73892800983488
84.23484673959838	82.86426330703324
92.87237327848473	73.21163642145434
83.78591039674987	64.99560607063516
82.41436098247821	65.40358238084981
76.41082926096567	36.13688744713886
86.08398117506167	62.86636165186994
73.80090031716355	63.66958506450762
89.75804807907954	71.21915507792616
72.72762774686034	76.48623992917638
75.75140231797698	60.47552175334391
66.49021160226813	54.998341536647416
80.61541521278595	44.14363889889471
80.93556503037202	66.64832121891877
75.64098030603503	51.137602143864314
67.37897433020578	40.21712521187902
71.96853447745407	58.653979221421714
93.70345894087798	60.5264105591169
76.39539924155436	58.485975765827106
94.64921998238195	58.08684426679907
99.8055684588464	88.87924536067379
78.35168361161297	51.26537902800421
104.32445665900892	48.48936741275005
73.01796745697085	73.4188178887546
77.21424529975211	47.46436372112884
58.99534152720453	65.48723504096102
90.00641559566631	68.46669890552411
73.3884107598057	54.398536804543966
79.10849490916146	52.12937388250971
88.63458396221662	60.613662235575504
71.80171226147607	53.824159792283204
78.455123193858	60.65783793909853
87.29377757058191	44.36252549456027
88.30399619764943	59.40153176767578
91.9223880763349	43.67397286597074
82.94541029203829	70.1657789338984
85.75880535596971	52.70499437997584
95.52521601126135	49.799406344843426
81.80815866465888	54.88692752803746
75.64445505967834	65.70527637176798
74.82496571723958	66.32064394862263
83.85875165016957	42.85115880057896
88.89694608779004	56.77831787426811
65.53525277522672	74.7153802101441
71.16298828744696	66.25808263829771
104.9676566977814	48.27913465167188
73.06297106985515	55.27971890683656
75.6370763746261	62.12910814073215
93.32642166225035	46.909115588431156
80.98221145977193	50.44995570915027
68.3669165648894	66.14679588286273
57.659769129938724	75.49526178536954
72.8001638999949	73.95082886990205
87.67895562424323	59.20785715569185
90.75566408886688	63.54248059893607
58.32731781779755	69.08888138193569
69.37595628819838	60.17381308306731
76.86991514355518	66.30481111083488
90.90397966059452	53.71031162764598
80.76835944161249	59.38919580501419
79.22080013350701	70.11743323173984
87.8488926064914	52.64169031829802
80.44940251353243	63.15419941759828
72.04726199565489	55.066258054015485
85.70780209912262	53.652395454352494
73.15587321136152	54.24889244629091
71.36732069602252	77.52493988025239
70.2615492516493	36.44861781939318
89.5433795218292	54.26387246902922
95.8746605113781	59.41033360097739
78.93967165850768	64.5347801390924
85.08817073525097	70.47811342373974
82.79557091021226	70.7856548227874
77.9693986603903	64.26791942828687
83.24578341610285	53.64934714772178
87.68559549191367	61.18449400304392
84.1085023072166	66.08996335670642
83.30116513765921	60.96845005176595
83.17421250490497	61.736620036892624
75.79546795938595	61.17547491839245
94.66260501318777	58.88734800135372
73.94053131726288	64.7734040981266
72.01327550922565	62.40696280108775
81.91765901901132	60.105818512155096
83.50975757460752	54.60841379592595
85.11347558733422	58.46609730529017
102.9752522778223	60.02866032994252
87.97307721211388	58.076917470323004
84.06239835289792	42.27343643418958
75.28771451668364	51.784201086864684
78.46081602096636	73.50527402832412
66.4878676840562	31.045454253916514
70.94623911054742	72.20830008831133
77.78589993364001	57.810214943514694
73.41376161891796	66.78495023616573
76.46922993753421	56.4340984423604
90.67888453136189	78.90512042812435
86.15812964944587	64.89321869062654
81.25976319982303	66.22424740379093
89.76601947730677	50.13560785592731
68.76407695184682	59.03409803619792
83.48235764180636	53.66558034980009
95.54238742456243	76.29199826701232
85.75213485213102	57.116964386918625
75.35792877256834	61.392083431837406
85.23819639914397	65.93442134380453
77.04959843311764	70.89436100246184
81.05061244227349	57.61970743895506
75.61733558806525	42.00094165927847
84.38698304236301	36.22567428762648
75.06998147055266	65.08509680117872
96.05026648042491	78.61228651588014
98.10878219258412	58.73134283564681
89.80470041697967	49.04627829606348
73.96445715880715	67.54726771738837
98.12219770956415	68.6845607020162
87.33956707400661	70.7147405216859
62.65819937420693	52.25940846798707
70.0315324612537	43.69396522743331
68.01053325052355	41.781362070715716
90.99936795000563	40.94506918074555
76.71590790409705	60.25388997258655
73.0658950125483	75.85973493010377
66.272424875559	45.805563327084904
92.84349405262532	65.62813373470041
71.01590952621032	77.54328938821186
82.42922847376008	43.67299693154617
75.6876866559752	61.54138099592528
78.27847840230567	78.29396176357226
72.30940266188226	60.433032733251785
76.31292460333766	64.5663844124387
79.60342987804374	60.823410387518
72.58619150430187	44.217939763112625
91.50844803738205	66.0353060040618
84.37038119859827	64.61857556492347
85.49926331719412	60.82809436553427
93.14965220610429	48.726612223848164
57.8771851492388	56.92056555592036
82.57036269458106	55.736586854378814
79.75328649988468	52.11292781021707
84.08116053250143	60.091214846111725
89.54415755346221	77.48350789209076
63.86045240740687	88.62425075495055
81.77554182020816	82.94605439914947
57.79582155974322	80.45906900470051
87.62968433389324	94.11567794162681
85.00709564181224	89.52958179126115
80.03238500165503	79.16058185600691
71.09897840941464	84.27078037156467
90.65740257455369	80.49973662311632
76.00502097098027	102.69396167727683
74.74106499898895	91.6914301967377
68.01856712467213	86.40558568795541
99.54936953553977	99.66319588316112
67.11756419195615	78.84061462618351
71.28752275123566	85.14725440175273
66.93156036989458	102.09709557626265
82.38767085393229	103.77550134584465
76.83864230749951	88.2818913906602
84.79377229763942	87.22649127832463
69.39068359046695	84.8157083200784
77.49914379246667	80.96382726658486
63.530393571995816	92.99966874807399
74.91869850650913	115.20741893498197
64.08678326151403	75.03890349838727
67.06288493779618	101.71833895470925
85.890596472349	96.50184104197703
78.89291463539683	70.66773285282481
64.25912451133522	72.50498071478955
78.98724801851563	109.05777101550926
69.61378072178195	77.09157448493401
80.36046992634024	101.31360570516857
89.76921678359659	84.27215215233579
77.47749542159715	86.54338393602927
72.77494382646393	89.81583225646813
94.85307402520874	86.62528713985989
107.91022612395969	64.5581633117073
94.77439308316923	81.70357222644206
90.88169258762704	85.92604257461805
76.36154556857772	68.21280348615447
75.55295826221936	98.61066796598193
95.71943127010053	87.0904699746354
70.78426801274209	88.43450791475342
57.167904351128726	75.80487802214716
86.44931490723424	89.45436428051268
75.83964342846556	84.44097898110866
86.27907673684078	85.12546068856803
79.40146042624292	89.26418796744217
86.50916426655812	99.69681164800646
72.75275669448993	101.87555809464008
100.52647661672549	94.2223252366428
93.02866281745547	77.45480355336053
123.85154552742301	86.37327596827022
75.81315877137291	75.71898802726156
87.97848589561703	77.75953596701257
84.35841004538304	106.52443605394019
80.81221923342167	84.903503531359
77.11709781981314	80.32704733731237
69.53566674196465	89.97865533423106
75.18925900971368	90.3058975912175
81.5467420232571	89.99081754585228
77.17084406088564	87.4349351007203
74.1805742433025	79.20047024693154
76.22706795190498	101.9886080194089
82.64023708695349	98.19074427647219
73.78225917206855	75.61221860536263
72.17574333690591	88.49160796360549
77.79591818067006	74.75023471569692
74.95586050476336	91.922894620915
85.25235854792192	93.70839290045146
71.18870367896288	98.4346775753959
68.92553195312897	74.15248769331892
71.03882652428277	86.52656079316698
91.95397755867701	90.1346309470516
72.7709319231698	73.99813983933251
73.04760610367818	102.33481148271987
79.85143786940645	102.60145298133172
81.60693528847044	86.5242538852099
70.00138860987536	90.52634259304519
70.46708074128225	110.11657269343674
72.51577301592152	80.45099534944559
70.81610124493447	82.62487737116487
58.847259045490176	104.27581925128254
64.0359717632483	106.52896515478193
81.71957302001942	91.67188411300565
74.65672326833402	76.68066791369604
80.58837433036423	77.65934067297448
68.3416735768671	101.7622663152634
77.68016429512853	89.80874816901806
77.69665063423989	104.2826160405189
90.44511430224992	80.23706754759053
71.34368388210365	83.85630566198591
90.19619410012398	93.00632593279664
70.3933796345319	83.98341458511837
74.8798746254594	83.14699591386854
92.16172099695238	81.1658546325583
80.48723101001823	89.0232610063635
86.22899950878812	80.38661842477732
98.87799423286859	84.35168326110067
66.04795979266216	81.88414709131715
77.92086171754227	51.173330695742166
70.15187443104158	94.15444228002386
75.21504064308591	82.2775378154632
74.48029994794268	90.64233454718088
71.88442923067356	72.24981431884758
92.26526966428405	85.27297280192766
63.55157422921341	91.19399594428131
92.94466735566083	75.3863008282045
58.918338152529586	98.9166735884751
66.53175253112106	81.02871544566104
94.49680372453122	70.17772738918892
57.52575271605796	98.83013634464066
95.24137234734789	93.6352077882251
85.40795034968353	96.89993025758662
83.32034025532498	92.14843734254593
81.59236780634927	93.55956749483751
72.97337398517229	65.1512053962496
93.70673372247327	114.28572602681001
85.35402083248331	82.81411904475681
94.24677888210287	83.33752379106254
73.04463934558974	99.15745727309553
62.337259968933296	93.4154873706757
79.07237824585384	85.42378690128187
80.61291364392181	72.18970742295203
68.34201141802663	76.78750791682333
71.47857956992091	79.62037098324852
76.3078473189483	105.21304629921278
72.19328508003625	83.34943485566815
88.95851991852946	97.20583009812084
72.57779741028646	84.12801600953094
82.24101449507239	87.71158340196865
79.05939015715386	79.59534815622422
90.4718308595609	89.4910745520868
80.91397198768864	91.77298502964317
77.56725821246494	95.07411290304789
75.64720170941241	79.13829466200747
83.07368199590336	80.16920864384294
81.36605794712054	96.37789512481042
86.02684818301258	98.13134754954434
81.87312892982398	99.34083757574307
74.27940612989069	84.3348212695127
77.40708605579292	81.06556798051417
84.57172874211302	87.18111712014161
74.68242501373534	88.20416871873964
83.05804374679687	77.37323106929097
76.86491217289766	93.8853173387078
82.4236660881031	74.44129529284191
86.89501201568679	98.84190700266367
78.18850386017797	102.4582245710449
71.14829233539164	64.97372232106883
83.44437365035259	85.6230349300962
99.94450952149599	103.18990025038785
82.6602805109982	74.52073407766144
62.3437314807961	96.54230468717583
78.18206706965331	85.3076749308485
61.447814202818535	89.65901535876012
66.55371347311207	89.3820418976987
73.41763520831425	78.49574845793242
81.59449135547557	100.28300861521419
74.90499038937911	109.57297544484565
90.73530332645156	99.59960072017643
70.32916307743722	78.93666486680938
79.14265217161692	70.70478660960745
75.53222107544467	90.07490644601566
83.70942624662761	93.93334846521758
83.21403633310652	96.88037394348304
72.99555932921717	105.53320336866878
80.81493078992192	87.78333560085969
91.52142647022399	80.62645403838243
83.91697650178818	85.18859958684172
69.72179099637466	87.51354535733812
76.22076607260918	90.62093143762729
84.7426356995334	81.4732095043215
78.261433963827	86.42417851005315
62.019889574290474	77.27041742276992
80.54496806529728	89.18715394730869
106.42709540383473	97.19046671222861
81.880656578652	83.276390644253
81.85258352714459	69.0982641994346
74.16612129936509	80.60532570928818
79.56830805894205	96.17842986681872
74.6033012064114	88.1046522691
76.6706112552838	95.32084223897022
100.04190943423202	63.57578987801432
74.54898725185532	70.94838895157636
82.1521772027911	97.52115765863
100.63212875057228	95.86684139700168
85.68894079097579	91.26265712100894
70.96247996567163	79.6801546576986
87.71713112177804	92.10957232932822
68.02485593884344	90.35724512308974
79.69745619843317	86.55979098952392
57.236227037179276	112.45757401264717
73.63998217643682	82.88660876118713
74.34516663823796	101.81771186791775
81.54720343029881	90.60119829275627
95.9091275331664	88.03893129918634
67.62216128682746	93.09923988403045
72.84742008636009	79.95735869149524
68.46405266910926	94.8816482466446
84.29859779723573	79.63669064862788
74.62789988405856	85.75516568056466
102.95355905554806	95.19508091356418
72.7836764340922	93.83571570658326
78.68405103246317	97.2935399394225
74.24004309988433	110.82840750570072
74.81575269450407	102.84726678531803
82.88220846659118	100.64531445616001
72.42141872391915	72.22317914111163
91.94868325254185	77.12389608088169
73.59256614863419	90.73444260020408
82.9641908277636	92.55189806752887
91.54691349480089	100.47093415553118
63.48525145505069	88.08131274769458
60.555029633036355	91.96238333923873
82.83577673325682	83.67419670001733
73.44798877689612	95.2004399326402
56.693733826330764	77.23374293811841
74.92914105737943	83.04832232250321
67.42948520314725	74.76258838697825
59.0534000322521	87.71744835435513
71.3421558862776	101.34623084562274
78.00053791703483	79.05979020133567
68.78399589541309	115.75745825723112
94.07439301571776	61.87591108569589
72.79233797860402	85.61520741832967
85.25389199900685	89.66290306302407
98.40716808996204	80.69080140291601
85.14317097274153	94.43414322516085
74.40723295530289	85.92480627930883
72.10014865228281	90.93090365457988
93.82335646706073	85.1628034126612
78.72009478171226	87.93571963841804
93.15440369919779	90.82410560169733
54.13877835241543	89.08216470975155
84.69897346765903	90.79417221798977
60.90703044158987	86.94635752637116
75.1189043506793	86.81772672592817
76.87787140876823	95.2750839313955
87.38636711726481	73.76750727832759
88.84021360840585	107.61680542670543
65.28867494444343	71.66865215667232
70.07729099925929	100.244390739082
65.04739893330827	92.60687283768974
78.196285772102	72.5403846803664
82.94776151368401	64.07407833296192
89.32101842269596	102.14422158036531
72.50257196154843	88.05479174780835
89.59784863178477	86.4943563091711
102.90409332291225	63.64250546210542
77.03253531805528	74.57041432010269
55.51571093401995	58.064755328173995
37.97625209400686	47.98352817522627
34.46265614262645	39.119737597658386
51.28425049893322	40.84903825177865
49.21327320977365	59.2808220159946
54.23578440780332	45.92860611015805
54.16071131022147	51.40201297537798
39.00764691622716	44.10660154777508
37.982291587475544	46.53761502842979
47.9542247463581	41.279327561015876
42.455082622458896	39.92272054228066
48.22670628303695	59.69129387254737
49.03251341102852	52.42929391372147
31.741169306927723	41.75197222918947
45.56572459919989	55.586762611714654
48.43521458173654	38.74235535243271
41.387240316868294	44.590556209118056
37.28530011284294	68.03026412346638
26.10745655603113	51.43144437342412
37.85881907462738	48.03790039096936
44.06401276255854	18.802482050792577
37.6139838946648	54.810943857081945
36.98188567216209	55.34177868426851
30.633683636301257	61.03064589945636
42.439651189979784	27.65292791057914
35.53899352684604	68.65892585036623
54.89069997856028	57.9341183483893
30.1026799956069	57.93816917762315
23.109635891587985	43.46330324726371
45.019111559271636	26.454469032018576
43.75399738981013	50.721777010675275
44.8154186837579	48.53037635270786
49.74865840709256	63.06718264694619
35.52370585024505	37.03118427353331
49.66855749999687	50.504018649106506
40.78881237505616	39.67780293118531
43.73611987858501	56.16106866040343
36.198864942868155	38.48017783606551
44.211051256145986	45.7709990233716
49.3572418671596	47.18515789593033
51.76173026034305	49.163783967087774
31.683561303324208	63.644924333211826
19.97397904369168	48.18681517217198
21.92636564951772	65.69752519089181
31.454732418128884	42.21237035846465
22.082752109095196	65.3478684456771
39.250287718558525	68.58784920022612
41.150046213137536	69.07548551168958
35.630602221402555	57.73407212024589
43.1160036269009	36.75956507009874
31.100050230544063	54.654817211674704
39.9640494999461	65.24274601802199
43.028520511518906	33.232197564453344
41.376918123847325	37.9852169371178
55.97203275021937	61.757891729421225
38.2669805494245	50.63032291606911
38.631505245989665	43.99996838101986
36.2669383072744	63.730427580882505
40.51071186562945	53.558020637643246
54.610511323708	55.957508823490045
30.372330571050405	34.80598784075302
40.28457413968901	30.328864441114884
27.271108262715487	52.43261642898151
34.86689550187329	54.25392039313393
37.462917636114724	60.2557516757518
45.35260728495133	57.92563634885478
42.76592874215102	43.03042281458215
45.9126524173352	54.76421674119243
18.81703596997922	44.40310374313056
62.14475507199587	57.921534111952816
43.37859488472631	40.376085993170335
32.03507437308747	50.19756759272784
46.035697525415635	77.71224389981839
48.838036799111286	68.98601014017137
49.59705043356139	61.366002874825824
29.448929964498348	54.00487976526879
59.442860366582	62.74701663279001
41.781584326200786	52.24846416944487
37.85755667573893	66.30761973634515
33.47959919338727	36.38416638567792
32.639100926756	61.15988797340352
52.354923453561284	64.62351897907166
32.781353067632736	53.43482154433105
28.18034555030129	40.400800580764084
44.71808325085503	68.57045334391302
20.701935172840795	38.42057830081037
36.37138244591264	40.70887609960715
30.783812161353488	49.040745731063694
50.73174576861808	68.12263268259979
32.30936733257614	45.347847735819165
37.39595353259082	62.2975940521454
45.144500153757036	36.884572339306864
45.53730795013776	43.409341181869245
38.21965349265469	60.356965839421534
46.77334911560996	35.13968544359703
12.20296733584994	58.70154413643678
48.93191761330192	46.44849832226433
34.41510828390808	33.85077723320911
37.781311376438865	45.93032740305292
42.68298006189328	47.57432655692618
28.87541640802506	51.251900884536305
48.21496399393559	71.42366874618686
37.02342595921627	58.34368773123828
39.48578134803859	46.433751288810434
56.014232087771084	54.511538416714686
61.60977627194866	32.888889397659185
46.46470925991519	50.05407787744454
33.63788051788122	50.97082774349033
33.10236347250043	44.45138098601455
44.705829129855665	54.30651800583433
42.40327761957207	55.80313146663762
44.08909187192186	77.29286845396719
52.961541769036046	53.960708056755664
21.49978798523512	46.664942532557404
53.081209592995336	54.89184603420603
42.541199036489324	48.82296585603596
49.72193741131191	31.113846136759914
50.527549955360264	47.59097500483558
32.41848972013979	61.80979250392442
27.491448234153154	44.65136921774842
35.42568879547669	58.67078773782928
40.38523099550883	54.601747876842616
34.162650180365894	58.69195583049532
36.746062518592396	59.29350954493536
30.65788195482038	50.170338678311495
55.03335498746824	67.71434445263046
43.71911472673889	65.4787421716902
53.65440146027476	42.97544052815955
52.14446605247207	64.60863663378514
41.30856219534192	56.323969311046085
48.469226207145276	52.86139176785806
22.21619505264054	47.9159732080244
46.02828625035513	50.82379236321946
38.082467018903706	58.30818680426231
32.850440285455825	38.52823948784671
50.44838375013704	71.64866516387065
26.821936656651218	45.85441081159294
47.39586624440132	51.763593407066026
44.217950332602754	50.92477403798748
65.33538045817387	52.173011790852385
30.847156883326903	45.595344306891505
39.14738452842836	46.863982308629055
48.280887569868064	58.92746863417388
25.712856849832875	53.97801482853107
43.91532398464919	66.33509404393136
40.993559566816145	51.11982017565281
46.65853469319414	46.264803961519135
22.70911969589396	75.40665531403121
38.95734352437307	57.418857017216865
37.347765904601154	42.19512495414432
43.5825418839436	60.00053630817717
35.694353025062625	42.76962328692386
37.316086061320924	44.231310641039094
54.67889210585679	67.98222683470735
20.39233850964483	48.70359975915632
42.29036026957879	42.48356659919342
54.65146126612186	74.20961159476742
45.50502862135693	45.314044595451726
44.294042596019125	46.57015616103997
46.22746567922373	38.500764010016056
40.269981962371325	30.07889801502874
40.26296129237689	49.6127851451854
35.820062232431596	38.579174775451335
39.905053500923636	53.191811750999285
43.15322802845305	41.66674040695963
55.753402737578924	64.47216685929914
43.858518574172166	42.928159344313826
47.63624697936004	63.081978688840486
48.92459909894695	61.23030496195442
40.50784685662679	52.10694898035778
38.09027116579424	50.21050723503194
37.049832223210764	42.763484670479514
52.165058066026745	45.68220494143081
30.751935093257153	63.076450717901636
17.075075608924696	56.225707299260996
45.15555908180748	55.88995713773474
41.86873616069617	49.48808086581282
54.257157163594805	53.46944400740904
42.78465601819462	52.300356667918656
67.61572622138328	48.92942200499144
36.9029813528882	44.02180913710235
50.873226932816394	57.71132674381685
35.21076189314382	56.27858722220311
52.26645937385161	58.5669567030412
50.34644882611124	37.8857847315431
44.88239759247712	61.79644047551481
40.77213243102155	34.07310237765519
47.3829486939743	45.904161564918844
47.000258564593274	43.03525138598063
59.02142701886591	45.29946844758016
42.94024243038769	56.32526250413216
44.28938183992294	64.02685882527376
47.795881103294064	53.79046637048237
33.15073020180258	62.36583678863017
39.63029158116333	46.853834032811974
43.620881893194316	55.56519132657483
52.41772669920988	47.175190192335535
51.84371007527485	54.672005603850025
35.692053393854806	62.82390900940014
30.68891169883834	49.41073332603769
43.45980166766454	62.50224726182914
53.81123641008805	38.379193293964185
25.029359487006882	42.60793191898163
29.37295957500431	52.60034666129414
33.77267572026691	53.40827741999508
55.001852349507956	39.144828566887966
32.810617209632895	60.013315857486155
38.16275409454567	57.534100272250406
42.71867080734932	49.02847862406
48.55280792546809	50.757679536856116
19.05072236637883	52.454997655633434
47.01471371386583	46.32025502971275
56.66375266942635	55.83396530533933
40.18263834842638	62.04437304248496
52.00587421933193	59.06696335277335
25.500085660385142	58.10516932510681
59.28232629149298	58.85168106535119
48.857058220287236	49.95524258005481
50.9616977261841	62.52612716935321
42.97998933956197	48.630699979495006
27.520938523175772	46.71020628077545
38.22468609368133	52.87751542331426
40.43306608697851	56.32070650815812
57.856711536681715	54.32798775987993
53.98701644119632	61.33950827090244
45.012208985007256	57.0224783491793
55.79071492002565	30.516565719502637
37.94190441044806	43.293203620600394
33.69369455706898	36.371213764185185
25.74282387927279	62.08961126291055
53.05121593170362	44.286988649286556
51.26030656493784	50.6009223483845
59.25404117795976	50.60743396438234
38.72578400262555	66.44593835263002
47.44313119108172	44.313093763054276
46.50863734400666	46.58320493580139
47.32399663992366	38.09534536499781
36.192250294061296	61.342289406788495
37.06172042011934	46.881002796719926
37.81413245897305	35.699310537650256
48.77029448152498	63.98676217363819
33.51400591282753	51.144764157784735
43.240022353122775	49.881665310835345
55.27107516114156	58.847612238516305
40.80462513133152	50.7842281416847
64.33372044720338	52.80034943829058
39.13577008042437	49.15712949204291
39.81777629776344	54.01746369053287
37.80458968063126	63.441364993487916
52.05697723002711	49.98928834881021