62.0957216084775	6.511741450389546
61.949147106529026	6.244225764050136
55.40357814190969	5.84248952874196
57.17357899894057	-4.7156082486444655
60.761783077559805	-19.74072947354499
62.801073145743054	7.583305637278078
61.16425405060486	17.705980376523016
55.73907597609988	2.3324263734674218
52.91182701753867	12.794111300242093
52.04110440263429	4.522661460759776
58.22334720219543	12.377974430786121
71.2255898654502	6.759966048176515
72.25921176501267	11.371114891563884
71.72393487838838	-3.2343196625825374
56.93719445167167	5.9431461608324945
56.82885267399664	2.5113574840510484
65.25866225613984	-20.666624389829956
65.53290548550355	5.198916811394229
71.0730809304944	-9.781017954312272
63.997213601424995	0.8045001029572332
64.91810169080925	-1.5218064207942383
70.31917544683446	13.718810642329643
56.09968424140393	1.6756953237754737
35.4575250060454	-6.575042485172527
76.02241947548328	-1.002118544775719
78.14021928060444	9.883795716780208
74.39680714748403	-11.787530567432366
69.4115475450545	4.583052745122217
65.96838443199493	-5.658660430963509
78.93903464116947	-12.825882436894247
73.60956241738214	-1.9574737757005778
67.49003271952787	-9.595815901649342
64.50367842724128	-1.837493079830467
69.67048167203815	6.778052362495621
45.58163190774615	1.1802760992619157
72.51696513896783	10.373101621578696
82.01230506696339	-7.9296471433602695
59.71676306690842	2.2897087583892337
46.684906405827874	-0.5914691681795401
64.13992292252847	13.152732086231183
65.37473022479944	-33.61103377298146
73.36823410396309	14.582774171190728
62.391543304236386	24.886514212048727
67.00978783227251	12.267401180007184
54.66117136641931	-9.324406670799767
66.03481938374422	5.259718942476404
65.77588945699995	2.4167455389402073
39.69089104251712	-1.917229954792874
55.095732520765246	-4.908505829340765
59.47728263197124	6.477886964965254
61.92066066580002	5.89364948061234
51.932427540252384	8.58253553005079
62.036169574911405	-3.8238457079550194
81.67139712222337	-0.8671021455373462
53.49835907669731	0.8966214670701564
76.14817290175316	10.358296403927
53.361403312218414	-11.35891095776407
67.98984786652483	-3.2837429568743914
47.452362136564524	-18.191867206952246
62.19079988641017	-8.574285286515028
61.37499490623705	-8.703223858913649
59.88181369245903	13.38261652314915
62.85856598067355	-3.619360907998291
68.85744482586419	12.022357743102596
75.44553345919095	1.1053308243231872
52.98872783836545	4.14090968434616
64.99880116540626	17.676267028465684
67.11997776980019	-1.455599599159914
64.25514134373698	6.992840673406127
48.35113756089222	4.752256565363458
68.11508887494197	2.23095162667301
74.7920799161623	5.618018752585259
67.25947754471743	2.7301729649636424
52.29119951295765	2.971244841643102
82.51710830621667	6.331790851531375
66.05657386745641	2.909613048555594
63.52538133819406	1.2387292378601804
64.1801362803753	3.1413564234629976
52.39132034667328	-8.30272027374205
55.22857807139497	9.375013155130716
60.809936964593724	10.628084889692296
37.32507835383424	-13.754372729415262
55.742324718534654	-11.76297009533025
88.592730729173	-2.398777048764366
53.041566841282155	-16.901484636218154
75.43801609632077	-4.840510109940916
61.354676128432764	9.162887732945718
67.40424007300744	16.938440579408862
34.459572770502646	-4.904274144056454
47.13151115679701	7.846360237413696
55.479065406974186	2.195071764049829
85.26754775670247	-2.4122026184515786
59.298737122822956	4.912922568993899
55.8489654378047	1.2118585501974226
53.027070715832714	11.84764807904535
58.27218065865742	-2.048393011487656
71.43603552238663	-18.25036631784815
83.60077477892429	-4.759393845303622
63.4524593365371	0.11747110528026461
54.09372761969822	-8.574640475556997
72.88076732725752	5.65931284548487
46.72880627068453	-13.647221623488996
60.863330657843754	-3.285572792475927
66.53940114499116	12.042120490860885
49.19418245504548	23.585039050766866
69.16381121623473	-5.00445001279234
52.818680355061474	7.837398281304065
69.21259580308491	17.021341679300207
67.24704390762328	-12.784965585495286
58.16175220418662	-4.231518824436045
65.07675533313737	26.672229970498222
78.49744482854766	-2.207932159996206
65.45831059858567	0.9928407796607099
57.36986311099787	-0.4029166680249121
63.157197894894026	-10.66967925504839
48.512866001896406	-1.8952759264922063
60.35057015875424	-15.425967241489847
58.22302890458349	2.2042084515636446
59.819097189782696	-9.2498537852283
61.653974446278234	3.3753254368386987
45.62371653827054	13.53740788378525
54.84319308190837	24.43126316670677
58.78473530077356	13.292493255806185
75.38408885862033	-20.532102281850413
54.046440884129126	10.510541864328424
86.87639777754447	5.102515771208514
52.92800346186225	6.4178989643324496
76.6027666084056	7.805148518131572
57.67950238869941	15.396871971985654
84.59525363664123	9.050663886267948
62.23070788067776	0.3685181408075202
53.52405359993116	1.9601734948774525
74.76844850223006	2.9175803493803354
74.9995345814007	-6.029065900854433
53.43364789892921	12.358850547757346
66.78925528405757	1.4310377539402541
59.46580090548327	-15.824367401343093
46.702593826882854	-3.7988169042641555
51.00602244719194	-12.084407259432531
66.42719909290007	-3.7127350382404325
67.51637257512775	-1.076090118190736
65.30501678654296	8.20489175003728
37.944032191048706	-11.942704665561568
50.005455630742624	6.614874716917236
75.85359742489737	7.613450983301502
72.17588403383628	-6.585296826604334
76.10384326676886	6.261868554314773
58.07453794424047	5.672540365185323
69.58783155359194	-12.437971771290865
60.50033133407149	-5.415652996701556
58.65596849955855	3.3179624530324485
64.61240826943106	0.668737182409916
67.19068263203623	-2.7439755488677626
60.98308453933664	8.047216868712647
59.60573504909541	-12.727794277777956
54.24192518181068	-1.0419963141539133
59.32336365972111	-2.8150980240149615
51.87975248758616	-0.18619627245530923
61.94094359138883	8.642263065127967
72.75751208718647	-16.895201663097996
59.79595615913419	-5.455944699193774
60.17739694789904	-0.8380981829070797
49.57604459904887	-12.173288069251196
42.812081686882934	17.856086347037696
46.846012383361995	-3.4273705784942186
71.44851810003891	-12.856941072098884
73.5150163085523	-14.81746444497178
63.52795200508741	4.844480854422766
53.23204888622124	28.268022453496883
65.03604881609587	10.245846359821545
55.560902031743076	0.2971312336323586
73.52840464148368	4.207782272273504
75.44408347791483	1.054310839456374
55.07749261934251	9.248575446808328
48.40406409715858	10.720237115720654
73.581241793305	8.948156157433768
62.785504988262105	18.407954098015416
76.19614577861506	-2.9268711467264215
44.13580898472533	-3.914497523775265
69.26311683763477	22.103596411971214
73.81632684452964	7.421663031564776
46.54634466393553	5.34184216569722
65.22271060062431	12.601626818635545
43.096019998114926	-4.593504803827687
42.19575692824847	6.832422777906836
54.451820510591766	-5.564974055486947
66.34011877686525	15.301970679183878
76.56960395883087	-10.646891160785177
66.30489634876697	8.011107878199688
53.248260994040066	-12.526390368827741
76.12046033911327	-2.5660542237497586
59.16669402021769	8.609217470350242
78.02917286482176	20.353100333995172
75.65898052855121	-8.979305124728516
74.74401243635322	-12.32661479280516
56.97832457644325	-5.34069106323539
63.82702114734927	9.455368561467122
62.44545582841397	-10.248197005079351
57.770053298224816	9.950159428230618
65.65248879232661	-3.857154140291402
63.08743660007472	-6.811651000291664
63.265662939252884	17.259709045747037
64.53723699741587	-11.152272166795527
52.70847599541375	-11.11508624147286
64.17897781758674	-0.9954600507231373
66.43000077794963	-2.8926434342722027
31.54387268671352	5.9279458223975805
65.27052118979606	5.782807605877317
60.76626358434835	0.1229868243834007
65.73303355572584	0.8527771470843184
80.88284741874628	-20.093434852420145
67.29787737262767	21.858246113659415
69.25337357326777	8.752014689419461
46.431163892766634	-7.275330411838319
79.93938777453538	-7.9972809717953135
50.75050825629131	-4.985954044496965
60.189882602142994	-13.548416284345855
59.11697151413502	-0.639476521652127
59.12444011271551	-17.575037064635016
55.72895882044535	4.29430993335291
58.68153800716281	13.62799049775435
61.0354761816444	-7.848457697624231
84.69721837955157	-7.506003150027415
66.28789231925782	11.616571375454416
51.36558322988443	5.566820457053359
73.82469833455635	2.040410069900949
61.30065749982097	1.9026551770962161
56.6265766756777	9.023774923233406
47.833076577515726	-12.849439223232743
45.232784040007445	3.1417939681844116
54.39433851778791	-7.920143166277554
33.29868702160677	-20.32077672045513
58.09500231131147	5.750287662685369
62.32451461032417	14.456382735351422
54.539904542949536	1.7826780623968355
65.31814646193531	-8.397320359549855
60.73446997572118	2.0294316117255145
63.0784082452996	-16.74127941825957
51.82953046523866	18.36468364148
57.94341286808418	11.169342960585297
54.75591142665432	-0.8762293774477397
59.65935682679178	-17.537470793094908
72.65664409197062	6.840351035514499
49.52039196688153	12.977548096538872
74.9303183965294	1.5583233796722387
50.383820312869254	-10.1533060571563
33.04507836548145	13.788814658340169
64.55269522403397	9.599861592269532
61.784716025846876	10.041626432958456
69.08569422187163	-4.288923159561226
37.814974414119426	90.02572984543885
50.12947561860693	94.49684791830131
45.45974355196986	79.87323580758887
43.47230845243361	85.64309135043685
40.545977465747754	76.09144795041571
51.24757319142118	95.60765946583207
69.47415490761864	94.21417562162095
32.65583080150662	80.82913144647742
35.62879513935794	97.91185663250684
40.486737794625014	107.30106152390965
44.49503718882723	88.91496738461913
33.72436156560013	76.98420189292851
47.10199007356368	95.22497859345296
43.2734070042393	62.715072414338366
50.042252083444126	114.00243246261894
30.06982634151095	92.4251058005869
43.00634596578342	98.90910362208189
56.77682799023682	92.34907996085214
32.7386781655663	94.74778087556061
34.51638961491189	103.74918589635259
38.73141730476517	88.63599547065637
50.16938401838365	78.53597912980226
28.938180209432556	95.72564213006306
55.16098563027337	99.30179648009519
31.06862644578019	86.82998293384958
57.594193230698735	76.8420541023028
42.14827740272211	88.68069596427469
55.16722117269688	98.77421651013444
49.23894838140059	93.96798099782698
47.05839654873617	94.00406106227743
35.29274901096799	92.37419977953404
56.776413948263055	81.80342610874166
48.82829095838621	75.35425870901345
51.89413496227006	103.08427251153152
48.14664656811475	93.94574003774291
54.321525589126196	109.58987788850911
43.8279474803359	103.34132125633059
52.998807522101146	99.14668227276334
32.725940758070045	83.74191073303426
47.80045578872167	80.66677215467692
64.07880098673249	87.75209061498299
46.1461609106535	88.24417238233768
54.950618189895444	92.69110991746346
50.368228225316976	73.69211086279785
35.08730133495199	87.30369112068438
53.054534038469754	94.46384571139704
56.938910692335156	88.8596001864806
24.354278284067295	91.48380768732147
39.87930317963803	87.74183411992809
51.28008267747562	107.36401312575715
38.73935465555648	101.4152261353349
41.72165627239096	100.04703934555265
59.24041394212325	81.03249062113373
52.87241268750634	89.57886975373529
43.54413224991155	72.93486072863968
54.47237271323152	99.37412567256206
48.752466273277676	85.97867213480608
68.32206072028082	96.83614144696827
51.460377893867495	78.36151676112159
50.54431254926889	101.56454949218744
52.990640123674915	87.2427521677939
60.44115287503417	107.23702299044
34.906953240989836	93.0743942671077
41.01606174493729	93.25913116769026
39.52136795425635	90.43150502302356
66.45136046170133	95.36396922153172
59.874858891685015	85.0530740811037
32.76841770632911	84.01178393994522
23.30442812828734	87.05679349303206
44.465278285364455	85.41587402439733
50.8804517186105	84.67964359215675
49.82292260900642	82.36635231219898
59.964183129477014	94.48244299926127
63.34628416225491	80.51169963125095
30.78189510852514	90.89092629491985
71.63692747906259	88.08125789848066
58.784410357334245	72.94373033474194
51.78264045400563	91.45196024474075
32.91182625360022	94.81518917695067
44.32335588215905	105.96279406810892
42.42645940601845	114.87575349917286
51.19816640451928	99.89246309350062
49.09357491522315	87.57455066788395
41.675822831893434	95.96564859413657
47.79853161588387	79.85098880733175
56.50771820506317	87.18653021550219
60.31950248933447	92.25622210396189
38.329706579526395	95.85018894546386
42.81653841425603	83.38377773012465
66.84318851498035	80.87901515076916
36.234113752070186	95.29758447254028
47.05137941441617	102.88216967332173
56.9797219770519	79.68851886346275
55.81755664590793	78.8995315341727
39.997488702065446	110.09008743957918
43.09195490918938	89.08624632969821
47.650779286266896	88.51522903875427
44.62466135677207	86.28669250909039
33.68963127857867	81.75329864190017
53.656818269902544	85.3267403961841
35.874155031288005	86.72813275022268
34.71132914076672	86.99093033537716
39.33677497143573	96.2630463839551
48.74313309793461	87.22073394419986
39.87292616678699	75.68730701460446
57.8541078120851	96.93907459108776
54.88847558251546	96.55097816781016
67.31183333140405	107.31518336598727
54.52216398602963	76.9947866544569
42.450116732061474	86.71506138537225
72.13244506197265	67.52669175010266
52.767467966749585	90.16199134165701
55.31815432964684	92.61894964934018
54.77187074354894	90.43153794792077
42.04473045677901	117.94907483810422
42.04110821339607	74.80758862421844
50.75500425354453	105.1783410791221
33.36672521960392	107.73556018031776
58.13374840171822	99.83487311837567
46.637600425320855	95.1860616059624
59.45378703134408	81.24950953680502
47.43152532405716	97.22209667774196
47.23173705312675	96.32780571776755
56.674106958855155	80.91751311303813
45.2952382901056	91.57741519635351
56.84254657898417	87.20555564737984
45.445137713639554	71.05569571809009
46.90395870158239	86.84251626177368
51.48394738554525	91.72796193744574
58.05202257829875	125.7228961781412
37.562062014373474	99.54190731657593
39.93106253144918	106.67308968056403
21.664610137647447	93.26963694950814
51.54278588441749	98.44148431030995
59.07404614809219	84.4170539918798
48.76936169468531	74.64017467589076
33.921426243567346	90.14521422528658
37.035011535077416	89.878139380145
51.06532347154407	91.28313053421846
60.050253821348505	79.38018316142877
51.31710153306248	81.34761924766113
57.14768082837825	109.64825748619565
44.02708663655042	81.86584079917387
61.67927448416188	117.7926998659137
47.634367813628316	97.82529149411259
40.40781788631428	108.54587205093947
55.51962937505769	92.82553458482914
51.66681722318079	91.59414198740002
32.52163867490375	83.43454918087059
38.19299158172418	88.31880883579669
49.32292200270321	83.80226994605833
56.8937722343794	98.21637206205527
38.42039900385479	83.96054197492079
56.309939186178326	107.98781946039476
49.8302139643727	100.8071870851152
43.27168509142783	94.84281461044264
51.707848157589495	79.83845113588136
57.85593239700031	98.60296026768614
52.250479901326344	84.72310678306043
56.09944530680667	106.60384362761751
54.48167123204179	77.70134241249664
63.95210786305746	98.68812878424757
41.193935115459325	85.73242216753114
40.43530603443164	88.56740839451153
45.89599962004469	91.84072090372776
46.1825902584308	83.53700062841514
58.17843180067403	77.03164450598665
43.84090583346078	99.88611092631061
50.12634024381466	76.39059168013682
61.375672687320645	76.99058666873208
39.58656873913159	106.82224875009864
43.48993077891911	102.13992788757594
47.46171187160294	93.280038924968
53.88405837020499	94.29089211008929
42.652003875465184	84.49742816367441
60.39560964433191	88.76933023136134
50.602619730146934	93.65808344176281
42.337678094933494	89.38108788675284
47.23149182348154	81.21749318147803
41.10796629599168	93.42871006116911
57.66245246231971	103.23389856881258
49.82616880643782	86.0826320720808
47.706669061083176	88.01800770159643
58.68289995564959	102.02089894423145
43.96278003906196	81.63272638820462
48.0743915880709	89.44123664280146
45.609534110045615	88.96567082434468
44.40804876558508	111.12698436390723
49.97115265023819	88.55029325960462
40.690305217805694	91.87434807045175
44.043904203214055	100.8753412901064
40.79217557157801	97.94933452473384
24.212756138126988	88.47469959493198
46.487135882356654	86.50554536909323
51.558021530512605	100.19693033158212
45.616305586839744	96.39321444278967
48.37790810528206	77.36438820344304
34.50025329249171	107.51973646563316
51.022356881778926	82.9873245089888
62.07116196029284	94.81201820986794
42.41141356357389	90.45831236097968
29.540566986869553	82.20272081307463
46.27411144379676	85.1573973336156
51.29390388907555	87.21589768467126
43.12792612272412	99.05910636745013
46.865857370656904	82.53840574533098
51.25698769051736	77.45473861505924
48.32891472873315	84.81273745023636
45.35569636984566	99.52661525383903
51.58302629507053	98.42205678083961
73.99396004725226	101.10690258060482
43.72711937141179	86.65567147726847
58.560528867750435	103.32714680382487
41.56115607495322	102.13129642917603
67.56335364467662	67.04843689692666
23.66015504417679	92.15200256792043
57.62831651117221	82.9688749296724
57.162314026025435	91.31822623599938
47.228861319197144	103.22339843025078
64.43114770729478	86.87452467317775
52.442360388485326	88.57049008597569
44.0109155080956	82.42454436963091
59.21369105743949	95.89948347021145
46.85907158710369	100.25536361314943
36.352994658771934	86.92477330074509
35.551565736298734	81.41386766736946
54.52519768707876	80.76257467472165
59.41659171488513	85.16093957632614
30.732833593059347	90.20348711674767
54.433154726285025	78.43406208908104
63.912252087002784	102.79693548546149
44.6426221373745	90.19965445532554
48.19172066957926	106.60571403562062
59.516712962801535	83.49719402401324
53.80737942099038	74.6018331184451
39.022483645940326	90.05270470599565
47.13442572939965	80.59138285536072
50.074583839040216	94.07969470739468
59.87759520841065	90.0676591018023
48.774562889595096	100.5247215125842
50.50664251780801	81.50029366940822
52.44087743362959	89.93208745502967
40.06256550586773	97.95102675498917
46.18634954950743	94.32589286195083
38.78997561591855	92.71637838718804
33.75505481183892	86.41983000904547
55.98674882321126	112.41241117117166
40.480805910520324	91.03086689895491
52.78145140737178	91.00401218285394
62.81374141634676	91.53127321768528
66.79945531748128	73.13906260238893
73.00455596899229	90.7257184529384
86.74793833302893	76.98643942206769
71.43424628799876	60.873739266021914
75.37277479673946	79.58027529772791
61.87412648912185	55.31724709647493
79.88395688854133	77.23435062502546
97.65098726637812	76.85235773417801
78.43475911341902	64.86303818233785
97.33610190452018	79.74442422557635
69.57491994613906	62.725581088128436
66.68375712481526	65.61848863727363
70.88601779308539	52.01733126354386
74.59726334128997	75.35739266010505
64.33511150306829	61.75567401179746
78.33348725031054	67.44073972196608
75.86611177844357	60.3984436021279
89.3237782808799	55.54937062175684
78.99972390331429	63.465227333916324
87.72175305204745	64.2774106532284
78.35048764134136	72.62814077214296
73.58901359569363	63.54014968610239
70.72082032039194	77.64122892841684
66.06581737829603	83.9909588649237
80.75256098419236	71.52097804038164
85.51894162080329	62.67908796078714
78.84744947465369	61.02156213619075
72.82557232580459	73.76659271283528
84.72763761565892	86.0875171298039
96.4498260620783	62.84527571959679
77.59729973615137	58.16590388867745
80.84527617769331	72.66206655205133
77.49990778086777	75.07124803650662
78.52698662345179	64.70419755837426
76.93436062486715	53.430932943232676
58.946777479597614	62.384766704806374
57.80663007328475	79.71322220061543
74.0554103324817	52.82648230373641
65.86286328712038	70.83594894072928
96.24155013700562	86.75746562609041
72.26290379941624	59.843911032560136
82.75162503590124	68.24513166908707
75.44668402751167	86.0921323867586
65.07612978898368	76.18905238883438
71.60594055087095	82.58251202878893
62.64869112022461	64.02925926707543
73.69033724102059	67.77399118080723
72.35088814543103	77.98998906464907
85.44256790557375	84.57552527666365
72.83557248119644	80.18128825435792
98.09539022605631	83.38117529959582
82.00351198270963	57.142587065983165
91.68451142731703	67.08376118372038
77.32140818320056	61.6776430840176
65.94759269487216	58.94689820750944
85.94647445172482	60.18404103679849
65.11646991371028	81.0955247421409
90.28512388336169	77.57732334148699
85.04245469879416	75.85933387936939
88.19592999243147	65.61199948167754
72.82006586598021	93.00165110597979
79.85084895360465	71.0891158861072
83.66952734491375	68.76735054677452
66.43280328557212	77.19952918785114
90.94064781844057	61.43651694265833
100.512277959475	61.21767070193049
68.33592583281431	64.75098694080992
67.58852558857069	76.00917069277676
71.94505457289807	68.68034807666571
74.64675146042937	71.22728597078587
62.42673810571559	58.15701307200992
83.26632978025758	76.29961590353882
85.90051684141298	84.8277707044917
84.1489704755362	69.11804694933049
80.49054578839001	60.6741090917842
76.64291286437827	88.67945107927457
76.92924063408567	75.98567493490003
80.38051985111396	66.27369967550223
70.19990221678017	64.10290707486126
74.47382981098394	64.28690657243911
74.64116168043105	72.09598430600732
91.30821509512064	58.083670262780586
76.23144679258951	75.03700277207983
86.37123576879833	58.9869267238262
58.70753004390099	78.49171802931497
56.550540414754295	54.939429008504554
69.51394829008228	65.40104681931746
72.75989451678512	48.038134456893694
85.01664296309218	67.65205752325018
80.52184358899089	82.46485164344519
72.14212170139834	63.561170884412014
72.64507762709702	72.01107379593982
83.15136443538432	64.88428969234657
68.01738507267832	67.49044226833078
81.44958455652383	65.10126422923469
78.68766675461374	69.9879460559198
69.47419231340719	51.27614668681724
78.05427890009389	65.26104425277798
67.65576890796329	73.88203931159501
70.5907208753163	71.19401882808651
77.69406785588063	71.95226927614726
83.4877623406944	58.240594215375836
82.73036809253576	58.63314410519249
75.31196192660958	54.230665570282085
58.36074483887526	66.77378578685212
90.78578091894666	78.97687248416908
68.68050159635956	63.50893836675346
87.00430158685356	70.7153339065176
80.47397867845928	78.97935518111304
74.64852255698574	67.92148346887032
85.97431768642375	55.29857155732134
69.72876730321865	56.17675020887528
88.33096548342945	75.27605211210903
86.08063477846378	57.06220335639869
88.88298147050008	70.84796502640852
78.16688307703156	66.17239163448713
73.19413320862728	70.49437482588685
61.70924265442346	82.69962669059306
88.24167552458724	70.93132209582981
86.15215077650893	66.0313729674742
69.44462232351988	75.75723395103107
75.53840050384589	69.87191820789397
73.55032504803289	85.52619011221573
78.44998278066008	70.31778944946949
88.11173965119275	84.24536872246134
94.62841910844577	72.44888957872095
69.17254847181412	98.73674572950853
71.94576209540173	78.56069404975814
84.79169098872025	74.66848425114354
71.42975778569419	59.84292436150557
76.61921164034719	66.70591740427402
67.00485014652142	83.56362743362678
80.86538885520706	79.84801867033693
71.81405928067642	57.39551974536111
67.2279199104175	76.15142820350687
72.15727031646591	60.39350323828125
64.77256427054283	69.96503968374613
67.1983775765946	75.97135934827072
97.93830733875885	67.55553684234117
80.52357003606419	72.54233515199275
66.74198445875626	87.36258130025884
83.23140295341861	80.70014240238052
81.71969282853254	71.33957274033841
82.34111071924694	83.85650799106493
83.85726767987452	47.7436388147974
69.88283542584449	87.15726160332345
79.53143805732022	72.30300827069102
70.51428935207464	79.59767054351268
76.45685560595007	61.74427178596809
76.66370107330515	70.05313685910055
80.12132104675577	81.56364487995491
84.17099139491218	63.68242137443881
73.96831415433778	67.41117969575915
79.72170418138091	82.39651861928392
81.92490212032091	85.27476069553943
53.59733235440489	66.86556349519476
87.9727410106588	77.80014925145032
66.73911045763701	64.951801437797
73.66718727575281	74.55726639039752
61.22099189544479	68.88315196590382
75.59298988664192	90.86640498438872
83.42543474158701	90.13236472714114
84.16766920187828	87.00713464008075
71.73433309402091	87.6266096742218
77.8285978766729	72.10113708445293
89.6713396308362	67.88000249228905
81.63955891333718	70.15883718989616
82.01787319984082	60.2623321280335
67.31756649777809	67.83150609949591
68.06746969407962	73.43558246836794
78.22297947800125	65.16423949534737
73.48482039773478	81.33084901222543
89.11937924740215	57.60162933844184
93.2896539157603	61.02454468940577
78.79745887237	75.6798045099446
58.51986155014955	86.8872735521641
78.53688753333446	69.26754012650116
82.65507493792204	82.08344801310558
73.97626197722292	68.38573563379668
78.78110490294294	79.0777078280718
74.29995643214338	79.93348837909824
71.2975327241965	65.9244203373605
82.35493002639393	75.53481415696946
97.18054783700637	72.73768555984607
65.72165623111084	68.68112461101973
86.6030732855297	69.5696834915052
74.63044471866603	72.13338092144754
67.90370019738064	62.151549933185066
79.93733371655513	72.59093590356349
70.56121721426818	64.13779698518685
65.10230820771902	70.06285608088933
85.07407425264762	81.56989486280514
66.17175332353614	61.153204202701914
82.64944293055694	85.92295756069184
91.98544581957643	58.85059288129804
65.44337923818716	63.673290369849454
76.31933360913803	79.33532150579519
97.40009902835068	80.69934909691682
65.68677224010878	70.76259390465158
71.22151581153288	63.53866647753018
75.79430174157059	75.78285000821027
80.13312586571664	82.49966899179606
70.98561689100045	80.20321815985024
78.03992004657506	57.23374353358269
99.1685576524599	67.69096961230777
76.10973389391623	67.32090491949579
90.36136713447027	79.63338946940257
60.83689870694744	71.93798343595228
80.19666883022317	66.91410839893919
72.76141432323092	70.86197844275162
82.42244032668887	72.66258806776806
93.9772274692379	88.94982276730828
84.43476630782718	60.076843902688545
79.13197702127358	70.56235703649753
82.59875178033643	61.08210219996491
79.05988356480344	54.00082103420877
81.21978247054619	64.54705612787492
62.79808983449398	75.4100794747603
74.73686977464816	44.81159988527985
69.46379278661658	78.30326334053629
83.76795569819375	64.65036967428956
85.80512145037494	64.65336636184053
79.30019651683526	79.22048818466804
84.08738019936867	71.63879693007586
72.34633614770122	63.45218113114852
77.54532753690911	52.631572722669596
64.313101703357	60.98073657239457
81.88167026683212	74.59286133156775
85.19613969901083	67.9729641901607
87.33727227708162	76.39998375973795
100.26332636850343	68.10075320260755
64.43730141880002	55.697599333459664
79.52539525334579	77.35527963122048
84.27346080216704	56.00523256842975
81.2174203838616	64.92576867038379
78.67152117520598	69.82686626072713
80.32516115195806	74.75979587211269
79.70062494718937	82.35885867970588
73.03516376134941	68.07643551820387
70.07175065667988	63.722729206625544
72.34121277112443	66.51402459551912
62.79898852279544	70.53605797822155
64.12396182410313	68.66667610098087
76.66417384814058	76.58588560394132
82.57644300432138	70.7761420555046
75.31696084280176	100.62371795046445
71.28830513891835	84.65119250496524
92.65158784831404	71.65818118430448
83.25169286796077	76.01775543311192
92.44015893445687	77.31980543931694
34.77259949471327	-18.17597323948774
47.67578795469056	7.277562618133926
44.804373459656084	1.1693302911664234
26.214418054515903	-6.157606308161801
51.69638215250915	-0.8679524619789213
41.7353117543007	5.4577886084176415
39.666541874101206	14.584968390445768
57.54263348446483	12.267912532673678
31.956777250261908	-6.320672064512279
14.921240585793036	-0.4563093207483604
41.50022166314633	-13.210088535394918
45.37662569323482	5.035262296763411
49.075169907178	5.414637529161946
53.031481038181425	-16.47814357251391
45.592453411882296	7.643782287660665
48.59453499064354	-6.790151478127948
52.15594676752021	12.740998385232992
36.738217597329125	2.5685189391988614
47.14051866762397	5.9080871802749755
60.66812477275319	-8.323342732057661
34.01173114532286	11.834776342954552
29.154907021163396	-7.3193121540625645
46.44614795315081	3.104346293468304
27.269579319970454	6.282429355113325
46.084280302768235	-12.378243607046763
53.19828360183651	2.1447229406613784
28.59988445923274	-6.7894519894441245
53.39613010576039	-24.5364659270673
28.313546772061283	6.660432581105039
59.91931849780323	15.345085326327617
51.365756103658924	6.040698748875893
44.5423634665006	10.175921343459192
38.13131011642569	2.889114064148584
48.76692041972535	-0.2704590121278172
39.908209652734264	-7.2487659241563565
44.16248347673215	9.635898896752904
55.36195858537622	-9.637999936823434
38.48621122545153	5.458868611414861
51.28723966523714	10.593115348700607
39.41343615617365	-8.020246867365902
38.31166597060093	-13.247553506457232
30.42695902434892	9.314040780385339
56.89475028913903	5.971000800116098
38.04820327648982	7.848722460967718
47.229174203435036	16.70393589412431
40.7186783027396	-7.209099860764162
28.973311059231783	15.664610393821107
43.6760992295359	11.439166982764506
49.88065798458677	4.563871649279856
36.64511640086214	4.454066572712529
51.317656834222234	2.533798604552868
46.31230230663648	0.22096797040385735
41.44190111301928	11.278542206524607
21.97978065035085	-9.177885415513979
55.661064143503886	8.359366464488671
49.490167968059886	-1.2606176599739611
39.27433157668112	27.989839643237545
32.54398151166375	-10.906896108989413
45.991087787161646	-6.419163008046775
41.37391118914315	-2.3489007842625322
48.66089199606266	-4.7938140415274475
38.29614048112385	2.0344944889428924
37.59308412118545	-9.05052115658129
33.39570948170548	-12.876396133152745
31.11488997369882	6.547041206891162
28.991473985318013	16.04387700832094
24.24703208707451	22.373107290742862
53.50654586122741	8.090222419254308
24.424433149207495	-16.304711524015318
52.837681534732354	-6.572419475533277
37.57053784543123	0.8630208424808208
38.08464681936136	-0.004229964683990506
40.25919291779553	-7.453588580858868
29.3329849010169	3.9718940628632606
29.660406267664925	22.6204505612273
33.094524182104074	17.637609643408968
46.575439140537874	7.007169778761113
31.882709321767372	9.041619875927708
34.69357035961018	-0.2569449113432234
35.34579494300155	-15.26862072450664
32.047451342922365	-4.659032277411348
34.34397893030282	1.6236384105008308
38.32752102760469	-3.5275236037361846
42.87551249483377	-8.81699751368809
48.96249262213966	-0.9041986546770636
43.77381455095675	1.1025608865027428
46.07812625035546	-7.860722447250239
28.662522760558545	10.588052205399986
41.14116786215439	6.890041807036889
42.84218211899466	-13.862278892260594
32.91371259937422	9.50975744899713
64.32165973492758	-11.377573402753184
38.67277234152725	-2.1135676993785637
43.58268280774821	-7.616679635651134
28.969959696082253	-7.159933808552195
49.48151813172509	2.824133599712846
44.45774110795844	18.01447482103826
15.651021487116214	7.21405424825596
38.25240770175789	2.8522025637822064
40.674980038614294	1.8873994510636671
31.69305161011967	-7.0361919521775595
50.321811952288144	-9.219347516222108
38.630939029199716	15.113224569320181
47.33048634306634	-16.70526867728562
32.740372963836336	-0.8135818029941487
15.66734176025508	6.401163321920968
29.335921504214866	-6.156892823879025
41.35670615096068	-4.148472562351299
28.754170221755317	-13.127140344700585
50.40469600298155	-9.508009539427983
41.0768234211453	7.084584759304055
35.48114933525288	-22.429998759302958
43.134901893095346	0.38057891242055636
23.48323584654481	-16.456023106630983
43.35256798801373	-2.844449392774959
60.291983250662675	18.476339563289415
38.668706661195195	0.6565288244914302
27.59429013986673	-10.372150255660426
51.50952436915579	8.584765555383653
28.510771122358317	-29.02436388376971
50.79466041058408	10.00512722328258
38.976523893438475	-2.7837351125101413
42.929633145679105	15.444666385788068
32.928414333922596	0.37514692464876825
56.39430167717855	-8.581285090018639
41.03132623070603	0.13739245386753673
21.96378958639064	12.655895989264145
51.064733700715266	3.750525653814893
41.44784916037662	20.37199495871724
26.34378285410586	9.296194360301785
51.84688044034597	4.4246162373277285
36.18403032428849	-8.243023508117977
59.02421049302198	-7.167801335723782
27.249110143352592	18.535645542656432
53.86206688443491	-9.496118691837525
40.242141540726564	5.082585733405765
35.63231023940204	-19.55744746000196
44.464582038863746	-9.625201842404138
37.89561087021198	3.1398226837400895
25.091640282858965	20.394664888992732
46.39105071173592	3.0275285437056474
24.627201368765604	-13.60089943842801
36.48778566623845	-3.8827461152636378
29.374131456548966	7.235023023544718
49.376854193785064	-6.20422373328931
34.15307551484343	13.957989353512266
41.69013602453931	-12.12813757107827
30.554284730668982	-13.099346029654646
49.2100410105798	6.279358577612856
42.951762452982486	-2.4157948265987716
30.16078114714869	-9.583809729045868
32.50783268404396	-4.658065325764956
57.48158208794722	1.191286815884277
26.17734381052632	-8.904081683577447
43.97256310161336	-12.116630421948557
47.19780651642762	21.367556831934166
35.746658901744865	-5.850036944320694
31.86115324332701	24.51649641890543
42.609711388685014	-2.6556345643716237
39.63964363239223	-6.036907048861079
45.32500785900968	-12.521174993759727
36.057108364080435	-3.9128172375445853
42.50884122448528	15.44042847753592
29.084926553988353	12.092705361965317
38.40830902011017	10.84569897480148
21.758346209859596	11.890054965985255
32.99668326096262	-3.8882972970132927
36.98667270183768	0.05050157534637012
33.904136219199025	2.5506962811828675
55.99251817230828	0.5360230366110311
32.037518723557675	-5.835139156571713
41.12469317472996	13.634753631263024
49.60860584537676	-4.936487895137891
31.227474255816574	11.952573555999273
21.114315277353587	8.563092022822987
49.62209225021665	-14.404664330687586
49.765821930167476	-4.645443572372377
46.74319451301321	-16.767162923522665
34.56401603021137	12.385968144614658
57.56935479639976	33.095450505782665
32.20164057153681	-2.1452734524981194
48.59678799253512	7.678521953930912
36.75903753366937	1.930478194896064
41.85189715287446	3.528912486508401
20.113064365414015	-20.719678744023064
26.475363612545348	0.5476191813785847
42.03438659760092	0.4965198820006184
34.06331126949782	-21.57107250180735
34.745344278092084	6.421186869639688
33.05544729634145	2.049377161233617
47.67966026786443	6.069578622133256
50.99630084730529	-1.3686678488700181
27.6087286526815	-14.598465368678617
30.14080250801777	6.110225874811898
35.49938975987528	15.422908956900754
38.503903570273835	0.585006905290034
51.881526980447575	-2.3756780472278636
29.64194416118304	9.093604937787443
38.520572169335374	-3.1735779780964495
54.029172316893394	1.7053016199799313
46.204058898608174	-4.704095393593607
40.85742937407647	-23.61088680828473
44.25456303721944	4.7243147158041525
32.27424658799127	-16.49054431247991
34.26851137114615	1.7475882137189194
39.135717155551966	8.901411048335607
54.31751991378943	1.675759719226133
41.05524568329029	-7.339903115590093
47.64496009911794	10.936697980893861
58.476305398179235	-3.1866660026237272
26.901065506537705	-1.4615913736315789
9.000580633797036	-3.968324229759827
54.30645057090936	0.47299674080865844
63.65939547840277	-12.956808193361027
45.105204683096076	-4.482431010117289
33.05815286757411	-13.22252118649878
40.14335781868331	11.105639396690227
20.53856144964733	2.4618460898789403
43.11480792186116	4.611677609157421
56.24188383205184	24.74821002921338
34.365257840462355	21.289990652778595
38.090445771651915	2.9940645575775737
37.15563133601844	6.956186883408246
40.252532176907835	6.147577321809945
58.40252331305083	15.214437956270752
39.30707162780172	-2.359006927408322
49.79396572054628	17.7759901493766
44.885231962651126	4.340603922903704
37.13008557242251	-10.531365063985273
59.94231138779531	21.233648437485392
44.4150024415234	-4.870489413728505
40.86710625723602	9.059006497336394
28.26090851757722	-10.383597329704902
49.11811672681099	3.0025874272020903
26.635295823880885	20.167208015689887
26.160937511304468	-5.027672119736174
50.10339528370301	12.35820454874304
49.14061760609288	-11.005556400374848
41.71195060562582	7.075924192013608
46.633847794589656	-13.82042703811696
33.487688535743196	4.597737938958192
46.283839113086515	4.4106359614002
47.24515720681161	-5.751349313861754
59.06075915829368	2.160374978752465
30.75160812401341	-1.8791681153669142
44.3160611794606	3.248839381783505
32.502475105811186	1.0165356299999915
31.505032392212065	9.880728484943623
41.151082636537424	6.442505935563282
40.6498642249438	3.4415666142351116