92.24741508639875	46.42375188621812
93.86149208191314	60.57281766205713
93.86149208191314	60.57281766205713
79.18439178174258	82.3598947850427
79.18439178174258	82.3598947850427
71.7259384148878	41.456784777603794
71.7259384148878	41.456784777603794
73.83665380507665	6.651720123394715
73.83665380507665	6.651720123394715
73.83665380507665	6.651720123394715
68.92347700537704	98.48367838502473
13.21087895753744	44.41005301233962
17.66289321957072	33.39264738618417
17.66289321957072	33.39264738618417
10.133491089129611	27.768698868752136
10.133491089129611	27.768698868752136
12.31515524290479	56.68447124932123
12.31515524290479	56.68447124932123
7.047234625273503	27.912238436200543
7.047234625273503	27.912238436200543
7.047234625273503	27.912238436200543
33.10304265908462	15.890048461831405
35.21375804927347	80.08498528283728
35.21375804927347	80.08498528283728
30.016784720013554	16.033589504494785
30.016784720013554	16.033589504494785
23.09044560484136	57.03676684678939
23.09044560484136	57.03676684678939
24.633575311984373	7.464995587850225
24.633575311984373	7.464995587850225
24.633575311984373	7.464995587850225
19.720397037069805	0.2969538494802445
19.720397037069805	0.2969538494802445
21.831112427258656	64.49188919527116
21.831112427258656	64.49188919527116
4.387023624155537	76.16627623024432
4.387023624155537	76.16627623024432
98.68669016478502	62.16075002185373
98.68669016478502	62.16075002185373
98.68669016478502	62.16075002185373
1.30963575574772	59.524923561871795
97.22338076710656	59.66846312932021
90.25269719947795	85.59611492765416
90.25269719947795	85.59611492765416
92.15056777412273	57.628534743465686
92.15056777412273	57.628534743465686
24.20823708690143	82.92543464495793
24.20823708690143	82.92543464495793
17.308503758074114	73.57392642849997
17.308503758074114	73.57392642849997
17.308503758074114	73.57392642849997
21.12198062304531	83.0689756876213
21.12198062304531	83.0689756876213
14.195641507873118	25.07215155470096
14.195641507873118	25.07215155470096
15.809718503387522	39.22121880575493
15.809718503387522	39.22121880575493
11.109386519231967	25.215692597364338
11.109386519231967	25.215692597364338
11.109386519231967	25.215692597364338
40.25144806646929	13.049961580331818
40.25144806646929	13.049961580331818
41.794576298397345	62.47819032139265
41.794576298397345	62.47819032139265
37.16519160261318	13.193501147780239
37.16519160261318	13.193501147780239
38.71718842998953	45.836837653020126
38.71718842998953	45.836837653020126
31.81745510116221	36.48532648613224
31.81745510116221	36.48532648613224
31.81745510116221	36.48532648613224
26.54953595874587	7.713093673011572
26.54953595874587	7.713093673011572
28.7311986373061	36.62886605358066
28.7311986373061	36.62886605358066
59.78886795008479	61.92576743028788
59.78886795008479	61.92576743028788
61.68673852472958	33.958187246099406
61.68673852472958	33.958187246099406
61.68673852472958	33.958187246099406
54.71605643231592	59.885839044433354
51.67414294570127	75.10490415584242
44.13587369502683	86.26585082466124
44.13587369502683	86.26585082466124
48.58788648184515	75.24844372329085
48.58788648184515	75.24844372329085
31.072850390370665	23.201993723485824
31.072850390370665	23.201993723485824
31.072850390370665	23.201993723485824
32.970719489800494	94.23441501451231
32.970719489800494	94.23441501451231
28.270387505644937	80.22888733090676
28.270387505644937	80.22888733090676
20.81193561400513	39.325777323467854
20.81193561400513	39.325777323467854
22.92265100419398	4.520712669258774
22.92265100419398	4.520712669258774
22.92265100419398	4.520712669258774
17.72567915014902	39.469318366131226
17.72567915014902	39.469318366131226
19.83639454033786	4.664252236707183
19.83639454033786	4.664252236707183
50.96501114148794	93.68199064819257
50.96501114148794	93.68199064819257
43.994330524289246	20.609643921741483
43.994330524289246	20.609643921741483
43.994330524289246	20.609643921741483
45.89219962371907	91.642063737553
45.89219962371907	91.642063737553
40.62428048130273	62.869830924432335
40.62428048130273	62.869830924432335
42.77933884873303	43.14029033896896
42.77933884873303	43.14029033896896
35.31201688642997	19.022074042565947
35.31201688642997	19.022074042565947
66.93727483268442	59.08567907357333
66.93727483268442	59.08567907357333
66.93727483268442	59.08567907357333
68.5513518281988	73.23474779984225
68.5513518281988	73.23474779984225
61.5806682605702	0.16239812296123635
61.5806682605702	0.16239812296123635
65.74888894347309	31.26163993204823
65.74888894347309	31.26163993204823
58.21061969279865	42.42258660086704
58.21061969279865	42.42258660086704
58.21061969279865	42.42258660086704
60.40115244202212	54.55346527040024
60.40115244202212	54.55346527040024
55.133231824390826	25.78123245727956
55.133231824390826	25.78123245727956
84.55908695075854	70.49885400500462
84.55908695075854	70.49885400500462
88.3725652909447	79.9939047393409
88.3725652909447	79.9939047393409
81.47283196211738	70.64239504766797
81.47283196211738	70.64239504766797
81.47283196211738	70.64239504766797
83.01596019404545	21.070623788728824
83.01596019404545	21.070623788728824
78.10278191913088	13.902583525573789
78.10278191913088	13.902583525573789
71.17644132874372	54.90575791743849
71.17644132874372	54.90575791743849
72.71956956067179	5.333988133714284
72.71956956067179	5.333988133714284
72.71956956067179	5.333988133714284
35.85684666375675	48.20523839981452
35.85684666375675	48.20523839981452
37.3999748956848	97.63346861609031
37.3999748956848	97.63346861609031
30.500241566857483	88.2819589244174
30.500241566857483	88.2819589244174
25.232322424441143	59.509726111296715
25.232322424441143	59.509726111296715
25.232322424441143	59.509726111296715
27.13019152387097	31.542147402323202
27.13019152387097	31.542147402323202
20.168378026905607	40.684904014406285
20.168378026905607	40.684904014406285
24.052803655463155	14.900791783520761
48.21073963941453	30.84618199334009
50.32145502960338	95.041117339131
50.32145502960338	95.041117339131
42.854134542515276	70.922901042728
42.854134542515276	70.922901042728
47.23519856574726	95.18465690657942
47.23519856574726	95.18465690657942
47.23519856574726	95.18465690657942
40.02506734665963	79.30448020890151
40.02506734665963	79.30448020890151
41.63914286695908	93.45354745995547
41.63914286695908	93.45354745995547
73.26439933799855	34.51715249096286
73.26439933799855	34.51715249096286
65.79707885091045	10.398937669774803
65.79707885091045	10.398937669774803
67.90779276588434	74.59387154035076
67.90779276588434	74.59387154035076
67.90779276588434	74.59387154035076
62.71082238705434	10.54247871243818
62.71082238705434	10.54247871243818
64.82153777724318	74.73741258301415
64.82153777724318	74.73741258301415
57.646879464733765	90.7176551403328
57.646879464733765	90.7176551403328
88.70454877751246	17.014555041825048
88.70454877751246	17.014555041825048
88.70454877751246	17.014555041825048
90.88621293128764	45.930327422394136
90.88621293128764	45.930327422394136
85.6182937888713	17.15809460927346
85.6182937888713	17.15809460927346
87.79995646743153	46.073868465057515
87.79995646743153	46.073868465057515
80.26168721675708	57.23481513387633
80.26168721675708	57.23481513387633
80.26168721675708	57.23481513387633
75.63230399618787	7.950125960263912
75.63230399618787	7.950125960263912
77.50356878448778	30.33723133482802
77.50356878448778	30.33723133482802
59.98852974258337	77.29078281023796
59.98852974258337	77.29078281023796
64.44054400461665	66.27337570886756
64.44054400461665	66.27337570886756
56.902273278727264	77.43432237768637
56.902273278727264	77.43432237768637
56.902273278727264	77.43432237768637
59.083938907717396	7.350097708685383
59.083938907717396	7.350097708685383
53.8160182900861	77.5778648955647
53.8160182900861	77.5778648955647
46.916283486043824	68.22635372867683
46.916283486043824	68.22635372867683
50.73863042167828	60.93650927676226
50.73863042167828	60.93650927676226
50.73863042167828	60.93650927676226
79.8806919689156	48.77077825972975
79.8806919689156	48.77077825972975
81.99140735910444	13.965713605520673
81.99140735910444	13.965713605520673
76.79443698027444	48.914319302393125
76.79443698027444	48.914319302393125
69.82375341264583	74.84197110072706
69.82375341264583	74.84197110072706
71.43783040816024	88.99103835178104
71.43783040816024	88.99103835178104
71.43783040816024	88.99103835178104
66.78184140124614	90.06103621213616
66.78184140124614	90.06103621213616
68.32496963317419	40.48926495319699
68.32496963317419	40.48926495319699
97.46703118041151	28.323535411379424
97.46703118041151	28.323535411379424
92.76669772104101	14.318007727773873
92.76669772104101	14.318007727773873
92.76669772104101	14.318007727773873
94.38077471655541	28.467074978827846
94.38077471655541	28.467074978827846
87.41009409935671	54.39472677716179
87.41009409935671	54.39472677716179
91.29451972791425	28.61061602149121
91.29451972791425	28.61061602149121
84.32383763550058	54.53826781982516
84.32383763550058	54.53826781982516
84.32383763550058	54.53826781982516
16.46132430731392	27.771109569844732
16.46132430731392	27.771109569844732
18.57203969750276	91.96604491563565
18.57203969750276	91.96604491563565
11.388511314330092	25.731182659205167
11.388511314330092	25.731182659205167
15.201989654516257	35.226231918326505
15.201989654516257	35.226231918326505
8.302254850473982	25.874722226653574
8.302254850473982	25.874722226653574
8.302254850473982	25.874722226653574
9.845383082402037	75.30295244292937
9.845383082402037	75.30295244292937
5.21599986183282	26.018263269316943
5.21599986183282	26.018263269316943
86.74530527238484	88.04733881347259
86.74530527238484	88.04733881347259
88.85602066257367	53.24227268404856
88.85602066257367	53.24227268404856
88.85602066257367	53.24227268404856
83.94284238765911	46.07423094567858
83.94284238765911	46.07423094567858
85.48597061958716	95.50246116195437
85.48597061958716	95.50246116195437
78.58623729075985	86.15095147028146
78.58623729075985	86.15095147028146
73.31831667312856	57.378718657160775
73.31831667312856	57.378718657160775
73.31831667312856	57.378718657160775
75.49998082690374	86.29449251294481
75.49998082690374	86.29449251294481
7.56651873513072	94.80649575297126
7.56651873513072	94.80649575297126
9.748182888905909	24.7222696087553
9.748182888905909	24.7222696087553
2.2099136382314692	35.88321627757413
2.2099136382314692	35.88321627757413
96.2967353633169	28.71517306398919
96.2967353633169	28.71517306398919
96.2967353633169	28.71517306398919
98.40745075350574	92.91010840978011
98.40745075350574	92.91010840978011
90.94013026641764	68.79189358859206
90.94013026641764	68.79189358859206
95.3211957648646	93.05364945244348
95.3211957648646	93.05364945244348
25.152857946626643	74.35925290462093
25.152857946626643	74.35925290462093
25.152857946626643	74.35925290462093
27.33452062518686	4.275025285190026
27.33452062518686	4.275025285190026
22.06660295798549	74.50279247206934
22.06660295798549	74.50279247206934
14.883074574812824	8.267930215638861
14.883074574812824	8.267930215638861
16.993789965001664	72.46286556142978
16.993789965001664	72.46286556142978
16.993789965001664	72.46286556142978
11.796818110956703	8.411471258302239
11.796818110956703	8.411471258302239
13.907533501145544	72.60640660409315
13.907533501145544	72.60640660409315
45.04502017295887	45.83924687889776
45.04502017295887	45.83924687889776
38.07433808054522	71.76690015244667
38.07433808054522	71.76690015244667
39.68841507605961	85.9159688787156
39.68841507605961	85.9159688787156
39.68841507605961	85.9159688787156
34.98808309190406	71.91044119511004
34.98808309190406	71.91044119511004
36.8859521913339	43.94286101092157
36.8859521913339	43.94286101092157
29.347684415874415	55.10380767974039
9.358320520831096	33.04312792085958
13.24274614938863	7.259017165189008
13.24274614938863	7.259017165189008
6.272064056974975	33.186667488308
6.272064056974975	33.186667488308
6.272064056974975	33.186667488308
8.16993463161976	5.219088779334484
8.16993463161976	5.219088779334484
2.9020140139884734	75.44685744142876
2.9020140139884734	75.44685744142876
32.32787061557114	21.164478989153814
32.32787061557114	21.164478989153814
36.150216075990635	13.874633062024298
36.150216075990635	13.874633062024298
29.25048127194836	4.523123370351372
29.25048127194836	4.523123370351372
29.25048127194836	4.523123370351372
30.793609503876425	53.951353586627164
30.793609503876425	53.951353586627164
26.164226283307208	4.66666441301474
26.164226283307208	4.66666441301474
18.62595703263277	15.827611081833567
18.62595703263277	15.827611081833567
20.523827607277553	86.86003237286005
20.523827607277553	86.86003237286005
20.523827607277553	86.86003237286005
52.14908407831704	27.92363592865247
52.14908407831704	27.92363592865247
53.736553812271595	92.42739021367397
53.736553812271595	92.42739021367397
46.83682048344428	83.07588052200104
46.83682048344428	83.07588052200104
41.56890134102794	54.303647708880376
41.56890134102794	54.303647708880376
43.75056401958816	83.21942156466442
43.75056401958816	83.21942156466442
43.75056401958816	83.21942156466442
38.48264487717183	54.44718875154374
38.48264487717183	54.44718875154374
40.38051545181661	26.47960856735527
40.38051545181661	26.47960856735527
69.735421814598	7.476393080302152
69.735421814598	7.476393080302152
64.54731855600133	25.640102115708792
64.54731855600133	25.640102115708792
64.54731855600133	25.640102115708792
66.65803394619017	89.83503746149971
66.65803394619017	89.83503746149971
59.19071493431703	65.71682264031166
59.19071493431703	65.71682264031166
63.571778957549014	89.97857850416308
63.571778957549014	89.97857850416308
56.10445847046091	65.86036368297502
56.10445847046091	65.86036368297502
56.10445847046091	65.86036368297502
58.21517386064976	31.055297553550993
58.21517386064976	31.055297553550993
43.32522726972018	59.679860621772136
43.32522726972018	59.679860621772136
35.8313009962872	85.91633135933665
35.8313009962872	85.91633135933665
37.94201638647604	51.11126522991262
37.94201638647604	51.11126522991262
32.74504453243109	86.05987092678508
32.74504453243109	86.05987092678508
32.74504453243109	86.05987092678508
34.85575992261993	51.254807747790956
34.85575992261993	51.254807747790956
29.65878954378993	86.20341196944844
29.65878954378993	86.20341196944844
59.01369590657131	67.20019648239533
59.01369590657131	67.20019648239533
60.9115664812161	39.23261629820684
60.9115664812161	39.23261629820684
60.9115664812161	39.23261629820684
55.65251445903309	92.67548829883532
55.65251445903309	92.67548829883532
57.83417861280827	22.591260679404403
57.83417861280827	22.591260679404403
50.29591083734879	33.75220734822323
50.29591083734879	33.75220734822323
45.666524666349666	83.46751964982576
45.666524666349666	83.46751964982576
45.666524666349666	83.46751964982576
47.209652898277724	33.89574986610155
47.209652898277724	33.89574986610155
76.63550949986039	78.61337141382661
76.63550949986039	78.61337141382661
80.4489863648316	88.1084221481629
80.4489863648316	88.1084221481629
73.23885367052901	72.22824545048499
73.23885367052901	72.22824545048499
75.4205178243042	2.144017831054084
75.4205178243042	2.144017831054084
75.4205178243042	2.144017831054084
70.1525972066729	72.3717850179334
70.1525972066729	72.3717850179334
63.25286387784558	63.02027532626048
63.25286387784558	63.02027532626048
67.06634074281679	72.51532606059678
67.06634074281679	72.51532606059678
96.49219734439946	18.232947608321822
96.49219734439946	18.232947608321822
96.49219734439946	18.232947608321822
98.03532557632751	67.66117782459763
98.03532557632751	67.66117782459763
93.13101589686124	43.70824089997678
93.13101589686124	43.70824089997678
86.16033527966255	69.63589269831073
86.16033527966255	69.63589269831073
87.77440932474703	83.78496142457965
87.77440932474703	83.78496142457965
87.77440932474703	83.78496142457965
83.07407734059147	69.77943226575914
83.07407734059147	69.77943226575914
84.68815433610587	83.92850099202806
84.68815433610587	83.92850099202806
67.74070540289216	46.64875759695313
67.74070540289216	46.64875759695313
62.54373354884721	81.5973632938256
62.54373354884721	81.5973632938256
64.41499833714711	4.984468668389688
64.41499833714711	4.984468668389688
64.41499833714711	4.984468668389688
57.4443147695185	30.912120466723643
57.4443147695185	30.912120466723643
61.328741873291	5.128009711053068
61.328741873291	5.128009711053068
54.35805978087735	31.05566150938701
54.35805978087735	31.05566150938701
85.48667785724238	21.073399920872397
85.48667785724238	21.073399920872397
85.48667785724238	21.073399920872397
87.59739324743121	85.26833379144836
87.59739324743121	85.26833379144836
80.13007128512815	61.1501189702603
80.13007128512815	61.1501189702603
84.5200053790234	68.62697964786088
84.5200053790234	68.62697964786088
77.33647847106569	2.39211591621543
77.33647847106569	2.39211591621543
78.87960522777878	51.820347607706175
78.87960522777878	51.820347607706175
78.87960522777878	51.820347607706175
74.25022200720957	2.5356584340937562
74.25022200720957	2.5356584340937562
4.037541211730172	67.76573634231055
4.037541211730172	67.76573634231055
6.21920536550535	96.68150872287964
6.21920536550535	96.68150872287964
0.9512862230890101	67.90927590975897
0.9512862230890101	67.90927590975897
0.9512862230890101	67.90927590975897
3.106343115304353	48.179735324295585
3.106343115304353	48.179735324295585
94.92281620734664	80.9448730678651
94.92281620734664	80.9448730678651
89.65489558971535	52.17264025474443
89.65489558971535	52.17264025474443
91.83655974349054	81.08841263531352
91.83655974349054	81.08841263531352
91.83655974349054	81.08841263531352
23.894230531484183	7.385314012020735
23.894230531484183	7.385314012020735
26.07589468525937	36.30108639258982
26.07589468525937	36.30108639258982
18.537623959369974	47.46203306140864
18.537623959369974	47.46203306140864
13.91710933424905	80.3924472263304
13.91710933424905	80.3924472263304
15.460237566177105	30.820678917821155
15.460237566177105	30.820678917821155
15.460237566177105	30.820678917821155
8.276710658219395	63.585815186175715
8.276710658219395	63.585815186175715
12.657774681451388	87.84757105002714
12.657774681451388	87.84757105002714
94.21368587834827	0.5219595602152546
94.21368587834827	0.5219595602152546
96.32440126853712	64.71689490600617
96.32440126853712	64.71689490600617
96.32440126853712	64.71689490600617
91.12742941449216	0.6655006028786223
91.12742941449216	0.6655006028786223
84.20109029931997	41.66867646995827
84.20109029931997	41.66867646995827
88.01456716429117	51.16372720429457
88.01456716429117	51.16372720429457
80.83104025633345	83.92886347264913
80.83104025633345	83.92886347264913
82.94175564652231	49.123798818440044
82.94175564652231	49.123798818440044
82.94175564652231	49.123798818440044
15.070373722887332	39.141537229925426
15.070373722887332	39.141537229925426
8.099691630473679	65.06918902825937
8.099691630473679	65.06918902825937
9.71376862598807	79.21825627931335
9.71376862598807	79.21825627931335
5.022303762065861	48.42783340945693
5.022303762065861	48.42783340945693
6.636380757580254	62.57690213572586
6.636380757580254	62.57690213572586
6.636380757580254	62.57690213572586
98.6656986651666	88.5045539340598
98.6656986651666	88.5045539340598
31.07811032066202	36.40564491030275
31.07811032066202	36.40564491030275
32.62123855259007	85.83387365136358
32.62123855259007	85.83387365136358
25.72150522376277	76.48236395969067
25.72150522376277	76.48236395969067
25.72150522376277	76.48236395969067
29.534983563948924	85.977413218812
29.534983563948924	85.977413218812
22.60864297356177	27.980590561106613
22.60864297356177	27.980590561106613
17.41167259473177	62.92919478276411
17.41167259473177	62.92919478276411
19.52238798492062	28.124130128555024
19.52238798492062	28.124130128555024
19.52238798492062	28.124130128555024
48.66444953215794	15.958399111522514
48.66444953215794	15.958399111522514
52.4779278723441	25.453451321073768
52.4779278723441	25.453451321073768
45.57819306830182	16.10194162940084
45.57819306830182	16.10194162940084
47.12132130022989	65.53017037046169
47.12132130022989	65.53017037046169
42.500805199894	98.4605860105984
42.500805199894	98.4605860105984
42.500805199894	98.4605860105984
34.962535949219564	10.621532679417214
34.962535949219564	10.621532679417214
37.144200102994745	39.537306535201274
37.144200102994745	39.537306535201274
21.899512644563398	46.55767705345676
21.899512644563398	46.55767705345676
23.797381743993224	18.590096869268287
23.797381743993224	18.590096869268287
23.797381743993224	18.590096869268287
16.82670112679453	44.51775014281719
16.82670112679453	44.51775014281719
11.629729272749568	79.4663543644747
11.629729272749568	79.4663543644747
13.78478764017988	59.736813779011314
13.78478764017988	59.736813779011314
8.516867022548581	30.964580965890637
8.516867022548581	30.964580965890637
10.69853117632376	59.880354821674686
10.69853117632376	59.880354821674686
10.69853117632376	59.880354821674686
39.48585038084435	26.110434205106436
39.48585038084435	26.110434205106436
34.57267358114475	18.942392466736457
34.57267358114475	18.942392466736457
36.683387496118634	83.13732633731242
33.60600110292577	66.49597071850998
33.60600110292577	66.49597071850998
26.138679140622703	42.37775737253688
26.138679140622703	42.37775737253688
28.249394530811553	7.5726927183277954
28.249394530811553	7.5726927183277954
59.37801408239154	96.59042817938327
59.37801408239154	96.59042817938327
52.407330514762926	23.51808145293217
52.407330514762926	23.51808145293217
52.407330514762926	23.51808145293217
54.30520256462267	94.5505012687437
54.30520256462267	94.5505012687437
49.037281946991385	65.77826845562302
49.037281946991385	65.77826845562302
51.2189446255516	94.6940408361921
51.2189446255516	94.6940408361921
45.995368460376724	80.9973335670321
45.995368460376724	80.9973335670321
75.3502748231581	61.99411660476402
75.3502748231581	61.99411660476402
75.3502748231581	61.99411660476402
76.9643518186725	76.14318533103294
76.9643518186725	76.14318533103294
72.26401983451694	62.137657647427396
72.26401983451694	62.137657647427396
74.16188893394677	34.170078938453884
74.16188893394677	34.170078938453884
66.62361968327234	45.3310256072727
66.62361968327234	45.3310256072727
66.62361968327234	45.3310256072727
62.00310358293647	78.26144124740942
62.00310358293647	78.26144124740942
63.54623329007948	28.689669988470257
63.54623329007948	28.689669988470257
21.088587290132462	3.3429868923479504
21.088587290132462	3.3429868923479504
24.902065630318617	12.838036151469286
24.902065630318617	12.838036151469286
24.902065630318617	12.838036151469286
18.0023323014913	3.48652645979636
18.0023323014913	3.48652645979636
12.734411683860015	73.71429364667569
12.734411683860015	73.71429364667569
14.632283733719758	45.746714937702166
14.632283733719758	45.746714937702166
7.705944618547565	86.74989080478183
7.705944618547565	86.74989080478183
11.519420008303802	96.24494153911812
11.519420008303802	96.24494153911812
11.519420008303802	96.24494153911812
40.945276609886484	41.96256308684317
40.945276609886484	41.96256308684317
42.48840484181454	91.39079330311895
42.48840484181454	91.39079330311895
37.85902014603037	42.10610412950655
37.85902014603037	42.10610412950655
30.320752370570883	53.267050798325364
30.320752370570883	53.267050798325364
30.320752370570883	53.267050798325364
32.21862147000071	25.299470614136894
32.21862147000071	25.299470614136894
45.11349581757441	73.0618034207152
45.11349581757441	73.0618034207152
76.24211389393945	63.07954183220058
78.35282928412829	28.274477177991503
78.35282928412829	28.274477177991503
70.88550879704019	4.156260881588492
70.88550879704019	4.156260881588492
70.88550879704019	4.156260881588492
75.26657282027217	28.418016745439914
75.26657282027217	28.418016745439914
67.79925085796911	4.29980192425187
67.79925085796911	4.29980192425187
69.90996772337292	68.49473727004279
69.90996772337292	68.49473727004279
65.00565804390665	44.54180034542195
65.00565804390665	44.54180034542195
47.49062047721719	91.49535034561693
47.49062047721719	91.49535034561693
47.49062047721719	91.49535034561693
49.67228463099238	21.41112420140098
49.67228463099238	21.41112420140098
44.40436548857604	91.6388913882803
44.40436548857604	91.6388913882803
46.586029642351214	21.55466376884939
46.586029642351214	21.55466376884939
41.31810902471992	91.78243243094369
41.31810902471992	91.78243243094369
41.31810902471992	91.78243243094369
34.4183756958926	82.4309212640558
34.4183756958926	82.4309212640558
36.28963900897756	5.818028113834863
36.28963900897756	5.818028113834863
67.34730979697122	31.11492801532711
67.34730979697122	31.11492801532711
69.52897395074639	60.03070039589621
69.52897395074639	60.03070039589621
69.52897395074639	60.03070039589621
61.99070322485699	71.19164706471503
61.99070322485699	71.19164706471503
57.36132000428778	21.906957891102603
57.36132000428778	21.906957891102603
58.904446761000884	71.33518810737839
58.904446761000884	71.33518810737839
52.00471343217357	61.98367841570548
52.00471343217357	61.98367841570548
55.82706036780801	54.69383248857595
55.82706036780801	54.69383248857595
55.82706036780801	54.69383248857595
84.96912191504535	42.5281029467584
84.96912191504535	42.5281029467584
87.07983730523418	7.7230368173343615
87.07983730523418	7.7230368173343615
81.88286692640418	42.67164398942177
81.88286692640418	42.67164398942177
74.91218483399052	68.59929431254075
74.91218483399052	68.59929431254075
74.91218483399052	68.59929431254075
78.79661046254807	42.81518355687019
78.79661046254807	42.81518355687019
71.82592689491946	68.74283535520414
71.82592689491946	68.74283535520414
73.41339957930393	34.24658964022563
73.41339957930393	34.24658964022563
5.8258097595844065	81.14767914125362
5.8258097595844065	81.14767914125362
5.8258097595844065	81.14767914125362
97.85512766717075	8.07533241480252
97.85512766717075	8.07533241480252
0.46920466268514427	22.224398190641534
0.46920466268514427	22.224398190641534
94.76887120331463	8.21887198225094
94.76887120331463	8.21887198225094
96.38294819882903	22.36794070851986
96.38294819882903	22.36794070851986
89.41226758163033	48.29559250685381
89.41226758163033	48.29559250685381
89.41226758163033	48.29559250685381
74.23852741157036	20.036801535102427
74.23852741157036	20.036801535102427
76.3581113972075	67.4468416946425
76.3581113972075	67.4468416946425
69.17458448924978	1.21197796299704
69.17458448924978	1.21197796299704
72.98806135422099	10.707030172548302
72.98806135422099	10.707030172548302
72.98806135422099	10.707030172548302
66.08832802539368	1.3555190056604187
66.08832802539368	1.3555190056604187
60.82040740776238	71.5832876677547
60.82040740776238	71.5832876677547
63.00207303675251	1.4990600483237864
63.00207303675251	1.4990600483237864
91.83373521851456	81.80466202528629
91.83373521851456	81.80466202528629
91.83373521851456	81.80466202528629
96.21479924174656	7.06641788913771
96.21479924174656	7.06641788913771
89.03127233378885	39.83155563270722
89.03127233378885	39.83155563270722
90.5744005657169	89.25978437376806
90.5744005657169	89.25978437376806
85.9450173451477	39.975096675370594
85.9450173451477	39.975096675370594
78.4067466192583	51.13604334418942
78.4067466192583	51.13604334418942
78.4067466192583	51.13604334418942
80.58841077303347	80.05181572475851
80.58841077303347	80.05181572475851
12.646080085812168	6.348715626250765
12.646080085812168	6.348715626250765
14.836612835035648	18.47959429578395
14.836612835035648	18.47959429578395
9.568692217404351	88.70736148266329
9.568692217404351	88.70736148266329
9.568692217404351	88.70736148266329
2.3851653094466414	22.472497751017837
2.3851653094466414	22.472497751017837
4.495880699635482	86.66743309680875
4.495880699635482	86.66743309680875
98.29890884559052	22.616038793681206
98.29890884559052	22.616038793681206
1.4096242357793725	86.81097413947212
1.4096242357793725	86.81097413947212
1.4096242357793725	86.81097413947212
30.241287892756382	68.11657611643463
30.241287892756382	68.11657611643463
25.611903196972207	18.8318869428222
25.611903196972207	18.8318869428222
27.155031428900262	68.26011568388303
27.155031428900262	68.26011568388303
19.971503045727594	2.02525342745255
19.971503045727594	2.02525342745255
24.352568544174545	26.287009291303974
24.352568544174545	26.287009291303974
24.352568544174545	26.287009291303974
16.885248057086443	2.168795945330887
16.885248057086443	2.168795945330887
18.995963447275283	66.36372981590685
18.995963447275283	66.36372981590685
3.8222232772153175	38.104938844155456
3.8222232772153175	38.104938844155456
95.86041125546491	47.24769545623855
95.86041125546491	47.24769545623855
95.86041125546491	47.24769545623855
0.7448368840224475	21.463584700567974
0.7448368840224475	21.463584700567974
92.77415331639384	47.39123649890192
92.77415331639384	47.39123649890192
94.67202389103863	19.42365778992841
94.67202389103863	19.42365778992841
89.40410474862229	89.65142497680775
89.40410474862229	89.65142497680775
89.40410474862229	89.65142497680775
19.829961350204965	35.36904652453278
19.829961350204965	35.36904652453278
21.41743108415952	0.8727993343393299
21.41743108415952	0.8727993343393299
16.71709762478902	85.86727312594874
16.71709762478902	85.86727312594874
18.33117462030341	1.0163418522176557
18.33117462030341	1.0163418522176557
11.360494003104716	26.9439936505516
11.360494003104716	26.9439936505516
6.447315728190148	19.77595043696666
6.447315728190148	19.77595043696666
6.447315728190148	19.77595043696666
7.990443960118203	69.2041821284574
7.990443960118203	69.2041821284574
37.41629908648593	14.921803676182462
37.41629908648593	14.921803676182462
41.22977595145712	24.416852935303798
41.22977595145712	24.416852935303798
34.338911218078096	97.28044805738001
34.338911218078096	97.28044805738001
34.338911218078096	97.28044805738001
29.07099207566176	68.50821671947429
29.07099207566176	68.50821671947429
31.25265475422199	97.42398910004339
31.25265475422199	97.42398910004339
23.71438697876251	9.584935768862215
23.71438697876251	9.584935768862215
27.882606186450435	40.684176102734234
27.882606186450435	40.684176102734234
27.882606186450435	40.684176102734234
57.23751402444678	21.68096061568112
57.23751402444678	21.68096061568112
58.82498375840134	86.18471342548766
58.82498375840134	86.18471342548766
54.19559906261716	36.90002425187524
54.19559906261716	36.90002425187524
46.65733128715768	48.06097092069406
46.65733128715768	48.06097092069406
48.8389939657179	76.97674477647811
48.8389939657179	76.97674477647811
48.8389939657179	76.97674477647811
43.57107482330157	48.20451196335743
43.57107482330157	48.20451196335743
45.46894539794636	20.236933254383917
45.46894539794636	20.236933254383917
28.521494989517684	81.95718838409404
28.521494989517684	81.95718838409404
23.33339173092102	1.120898894715623
23.33339173092102	1.120898894715623
23.33339173092102	1.120898894715623
25.44410712110987	65.31583276529159
25.44410712110987	65.31583276529159
20.24713526706491	1.2644399373790018
20.24713526706491	1.2644399373790018
22.35785065725375	65.45937528316992
22.35785065725375	65.45937528316992
14.890530170165647	41.34115898676691
14.890530170165647	41.34115898676691
14.890530170165647	41.34115898676691
46.51578664120513	81.4047640177743
46.51578664120513	81.4047640177743
48.413657215849916	53.43718383358582
48.413657215849916	53.43718383358582
40.91972946720198	79.67365457115035
40.91972946720198	79.67365457115035
45.30079496564893	4.935410435001768
45.30079496564893	4.935410435001768
37.83347447856083	79.81719708902867
37.83347447856083	79.81719708902867
37.83347447856083	79.81719708902867
39.94418986874967	45.01213095960463
39.94418986874967	45.01213095960463
34.74721801470471	79.9607366564771
34.74721801470471	79.9607366564771
64.10212585270105	60.95751969420901
64.10212585270105	60.95751969420901
65.99999495213088	32.98994098523549
65.99999495213088	32.98994098523549
65.99999495213088	32.98994098523549
60.740944405162836	86.43281298586396
60.740944405162836	86.43281298586396
62.92260855893801	16.348586841648007
62.92260855893801	16.348586841648007
57.65468794130671	86.57635402852733
57.65468794130671	86.57635402852733
50.754954612479395	77.22484433685442
50.754954612479395	77.22484433685442
52.29808284440746	27.653073077915245
52.29808284440746	27.653073077915245
52.29808284440746	27.653073077915245
83.99428807903328	32.4375151437008
83.99428807903328	32.4375151437008
85.53741631096133	81.86574683519154
85.53741631096133	81.86574683519154
78.35388940300362	15.630883103546106
78.35388940300362	15.630883103546106
73.69789892087458	16.70087948868626
73.69789892087458	16.70087948868626
73.69789892087458	16.70087948868626
75.24102715280263	66.12910970496205
75.24102715280263	66.12910970496205
68.34129382397532	56.777598538074166
68.34129382397532	56.777598538074166
72.15477068894651	66.27265074762543
72.15477068894651	66.27265074762543
55.27827051931915	92.71374438732866
55.27827051931915	92.71374438732866
55.27827051931915	92.71374438732866
50.01034990168785	63.941511574208
50.01034990168785	63.941511574208
51.91708907178093	19.189036203768666
51.91708907178093	19.189036203768666
44.94640550415232	45.11668800210261
44.94640550415232	45.11668800210261
48.83083260792482	19.332577246432034
48.83083260792482	19.332577246432034
41.860150515511165	45.26023051998094
41.860150515511165	45.26023051998094
41.860150515511165	45.26023051998094
43.47422751102556	59.40929629581995
43.47422751102556	59.40929629581995
75.09948398206505	0.47290132682732355
75.09948398206505	0.47290132682732355
67.63216349497695	75.35468798085424
67.63216349497695	75.35468798085424
69.74287888516578	40.549621851430196
69.74287888516578	40.549621851430196
69.74287888516578	40.549621851430196
64.80309482390633	83.73626567181279
64.80309482390633	83.73626567181279
66.41717181942073	97.88533439808171
66.41717181942073	97.88533439808171
59.44648825179212	24.812984721200703
59.44648825179212	24.812984721200703
90.57510780337212	14.830723132686087
90.57510780337212	14.830723132686087
92.68582319356096	79.025658478477
92.68582319356096	79.025658478477
92.68582319356096	79.025658478477
87.488851339516	14.974262700134496
87.488851339516	14.974262700134496
89.60843384993818	62.38430433488952
89.60843384993818	62.38430433488952
82.42490694198047	95.14944060324407
82.42490694198047	95.14944060324407
77.15698632434918	66.37720779012339
77.15698632434918	66.37720779012339
77.15698632434918	66.37720779012339
79.33865195333931	95.29298164590745
79.33865195333931	95.29298164590745
9.125971157859901	61.52305955412424
9.125971157859901	61.52305955412424
13.57798394467823	50.505653927968794
13.57798394467823	50.505653927968794
6.039714694003791	61.66660059678761
6.039714694003791	61.66660059678761
8.221380322993928	90.58237445257167
8.221380322993928	90.58237445257167
8.221380322993928	90.58237445257167
3.2815962617344945	34.76901827295425
3.2815962617344945	34.76901827295425
94.74332701106006	45.92996494177308
94.74332701106006	45.92996494177308
96.92498968962028	74.84573732234217
96.92498968962028	74.84573732234217
81.68030223118892	81.86610931581261
81.68030223118892	81.86610931581261
83.8619663849641	11.78188169638171
83.8619663849641	11.78188169638171
83.8619663849641	11.78188169638171
78.59404576733282	82.00964888326104
78.59404576733282	82.00964888326104
71.70318103395378	55.87324548055221
71.70318103395378	55.87324548055221
73.24630926588183	6.3014742216130415
73.24630926588183	6.3014742216130415
68.33313246618224	98.13343248324306
68.33313246618224	98.13343248324306
70.44384785637108	63.32836782903398
70.44384785637108	63.32836782903398
70.44384785637108	63.32836782903398
0.30211582447800867	93.27928424724391
0.30211582447800867	93.27928424724391
94.6017823651075	79.27375656363836
94.6017823651075	79.27375656363836
96.21585788540695	93.42282528990727
96.21585788540695	93.42282528990727
89.24517726820825	20.350475613026255
89.24517726820825	20.350475613026255
93.1029971104209	44.921051891323216
93.1029971104209	44.921051891323216
93.1029971104209	44.921051891323216
85.91947020246319	77.68618815967777
85.91947020246319	77.68618815967777
88.03018559265203	42.88112350546869
88.03018559265203	42.88112350546869
20.158802193802114	32.89886044173912
20.158802193802114	32.89886044173912
13.188121576603418	58.82651371528802
13.188121576603418	58.82651371528802
13.188121576603418	58.82651371528802
17.07254720516095	33.0424014844025
17.07254720516095	33.0424014844025
10.110735183410549	42.18515809648558
10.110735183410549	42.18515809648558
11.724810703709993	56.33422682275451
11.724810703709993	56.33422682275451
7.024477244339481	42.32869913914896
7.024477244339481	42.32869913914896
36.166540266791756	30.16296812211644
36.166540266791756	30.16296812211644
37.709668498719815	79.59119833839223
37.709668498719815	79.59119833839223
37.709668498719815	79.59119833839223
33.080283802935654	30.30650916477982
33.080283802935654	30.30650916477982
34.623412034863705	79.73473790584065
34.623412034863705	79.73473790584065
27.723678706036388	70.38322821416773
27.723678706036388	70.38322821416773
22.50010106564655	56.68651946979275
22.50010106564655	56.68651946979275
22.50010106564655	56.68651946979275
24.61081645583539	21.88145481558367
24.61081645583539	21.88145481558367
7.450521231862677	90.43919736574432
7.450521231862677	90.43919736574432
11.263998096833873	0.9342466248656514
11.263998096833873	0.9342466248656514
4.3642647680065565	90.58273693319272
4.3642647680065565	90.58273693319272