30.06710214611691	49.569616305121066
22.593034286052156	48.14098605332082
8.53649827337264	51.87361425398972
25.186777531510433	52.98864238054949
23.67687608167533	51.603671655786705
16.703222455295446	59.424943860242465
10.16275622061025	52.529685686466216
25.81984499442087	63.97344803850514
35.379427472286935	74.27151846814898
23.7793060425075	53.755797834331574
34.98007710342212	54.47646464654245
26.636271343590092	48.14603085163385
22.544886334963714	58.80161478909691
32.96046998762105	48.30659715236946
26.262197987649635	51.81738769808084
29.62559889420162	37.78229943311562
35.01757457345461	52.08501547828595
9.40897074566169	48.02555294768684
39.66309938718886	53.82339457089134
34.83628204414778	62.929719966015035
32.56058577197459	55.65594626506635
9.092796753693179	63.460640002226924
42.39202655348001	48.27599728568297
29.661780483668593	55.79295206549249
33.7687470764169	70.32547511410512
31.95894279365559	67.1664988143308
36.910083729349395	74.09014880515787
7.448912347199943	58.14075974350618
30.37130489412266	57.133298271262476
39.89337408428692	42.83502489039923
39.99227818392504	53.560369893949044
18.368876362606485	71.63739865513986
35.09807772325486	38.37302150254281
14.55713948336992	42.74049639083968
32.56997491154238	43.69296539234134
27.15036507544658	42.69417088029133
30.72378141450994	59.06857022955782
20.037873293156782	51.385162924759456
6.59612508582628	62.9513702131709
12.052324075542618	43.51879723045302
26.73250253143449	51.06984103130699
25.942640045133324	39.259934730129416
28.736438908619768	48.99560855405784
17.826772150358217	58.76349883972765
17.42561860831439	62.500517634295285
31.259420036039806	55.901451824209715
16.02558024725618	58.87874633326607
18.808616779761707	58.691319386013866
26.797545675524557	55.118065352622615
39.095821803462265	53.45721970999866
27.581475842021852	61.162836975696806
29.50565267125787	53.1737149520848
27.273053802545466	56.17993798215488
15.075586444020015	52.472965245061935
14.45401262163987	58.561925957926505
35.41460077830568	47.92750351126552
56.213985815329835	61.16489899669928
31.633989404401134	70.25198048695637
21.47696301164541	51.236954163637336
23.53726620929664	62.84096644875434
5.730265656695842	57.01920375174472
38.34524166743911	49.96182317911252
16.271285616492193	70.12544277086332
30.283338684129433	55.604941962317845
31.864090355961423	61.65331923312698
16.180308308506405	49.22578779154124
25.731706789165845	62.82546099431835
42.19214364727235	55.13830650848426
25.180559717674523	50.12104469954353
38.631279266728825	55.29959775122327
17.136108808527343	78.02846056465903
41.77215054599911	54.041099388715644
18.043539313600558	62.84484516846684
29.369076181787463	50.68633768259636
36.5198263911265	35.87445065127514
9.244850905346198	46.73457100664809
21.930178613701322	62.225060257569005
28.15731457959188	67.0468689410926
23.371199562171867	50.64112860385657
35.00645582704052	68.29848106814006
27.52746056945574	41.81320527834553
19.753301613085988	59.046000089459355
30.514028792521437	52.5287168735741
27.224186012632746	48.15740809296606
16.965295894579725	59.64731203934653
32.96120320931907	39.0863218880949
34.207153609125285	41.917834887932095
23.220637698056578	55.557379858725554
27.839588585002854	71.66817788841693
34.83564022961756	60.89406414926476
28.09682566846137	71.41055121517095
14.396063778824693	45.62261441326624
22.490298024664153	43.59001440004953
26.51623168411634	45.29035922897359
13.757890786514489	66.27392086598516
45.48920145909527	59.525442815541105
26.42890649062364	52.055736425151245
41.312641166459414	70.61310135493692
32.91293382063239	33.94030547102594
15.245882135017466	70.8937260258635
19.006924416844452	36.31165947562336
9.242921954870969	58.08132829736766
20.075889690163994	62.12644607468489
34.17867410517826	57.98006319023131
28.25546601833886	38.56791669670402
27.439355125923765	45.75571101282365
8.447727711531122	59.82982536461086
33.21918848449682	47.885968895266615
25.2122120805908	51.25298553491683
43.40158471329397	66.3031502324861
42.466182421348066	72.32710985135117
32.57586877380632	57.102060616698644
7.336150007084502	72.18324337580921
35.547407893880184	58.87744267546124
26.88749569197319	70.00334138601906
42.105647976105416	56.920826642426526
31.64208961625517	60.684302123546786
33.725097842116156	60.99307870564462
29.071269774559653	51.13273684919414
33.31542260627889	38.2835300068875
32.28408434795431	48.221536800819536
13.04105526440596	63.535332669253265
21.46456031754026	40.017194483098194
29.588999301039994	49.38987902538472
38.32022476048809	57.76669592532007
42.49095407326858	26.034626921783236
32.724205802146514	55.151552943545134
38.754325000952335	45.8899325717244
12.494019780036632	66.2132429276113
23.318153236019143	43.88438056093576
26.029639449755866	81.14142199258103
7.098424197914536	60.870009323002634
13.502232333830555	49.59871151348373
21.639702633531464	57.50995211640248
15.980415368852535	47.84672048667304
34.96758664151602	73.76860264316022
39.76751264086038	38.43575666542353
8.114525849290636	40.976301582026174
31.138858830924903	69.59292827514746
25.110677633778344	53.253017304267445
37.96297907950943	70.34001457945212
28.46361859697077	42.80936212436619
36.64762725687075	51.613715417971584
25.613443457109163	73.23226011209572
29.527700997187825	56.39739128253438
25.65072849034	66.6653648774978
41.26068075036258	64.18177101335272
11.085674491021885	67.19455932952773
16.15239212173816	50.057147758953185
15.529186561077948	56.292688330695995
33.85374953178955	62.4382969816685
28.930536895795218	49.931543963715114
34.53620142391305	52.431152534355626
30.74413908558758	60.72288806459059
31.46170675327126	40.9541540767092
45.87609936544689	62.45643044286694
31.72128643246701	51.788890464321995
33.18696084039813	46.51139805781225
20.907895148565956	63.881133593954296
24.73654917400193	70.61851201740328
23.18654864233886	60.22198106436879
16.909226146907574	52.042150504789376
30.06042559229855	48.87471962420201
23.233373076449723	58.83878343072642
31.397632601147954	63.574621299548404
18.634520789250576	51.621589382069345
31.851351410326238	46.653388572248545
11.518288415785113	52.353136666221985
33.75132740687044	45.50171398114666
16.515243957189597	57.89552156555659
23.39531821811914	44.185871917069846
38.49727893442589	40.80576472469588
21.39226204584835	61.99995487946698
26.663950386215294	72.44657715989274
42.399142292962495	67.76785483271728
29.16764895147611	47.37239116381827
29.499572169789385	58.66701105562822
1.6087494367439312	73.3321246743383
28.263773211814797	65.94407626444234
29.542169453856804	37.09836663864387
40.6016304605406	62.99749697633631
20.22690466625082	57.98706297713868
24.1599395529753	73.50605300784738
24.00902929726478	55.800869200775175
25.343699806113023	60.95105351747863
27.2892481439516	52.94048897967602
24.10853384376982	60.519190888322534
31.098986857359574	52.34557244065071
27.632961747065938	49.599006066853995
28.233950371663788	65.68343482091396
27.54486032293179	67.44538762247683
22.474964009279667	56.042182656574255
25.54787856287906	57.66888545070421
2.9226013415234533	42.28005797025872
28.288461870121612	64.14055978992955
34.22282954462997	68.78184661023542
18.881179453330567	45.77690796167046
39.02956621771174	44.08234224906691
22.184480423680345	52.76909176024876
28.698098286895863	50.30914989083034
30.865467348426026	60.360635546267766
26.386403490282405	42.2077689327504
25.698433055296114	45.902712754711544
22.975541713261617	54.70099769016275
22.60371454592085	34.29547583394563
30.049114639674364	49.00794729633129
22.028791627806633	53.367001113361795
32.14015058647348	62.03804518121603
22.907622691528115	57.59074205794755
31.35667068399561	43.24744662723186
32.54604754874916	62.65255476197212
22.756949801791013	71.37651454164742
34.46973185274702	52.36706489125694
34.356752763355445	68.04903562122342
21.712598821717975	64.60778266869747
31.784368023746488	51.10599535391227
48.91075218974598	51.92828659416867
37.08803821260227	29.58564130853892
29.8479773367954	55.65633917061118
11.701313506002556	39.53176953350996
7.801796918030057	50.22547123987968
25.52161639310318	45.67085923944684
43.8823473891804	66.97709178828221
23.38771884813453	66.32548887505953
20.084929094449826	62.71661018088994
17.78998511909019	68.01312515400262
15.255965738614119	71.22458619507948
7.583684273153558	55.266870311953824
19.986499738918045	60.429611246393286
18.382280076673567	67.59970528375075
32.3307107537707	41.922068400446776
33.24317937148706	58.29416274484844
22.271502822274424	53.24370946188267
23.58634221633308	55.26485622575825
20.030655641327627	50.47829841887463
18.029471036527323	52.036105858707735
34.49621976408554	40.11300575701111
35.34004929053858	53.62873601323534
24.53937737348487	47.51045149920495
43.26027010064725	62.72816661366221
18.91997436459324	53.62044963037355
39.64874194959705	36.609816563012345
37.832093447720574	66.64934061833917
20.15707264696398	60.560225503118644
23.025893939814974	59.8979387222097
30.471580171496075	63.18465810463842
27.032007079445115	49.79393806509576
24.38691522900532	55.294066022337525
1.6602324158973296	52.58023504984773
38.078765938753534	62.60114564041949
29.38772090874009	82.73980970257291
8.967489075599339	86.77298527384801
38.102048690992305	86.43346288662299
43.99301855416246	93.95995840251634
31.291486033335104	65.31147843027918
24.871574366676782	79.22583557010456
34.82491777923622	70.43865597616647
27.573093776525397	72.96313774961142
31.002539027395468	86.20627462384009
34.392051698441335	78.14402623210925
19.45271751841846	83.71560633529057
30.794589002924695	69.40930270068216
25.164132705985477	97.66751666617272
22.459459128678866	85.0952759600033
32.407411450296024	93.73863973616422
17.550864733999298	79.35439030225749
34.63483556059389	74.01812425627628
23.11901474236679	59.99527122677423
26.038808208405634	105.29634819449905
45.04020293490307	87.2480172957774
45.30960217200901	77.10622342076331
15.367474073766164	81.21987560116003
16.382233330494785	87.8906793295039
16.542281446919247	84.90372725404293
29.19411639044177	81.63644075237234
9.559278647095475	79.0777785398176
44.27493585170571	78.73879616569549
33.01037046829171	84.73130824913355
16.020957227967845	71.04851494522725
13.463580378412232	84.6137441431089
21.499683995100774	90.07228323401586
34.44774906634161	81.86480178166397
21.990050371461486	97.8926350946307
34.54851779939818	78.13832510507913
34.73842718392857	84.64622062312807
20.84778312668712	94.77358704125487
31.410271341103602	105.07103417100899
32.58499639959696	80.56457746887553
36.431213253626886	67.30601197409875
27.89641235458635	83.7259392793046
11.174889429641407	74.61207142992043
18.990382238990744	85.2668751817858
34.701993667607475	62.28982211236498
22.08809731107488	84.94932203456048
38.4355279126123	80.93876163946214
10.95397224876302	87.57340857672592
7.04573907687384	75.20705229659805
44.9085992685234	80.06025950722835
19.797782303754683	87.35391107995154
26.036119325350164	79.66381532603339
34.29369596837601	100.44512208056709
-4.974358468437071	86.46645275617405
31.468620459550458	78.30845381391241
26.020921442471895	67.58897690744645
46.13207637762738	78.39234931639652
39.574362591329624	79.92276578804623
26.39908361751383	86.15044263855614
30.275290510227954	84.63608120795021
34.02751632002866	89.92801971388226
38.69328909887543	60.999406759706325
22.039807586298373	80.50365746645049
40.86619434756794	97.40007476996774
30.759931490853134	94.15360742752608
30.749199588168004	96.57516215242826
39.8647039243167	97.52867887390092
25.83746910908467	100.92158198779543
17.77598509704987	72.23209887909385
16.841572324301325	103.72102914299325
37.56531169255453	100.7688944377991
29.529344868790115	95.54480601846649
39.8247334836858	73.28490753782621
26.35622570126088	77.92182003877382
23.216783272809558	86.64273885080625
30.641009479906646	88.01214346416765
33.5479827937743	80.82947209656845
24.027471746044444	90.11575282624912
49.538193947772044	74.90157972303263
37.595842525597085	84.10563428124242
39.65832570169627	97.35680611738564
26.316734767572378	79.98173019955848
39.49290657545361	95.27445055463515
7.0466616688424	101.2621453120586
29.588630452991875	86.40748005430386
36.30318640380235	76.79751563598288
24.226355711770683	90.28767396319344
22.198950821449888	92.87071990442708
41.188650421740945	84.3797729811725
19.56891338962337	85.45865089246428
29.950689820939225	77.77185381917973
38.21011522518511	82.84304525813576
44.69169993822744	101.87365014799416
24.54199175161504	78.52419154911622
30.461865174844522	88.62852173029567
46.952313159838795	106.77098265118772
38.89516604356915	90.11800389799396
48.69148613087735	85.16709262060516
20.451674237647886	70.76488722169327
19.326487906029215	79.33574127050643
32.75175714880401	89.6834803464988
28.78388612405689	68.28703406983956
16.837836255606753	74.43235925988897
19.652477500423608	89.89033957552967
35.41578529894532	86.27467007315232
29.928536830594656	90.9771621146474
36.23075485551218	84.5070219999278
28.8147239112138	86.63568001849644
29.632090845080672	78.88626859510381
16.662732812322115	82.88051739216185
32.03034462067909	62.831310146231644
16.592043037474337	97.53201695126042
12.04049616433348	87.82654625713054
37.87679740399685	66.65112505967917
44.30016200456312	92.59158674127123
31.422430484363748	77.90529726275567
37.808583668503644	60.80101979775041
11.078649281734592	81.83322160577842
9.995636092131335	101.32740655025324
25.093241610708297	83.0507796944679
30.60889539132165	96.41226224998273
34.24309185581654	92.48339809084545
34.68513571075614	87.1402394535455
27.187587306877873	97.66804483125813
20.607111551840973	81.08103289008285
21.690926920809346	95.82384267271345
21.911870949783527	72.02823663239782
35.622581283343976	76.12041942994935
41.263306087881894	71.72182573405973
29.86945696413334	93.99268925592784
19.845210164046748	104.47568012250757
39.24327421949738	99.8229648819664
15.892439310063397	93.35624395371526
38.43532122171797	82.60081538713663
23.28648182140614	95.7732377231014
11.127451681271438	90.19680508931877
40.331717227551636	80.6870388187316
14.055831365405727	85.72776746759254
27.83101399747887	79.29301913644426
39.88756567709051	96.70011437212835
25.535042563149236	63.74259705055001
48.41402771784172	81.61958305721483
35.7292087214301	75.93149716820483
40.2303329006353	91.15418260113626
35.481605433276854	80.93885633064482
22.41524808026427	79.39080939732811
42.09474106368904	71.08368879198424
34.031954527629765	90.06564155495674
49.28678680017375	79.37800119226549
22.036032709182432	77.66626852631681
28.842694008168017	97.32309264833228
18.395166678106065	90.48253997099371
27.10783266416186	82.85246920290973
38.74002052687471	84.04747217943414
42.4094023848068	78.27952891166018
52.015406296300625	84.37162076323537
33.98414226770517	96.01233869613768
31.67006373507682	97.59273156337716
50.91554950209089	78.29715440868856
31.140785052233166	93.41341051379476
32.75183423451659	95.94147516469178
41.209531139502495	83.41324793225854
37.60429113259119	98.25873258833298
32.147758754020444	85.03873962972742
40.71082712596932	88.99433050644092
26.93128052480527	93.75504077660032
33.659541859148376	74.89541141581766
29.345990908565913	106.59889659041472
15.579730100570595	85.97065497405615
26.17461979772363	85.413244286068
25.883107215213194	97.35213859764693
49.161574901166105	66.3714742648683
22.42858984643426	92.90843214929686
46.89932639129408	77.75649514650978
33.480151627135356	73.48696238568962
35.26403637504476	86.80685289492482
13.495285114297925	88.60826277872141
28.76980160160098	86.81962987451486
39.120471483836	73.49755888508871
29.1544188420803	92.33617675939055
24.817124929975517	58.998162089605515
35.533097578063355	93.42989375547559
39.72660018323303	81.76683336801544
33.12831070890249	88.23061959393428
39.951814073466956	82.22494139996704
33.30362525419626	57.337400184397644
27.650669583653574	61.842460441106304
27.625532866066536	92.88234579120054
45.04647855471289	73.5521522586715
24.8672928163787	88.71554283756795
37.298292190563224	69.48286195655848
17.29999637876078	85.97221522939002
26.338012999336442	84.63239244787115
53.68996885934803	83.83277932081607
34.68838098301909	83.9421782911677
17.73691346139673	83.9909172947561
22.692670452454564	88.29880828744703
35.32866371204699	79.93374084422341
44.4630018517879	90.03114510528769
32.882179040793275	77.9572633110641
23.888231654348623	89.90707059184109
14.650577384285404	80.48234496180149
26.50157829866263	86.72032306138685
39.8657819890775	76.88541818711441
51.0547407000949	95.93195345110006
28.92007416591132	61.057165653149646
31.62793056340538	87.23145780836298
47.04258159253121	88.15258719233739
39.79268393100101	95.68649626302917
14.500506994753461	84.90343559318738
39.624173108568336	74.09328719478805
55.18592839912303	81.05508447089028
24.94482515104479	89.097362310068
36.45490209258013	89.44629047449111
24.17568722939385	85.65099316000041
37.12346071453026	86.04993484284658
37.02245975445394	83.89801724392922
29.08054180929469	84.80572661569433
20.236531636181734	82.45547805028706
35.80155894769339	98.09855046439544
54.48936270141199	79.22963048352847
35.67123248930635	84.35097301588269
20.409407641727483	95.02381368720623
42.42947450111018	78.00193725220146
42.32335485236503	90.39275550979427
39.597166785430744	81.71254758930543
30.608593006196774	68.94111561952643
24.85921049817224	87.20291781516012
21.398595535728887	74.58935193942068
34.9222117173026	82.06877025214992
28.737072100616036	77.48509543605485
34.05981245490621	89.8739356954328
27.631363904638892	65.2476643845625
32.1510745486787	80.76009786481555
38.70499294534574	79.67511044859768
29.07730349780201	68.4593604046547
22.259008608835945	84.58041292649095
32.53184614981147	89.88124509215272
23.789816986913515	65.82524512213122
29.580275608263694	91.34806516443876
35.48662965003368	74.02499902805022
46.52838234079583	65.07282145143932
16.894334818014528	87.36271128001803
30.78211685737817	102.0114606770952
20.943543357735578	73.70828264613283
33.42726718546943	87.64623807971549
20.6953066460076	77.80196318035925
10.417675698751442	81.246302972265
39.24726520806391	95.5357774949004
32.143199912688495	94.28893428312388
31.840170458145188	82.82684647261603
32.67914351450433	85.68457288663477
19.122936718294508	60.31033086780507
33.449597294910724	49.19149800983631
22.7510925403542	68.29546962041057
35.20431381702253	66.68946016914576
32.633874214033526	66.30126201011817
32.433507516462	53.39547058989825
4.610530088168062	53.20492314717593
24.795331084017853	53.086496128462855
29.77170702179779	54.546828713667246
17.763338168310753	72.28406988568042
36.42371590693218	69.25471753641253
19.991420264923157	51.93415901302912
39.68552232430191	46.42175226833549
36.83737835789523	65.59147675944482
33.98383653133514	74.3166087648766
22.39517043250892	78.91360338674448
12.52818846724144	57.37661048401283
16.67686938337562	67.22837464369394
19.88247431973069	62.57251176254338
30.195120426316468	66.94643240881804
26.551155227756983	72.00932888061561
22.25530921633498	74.53664091469902
32.33348599235399	62.0551404444202
34.01932340635649	69.93609249057789
40.38601605879152	56.84034592580595
40.360784851145056	68.75002608299931
38.45806229018694	51.604506883883296
28.36946628348503	63.198852687405655
45.32722316495827	63.33475855785012
14.113963960866258	48.28337917242317
29.461771370742095	64.07590180356587
27.237735065034098	74.56334797565128
25.274745320013622	55.232901111753655
14.575855441090477	52.90081179525208
17.896145906853715	63.52081862241312
5.265098861585109	53.357139969848696
28.824955285805313	65.13122297145185
35.274132393558055	40.996801200763315
34.394230703843476	58.63833130208514
29.83339620804274	54.588623926254776
35.878601628138156	63.161528866916626
19.262713885431985	72.02248723163785
32.556299257181074	62.05415167996226
23.379570612750655	73.11066595507164
24.947350943747523	48.97543727343994
36.07479123160928	58.0860457857696
8.189428783595371	79.41102553571797
20.796726869869595	69.37144682588168
32.512958305872765	64.844979347599
23.044884190805863	50.229783077958245
38.68585440883777	49.933227774018604
24.415922693507767	69.96146952134745
17.293766450810892	63.8013636841424
17.898938525171502	67.40862854240467
57.08829861833868	61.34793637096761
39.33982124390542	47.04218442047498
22.71757859761297	70.5245810576059
37.20678040171836	63.079353341891476
31.01658189559675	60.071952034398095
21.08476403274748	80.67002943120711
44.42593658805552	74.3221457612866
53.384289453774045	63.07432856291632
10.604488731347459	58.737264977555675
45.699658537095374	82.66600501254408
29.418860459072977	74.56824258007092
32.89309884681323	49.64774376398006
26.602716904547126	55.925210302287624
39.872914495948635	67.90131213230437
20.52222837728182	56.35166597165102
17.886135518486142	65.99610485997762
27.815719588501782	74.55190528404115
18.750871070044013	56.47543343920512
34.88979342028643	64.96989238937029
48.30471071790416	49.13665931841348
37.906810600055394	62.935051873057525
24.799964958129515	66.98866086978846
32.2573915050894	83.37993808153452
29.423661797029194	65.1358388901799
36.72600812069071	44.70746494589145
33.74450068123384	70.49011794782234
28.722905385246634	64.83811673508372
26.67456534530701	53.084771280588704
21.7429731724972	82.84923876354102
36.38559811521439	82.6765430669706
20.917502765717867	56.28205689395379
18.33771826737717	41.50535493343058
12.916781835627255	63.94270295553613
14.415646545681257	70.88501154330133
23.882515979853576	51.98730890561843
27.15760687880102	59.20986250360949
28.9874241987186	64.04084305965566
36.28136759319671	68.84494174385057
22.73138509209479	62.46157378555264
26.56209274677675	58.01758612179111
19.893879309993537	79.87429614966808
29.816623024695136	51.14404094684556
21.045922113610885	54.49464880080021
18.295444087540275	44.41238306101234
15.632678854176884	61.030302006793114
27.0292547756942	57.02381580257989
17.3081679755082	73.40291873757334
38.32577598658605	66.25121745094008
33.25862305400844	71.42929165031927
35.20798478636191	58.504362739533605
14.361125518728953	59.673045677052365
30.449719082611015	76.71515540475706
29.1058008193546	54.57323670859939
36.64069247995318	82.32865124780491
23.703952704480553	68.75657621823305
33.67547211020661	54.70099135039741
16.492886869301724	64.88678947934304
23.666809008088848	58.2641628633305
36.581004817488434	57.50522641698946
23.54716401039017	66.80752394509192
6.616298025793487	53.88170075014744
33.77471623411295	56.458371029009854
23.609160432918124	71.66952286144559
40.36411261771286	73.54755826623706
27.39769097274344	60.59002377507835
28.27900910505374	64.69327026050756
33.505371531487484	57.21791507951111
29.848200510203224	83.46817956094525
34.65623898769903	62.6351645455614
20.191145236789186	67.6573674025377
19.816898758296382	63.04077208752216
48.552555398529236	66.10823468452975
4.553816549107928	68.36067141443134
23.416241395228436	41.912787122226376
12.621550565870601	52.226078609909734
21.527603461520123	71.48018985439008
18.010773125772765	70.50403410857989
26.55625345341448	75.58713805678457
11.63698783228986	64.4457622556017
39.238589016934675	65.96410261847934
24.862711909356715	71.70116581701257
31.12832321111642	75.6894118662608
26.726821557717642	57.44378672754338
24.014870011857198	64.50055744093741
30.768172411203878	55.7172915427034
18.520496697338135	73.20588225386908
25.6520046679334	72.66926630013356
39.874651826658884	77.99727400799873
33.287271145164084	73.44511407697807
34.86085379674435	58.018136463976596
19.757923305065166	52.768842855118095
16.352676736887517	59.120756256397726
19.529160859877578	55.517384775918316
33.394602365540244	74.4239695229304
33.9806830076638	56.356597985785754
28.40923862714014	51.699112630937314
15.79260659279405	67.65580417942164
35.0703747992004	78.24434562562642
34.6546399728198	57.02476479919666
40.68924462336683	79.09196765000233
7.011275368391793	67.09422501931405
33.81726158184158	75.75809707179043
19.25416279020503	62.079132066214086
26.273153007975324	70.86410129001351
19.20233711326535	76.0132552614859
8.373191916890416	86.70634275481231
31.486833662885687	53.647905217488
15.283105495694365	48.59457864122203
18.339383489113928	53.02973067839258
13.794669967753672	68.63704324762591
31.72704688254484	83.70163106868526
39.23682975704051	46.05699557244496
22.083713443444264	46.33868485140188
10.500313893589116	71.14701050233026
26.234264868730882	47.99071429843694
31.83806009844053	72.54687601422599
14.409524032259569	52.406785348622506
24.864840787021233	65.14943180510869
0.4614852005987089	41.40380656426126
19.207994483619885	69.88274842438865
30.97985767435398	84.94574220843599
38.932849072846295	69.71662414461548
15.318804473633787	66.92239381881069
12.47408120113081	66.1715586009079
25.06666074918105	70.92061165701905
27.83308260322598	73.62573281708947
16.40431743072117	73.15567284964486
12.085620579097931	50.57682118664787
42.27922978581735	77.44022586011582
27.47226772928008	60.5843937939248
23.665266846508235	56.187820397822485
27.169100374779735	57.22440377047032
30.86113060445137	73.93387043606253
6.796253294765499	49.86809812536239
47.06782941987922	27.873883628913532
19.20304145925666	61.430627214987965
28.89260769302505	57.319516892264524
40.70464057438887	42.901420498106845
36.72425827372503	64.84420486185476
17.44301175533894	66.28894312555413
41.705471674909816	49.29604708155286
32.606324190341866	71.42693517279429
26.416013391876252	66.2254089669325
34.72440567079682	69.45195753552849
22.094442035121375	62.52822386728018
31.553114888563076	51.36538194167324
57.60209995818067	69.49332435183373
32.318850590364605	74.76167569549462
27.832079931728487	68.67039189670625
38.764174767728846	53.67986965614209
32.554677998967094	66.27739638064337
38.21778638992157	64.38373089878482
31.083419400235947	58.28433184957892
33.284084227465996	70.92035830534122
16.247187774889042	53.138962221602355
11.607699844211687	58.97958333635875
48.14605005474054	77.62545206402308
22.803229573193907	66.29675664760269
29.29530803868977	69.45777714905172
25.956181762241407	43.325989196728315
42.14855733117223	74.15167351536947
22.50770049343578	76.75503781354513
42.27712395735848	59.010407214935995
29.13626110043439	55.848285932811734
25.168048194900933	72.25364455379216
23.59967903231771	59.78591227306406
24.426303193015375	68.02387559965845
31.94151442215192	60.830953567211374
47.230120932720745	54.123338171327
29.619455279101423	58.25167196094918
22.227525855819845	64.05913017552344
34.18540391364445	68.86692119964344
19.209047625020247	39.23864943506611
28.3206700231428	72.30578752183031
40.922559119510396	74.98963728855234
39.17875732084407	77.38204689017098
28.028339531115787	64.29240447635142
10.756735634368653	62.98360179997574
25.11636144189423	69.37141540115363
15.571484608401347	60.47113698012281
37.921123449345366	65.86448011210436
26.965756597182917	54.33137073812093
20.20710282609839	47.30916410852754
41.349441289466846	68.36988580151547
22.369071000167782	68.65037495602282
4.141436988536892	65.72436895469478
27.03252540477256	68.62077543760094
38.22888165655588	73.25003052229921
23.58967099979778	69.49754900010576
-1.8211714234944445	65.3579822847109
23.261591971530827	58.179697492090725
32.51776598296112	59.676357669834886
0.02642936993359868	44.71133372867695
26.265245902748394	54.27383687428279
12.996273561300749	67.76115002349009
26.881319471824188	58.31691652192894
82.5301319437155	31.502334904184316
116.14216012578444	47.68559893366204
84.44632045086577	46.90704456312685
87.3644352078421	58.958332061389015
98.08914202910053	36.47406670799943
102.747181254958	32.266581883625264
96.72697595521424	41.45697640155447
94.45780727303081	64.23183705062343
90.85412628693362	51.51261069546397
93.20586391204911	40.81649378756191
93.65315021296924	44.116058170297514
84.80797897709421	46.92342718777721
106.60424766136612	48.33736146037413
93.83283750797156	76.21374554800275
85.8789247587349	48.11621921710105
100.35328525729862	35.154854774992835
94.63939267228152	52.4569537675615
104.31706305635839	51.31078517302991
95.75103611565817	60.52229954698544
87.08318340521556	46.334095489229576
91.14330497035837	56.5592284362643
95.93625664284806	52.81122682863229
103.75968157307662	56.527776788743445
97.6684320699703	62.01261304405571
93.69847879488032	33.997729279960495
96.48209365784153	35.23930262236914
103.22877030257072	44.037184894276
97.86334359602502	52.86232530328314
98.24362003346215	35.89666108202671
106.43571906560184	57.793386932036626
98.60464611360133	42.4568524353017
83.48876233805386	48.8886465579612
90.16269306163494	46.54362868911776
94.64868957961217	51.04589052095336
84.98867242922464	52.66942798420715
100.33438806009457	52.46749790538007
98.95326459865306	60.85574682254466
95.80412865168974	61.74332395261414
88.72283745522574	40.32079811995694
89.14547107025193	55.10580161075433
86.522663517951	43.25827057913196
107.11843255393826	68.19925191122962
92.5457166207175	48.345671733522636
97.28591661102172	44.00035806669895
101.11274173070981	70.6446612311053
114.38892887480094	35.263645115970746
116.82389752808109	52.824247795630484
104.52276943093926	56.3812816054064
101.1257566196568	46.23407013077103
95.94066961611804	49.35008887105759
94.67922522661138	34.61125790616827
97.18493138620063	52.49942124766089
88.349038821731	61.88687855338088
106.87487521135168	45.38849212703853
90.22729743331278	49.84904450808237
108.16877314154455	45.842613637456914
111.74084488738941	46.34759465386103
106.94278511178298	62.01690504521441
79.278134616116	26.625385155508003
100.25457464423505	47.56508455045533
79.86225762821532	63.615020446697436
79.93546040534312	55.63799628487254
93.70596613801871	23.737925264901204
89.12314203863414	42.20174682675045
90.24601757992573	32.79834771788853
99.66045604823745	58.32886881053324
105.0697741718744	52.37173330950678
88.51513198808145	48.660443400844535
113.41197872506072	41.75270929490837
93.56266231888412	43.45860437536567
105.86632038782913	38.625379951100406
96.02840642617186	42.11675422198861
105.68961059221095	53.31878312505726
94.79047912714644	42.66513757530305
103.6632983980097	43.07593102359275
93.32108283567335	49.55601750910695
85.30682746117135	41.55906760721999
97.53663081105522	60.16814643246067
107.8938857259527	56.18602877868649
92.26721152615305	55.065939015488475
90.56008700248402	60.22011513504068
103.22121780871329	42.63452785932373
94.29134396094386	44.74479882333417
94.46378496588578	33.540820937694775
101.5120645362516	32.65583151524585
114.04848205965439	37.84814956106594
106.948506343107	44.43073142346194
99.99223322282324	41.014925921581074
121.48126228583517	53.65377960417986
81.48510184645428	52.24115207927306
94.28287790335143	54.399404392224014
91.98981641641907	57.60299930995206
94.14485786248288	37.34111683010533
75.9208424630939	45.92220922453607
85.89394963999615	33.68763076993589
94.52766415530223	48.61507922848405
97.90889761231118	51.774053913160095
106.9029506961551	33.62039593879478
101.07249246823746	55.00406988781389
77.46571785913004	38.948056375045816
92.25843997378865	59.614005920123546
83.93132682525683	33.22664284374993
100.25019799214226	38.85845899714127
92.1111792951575	47.2111313003657
74.92130335125432	45.76649871943632
104.59463001935637	44.00637356877425
88.22804673478267	46.57831644224598
104.73635933575751	54.96322561805533
92.20218159854223	57.960124216116434
81.20219881453853	23.351599893278706
93.27487698673224	41.4154253725273
87.929664306845	61.66575272727116
94.55118443914637	51.327840524983074
85.04859110920789	40.1777321600567
102.87526176288155	50.32481100094453
103.60840789923847	36.85149450473554
111.13690356878304	40.291295005328415
99.03060461413921	39.15458634702221
83.4166161218491	46.77884302926562
90.60511153024326	39.631056010759075
99.98344685070465	35.509851926052974
109.86641409403978	53.396553477238804
67.61322097355996	37.145217255356975
88.90004599007118	42.57397081380674
99.82810386972514	47.11431530351365
101.3088075904587	35.87174208834574
91.42515387536156	48.41366093401318
94.22023839902445	28.360762429852297
95.59127332077108	63.3464981178128
127.26544228251338	26.24123942818098
74.98720610298594	46.462502000326054
80.47982201219283	40.96560798108416
82.11243342015868	34.4013341268452
111.59881292894181	35.882807556119076
98.74731100061615	30.24152484690238
109.68891158164209	35.396564031788856
98.04909295091527	58.99192479282327
93.4085520518912	43.40499884886271
92.93524210897526	47.308843425728526
93.37431268651405	55.299469629374954
85.59292563776388	41.87840127253515
104.63376702096369	53.68713431208745
107.12679221689194	45.38928739238363
105.78252660038203	50.95565905931507
109.32116799864795	58.2608973202521
88.60138157800687	43.469869305925556
84.76586398835681	38.07099756669216
83.87230710490775	35.373289727111825
97.84639076576643	37.662351651413815
76.83840659842582	53.914369470880416
78.15143902618584	35.36960242896974
84.43938471898892	34.850445673343636
102.85791739077622	45.54612049700879
118.79167486799854	38.69749502794651
89.18375886988632	37.50575231010218
81.86158527408145	41.468841360490046
82.0130009571305	49.50194134076891
117.48765762801528	42.956640427476465
88.84594815834772	53.86071285291518
93.59026632275004	46.201467030988546
97.3196803303012	47.08439131479992
116.90761528718336	63.33135607099767
99.53643740703241	55.54461735989488
90.70581520663303	26.110707621942378
115.99856955476072	38.28696461242389
118.37202465525277	46.79573711504013
94.79974915984273	57.78537619519577
82.47996969170569	46.06120860949176
85.75371265257951	46.59219453194511
97.08522824986099	42.04903210797417
86.30393048260966	57.994897999503024
89.83060186765398	58.25028849365203
94.20023703474665	37.17851911469361
72.30105230344083	54.01868349503531
95.59794928355427	48.674083127758855
74.9639507804552	48.39487612878502
76.74860056877097	42.04347467020052
92.33054229326864	44.39001309614373
99.24829279624305	42.09793501681932
108.30816055250783	59.66195240605653
99.15246246908028	52.81017114269716
105.1063125668934	44.21059739400881
89.16145143124746	40.119765500416534
79.40066561829957	42.95139491148219
97.91145858295299	53.916476406159994
85.51546150397787	47.07964024931434
94.20657046301864	37.206235295755796
75.2549244073168	41.741788819430155
99.07190995770554	56.65775672873669
95.99907750934929	56.94449269760217
96.04294164344945	40.59214529386142
89.54240863239444	29.61173872185455
88.79806856684263	73.36986585379779
100.760141900188	31.944687749217987
102.55447877343126	45.0308591996704
106.50280509179225	32.32195701841198
102.55727365383318	25.616198715671505
109.19452445180548	48.49009124478107
83.29113565956831	36.76114534779234
92.70986182752128	30.338930306326073
85.93596306812378	68.47935778924729
105.81195444781814	52.133917745496674
108.49561251596495	46.78838343150667
97.0700610916204	60.930266859516394
93.63382945305287	35.49433347265251
77.97024730904684	46.75286555050992
90.4094365466123	32.26846533489079
88.00140476668737	53.94679821793452
96.65090937871052	55.38118638331433
98.03904024202092	59.55880401504468
92.50474194050037	39.858369748442335
91.53385757562373	45.26279149487923
88.21980950643797	58.888573489146594
97.97293819468197	40.09994324853806
102.3942607779494	40.57661946820697
102.48130851928856	24.203018610225765
98.80228343872005	45.783764450766164
104.13712996959778	45.78284359285712
94.8640462926575	30.50191402457002
94.5046339352074	59.750125850267
91.67720398331413	43.95279380541116
90.87381966082368	47.543423509888314
96.029322156863	39.302951595951356
90.52850130144962	54.88179038654739
93.94009414790851	39.16858439493728
96.15623733688292	55.12277342520842
104.20321596823935	54.40693159551271
93.337058722227	38.847192292224776
98.13031971517098	42.69105031477709
86.75406562314777	49.28508944278146
87.8625084830303	34.24616004763282
98.27885377203452	58.04814253616653
98.40715764078124	51.895830849352734
87.36168760091749	36.1471996685499
105.57812098318328	34.17156257289051
99.6888998319435	40.82678402396312
104.2375463974692	41.73332162949392
104.63428892453271	34.04202129806607
91.45033238259273	56.107446771751995
81.48015048263338	42.18703866228957
91.0742686220166	53.52235522658414
83.83744389775012	37.65575078002445
95.51871661129015	55.881045557886594
87.22119035619053	38.17722355932428
104.37301959434058	59.065572727737546
95.56402739840794	67.90629646097784
111.00569422336821	38.64124942417715
97.81814427204404	42.944647479886925
105.82604654560362	54.90356715096233
100.38030576868613	44.99243038002835