45.38276488263007	29.064246938898613
43.53326616912083	15.000508864461036
34.191060812481126	2.3930595828076884
45.0551715717248	9.131024828934471
25.315632069398085	32.6010219277423
49.73811179681112	2.5684994704137525
36.15486510239799	-1.3646493499336394
57.20032318951394	-5.1799965258151115
30.50428539242636	13.815803349136264
60.57409038013896	18.994363466436084
36.99139507074184	-6.881729025499972
34.60822139311823	1.317027507540482
28.86087146004288	6.689033544909869
49.08478597793982	9.786769354103914
45.6691711129227	16.02365656718384
44.053723954224644	16.62040246888445
41.711789513816775	19.21514671382343
37.94018570267528	17.90360915563486
56.73246616881161	10.687892653250053
39.95532421205466	18.11307054203446
28.755478971398567	32.149770068472705
24.814383943637054	15.263861216737643
50.557706806434055	3.1757770452585596
46.94847086247461	16.844699429758837
32.727260099512016	10.133073927005714
35.31566180803116	25.086209939135795
44.09569290819114	18.681788786581112
39.21673529913424	19.45444463009306
33.83224911476365	19.030823808714686
29.47509645288167	14.806941463992015
27.0707947901021	8.027282216389537
21.837349534541318	4.894129726013471
36.011782784552466	9.51840108036396
39.708839828544185	20.243513935221177
29.228110558432526	29.77307728057086
33.698109657848526	-9.311781728163984
18.57052620018742	36.91139311368576
54.998330034176796	12.68965102475443
105.8816236539264	21.38806059387087
91.96740889859431	18.864130925555617
93.98928767515683	20.470527483295022
86.70982866053869	9.688366030618237
96.25194959149616	30.66756884712467
95.9167625374571	22.222802332481862
83.45370345608701	11.553501007895381
93.0962452830952	23.777377827100477
90.40834462413301	32.36279349151269
84.70992208946944	31.763451416755984
86.69702981879757	22.549459349330224
86.82264684488192	-7.261682080586375
87.85761834769558	28.410756800749134
86.57740435254453	29.740231349715607
100.60495316737232	-3.734535029356344
91.36153298577864	14.77034737539219
88.93574771429131	7.572334846850872
93.54341007955644	32.872351134282184
99.3804132857837	26.572803160371016
62.09288913625758	78.39190150574711
97.17135948649792	77.13224161969303
63.995572753906856	78.0692618027667
89.68655314257644	68.80938788339552
82.76880718327062	65.06018479165226
92.45251956475698	70.32035797701069
71.3122459723554	70.98828473108154
83.00778901365712	64.43870943512596
73.8053700386859	76.34510766194701
83.91922785916758	73.29191886777043
68.63279545909121	62.19717385100872
85.48205093095325	85.14134203112646
78.04675787105016	60.876755431233434
87.40337575233701	64.34247352633597
69.30740488211381	78.99510119050653
91.46368130990187	78.12976181889815
74.42402411599679	66.72587896193626
75.17987772225774	80.88949344332511
82.74603616454074	75.56765931623207
71.79556952376505	74.2736992235009