54.82018628826315	0.8337473742104426
54.82018628826315	0.8337473742104426
47.920452959435835	90.48223768253752
47.920452959435835	90.48223768253752
78.97812227221452	16.779137584029773
78.97812227221452	16.779137584029773
78.97812227221452	16.779137584029773
81.15978642598971	45.694909964598864
81.15978642598971	45.694909964598864
75.90073587902167	0.1377834404422884
75.90073587902167	0.1377834404422884
36.914933472278754	93.32268851987313
39.02564886246759	58.51762386566404
39.02564886246759	58.51762386566404
70.15426693883263	48.535360801934466
70.15426693883263	48.535360801934466
72.26498232902148	13.730296147725385
72.26498232902148	13.730296147725385
67.07687907042481	31.89400665834698
67.07687907042481	31.89400665834698
60.10619697801115	57.82165845668093
83.07574707275121	45.94300804976021
84.66321828192072	11.446762334781704
84.66321828192072	11.446762334781704
77.69253618950707	37.37441413311565
77.69253618950707	37.37441413311565
81.5769618180646	11.590303377445073
81.5769618180646	11.590303377445073
74.60627972565095	37.51795517577903
74.60627972565095	37.51795517577903
74.60627972565095	37.51795517577903
76.50415030029575	9.550374991590548
76.50415030029575	9.550374991590548
8.561819613074439	34.847274893082805
8.561819613074439	34.847274893082805
1.662086284247122	25.495765201409878
1.662086284247122	25.495765201409878
5.475563149218329	34.990814460531226
5.475563149218329	34.990814460531226
5.475563149218329	34.990814460531226
97.5846984158393	8.854411057822395
76.98340438529372	55.95150210068075
76.98340438529372	55.95150210068075
78.88127643515348	27.98392339170724
78.88127643515348	27.98392339170724
78.88127643515348	27.98392339170724
74.18094297578297	13.97839423288673
74.18094297578297	13.97839423288673
75.76841270973753	78.48214851790824
75.76841270973753	78.48214851790824
68.86867938091021	69.13063882623531
68.86867938091021	69.13063882623531
63.60076023849388	40.35840601311463
63.60076023849388	40.35840601311463
65.7824229170541	69.27417839368373
65.7824229170541	69.27417839368373
65.7824229170541	69.27417839368373
96.84009222983279	94.57107829517598
96.84009222983279	94.57107829517598
98.73796280447759	66.6034981109875
98.73796280447759	66.6034981109875
91.76728071206394	92.53115138453641
91.76728071206394	92.53115138453641
86.57917745346727	11.69486189515801
86.57917745346727	11.69486189515801
86.57917745346727	11.69486189515801
88.68989284365611	75.88979724094892
88.68989284365611	75.88979724094892
81.22257383178297	51.77158094454592
81.22257383178297	51.77158094454592
85.60363785501495	76.03333680839734
85.60363785501495	76.03333680839734
15.461905823121883	6.984254701822218
15.461905823121883	6.984254701822218
15.461905823121883	6.984254701822218
17.572621213310722	71.17918857239817
17.572621213310722	71.17918857239817
12.659444413611114	64.01114535881324
12.659444413611114	64.01114535881324
5.1655181401781345	90.24761609637777
5.1655181401781345	90.24761609637777
28.34791305046225	71.53148269465139
28.34791305046225	71.53148269465139
30.245782149892076	43.563902510462924
30.245782149892076	43.563902510462924
30.245782149892076	43.563902510462924
24.98673160292403	97.00677451109138
24.98673160292403	97.00677451109138
27.16839428148426	26.922548366875436
27.16839428148426	26.922548366875436
19.63012503080981	38.083495035694256
19.63012503080981	38.083495035694256
5.023973494225587	24.591409193458006
5.023973494225587	24.591409193458006
6.567101726153642	74.0196394097338
6.567101726153642	74.0196394097338
6.567101726153642	74.0196394097338
98.66736839732633	64.66812971806087
98.66736839732633	64.66812971806087
3.4808452622975325	74.16318045239716
3.4808452622975325	74.16318045239716
95.27071256799495	58.283002279504295
95.27071256799495	58.283002279504295
97.45237672177012	87.19877613528834
97.45237672177012	87.19877613528834
97.45237672177012	87.19877613528834
92.18445610413883	58.426544797382626
92.18445610413883	58.426544797382626
22.61031270572151	4.144166345107674
22.61031270572151	4.144166345107674
26.423789570692705	13.63921560422901
26.423789570692705	13.63921560422901
19.524056241865388	4.287705912556095
19.524056241865388	4.287705912556095
19.524056241865388	4.287705912556095
21.067184473793443	53.715936128831885
21.067184473793443	53.715936128831885
16.16287479432718	29.76299920421104
16.16287479432718	29.76299920421104
9.192194177128483	55.69065100254499
9.192194177128483	55.69065100254499
10.806268222212958	69.83971825359896
10.806268222212958	69.83971825359896
10.806268222212958	69.83971825359896
42.43152616846741	10.903323284606332
42.43152616846741	10.903323284606332
44.045603163981795	25.05239201087526
44.045603163981795	25.05239201087526
37.07491959635318	50.98004233399425
37.07491959635318	50.98004233399425
31.87794921752318	85.92864950608165
31.87794921752318	85.92864950608165
33.74921253060813	9.315754880645764
33.74921253060813	9.315754880645764
33.74921253060813	9.315754880645764
26.778531913409434	35.24340667897971
26.778531913409434	35.24340667897971
30.662957541966982	9.459295923309131
30.662957541966982	9.459295923309131
60.01786390474835	89.45608043625602
60.01786390474835	89.45608043625602
54.82089352591836	25.404684657913503
54.82089352591836	25.404684657913503
54.82089352591836	25.404684657913503
56.93160891610721	89.59962000370442
56.93160891610721	89.59962000370442
49.46428695380415	65.48140518251638
49.46428695380415	65.48140518251638
53.854221047699376	72.95826586011694
48.21382237166972	56.151632344747284
48.21382237166972	56.151632344747284
33.60766935987054	42.659546502511034
33.60766935987054	42.659546502511034
26.069400109196103	53.82049317132985
26.069400109196103	53.82049317132985
28.25106426297128	82.7362670271139
28.25106426297128	82.7362670271139
22.98314512055495	53.96403568920819
22.98314512055495	53.96403568920819
22.98314512055495	53.96403568920819
25.138202012770293	34.234493628529854
51.19400857136647	22.212303654160717
51.19400857136647	22.212303654160717
45.92608942895012	92.44007084104004
45.92608942895012	92.44007084104004
48.1077535827253	22.355844696824086
48.1077535827253	22.355844696824086
40.569482856835904	33.5167913656429
40.569482856835904	33.5167913656429
40.569482856835904	33.5167913656429
35.94896823171498	66.44720700577963
35.94896823171498	66.44720700577963
37.492096463643044	16.87543574684046
37.492096463643044	16.87543574684046
66.63415801088037	4.7097062050229095
66.63415801088037	4.7097062050229095
71.0152235093273	28.971460593659373
71.0152235093273	28.971460593659373
71.0152235093273	28.971460593659373
63.547901547024246	4.853245772471319
63.547901547024246	4.853245772471319
65.6586169372131	69.04818111826224
65.6586169372131	69.04818111826224
60.461646558383094	4.996786815134698
60.461646558383094	4.996786815134698
53.49096299075448	30.92443861346864
53.49096299075448	30.92443861346864
53.49096299075448	30.92443861346864
57.3487843081821	55.49501341655064
57.3487843081821	55.49501341655064
86.49084585541942	43.32928239951813
86.49084585541942	43.32928239951813
88.60156124560827	8.524217745309043
88.60156124560827	8.524217745309043
83.40459086677826	43.47282196696655
83.40459086677826	43.47282196696655
76.43390729914965	69.40047524051545
76.43390729914965	69.40047524051545
78.04798429466405	83.54954396678437
74.9705979014712	66.90818834798192
74.9705979014712	66.90818834798192
35.76657613271171	85.99177958602853
35.76657613271171	85.99177958602853
30.85339785779714	78.82373784765855
30.85339785779714	78.82373784765855
32.3965260897252	29.251968063934335
32.3965260897252	29.251968063934335
32.3965260897252	29.251968063934335
25.49679276089788	19.900458372261422
25.49679276089788	19.900458372261422
29.310269625869086	29.395509106597714
29.310269625869086	29.395509106597714
22.41053629704177	20.043997939709833
22.41053629704177	20.043997939709833
53.51254858706192	60.41642190994779
53.51254858706192	60.41642190994779
53.51254858706192	60.41642190994779
55.62326397725077	25.611357255738714
55.62326397725077	25.611357255738714
48.439737069293066	58.37649499930823
48.439737069293066	58.37649499930823
52.25321393426426	67.87154425842957
52.25321393426426	67.87154425842957
45.35348060543694	58.520034566756635
45.35348060543694	58.520034566756635
46.896608837365	8.948264783032437
46.896608837365	8.948264783032437
46.896608837365	8.948264783032437
42.276092737029124	41.87868042316915
42.276092737029124	41.87868042316915
71.06341194154972	8.108758331385946
71.06341194154972	8.108758331385946
73.24507757053985	37.02453071195504
73.24507757053985	37.02453071195504
67.97715695290856	8.252299374049326
67.97715695290856	8.252299374049326
67.97715695290856	8.252299374049326
69.8750260523384	79.28472066507581
69.8750260523384	79.28472066507581
62.904345435139696	6.21237098819479
62.904345435139696	6.21237098819479
57.707373581094735	41.160978160282205
57.707373581094735	41.160978160282205
59.81808897128358	6.3559120308581685
59.81808897128358	6.3559120308581685
59.81808897128358	6.3559120308581685
90.92010126130374	46.72833600109613
90.92010126130374	46.72833600109613
93.10176541507892	75.64410838166522
93.10176541507892	75.64410838166522
85.56349468918951	86.80505505048404
85.56349468918951	86.80505505048404
80.65031788948991	79.63701331211405
80.65031788948991	79.63701331211405
82.76103327967874	44.831948657904974
82.76103327967874	44.831948657904974
82.76103327967874	44.831948657904974
75.29371279259065	20.71373236150196
75.29371279259065	20.71373236150196
79.68364541127093	28.190594514317493
79.68364541127093	28.190594514317493
62.23955660816781	39.86498302450561
62.23955660816781	39.86498302450561
64.35027347357162	5.05991689508157
64.35027347357162	5.05991689508157
64.35027347357162	5.05991689508157
59.153301619526665	40.00852406716898
59.153301619526665	40.00852406716898
52.18261805189805	65.93617586550292
52.18261805189805	65.93617586550292
54.08048862654284	37.96859715652941
54.08048862654284	37.96859715652941
50.967627851556806	88.4668222827304
82.09624592792183	78.48455921900083
75.12556236029322	5.412212492549728
75.12556236029322	5.412212492549728
75.12556236029322	5.412212492549728
76.73963935580761	19.5612797436037
76.73963935580761	19.5612797436037
72.03930737165207	5.555752059998149
72.03930737165207	5.555752059998149
73.9371764710819	76.58817187580968
73.9371764710819	76.58817187580968
66.39890869562241	87.7491185446285
66.39890869562241	87.7491185446285
66.39890869562241	87.7491185446285
98.10398105048156	75.74866689937815
98.10398105048156	75.74866689937815
0.6471092824096296	26.176897115653937
0.6471092824096296	26.176897115653937
92.7473759535823	16.825385948766062
92.7473759535823	16.825385948766062
96.56085429376847	26.320438158317316
96.56085429376847	26.320438158317316
96.56085429376847	26.320438158317316
89.66111948972619	16.96892846664439
89.66111948972619	16.96892846664439
84.39320034730986	87.1966956535237
84.39320034730986	87.1966956535237
86.2910694467397	59.22911546933524
86.2910694467397	59.22911546933524
16.690320261977487	55.30142405102783
16.690320261977487	55.30142405102783
20.503798602163652	64.79647331014917
20.503798602163652	64.79647331014917
20.503798602163652	64.79647331014917
13.604063798121377	55.44496361847624
13.604063798121377	55.44496361847624
15.147192030049432	5.87319235953708
15.147192030049432	5.87319235953708
10.517808809480215	55.58850318592466
10.517808809480215	55.58850318592466
2.9795380835908167	66.74944985474347
2.9795380835908167	66.74944985474347
2.9795380835908167	66.74944985474347
4.87741013345056	38.78187114576996
4.87741013345056	38.78187114576996
89.20030835806504	60.568948268755534
89.20030835806504	60.568948268755534
90.82325247381277	57.93312033355864
90.82325247381277	57.93312033355864
77.6800604041168	84.14785421721933
7.795516165009256	23.33681023415435
7.795516165009256	23.33681023415435
2.5985443109642956	58.28541445581185
2.5985443109642956	58.28541445581185
4.709259701153136	23.48034980160277
4.709259701153136	23.48034980160277
4.709259701153136	23.48034980160277
96.24193921406503	98.36213350519976
96.24193921406503	98.36213350519976
1.6230047125119849	23.62388936905118
1.6230047125119849	23.62388936905118
93.15568275020892	98.5056760230781
93.15568275020892	98.5056760230781
95.26639814039777	63.700609893654054
95.26639814039777	63.700609893654054
95.26639814039777	63.700609893654054
27.678809795893184	11.601700869897
27.678809795893184	11.601700869897
20.14940914066704	5.977752352464964
20.14940914066704	5.977752352464964
22.331073294442227	34.893524733034056
22.331073294442227	34.893524733034056
17.06315267681093	6.121291919913373
17.06315267681093	6.121291919913373
19.244816830586107	35.03706577569742
19.244816830586107	35.03706577569742
19.244816830586107	35.03706577569742
13.976896212954808	6.264832962576752
13.976896212954808	6.264832962576752
43.40275281453749	50.98245451030181
43.40275281453749	50.98245451030181
45.2740176028374	73.36956136008087
45.2740176028374	73.36956136008087
40.0060969852061	44.59732854696019
40.0060969852061	44.59732854696019
40.0060969852061	44.59732854696019
42.18775966376632	73.51310092752928
42.18775966376632	73.51310092752928
34.64949188830684	84.6740475963481
34.64949188830684	84.6740475963481
30.020107192522676	35.389358422735675
30.020107192522676	35.389358422735675
31.56323542445073	84.81758863901146
31.56323542445073	84.81758863901146
14.686733779608398	12.258682278714712
14.686733779608398	12.258682278714712
14.686733779608398	12.258682278714712
18.500210644579603	21.753733013051004
18.500210644579603	21.753733013051004
11.325552332070187	37.733975570369665
8.239295868214068	37.87751661303304
8.239295868214068	37.87751661303304
1.2686152510153712	63.80516693615202
1.2686152510153712	63.80516693615202
5.153040879572917	38.021056180481445
5.153040879572917	38.021056180481445
34.50794724235429	19.017840693428326
34.50794724235429	19.017840693428326
36.095418451523805	83.52159350323487
36.095418451523805	83.52159350323487
36.095418451523805	83.52159350323487
31.182240176609252	76.35355324007985
31.182240176609252	76.35355324007985
24.211559559410556	3.281205038413787
24.211559559410556	3.281205038413787
25.825636554924948	17.43027228946776
25.825636554924948	17.43027228946776
21.125303095554436	3.424744605862208
21.125303095554436	3.424744605862208
21.125303095554436	3.424744605862208
22.73937861585387	17.573813332131127
22.73937861585387	17.573813332131127
52.094287929065175	97.57059636986305
52.094287929065175	97.57059636986305
46.897314599805256	33.519202066735495
46.897314599805256	33.519202066735495
49.016898585442384	80.92924222627556
49.016898585442384	80.92924222627556
41.83337167748468	14.69437996984507
41.83337167748468	14.69437996984507
41.83337167748468	14.69437996984507
45.64685001767084	24.189429228966414
45.64685001767084	24.189429228966414
38.747116688843526	14.83791953729349
38.747116688843526	14.83791953729349
69.80478600162222	40.13481943878575
69.80478600162222	40.13481943878575
71.98644868018245	69.05059181935484
71.98644868018245	69.05059181935484
71.98644868018245	69.05059181935484
64.49252240674946	95.28706255691935
64.49252240674946	95.28706255691935
68.8735879051964	20.548818420770782
68.8735879051964	20.548818420770782
61.690060997238696	53.3139561643403
61.690060997238696	53.3139561643403
63.233187753951796	3.742186380616086
63.233187753951796	3.742186380616086
63.233187753951796	3.742186380616086
58.603804533382586	53.45749720700368
58.603804533382586	53.45749720700368
41.08876549147818	1.4110486824136115
41.08876549147818	1.4110486824136115
43.27043112046831	30.326821062982702
43.27043112046831	30.326821062982702
38.00251050283701	1.554588249862032
38.00251050283701	1.554588249862032
40.19304325206049	13.685466919395218
40.19304325206049	13.685466919395218
40.19304325206049	13.685466919395218
34.925122634429194	83.91323410627454
34.925122634429194	83.91323410627454
27.741597201686446	17.678370374629104
27.741597201686446	17.678370374629104
29.852311116660328	81.87330572042002
29.852311116660328	81.87330572042002
60.98092919302537	71.8910441319054
60.98092919302537	71.8910441319054
60.98092919302537	71.8910441319054
63.091644583214205	37.08597800248137
63.091644583214205	37.08597800248137
55.624322620911144	12.967763181293314
55.624322620911144	12.967763181293314
45.327934937967406	96.23112752627877
45.327934937967406	96.23112752627877
49.70899896119939	21.492881914915237
49.70899896119939	21.492881914915237
49.70899896119939	21.492881914915237
78.56726692930631	51.44379980834012
78.56726692930631	51.44379980834012
80.67798231949517	16.638735154131037
80.67798231949517	16.638735154131037
75.48101194066517	51.58733937578854
75.48101194066517	51.58733937578854
68.5191984436998	60.73009746308658
68.5191984436998	60.73009746308658
68.5191984436998	60.73009746308658
72.40362407225734	34.945985232201046
72.40362407225734	34.945985232201046
65.43294197984369	60.87363850574996
65.43294197984369	60.87363850574996
67.33081255448847	32.90605832156148
67.33081255448847	32.90605832156148
98.38848186726717	58.202958223053734
98.38848186726717	58.202958223053734
91.48874706322489	48.85144705616585
91.48874706322489	48.85144705616585
91.48874706322489	48.85144705616585
93.03187529515296	98.27967727244165
93.03187529515296	98.27967727244165
88.37588628823887	0.349673657581808
88.37588628823887	0.349673657581808
89.98996328375326	14.498740908635769
89.98996328375326	14.498740908635769
83.01927971612464	40.426392706969715
83.01927971612464	40.426392706969715
83.01927971612464	40.426392706969715
68.12933607562499	69.05095577519086
68.12933607562499	69.05095577519086
69.67246283233808	19.479185991466654
69.67246283233808	19.479185991466654
62.772729503510774	10.127676299793729
62.772729503510774	10.127676299793729
66.58620784369693	19.622725558915064
66.58620784369693	19.622725558915064
59.6953431103179	92.48632068099128
59.6953431103179	92.48632068099128
59.6953431103179	92.48632068099128
54.42742249268662	63.7140878678706
54.42742249268662	63.7140878678706
56.60908664646179	92.62986172365466
56.60908664646179	92.62986172365466
85.39640585098238	58.85993963187145
85.39640585098238	58.85993963187145
89.56462653388527	89.95918144095845
89.56462653388527	89.95918144095845
89.56462653388527	89.95918144095845
82.59394296625666	16.886833239292386
82.59394296625666	16.886833239292386
84.20801996177106	31.035900490346346
84.20801996177106	31.035900490346346
79.552029479642	32.1058968754865
79.552029479642	32.1058968754865
72.01376022896757	43.26684501952029
72.01376022896757	43.26684501952029
74.1954258579577	72.18261887530433
74.1954258579577	72.18261887530433
74.1954258579577	72.18261887530433
6.253095170736404	97.47951730158164
6.253095170736404	97.47951730158164
8.15096427016623	69.51193711739315
8.15096427016623	69.51193711739315
1.1802821777525767	95.43959039094207
1.1802821777525767	95.43959039094207
94.9921789191559	14.603299426348695
94.9921789191559	14.603299426348695
97.10289430934476	78.79823477213961
94.0166393207036	78.941775814803
94.0166393207036	78.941775814803
23.874907288810526	9.892692233012914
23.874907288810526	9.892692233012914
19.174575304654983	94.88716454940736
19.174575304654983	94.88716454940736
21.07244440408481	66.91958584043385
21.07244440408481	66.91958584043385
21.07244440408481	66.91958584043385
13.534176628625328	78.08053250925266
13.534176628625328	78.08053250925266
17.95958362909878	18.41781096663484
17.95958362909878	18.41781096663484
10.492261666795722	93.2995961454468
10.492261666795722	93.2995961454468
12.602977056984562	58.494531491237716
12.602977056984562	58.494531491237716
12.602977056984562	58.494531491237716
96.42923836213954	30.235740519486328
96.42923836213954	30.235740519486328
89.45855626972589	56.16339379303524
89.45855626972589	56.16339379303524
91.35642684437069	28.19581360884676
91.35642684437069	28.19581360884676
86.09737482218767	81.63868560947523
86.09737482218767	81.63868560947523
86.09737482218767	81.63868560947523
88.27903897596286	11.554457990044318
88.27903897596286	11.554457990044318
83.01111983354653	81.78222665213859
83.01111983354653	81.78222665213859
13.436973484699283	27.499848199863646
13.436973484699283	27.499848199863646
14.980101716627338	76.92807841613944
14.980101716627338	76.92807841613944
10.350718496058121	27.643389242527025
10.350718496058121	27.643389242527025
10.350718496058121	27.643389242527025
11.893846727986187	77.07161945880281
11.893846727986187	77.07161945880281
4.710319820028477	10.836755727157373
4.710319820028477	10.836755727157373
0.054329337899425845	11.906752112297529
0.054329337899425845	11.906752112297529
1.5974575698274804	61.33498232857332
1.5974575698274804	61.33498232857332
1.5974575698274804	61.33498232857332
31.023314171410153	7.05260387629837
31.023314171410153	7.05260387629837
34.836791036381356	16.547654610634662
34.836791036381356	16.547654610634662
27.937056232339085	7.196144918961738
27.937056232339085	7.196144918961738
22.669137089922746	77.42391210584107
22.669137089922746	77.42391210584107
22.669137089922746	77.42391210584107
24.57587626001582	32.671436735401734
24.57587626001582	32.671436735401734
17.605194167602168	58.59909000895064
17.605194167602168	58.59909000895064
21.48961979615971	32.814979253280065
21.48961979615971	32.814979253280065
50.844527634156044	13.811760815797028
50.844527634156044	13.811760815797028
52.45860315445548	27.960829542065945
52.45860315445548	27.960829542065945
52.45860315445548	27.960829542065945
47.758271170299935	13.955303333675353
47.758271170299935	13.955303333675353
40.29095068321183	88.83708703727235
40.29095068321183	88.83708703727235
42.401666073400676	54.03202238306327
42.401666073400676	54.03202238306327
39.07595900765563	12.367733454499827
22.128508599226965	74.0879900594249
22.128508599226965	74.0879900594249
16.931536745182004	10.036595756297354
16.931536745182004	10.036595756297354
19.042252135370845	74.23153110208827
19.042252135370845	74.23153110208827
13.845281756540853	10.18013679896072
13.845281756540853	10.18013679896072
13.845281756540853	10.18013679896072
15.955997146729693	74.37507066953668
15.955997146729693	74.37507066953668
8.781337359005317	90.35531322685534
8.781337359005317	90.35531322685534
39.839006671784006	16.65221312834759
39.839006671784006	16.65221312834759
42.02067082555919	45.56798698413165
42.02067082555919	45.56798698413165
34.48240305009971	56.72893365295047
34.48240305009971	56.72893365295047
34.48240305009971	56.72893365295047
38.934415836918035	45.71152655158006
38.934415836918035	45.71152655158006
31.396145111028638	56.872473220398874
31.396145111028638	56.872473220398874
33.57780926480381	85.78824707618293
33.57780926480381	85.78824707618293
28.63802520354438	29.97489089656552
28.63802520354438	29.97489089656552
28.63802520354438	29.97489089656552
57.42534735849489	95.20496880478231
57.42534735849489	95.20496880478231
59.607010037055105	25.120741185351402
59.607010037055105	25.120741185351402
54.33908941942381	95.3485098474457
54.33908941942381	95.3485098474457
56.520753573198995	25.264282228014782
56.520753573198995	25.264282228014782
56.520753573198995	25.264282228014782
51.2528329555677	95.49205089010906
51.2528329555677	95.49205089010906
44.35309962674038	86.14053972322118
44.35309962674038	86.14053972322118
45.90509645411673	19.783874753246113
45.90509645411673	19.783874753246113
77.31750810961216	66.68496425427409
77.31750810961216	66.68496425427409
79.428223499801	31.879901075279975
79.428223499801	31.879901075279975
23.020346194793344	75.1734138116465
25.131061584982184	40.36834915743742
25.131061584982184	40.36834915743742
19.934091206152193	75.31695632952483
19.934091206152193	75.31695632952483
16.847834742296072	75.46049589697326
9.877154125097377	2.3881476953071963
9.877154125097377	2.3881476953071963
11.500098240845103	98.75232123532527
11.500098240845103	98.75232123532527
43.12535471188459	39.81592626633264
43.12535471188459	39.81592626633264
35.941827803926884	72.58106253468719
35.941827803926884	72.58106253468719
37.484956035854935	23.009292750962985
37.484956035854935	23.009292750962985
37.484956035854935	23.009292750962985
32.85557134007076	72.72460357735058
32.85557134007076	72.72460357735058
34.39869809678387	23.152832318411406
34.39869809678387	23.152832318411406
27.49896624317151	13.801322626738479
27.49896624317151	13.801322626738479
58.600978533191665	54.173745121761485
58.600978533191665	54.173745121761485
58.600978533191665	54.173745121761485
60.7116939233805	19.3686804675524
60.7116939233805	19.3686804675524
53.528167015422795	52.13381821112192
53.528167015422795	52.13381821112192
57.341642405179044	61.62886894545821
57.341642405179044	61.62886894545821
50.441910551566686	52.27735777857033
50.441910551566686	52.27735777857033
45.17398993393539	23.505126440664615
45.17398993393539	23.505126440664615
45.17398993393539	23.505126440664615
47.35565408771056	52.420900296448664
47.35565408771056	52.420900296448664
76.15184188767945	1.866083018414594
76.15184188767945	1.866083018414594
80.60385614971274	89.84867739225915
80.60385614971274	89.84867739225915
73.06558542382334	2.009624061077962
73.06558542382334	2.009624061077962
73.06558542382334	2.009624061077962
74.96345599846812	73.0420438768895
74.96345599846812	73.0420438768895
70.26312401431258	59.036516193283944
70.26312401431258	59.036516193283944
62.79580352722448	34.9183013720959
62.79580352722448	34.9183013720959
64.90651891741332	0.11323671788681622
64.90651891741332	0.11323671788681622
64.90651891741332	0.11323671788681622
49.70617443622343	22.209131304888004
49.70617443622343	22.209131304888004
51.88783711478365	51.124905160672064
51.88783711478365	51.124905160672064
46.61991797236731	22.35267382276634
46.61991797236731	22.35267382276634
39.43638958919465	55.1178100911209
39.43638958919465	55.1178100911209
39.43638958919465	55.1178100911209
41.547104979383484	20.31274396169686
41.547104979383484	20.31274396169686
36.35013312533854	55.26135113378427
36.35013312533854	55.26135113378427
38.460848515527374	20.456286479575187
38.460848515527374	20.456286479575187
67.32798655429755	33.6223062363193
67.32798655429755	33.6223062363193
62.627654570142	19.616780027928705
62.627654570142	19.616780027928705
62.627654570142	19.616780027928705
64.24173156565641	33.76584727898267
64.24173156565641	33.76584727898267
57.27104799802779	59.69350055253157
53.900999430256235	2.9536875552224204
53.900999430256235	2.9536875552224204
56.082662108816464	31.86945993579151
56.082662108816464	31.86945993579151
87.18467587405158	72.24188390602947
87.18467587405158	72.24188390602947
80.21399230642297	98.16953570436341
80.21399230642297	98.16953570436341
80.21399230642297	98.16953570436341
84.0984179349805	72.38542494869286
84.0984179349805	72.38542494869286
77.12773584256685	98.31307527181184
77.12773584256685	98.31307527181184
79.02560641721163	70.34549656283832
79.02560641721163	70.34549656283832
73.75768579958034	41.57326374971765
73.75768579958034	41.57326374971765
4.183542401163011	86.29088677265766
4.183542401163011	86.29088677265766
4.183542401163011	86.29088677265766
5.73553922853937	19.934220327467624
5.73553922853937	19.934220327467624
1.1061545327551947	69.64953115385522
1.1061545327551947	69.64953115385522
2.649282764683249	20.077761370131004
2.649282764683249	20.077761370131004
94.74954943585593	10.726251678458079
94.74954943585593	10.726251678458079
94.74954943585593	10.726251678458079
89.48162881822464	80.9540188653374
89.48162881822464	80.9540188653374
91.37949939286943	52.98644015636389
91.37949939286943	52.98644015636389
74.43204898444075	15.706695286074005
74.43204898444075	15.706695286074005
78.28986882665343	40.277270089156005
78.28986882665343	40.277270089156005
71.39013697304107	30.925758922268123
71.39013697304107	30.925758922268123
71.39013697304107	30.925758922268123
66.12221635540978	2.1535275843624007
66.12221635540978	2.1535275843624007
68.30388050918495	31.06930144014646
68.30388050918495	31.06930144014646
60.76561125851051	42.23024810896528
60.76561125851051	42.23024810896528
64.93383046619844	73.32948844283732
64.93383046619844	73.32948844283732
64.93383046619844	73.32948844283732
94.28873830419478	54.32627295578418
94.28873830419478	54.32627295578418
95.91168241994251	51.69044502058729
95.91168241994251	51.69044502058729
91.21135043578695	37.68491733698174
91.21135043578695	37.68491733698174
83.74402994869885	13.566702515793693
83.74402994869885	13.566702515793693
83.74402994869885	13.566702515793693
85.8547453388877	77.76163786158462
85.8547453388877	77.76163786158462
80.65777348484275	13.710243558457062
80.65777348484275	13.710243558457062
82.76848887503158	77.90517742903302
82.76848887503158	77.90517742903302
12.910550422268903	65.73944788721546
12.910550422268903	65.73944788721546
12.910550422268903	65.73944788721546
7.686974257094035	52.0427391428405
7.686974257094035	52.0427391428405
9.797689647282876	17.23767301341646
9.797689647282876	17.23767301341646
4.600717793237916	52.18627871028891
4.600717793237916	52.18627871028891
6.711433183426755	17.381214056079827
30.86936916737814	33.32660426589916
30.86936916737814	33.32660426589916
32.76723974202292	5.359024081710689
32.76723974202292	5.359024081710689
25.23783761158182	98.73507556427866
25.23783761158182	98.73507556427866
29.68985039840015	87.71766846290825
29.68985039840015	87.71766846290825
29.68985039840015	87.71766846290825
22.15158262294067	98.87861513172706
22.15158262294067	98.87861513172706
24.333246776715846	28.79438898751111
24.333246776715846	28.79438898751111
19.06532615908455	0.022157649605399343
19.06532615908455	0.022157649605399343
2.188824514242226	26.46324981409368
2.188824514242226	26.46324981409368
2.188824514242226	26.46324981409368
6.002302854428381	35.95830202364494
6.002302854428381	35.95830202364494
97.79217016012579	20.078125325967022
97.79217016012579	20.078125325967022
0.9738328386860141	48.99389770653611
0.9738328386860141	48.99389770653611
94.70591222105473	20.221664893415443
94.70591222105473	20.221664893415443
94.70591222105473	20.221664893415443
87.80618036744237	10.870155201742516
87.80618036744237	10.870155201742516
89.34930859937042	60.298385418018306
89.34930859937042	60.298385418018306
22.045512358781277	65.08282748380387
22.045512358781277	65.08282748380387
23.588640590709343	15.511056224864694
23.588640590709343	15.511056224864694
16.413982278199928	31.491298782183346
16.413982278199928	31.491298782183346
16.413982278199928	31.491298782183346
11.713650294044372	17.485772573792765
11.713650294044372	17.485772573792765
13.327725814343808	31.634841300061684
13.327725814343808	31.634841300061684
6.357043721930153	57.56249162318067
6.357043721930153	57.56249162318067
10.241469350487698	31.778380867510094
10.241469350487698	31.778380867510094
10.241469350487698	31.778380867510094
39.596377188484034	12.775163905242016
39.596377188484034	12.775163905242016
34.399405334439074	47.72376960211447
34.399405334439074	47.72376960211447
36.27067012273899	70.11087645189353
36.27067012273899	70.11087645189353
29.299988030325338	96.03852825022747
29.299988030325338	96.03852825022747
33.18441365888287	70.25441601934195
33.18441365888287	70.25441601934195
33.18441365888287	70.25441601934195
26.213733041684176	96.18206929289086
26.213733041684176	96.18206929289086
27.82780856198361	11.331136543944815
27.82780856198361	11.331136543944815
59.453065033023094	51.3947415749522
59.453065033023094	51.3947415749522
51.98574602114995	27.276526753764145
51.98574602114995	27.276526753764145
51.98574602114995	27.276526753764145
54.10532853157213	74.68656543808926
54.10532853157213	74.68656543808926
49.192151731872514	67.51852369971927
49.192151731872514	67.51852369971927
50.73527996380058	17.946753915995064
50.73527996380058	17.946753915995064
28.59085770132695	15.615616217792589
30.772521855102138	44.53138859836168
30.772521855102138	44.53138859836168
25.50460123747084	15.759155785241
25.50460123747084	15.759155785241
27.659659604901144	95.02961519977762
27.659659604901144	95.02961519977762
27.659659604901144	95.02961519977762
20.476131221728476	28.794752943347138
20.476131221728476	28.794752943347138
15.208213554527093	0.022520130226459267
15.208213554527093	0.022520130226459267
17.389876233087325	28.938293986010507
17.389876233087325	28.938293986010507
46.177195437607914	94.1683718942273
46.177195437607914	94.1683718942273
46.177195437607914	94.1683718942273
50.629209699641194	83.1509647928569
50.629209699641194	83.1509647928569
43.0909389737518	94.31191146167572
43.0909389737518	94.31191146167572
45.281473198190234	7.4427901312089055
45.281473198190234	7.4427901312089055
40.01355258055894	77.6705587933032
40.01355258055894	77.6705587933032
32.830025672601224	11.435695061657741
32.830025672601224	11.435695061657741
32.830025672601224	11.435695061657741
34.94074106279007	75.63063040744866
34.94074106279007	75.63063040744866
66.06935913915511	65.64836734371909
66.06935913915511	65.64836734371909
68.18007452934394	30.843302689510004
68.18007452934394	30.843302689510004
62.98310267529899	65.79190838638246
62.98310267529899	65.79190838638246
62.98310267529899	65.79190838638246
56.05676356012679	7.795084253462117
56.05676356012679	7.795084253462117
57.59989179205485	57.22331299452295
57.59989179205485	57.22331299452295
52.68671351714029	50.05527125615297
52.68671351714029	50.05527125615297
54.79742890732913	15.250206601943887
54.79742890732913	15.250206601943887
54.79742890732913	15.250206601943887
83.65569687543606	45.20112449536877
83.65569687543606	45.20112449536877
78.95536341606555	31.195596811763217
78.95536341606555	31.195596811763217
80.56944041157995	45.34466406281719
80.56944041157995	45.34466406281719
73.60762691461458	54.48742067490027
73.60762691461458	54.48742067490027
73.60762691461458	54.48742067490027
77.49205401838708	28.703309919229692
77.49205401838708	28.703309919229692
70.52137192597343	54.630961717563636
70.52137192597343	54.630961717563636
72.41924102540327	26.663383008590127
72.41924102540327	26.663383008590127
57.17455356697191	33.68375352684562
57.17455356697191	33.68375352684562
50.27482023814459	24.332243835172694
50.27482023814459	24.332243835172694
50.27482023814459	24.332243835172694
54.08829857833076	33.827294569508986
54.08829857833076	33.827294569508986
47.16195946315856	74.83047043658866
47.16195946315856	74.83047043658866
48.776034983458	88.97953768764262
48.776034983458	88.97953768764262
44.07570299930244	74.97401147925201
61.69751659259153	86.3871864106833
92.75518443015527	12.684084836960599
92.75518443015527	12.684084836960599
92.75518443015527	12.684084836960599
94.65305500480007	83.71650465277213
94.65305500480007	83.71650465277213
87.68237291238641	10.644157926321032
87.68237291238641	10.644157926321032
82.48540105834145	45.592762147978526
82.48540105834145	45.592762147978526
84.64046090098671	25.86322156251515
84.64046090098671	25.86322156251515
84.64046090098671	25.86322156251515
77.1021901750973	37.024168231333974
77.1021901750973	37.024168231333974
81.55420296191564	26.006762605178526
81.55420296191564	26.006762605178526
11.341523641651186	91.23684198861028
11.341523641651186	91.23684198861028
13.23939421629597	63.2692618044218
13.23939421629597	63.2692618044218
8.539060756925458	49.26373412081626
8.539060756925458	49.26373412081626
8.539060756925458	49.26373412081626
1.0717402698373562	25.145519299628205
1.0717402698373562	25.145519299628205
3.1913242554744996	72.5555579839533
3.1913242554744996	72.5555579839533
96.99435240142954	8.50416515604072
96.99435240142954	8.50416515604072
0.10506779161837931	72.69910050183164
0.10506779161837931	72.69910050183164
0.10506779161837931	72.69910050183164
83.93132909677337	44.440308054865305
83.93132909677337	44.440308054865305
76.96064552914476	70.36796132841421
76.96064552914476	70.36796132841421
78.8585175790045	42.40038114422574
78.8585175790045	42.40038114422574
73.59059696137321	13.628148331105058
73.59059696137321	13.628148331105058
75.74565532880352	92.89860774564168
75.74565532880352	92.89860774564168
75.74565532880352	92.89860774564168
68.27833484171542	68.78039292445362
68.27833484171542	68.78039292445362
0.9035898375399319	9.843997955461013
0.9035898375399319	9.843997955461013
2.5176668330543244	23.993065206514974
2.5176668330543244	23.993065206514974
94.54698621585563	49.92071700484892
94.54698621585563	49.92071700484892
94.54698621585563	49.92071700484892
98.71520394832861	81.01995881393592
98.71520394832861	81.01995881393592
91.17693617286912	92.18090548275474
91.17693617286912	92.18090548275474
93.36746744687764	5.311782677072965
93.36746744687764	5.311782677072965
88.0995483044613	75.53955133916725
88.0995483044613	75.53955133916725
88.0995483044613	75.53955133916725
18.525403430829023	21.257172886892295
18.525403430829023	21.257172886892295
22.338881771015178	30.75222214601363
22.338881771015178	30.75222214601363
15.439146966972903	21.400712454340717
15.439146966972903	21.400712454340717
16.982275198900957	70.8289426706165
16.982275198900957	70.8289426706165
12.069098399201359	63.66090093224653
12.069098399201359	63.66090093224653
5.142759284029165	5.6640767993261765
29.65543761069727	43.213656608681234
22.69362263851695	52.35641322076433
22.69362263851695	52.35641322076433
22.69362263851695	52.35641322076433
26.578048267074493	26.572302465093752
26.578048267074493	26.572302465093752
9.630599333860781	88.29255907001883
9.630599333860781	88.29255907001883
4.433627479815821	24.24116329167632
4.433627479815821	24.24116329167632
6.544342870004672	88.43609863746724
6.544342870004672	88.43609863746724
98.07702238291657	64.31788381627919
98.07702238291657	64.31788381627919
98.07702238291657	64.31788381627919
3.4580878813635105	88.57963968013061
3.4580878813635105	88.57963968013061
95.2745609734058	22.344775948485175
95.2745609734058	22.344775948485175
96.86203070736036	86.84853170872162
96.86203070736036	86.84853170872162
29.487287178399846	27.912135264514045
29.487287178399846	27.912135264514045
29.487287178399846	27.912135264514045
22.019966691311744	3.7939204433260008
22.019966691311744	3.7939204433260008
24.130682081500584	67.98885578911693
24.130682081500584	67.98885578911693
18.933710227455624	3.93746001077441
18.933710227455624	3.93746001077441
21.044425617644475	68.13239535656533
21.044425617644475	68.13239535656533
13.869768780350014	84.11263791388399
13.869768780350014	84.11263791388399
13.869768780350014	84.11263791388399
44.92743661791375	10.409536340161278
44.92743661791375	10.409536340161278
47.10910077168894	39.325310195945335
47.10910077168894	39.325310195945335
41.84118015405764	10.553077382824657
41.84118015405764	10.553077382824657
44.02284430783281	39.46884976339375
44.02284430783281	39.46884976339375
44.02284430783281	39.46884976339375
36.484575057158374	50.629796432212565
36.484575057158374	50.629796432212565
31.855190361374202	1.345107258600152
31.855190361374202	1.345107258600152
33.398318593302264	50.7733389500909
33.398318593302264	50.7733389500909
62.51377582940967	88.96229349181095
62.51377582940967	88.96229349181095
62.51377582940967	88.96229349181095
66.96578861622798	77.94488786565552
66.96578861622798	77.94488786565552
59.42751936555355	89.10583453447434
59.42751936555355	89.10583453447434
61.60918351932874	19.021606915043428
61.60918351932874	19.021606915043428
56.34126290169744	89.24937410192275
56.34126290169744	89.24937410192275
49.441529572870124	79.89786441024982
49.441529572870124	79.89786441024982
49.441529572870124	79.89786441024982
53.26387650850457	72.60801995833526
53.26387650850457	72.60801995833526
10.522436929427164	89.37798134702547
10.522436929427164	89.37798134702547
12.633152319616014	54.57291816803135
12.633152319616014	54.57291816803135
7.436181940786012	89.52152386490381
7.436181940786012	89.52152386490381
0.4654998483723576	16.449175663237753
96.37924338451624	16.592715230686164
96.37924338451624	16.592715230686164
97.96671459368577	81.09646951570765
97.96671459368577	81.09646951570765
28.108776140923084	68.93073849867515
28.108776140923084	68.93073849867515
23.40844415676753	54.9252108150696
23.40844415676753	54.9252108150696
23.40844415676753	54.9252108150696
25.022519677066963	69.07427954133853
25.022519677066963	69.07427954133853
18.051839059868268	95.00193133967247
18.051839059868268	95.00193133967247
21.936264688425812	69.21781910878694
21.936264688425812	69.21781910878694
14.96558259601216	95.14547238233584
14.96558259601216	95.14547238233584
46.10306926782548	68.37831413235541
46.10306926782548	68.37831413235541
46.10306926782548	68.37831413235541
48.21378465801433	33.57324947814632
48.21378465801433	33.57324947814632
41.03025775005662	66.33838574650088
41.03025775005662	66.33838574650088
44.84373461502782	75.83343795605214
44.84373461502782	75.83343795605214
37.943999810985545	66.48192678916426
37.943999810985545	66.48192678916426
37.943999810985545	66.48192678916426
39.4871280429136	16.910157005440052
39.4871280429136	16.910157005440052
34.857744822344394	66.62546783182763
34.857744822344394	66.62546783182763
63.68940700410644	47.93106980879013
63.68940700410644	47.93106980879013
65.80012239429529	13.12600515458105
65.80012239429529	13.12600515458105
60.88694411938073	5.957963416211068
60.88694411938073	5.957963416211068
60.88694411938073	5.957963416211068
62.43007235130878	55.3861921572719
62.43007235130878	55.3861921572719
55.53034049769642	46.034682465598976
55.53034049769642	46.034682465598976
50.262419880065124	17.262449652478306
50.262419880065124	17.262449652478306
52.44408255862535	46.178223508262356
52.44408255862535	46.178223508262356
52.44408255862535	46.178223508262356
37.20826517085725	36.41370031548194
37.20826517085725	36.41370031548194
39.38992784941747	65.32947269605103
39.38992784941747	65.32947269605103
31.85165859874303	76.49041936486985
31.85165859874303	76.49041936486985
26.93848032382846	69.32237910171483
26.93848032382846	69.32237910171483
26.93848032382846	69.32237910171483
29.049195714017312	34.51731297229078
29.049195714017312	34.51731297229078
21.58187522692921	10.399098151102741
21.58187522692921	10.399098151102741
25.96294072537615	34.66085401495416
25.96294072537615	34.66085401495416
54.7946029071382	15.966455991916654
54.7946029071382	15.966455991916654
56.976265585698435	44.882229847700714
56.976265585698435	44.882229847700714
56.976265585698435	44.882229847700714
51.708347918497054	16.109997034580033
51.708347918497054	16.109997034580033
44.52481953532438	48.875133302934586
44.52481953532438	48.875133302934586
64.62982805241563	13.517644282405763
64.62982805241563	13.517644282405763
66.52769715184546	84.55006557343225
66.52769715184546	84.55006557343225
58.98942937638598	95.71101224225107
58.98942937638598	95.71101224225107
90.68563313579683	1.4954543080366234
90.68563313579683	1.4954543080366234
90.68563313579683	1.4954543080366234
92.27310434496636	65.99920711784316
92.27310434496636	65.99920711784316
85.3024222525527	91.92686039139207
85.3024222525527	91.92686039139207
89.18684788111024	66.1427496357215
89.18684788111024	66.1427496357215
82.21616578869659	92.07039995884048
82.21616578869659	92.07039995884048
82.21616578869659	92.07039995884048
84.11403636334138	64.10281977465202
84.11403636334138	64.10281977465202
78.84611574571008	35.33058696153134
78.84611574571008	35.33058696153134
61.9696155760827	61.77168207644953
61.9696155760827	61.77168207644953
65.78309244105391	71.26673281078584
65.78309244105391	71.26673281078584
58.89222623245993	45.130327932862045
58.89222623245993	45.130327932862045
58.89222623245993	45.130327932862045
60.435354464387984	94.55855814913785
60.435354464387984	94.55855814913785
55.80597124381877	45.273868975525424
55.80597124381877	45.273868975525424
48.26770199314433	56.43481564434424
48.26770199314433	56.43481564434424
50.16557256778913	28.467235460155774
50.16557256778913	28.467235460155774
50.16557256778913	28.467235460155774
81.7908290388286	68.53084049116316
81.7908290388286	68.53084049116316
83.37829877278315	34.034593300969696
83.37829877278315	34.034593300969696
76.4785669191708	24.68308360929677
76.4785669191708	24.68308360929677
71.21064630153951	94.91085079617609
71.21064630153951	94.91085079617609
71.21064630153951	94.91085079617609
73.39230898009973	24.826624651960138
73.39230898009973	24.826624651960138
68.1243898376834	95.05439183883946
68.1243898376834	95.05439183883946
70.02226041232818	67.08681312986596
70.02226041232818	67.08681312986596
0.3771667751095632	48.08359616759787
0.3771667751095632	48.08359616759787
94.18019639627956	83.03220186447032
94.18019639627956	83.03220186447032
94.18019639627956	83.03220186447032
96.29978038191669	31.442240548795425
96.29978038191669	31.442240548795425
88.83245989482859	7.324027202822341
88.83245989482859	7.324027202822341
93.21352244284563	31.585783066673763
93.21352244284563	31.585783066673763
85.74620343097249	7.467566770270751
85.74620343097249	7.467566770270751
85.74620343097249	7.467566770270751
87.85691882116132	71.66250211606167
87.85691882116132	71.66250211606167
20.269330476656755	19.563591617089656
20.269330476656755	19.563591617089656
12.775404203223765	45.80006235465419
12.775404203223765	45.80006235465419
9.689147739367655	45.94360339731756
11.799863129556496	11.138537267893517
11.799863129556496	11.138537267893517
6.602891275511546	46.08714443998094
6.602891275511546	46.08714443998094
88.65544086708287	8.807399569691043
88.65544086708287	8.807399569691043
90.55331144172766	79.83982086071754
90.55331144172766	79.83982086071754
85.28539229931133	51.06758804759685
85.28539229931133	51.06758804759685
85.28539229931133	51.06758804759685
87.47592357331985	63.198466717130046
87.47592357331985	63.198466717130046
79.93765579786036	74.35941338594887
79.93765579786036	74.35941338594887
75.30826962686123	25.07472421233644
75.30826962686123	25.07472421233644
76.85139785878928	74.50295295339728
76.85139785878928	74.50295295339728
7.277254460371955	20.220574501122325
7.277254460371955	20.220574501122325
7.277254460371955	20.220574501122325
11.090731325343162	29.715625235458628
11.090731325343162	29.715625235458628
3.8806001062555344	13.835448537780712
3.8806001062555344	13.835448537780712
6.062262784815754	42.7512209183498
6.062262784815754	42.7512209183498
0.7943421671844669	13.978988105229131
0.7943421671844669	13.978988105229131
0.7943421671844669	13.978988105229131
92.8946103135721	4.627479888771164
92.8946103135721	4.627479888771164
96.70808570332835	14.122530623107458
96.70808570332835	14.122530623107458
27.133942304911017	58.84015217083251
27.133942304911017	58.84015217083251
28.677070536839082	9.268380911893342
28.677070536839082	9.268380911893342
28.677070536839082	9.268380911893342
23.763892261924518	2.1003391735233605
23.763892261924518	2.1003391735233605
16.802080240174114	11.243095785606453
16.802080240174114	11.243095785606453
18.41615428525859	25.39216451187537
18.41615428525859	25.39216451187537
13.715823776317992	11.38663830348478
13.715823776317992	11.38663830348478
15.329899296617437	25.535704079323782
9.52135018829036	92.4275506950019
4.891966967721142	43.142861521389484
4.891966967721142	43.142861521389484
33.67928617224173	9.372939429606278
33.67928617224173	9.372939429606278
35.86095032601691	38.288711810175364
35.86095032601691	38.288711810175364
30.59303118360058	9.516480472269645
30.59303118360058	9.516480472269645
30.59303118360058	9.516480472269645
32.77469533737576	38.432254328053695
32.77469533737576	38.432254328053695
25.564561167858216	22.55207615516083
25.564561167858216	22.55207615516083
20.296642025441876	92.77984334204015
20.296642025441876	92.77984334204015
22.478304704002095	22.695617197824195
22.478304704002095	22.695617197824195
22.478304704002095	22.695617197824195
53.53597549199576	47.99251709931645
53.53597549199576	47.99251709931645
55.71763964577093	76.90828947988554
55.71763964577093	76.90828947988554
48.17936891988153	88.06923614870436
48.17936891988153	88.06923614870436
43.55885429476061	21.999653264056043
43.55885429476061	21.999653264056043
43.55885429476061	21.999653264056043
45.10198252668867	71.42788200511689
45.10198252668867	71.42788200511689
37.91845561873097	5.193018273471431
37.91845561873097	5.193018273471431
42.299519641962945	29.454775612537812
42.299519641962945	29.454775612537812
71.15778761006987	59.40569203074774
71.15778761006987	59.40569203074774
73.26850300025873	24.600625901323696
73.26850300025873	24.600625901323696
73.26850300025873	24.600625901323696
68.07153262142873	59.549233073411116
68.07153262142873	59.549233073411116
61.10085052901507	85.4768833965301
61.10085052901507	85.4768833965301
64.95867037122774	11.047459674827058
64.95867037122774	11.047459674827058
57.77514198805507	43.81259594318161
57.77514198805507	43.81259594318161
57.77514198805507	43.81259594318161
59.88585737824391	9.007529813757575
59.88585737824391	9.007529813757575
44.71211868339889	79.74874031722116
44.71211868339889	79.74874031722116
37.74143659098524	6.67639359077006
37.74143659098524	6.67639359077006
39.35551358649964	20.82546084182402
39.35551358649964	20.82546084182402
39.35551358649964	20.82546084182402
34.66405019779238	89.03503944718257
34.66405019779238	89.03503944718257
36.278125718091815	4.184105223021578
60.719855281173594	77.01284799759848
62.262983513101645	27.441078213874267
62.262983513101645	27.441078213874267
55.36325018427433	18.089567046986385
55.36325018427433	18.089567046986385
55.36325018427433	18.089567046986385
59.17672852446049	27.584619256537636
59.17672852446049	27.584619256537636
52.27699372041822	18.23310956486472
52.27699372041822	18.23310956486472
47.05341755524334	4.536400820489748
47.05341755524334	4.536400820489748
49.16413294543218	68.73133469106571
49.16413294543218	68.73133469106571
49.16413294543218	68.73133469106571
78.3061944926695	56.56560367403319
78.3061944926695	56.56560367403319
82.11967283285567	66.0606544083695
82.11967283285567	66.0606544083695
75.21993802881339	56.70914471669657
75.21993802881339	56.70914471669657
76.76306626074145	7.1373734577574
76.76306626074145	7.1373734577574
76.76306626074145	7.1373734577574
72.14255016040556	40.067790573109086
72.14255016040556	40.067790573109086
64.60428090973113	51.2287372419279
64.60428090973113	51.2287372419279
66.78594506350632	80.144509622497
66.78594506350632	80.144509622497
97.84361585149996	6.441409523989246
97.84361585149996	6.441409523989246
0.7414849509297886	77.47382933980077
0.7414849509297886	77.47382933980077
0.7414849509297886	77.47382933980077
92.77080285851613	4.401481138134722
92.77080285851613	4.401481138134722
87.57383100447119	39.35008683500717
87.57383100447119	39.35008683500717
89.68454639466003	4.545022180798089
89.68454639466003	4.545022180798089
84.46097022948514	89.84831343642313
84.46097022948514	89.84831343642313
84.46097022948514	89.84831343642313
86.64263290804537	19.764087292207176
86.64263290804537	19.764087292207176
69.12759534135591	66.71763729240216
69.12759534135591	66.71763729240216
64.21441854165631	59.54959555403217
64.21441854165631	59.54959555403217
66.32513393184516	24.74453089982309
66.32513393184516	24.74453089982309
58.85781344475705	0.6263146034200895
58.85781344475705	0.6263146034200895
58.85781344475705	0.6263146034200895
63.24774606343733	8.103176756235607
63.24774606343733	8.103176756235607
55.78042410113427	82.9849604598326
55.78042410113427	82.9849604598326
57.891139491323116	48.179895805623524
57.891139491323116	48.179895805623524
89.01975904290312	38.197634217108906
89.01975904290312	38.197634217108906
89.01975904290312	38.197634217108906
82.04907547527449	64.1252845402279
82.04907547527449	64.1252845402279
83.94694752513425	36.157705831254376
83.94694752513425	36.157705831254376
78.67902690750294	7.3854730181337045
78.67902690750294	7.3854730181337045
80.86068958606316	36.301246873917755
80.86068958606316	36.301246873917755
75.6371134208883	22.604538129542778
7.606096779184064	17.75038841832866
7.606096779184064	17.75038841832866
2.9057647950285097	3.7448622099380695
2.9057647950285097	3.7448622099380695
2.9057647950285097	3.7448622099380695
4.803633894458348	74.7772820257496
4.803633894458348	74.7772820257496
96.26536464378391	85.93822869456842
96.26536464378391	85.93822869456842
91.63598142321469	36.653539520956
91.63598142321469	36.653539520956
93.18797825059104	69.29687455098093
93.18797825059104	69.29687455098093
23.613833376958752	15.014496098705983
23.613833376958752	15.014496098705983
23.613833376958752	15.014496098705983
27.42731024192996	24.50954683304228
27.42731024192996	24.50954683304228
20.527576913102642	15.158037141369363
20.527576913102642	15.158037141369363
15.259657770686303	85.38580432824868
15.259657770686303	85.38580432824868
17.157528345331098	57.41822414406021
17.157528345331098	57.41822414406021
17.157528345331098	57.41822414406021
10.186844777702486	83.34587741760912
10.186844777702486	83.34587741760912
14.044664619915144	8.916450745476158
14.044664619915144	8.916450745476158
96.16816445028776	35.35754586039437
96.16816445028776	35.35754586039437
97.71129268221583	84.7857746014552
97.71129268221583	84.7857746014552
97.71129268221583	84.7857746014552
93.08190946164662	35.501085427842774
93.08190946164662	35.501085427842774
85.54363873575721	46.66203209666159
85.54363873575721	46.66203209666159
87.44150931040201	18.69445338768808
87.44150931040201	18.69445338768808
82.74117732624646	4.688925704082528
82.74117732624646	4.688925704082528
84.36412144199419	2.053099244100595
84.36412144199419	2.053099244100595
84.36412144199419	2.053099244100595
14.719029279990522	82.04988228183252
14.719029279990522	82.04988228183252
9.522057425945562	17.998487978704965
9.522057425945562	17.998487978704965
11.632772816134413	82.19342184928092
11.632772816134413	82.19342184928092
6.435800962089452	18.142029021368344
6.435800962089452	18.142029021368344
6.435800962089452	18.142029021368344
8.546516352278292	82.33696436715927
8.546516352278292	82.33696436715927
1.362990919535541	16.10210063551381
1.362990919535541	16.10210063551381
32.465001734340746	56.474524605751775
32.465001734340746	56.474524605751775
34.57571712452958	21.66945995154269
34.57571712452958	21.66945995154269
34.57571712452958	21.66945995154269
27.108396637441484	96.55124365513969
27.108396637441484	96.55124365513969
31.489460660673465	21.812999518991113
31.489460660673465	21.812999518991113
24.022140173585363	96.69478469780306
24.022140173585363	96.69478469780306
26.132855563774214	61.88971856837902
26.132855563774214	61.88971856837902
21.219677288859646	54.72167683000904
21.219677288859646	54.72167683000904
52.197530717818665	33.08263488297398
46.929610100187375	4.310402069853304
46.929610100187375	4.310402069853304
49.111274253962556	33.22617445042239
49.111274253962556	33.22617445042239
43.84335363633126	4.453941637301714
43.84335363633126	4.453941637301714
43.84335363633126	4.453941637301714
36.94362030750394	94.10243342084375
36.94362030750394	94.10243342084375
38.48674853943199	44.53066216190459
38.48674853943199	44.53066216190459
96.98905475748278	71.72213110262284
96.98905475748278	71.72213110262284
0.1707189112579588	1.6379049584068839
0.1707189112579588	1.6379049584068839
91.63244818536856	12.7988516272257
91.63244818536856	12.7988516272257
91.63244818536856	12.7988516272257
87.00306496479935	62.51416245361329
87.00306496479935	62.51416245361329
88.54619172151244	12.94239266988908
88.54619172151244	12.94239266988908
81.64645986790008	3.590881503001195
81.64645986790008	3.590881503001195
85.45993673287128	13.085932237337488
85.45993673287128	13.085932237337488
85.45993673287128	13.085932237337488
15.610866875556903	83.13530750926908
15.610866875556903	83.13530750926908
17.72158226574574	48.33024285505999
17.72158226574574	48.33024285505999
12.524610411700793	83.2788470767175
12.524610411700793	83.2788470767175
5.553929794502097	10.206500350266401
5.553929794502097	10.206500350266401
9.438355423059631	83.42238664416591
9.438355423059631	83.42238664416591
9.438355423059631	83.42238664416591
2.4676733306459773	10.35003991771481
2.4676733306459773	10.35003991771481
4.055144539815504	74.85379272752135
4.055144539815504	74.85379272752135
35.46755472009597	22.754883703764303
35.46755472009597	22.754883703764303
28.49687410289727	48.68253550209825
28.49687410289727	48.68253550209825
28.49687410289727	48.68253550209825
30.110949623196703	62.83160422836717
30.110949623196703	62.83160422836717
25.4106161638262	48.82607506954666
25.4106161638262	48.82607506954666
27.024693159340593	62.97514379581559
27.024693159340593	62.97514379581559
20.054012542141898	88.90279559414954
20.054012542141898	88.90279559414954
20.054012542141898	88.90279559414954
51.18262914329197	78.92053253041996
51.18262914329197	78.92053253041996
53.30221460414407	27.330574165174973
53.30221460414407	27.330574165174973
46.11868769618636	60.09571043352953
46.11868769618636	60.09571043352953
49.9321630859426	69.59076116786582
49.9321630859426	69.59076116786582
43.03242975711528	60.2392514761929
43.03242975711528	60.2392514761929
43.03242975711528	60.2392514761929
37.76451061469894	31.467018663072228
37.76451061469894	31.467018663072228
39.94617329325917	60.38279104364132
39.94617329325917	60.38279104364132
22.475480179026135	23.411866587796972
19.67301729430042	80.43875872000294
19.67301729430042	80.43875872000294
21.216145526228473	30.866990411493703
21.216145526228473	30.866990411493703
16.586762305659256	80.58229976266632
16.586762305659256	80.58229976266632
9.048493054984817	91.74324790670009