92.4012362076706	34.476347818862095
50.24049285780362	97.65374727867984
83.64832816266009	30.953411021974876
80.52659731701081	98.23653280964169
74.18558255099599	21.436621958519794
68.31460186852568	45.03726623610238
2.5805396462094854	48.89525295941115
95.37255381191905	17.321914314526378
91.79852607362183	49.634693551416895
85.24466649206295	78.67226864553056
18.978491493279115	0.6239694943207715
16.620164143408264	34.97703959768688
13.551644870448728	1.5507887926335777
8.842444290844892	4.33015629527889
2.501429524830069	26.530246919371944
34.94259235146755	7.3834918648704155
37.85147838157279	45.937854547224205
33.44380709678096	72.03078424212536
29.639198827258056	45.75083979675316
23.44008011320095	96.39260596561753
53.07026729131447	14.843106871424364
85.05026462985572	76.51090150196748
72.06705868423418	60.3829891997493
65.50433050722701	7.205460955328775
61.327241228875835	91.8911158077076
56.33424707014159	37.787130745595356
88.58917086757991	74.1231731271469
84.10168369896842	53.28016097352073
79.14416392202735	31.03659516640504
74.84291430740008	53.710782626295895
7.929337741750744	12.959835021828699
3.6635625089166446	67.49444173671611
96.3402849337984	56.124740513092505
91.7463746198074	38.70047059447664
24.46031704532981	9.91512376297544
20.008304258511476	20.932529389130888
17.347738900958436	7.401100016538086
10.811616510296142	2.868884738150038
95.39170252769613	32.89399998464575
92.69566426356488	86.50215135705638
88.11949114047046	35.508089590723856
34.37571243086198	17.18772254384339
30.038989909656493	8.001490748737675
23.547209021020702	18.54480101431029
18.953300182244664	1.1205310956944399
50.764797157698275	84.70133574021884
47.944595606861014	76.29801972014148
43.54579439273244	85.60605422879178
38.94301548329315	84.96667949642679
24.48762859411493	83.13137548792594
19.902588350787184	48.92221038305922
15.140176198493585	53.41094900320968
10.989692706487274	87.74191682162098
42.668160750216515	27.0961507351232
36.29167307762348	17.435822104219692
32.07024229724579	87.04595141263786
27.494069174151377	36.05189259673525
59.403119224321244	33.998848717285234
54.51654673575157	75.47612142016267
49.83395046727764	27.90080336405541
45.5060980167354	1.9296763826988301
11.881530302053665	88.82734204905753
45.13860095950412	10.470223958617158
41.08567349264399	58.167344728269015
36.137020835936255	19.138883734902464
31.968803103463273	87.03964192581547
63.363476092847165	68.51052327456014
58.5567209633121	57.92373930117985
54.45945051921051	90.54533600208599
50.03404351873706	51.20805606948886
82.07612102541637	94.38158439627597
77.64184542949462	71.82920112514465
73.0479351155036	54.4049312065288
66.47633834304816	18.012296673144192
51.96773988118018	17.886363782148486
47.36496244695584	17.246989049783497
42.9927655439572	75.20033799968121
38.44319820720765	72.85159214981107
70.22808939631639	8.787083828302995
65.7760751342831	19.804487979243476
61.51030285187891	74.33909469413089
2.9775047284170046	11.862154776583395
0.11296167555324277	87.38331468776033
94.9004009658388	41.20854880992764
80.25877357224645	94.85604518790979
75.71807630616016	75.72240415178877
71.28379923502347	53.1700194054425
64.89844149176719	60.29458596078985
96.55917381981479	33.21860877157885
93.86313408046857	86.82676014398947
89.57075453650454	92.71605241762947
84.93250124527209	60.21625843026791
17.62870795511286	65.00070049605347
13.132350715838122	60.94258352867816
8.742418097157836	53.465722851077594
4.18398216496	67.9018721874583
35.87131880413753	89.47120943949471
31.029089292809303	47.024006211117864
26.90521158714788	31.00028847077658
22.18714241209574	50.564551159672746
8.76050669405959	81.68140112042741
41.432253002352674	22.127368272973637
36.90042285649972	85.20883057538681
32.466147260577976	62.6564473042555
27.588444842671535	87.34882482088207
59.2403071000559	77.05774281792192
54.74394986078115	72.99962585054662
50.691020918706066	21.696746620198468
46.38090565906041	61.15582926634018
31.86343860174415	77.81479156159534
26.870444443009912	23.710807974698042
22.51598473090785	48.094365076879086
18.00189177595147	77.6060384820055
49.73357139237046	15.250899802787623
45.06871379000808	33.10579284939359
40.69651688700942	91.05914179929131
36.129212359363294	23.28018484670793
67.47954384672067	88.67554212670687
62.95658229631601	35.972109242869195
58.4957009140494	63.774413005705426
53.91066067072164	29.56524642562375
85.64233881192568	66.21010922162083
81.17258883421076	11.79730522027799
76.59641571111634	59.80324492916042
72.41045931253183	62.273793492575145
57.56485569884371	6.973880629541991
52.74036337841207	29.956885553448465
48.350430759731786	22.480024875847906
43.543675630196724	11.893240902467616
75.55914735053115	6.421454788007299
70.8499467709273	9.20082376586757
66.41567117500557	85.64843901952129
63.92360765575511	50.203998157732265
95.32715071580225	14.88998432022607
91.1855372944592	32.43605842760146
86.64483855315795	13.30241739148045
81.74939746913996	71.5645838053938
14.135203338290511	69.82035886517436
9.532425904066184	69.18098560802432
4.814355253799086	88.74524682170554
0.5929244734213948	59.35537760533865
85.03111443886368	60.93881730706306
80.94271259021038	76.77551882171835
75.9319797653646	56.241324132107806
71.37354530838172	70.67747346848851
4.362412717586227	16.56037291278077
98.81284390562172	14.211627062910628
34.976653733165264	89.10203360203093
32.03229479648183	18.687250189465594
25.39861785588832	0.7888849102669113
10.952099562158391	81.16868571551521
6.349322127934062	80.52931098315021
2.4382907130316402	57.66810877278832
97.08383100092958	82.05166587496936
29.806642021900267	36.481423857217294
25.21273170790927	19.057153938601434
20.725244539297773	97.21414030976032
16.166808607099934	12.650289646141031
47.51714009445732	78.04564692614
42.96757275770778	75.69690107626984
39.06540993825366	36.05080220444213
22.4070899417725	15.01482681892865
22.016874692477558	60.550216489181395
17.24559246952071	81.82385177079767
49.527122053303906	67.80520859359663
44.92434461907956	67.16583386123163
40.22401115970905	53.16030765284105
33.73223027107326	63.703616443198705
19.223633284420252	63.577683552203005
14.8070948793951	7.455508433355015
10.23092175630068	55.46144961745241
5.787776089715683	49.69395858214203
37.679090424203935	81.21070655040869
33.40444807113649	53.53020845154697
29.191885886207103	7.355442573714269
22.753316570261067	16.189381721781743
54.813131267836944	25.79311967606712
50.27243400175066	6.659478639946115
34.56658105522307	94.49440179367618
33.88370215613448	0.9313355606371719
63.67316969588218	50.468251521647105
59.23889409996044	27.915868250515793
55.05293770137592	30.386418289145475
50.53884474641954	59.89809021905693
82.39468322389968	59.55441893232703
77.83624729170184	73.99056826870773
73.51726196139293	31.234546101100307
68.83466716813396	82.65922804499304
2.0895909655722855	19.995270426544575
96.23849285879577	93.33296238441858
91.60910816301158	44.048273210806165
87.03293651513214	92.0542129196886
72.16959571054743	70.32408895394221
67.39831496280554	91.59772423555847
62.884222007849175	22.109397640684893
58.32578607565134	36.545546977065605
90.15501876678658	86.55655977387332
86.0400111317884	53.74794684728117
81.27759897949481	58.2366869426466
76.70142585640039	7.2426266515290205
9.468579854612551	75.7479072273077
5.185068906096815	64.85230431469684
0.4226552785882566	69.34104293484731
95.0061168735631	13.21886781599931
27.57816177191283	54.99184396451184
24.91759641435979	41.46041459191903
20.35916048216195	55.8965624530848
15.658827022791437	41.89103476947924
0.6624602369122742	73.93434154792564
95.59179557915556	56.20125121486426
90.88259352433676	58.98062019272452
86.56360819402785	16.224598025117082
18.896202490488655	16.189744202402803
14.346635153739108	13.840998352532658
9.734989124066477	29.986520281633478
4.981444092006221	17.690362240318123
36.7219923038735	37.55032985006434
32.31432249429664	63.64325954496549
20.625571226830843	10.13517403219561
52.38385515437976	95.4253512694401
47.79881343583704	61.216186164573394
43.27585336064733	8.51275328073571
46.229080892779066	62.14264150705018
41.66177636513294	93.36368602968174
4.6394187501486375	42.3630511235124
9.224460468691351	76.57221622837912
35.448768865590104	42.63701771524365
31.129785010496168	98.88099554763622
25.07256234839678	78.96443873648685
57.15011571208421	54.998384843055554
53.185872724492036	33.846553750198815
48.56535809937111	66.77696939033554
43.669917015353136	26.039135804248875
29.1169755762437	10.837680319722429
24.81572891204635	33.51186925482824
19.81386468264886	95.19277937896685
15.264297345899314	92.84403205388175
47.51035254788934	46.96497109689909
43.24457879027019	2.499576336571547
38.65953854694244	67.29041123170484
34.003548064813394	68.36040909205994
63.73980403187133	20.60669764578999
59.1902366951218	18.257951795919833
54.791434005778264	27.56598482935518
51.882549450888	88.01162214700138
83.79159950105786	85.95857826755136
79.18882059161858	85.31920353518636
74.74567640024854	79.5517154503059
70.37347949724989	38.50506440020363
55.5633517405699	15.065570792167048
51.137943264881486	74.72829085956992
46.37553111258789	79.21702947972038
42.28712926393459	95.05373099437566
73.68180372853344	76.52461086790537
69.33621261187966	84.12327573426546
64.97288577954424	26.29172802269737
60.19273496113912	64.3502584905645
91.77364993015209	89.33833945282618
87.32163714333376	1.355745078981626
83.16228653109413	52.47160955885874
78.20476380372314	30.22804375174305
11.007392183728465	31.593743582518297
6.661801067074683	39.192406973663445
2.1565781827815576	51.919185192539
96.58040505968715	0.9251249014214282
81.91217335496488	5.927305362941187
77.49563494993971	48.80513024409319
72.89285604050042	48.16575551172819
68.13931248365512	35.86960042084276
0.7290930976864716	44.07278472163861
95.12631418824718	43.433411464488586
90.31956053392709	32.846626015893335
34.890756065217865	35.65635320796578
23.991306842220165	72.29259464365451
7.664655164742043	48.070183785374596
3.194905187027128	92.65737978403176
97.6453378502776	90.30863393416162
93.3086153290721	81.12240213905591
25.65894681642948	47.517759419054855
22.670244902504585	61.02745193774383
17.89009408409944	0.08598240561096615
13.11881481157252	21.359616212012284
47.00555279542181	38.27493694733103
42.39390529053422	54.420457401216886
37.51620139741282	79.11283491784347
33.41006088264798	29.519326805000468
64.79586675179853	27.77510333999599
60.423671324014826	85.72845228989371
55.785418032782374	53.22865830253215
51.24471929148112	34.09501579119619
36.709516518483234	84.32376845895305
32.08900041814735	18.254185574304742
27.566038867742694	64.55075269046706
23.229316346537207	55.364520895361345
54.703808170170674	83.77134556784829
49.94139601787708	88.26008271278378
45.63127928301647	28.71916683414045
40.90434003730108	65.06832470928748
73.07057935547144	71.25332042856256
68.43232606423896	38.753526441201
64.13107940004161	61.42771390109185
59.51943189515402	77.57323435497771
90.62144418517418	18.945656850000706
87.47310755318001	37.583465671635054
83.42018008631989	85.2805864412869
78.87948134501865	66.14694245473598
64.10482649491686	74.56786810169596
59.62620792175366	36.939960761818945
54.987954630521195	4.4401667744573725
50.42951869832336	18.87631463562313
82.15232971929406	72.30607114265611
77.22141572869786	98.7078212520028
73.03545933011335	2.178369815417525
68.16662403244024	10.085852145793252
0.9337780306524063	78.5911341967869
96.30654019488038	13.613283075967608
91.44657201744062	4.735870220092472
86.93247906248423	34.24754215000393
78.61413071922509	0.26473827639472725
76.38812358820844	55.27344182707993
9.385861068076197	83.37144608512133
87.52314171967369	73.80487382703619
84.62312428501674	18.46561448321656
80.30414042992281	74.70959231560913
73.88330830487335	49.97373961595992
6.65046082787055	19.479020191738602
1.9323901776034635	39.04328288063477
96.56906334526805	80.21173664428163
94.02378972854281	46.476668375212704
26.764337940410087	66.33663450974397
22.82669926394784	93.8301193333496
18.215051759060252	10.97563831202051
13.346217936602104	18.883120642396236
45.07789607780614	55.527983438393306
40.4662500481335	71.67350241706421
29.90415885817609	27.269192466641933
28.006286808316336	55.2367726508304
23.501062448808263	67.96354939449101
53.27279279765937	52.07025720321761
48.88285870376413	44.593398000831996
44.14705233781542	97.72745106222989
39.94335874833431	34.76778999814632
72.17167675942775	22.458517938450438
67.51568775251366	23.52851579880555
63.010461917790614	36.255294017681116
58.07067933174614	79.44193783806371
43.535475083533285	30.67069050582058
39.15441106030131	6.408934641969158
34.578237937206886	54.41487435085159
29.611849564817522	48.956203729986754
61.39673927871131	83.89169393326372
57.015675255479316	59.62993954462726
54.36397701815961	29.313612035353678
49.98291299492762	5.051856171502255
81.3509816731816	36.877423078999506
76.76593995463887	2.6682579741327883
72.33166435871712	79.11587322778652
67.81757140376077	9.627546632912937
0.24772025015276666	22.958845761439207
94.63607274526518	39.10436621532507
90.54766942139692	54.94106920519531
85.94489051195762	54.30169447283031
71.0726825871396	49.356465693334776
66.70048568414093	8.309814643232505
62.088839654468316	24.455335097118358
57.14018699776058	84.42687410375181
89.19113457510313	11.81550724428806
84.67704162014675	41.32718064941447
80.18068585608697	37.269062206824216
15.138372603522596	18.905221452136086
12.149669214382742	32.41491397082506
96.61446644138486	82.64366663858193
92.41963997213709	2.8991118634624824
87.763650965223	3.9691097238175965
83.13426774465378	53.684420550205175
14.216394508550248	44.31979388972181
9.932885035249472	33.42419097711094
5.454266462086275	94.79628216201897
1.126412536329077	68.82515518066239
33.097542754637004	48.27784647267132
27.678857489599693	7.848833301030195
23.022868482685602	8.918829686170351
17.914933989128734	36.8039506871708
14.615832709728569	43.78497767506973
9.658312932787497	21.54141334316901
41.523020005715914	4.412845394973285
36.94684835783645	52.41878362864076
32.610125836630964	43.232553308750006
27.900923781812168	46.011920811395306
59.89866126167992	74.10992654465166
55.38456683150859	4.621598474563129
51.02123999917318	45.79005223820998
46.2943007534578	82.13921158857197
78.47827726252474	54.754415460130375
73.99078861869828	33.91140330650422
69.37914406424062	50.056923760390085
64.4570957186628	59.673775733056
50.07265906828588	22.55931023454827
45.44327289728675	72.27462106093584
40.80502108126924	39.77482707357429
36.38848267624409	82.65265342994127
68.30640132186225	63.814715839455346
63.55285776501695	51.51855927335495
59.207266648363166	59.11722413971505
54.24974539620714	36.873656857384404
85.99029360807442	56.733624467130625
81.38751617385009	56.09424825955067
77.11287382078265	28.41375016068894
72.50122631589507	44.55927061457481
5.312721816133716	29.140075259099195
2.7585796039601815	12.189902176281123
97.21788086265893	92.05626114016012
92.18054372668324	22.876752009302162
77.65420807391868	56.32060949080818
73.22880107344524	16.98333103342601
68.61715356855764	33.12885148731187
64.40459138362826	85.95408560947916
96.28703564745325	35.25572876399669
91.50688630426306	73.31425923186383
86.77107993831436	27.44831229326171
81.98206052446092	82.29173647216476
14.74921452267308	51.797018523158386
10.243990163164996	64.52379674203395
5.632344133492364	80.66931572070486
0.9142734832252776	1.2335798848159776
32.601611597617755	22.802917136852397
21.019280525101564	64.8760893890722
16.177051013773337	22.428886160695352
83.96473240973732	97.83504788988587
82.82955809321575	68.30163763085561
8.085047151883394	97.61317931670054
3.5798227923753108	11.339957535576094
97.75533047194367	34.32296245948257
30.575696042845582	2.118871917756098
26.664663152728203	78.2576697073942
22.044148527607287	12.188085347530926
18.097642730911698	56.46646240695751
2.2942352344529002	31.93523408466197
96.58503465484905	34.714603062522244
92.07094169989267	64.2262749924337
87.67213901054916	73.53431097629895
20.45703019965789	9.469801179575919
15.93406864925323	55.76636829573824
11.003154658657039	82.16811692986997
6.560008992072041	76.40062884498951
38.273951417594446	47.61528053827335
35.84396806648205	92.67657484794327
31.179110464119663	11.531464944119328
26.452171218404274	47.8806242944813
58.44104010282374	92.76352373877356
53.71410085710835	30.112683089135547
48.94282010936646	51.386316895536865
44.56175608613448	27.124561031685445
29.58312354072197	25.598077437630128
24.829579983876677	13.301920871529735
20.475121746989558	37.68547944892573
18.231377425076335	27.263971896897694
49.83889670521923	1.897367300406793
45.66180890208301	86.58302215278562
41.07676718354029	52.373857047918904
36.09264162025435	80.4849767995558
68.356432537926	1.03612399485647
63.34570118829517	79.50192930524594
51.77224018644223	5.790207846429852
83.6369487345856	87.66163989823413
78.75924484146421	13.354018890075666
74.37818081823222	88.09226302622424
69.8020076951378	37.09820125989172
55.275672042373245	70.5420602166127
50.717236110175406	84.97820807777845
45.804059310475814	77.81016633940847
41.27222768940789	41.89163011703659
73.25222797837907	4.5594247475797065
68.53415732811197	24.123687436475883
63.851561059638044	75.54837085558356
8.2453876323929	18.056003247888146
96.38141131597342	86.55266246335847
81.91715583134692	2.5022536411084886
77.39419428094224	48.79882075727081
72.53422905393239	39.92140790139567
67.53236482453491	2.602318025534276
0.5567051403176195	79.34563820003805
94.98940208788645	11.566681247454667
90.04075090639368	71.53822025408812
85.40249761516121	39.03842626672656
18.320416260779385	20.200490151455607
13.68216296954692	86.70069616409404
11.172362259399888	84.82604567480672
6.69374368623668	47.19813685971475
38.3988175163108	35.1976852144644
33.9556718497258	29.430195654368987
29.468184681114302	8.587182025527875
24.528402095069826	51.77382732112542
9.966593535727053	53.35726554763488
5.789505732590834	39.042920400013706
0.9384076258143126	13.380612357887708
95.52186922078916	56.25843723903973
28.244678766544894	10.688193746072704
23.792665979726564	21.705599372228143
19.189887070287277	21.06622463986315
14.578239565399686	37.211746568963974
46.09707436627461	80.69409383498166
41.63619150879304	9.496394647387959
37.130968624499914	22.223171391048563
32.33308061519819	93.85149223141742
64.1711833769967	28.077611317189234
59.985226978412165	30.548159880603954
55.55094990727547	7.995776609472647
50.84174932767163	10.775145587332917
36.33315086580366	10.64921122112225
31.978692628916544	35.03276979851826
27.22514907207125	22.736614707632814
22.69331745100333	85.818077010046
54.469340044663774	38.538463874788775
50.30998943242414	89.65432687945093
45.84910805015752	18.45662916707219
41.299540713407985	16.107881841987087
72.880454207206	41.095962804248764
68.51712589965562	82.26441656789561
63.94982284722447	14.485461090527185
59.40025551047493	12.136715240657042
91.18514522436871	47.07220544393401
49.06874485174319	26.325127497282516
80.79155734792884	79.75488547953046
76.25085713141263	60.62124296819449
71.70129126987806	58.27249711832434
67.25814560329306	52.50500903344388
98.92774505157401	8.644136657982006
94.62649691216168	31.318324117872862
90.02371947793735	30.678949385507863
85.11054120302279	23.51090764713788
19.669142630500215	67.46735174895335
14.747095760137366	77.08420519683423
10.188659827939528	91.52035453321494
5.81646292494087	50.47370348311266
64.71785446294984	15.344887567327312
60.10620695806226	31.490408021213177
55.725142934830274	7.228650682146795
50.28872047889638	0.36942788300739293
80.21121399993855	95.1329175254694
83.45710518186391	89.86126460550553
79.23567440148624	60.47139243870873
74.8368717121427	69.77942842257399
70.66865250445477	38.68018661348699
1.3694340897195425	58.06605591222046
96.58256153587826	97.21632109434655
90.35683851069123	0.2127728219634819
86.1974878984516	51.328637301840594
17.279617612777972	41.96401064135722
13.297637434289225	54.38197139621716
16.463709781965008	2.174373677296062
12.171330238000978	8.063664475721096
6.060897478426805	88.85647878207686
91.07554467279311	88.42172842706555
84.8409530521578	8.203076816148302
80.38894026533947	19.22048244230375
76.46904025498876	13.144175418192715
8.171965749835772	16.836882769719324
10.930087132534986	43.73446656876764
5.112315072324529	65.62573825363012
0.42085168361727787	34.83531538377371
95.15507792599813	89.36992209866112
28.143945335202634	35.25282154295338
23.860435861901856	24.357218630342516
19.10689082984159	12.06106353945707
14.64600944757498	39.86336435186338
46.44863635236534	41.22906418263862
41.890201895382475	55.665213519019346
35.20366626331933	2.2616865239623767
31.416795184693008	41.41195023087351
26.92930801608151	20.568938077247353
22.415215061125146	50.08061000715881
53.97838988881161	9.638481341922201
49.87225232447668	59.044973229079204
44.941336858665544	85.4467233384259
40.471586880950625	31.033919337083056
74.20755874217895	36.2924582386664
67.64483056517179	82.11492999424588
63.228290684931665	25.992756350612854
59.96466378732467	64.83420111829341
45.47380251635329	31.138476379581025
40.862155011465696	47.283998308681845
36.42788089075891	24.73161356233558
32.401557735028696	22.0740472980199
62.33292132673411	1.0526417542310331
57.614850676467015	20.616905918342166
53.24265524868332	78.57025486823989
48.710823627615405	42.65171864586802
80.45137183948269	62.51168478039927
77.79967507737793	32.19535874634066
73.4008723880344	41.503393254990954
68.80696354925836	24.0791233363751
1.6450663110568569	57.305242422146904
95.92699566078976	76.86950658625804
89.61258668111981	48.71491017638357
86.51746162181541	65.64334640529779
64.54154267285934	41.399198693114045
59.663838779737944	66.09157473452566
55.09653572730677	97.3126207323722
86.91689982299371	65.10852871543077
82.31412238876939	64.46915398306578
77.76455505201984	62.12040813319562
73.27706640819339	41.27739597956947
6.461042917260327	13.892599851127873
1.8405268169244442	46.82301696647955
96.34417105286467	42.764898523889286
91.43986137339839	18.811961599268443
24.402122996258022	15.049548077528243
27.151374308293985	58.73202558761246
15.436017254483314	55.5786271088101
10.824369749595736	71.72414608748102
95.28916697659784	22.952900230452848
90.76620542619318	69.24946734661516
86.44722009588428	26.49344517900773
81.39214429379703	89.88372642065148
22.752925975385534	30.825528738114283
18.132411350264622	63.75594437825101
50.17448885694392	7.929472705038116
45.65152730653926	54.22604277163034
41.279331878755556	13.179391721528066
36.60560420572992	47.81917700395498
22.300983439172676	57.640654829189536
17.66273014794021	25.140860841827973
13.157504313217178	37.867639060703524
8.137904368138061	34.118339557343845
40.091297395549404	47.140821221854495
35.39983400684214	16.35039835199809
31.284824896628997	82.54178542540595
26.29183221310973	28.437800363293697
58.289568217762515	56.535806096550054
56.56906807686862	45.80547960529144
51.59380963381601	57.131705645892424
47.27482430350711	14.37568347828499
78.99763679969276	67.80543998531796
74.44806946294321	65.45669413544782
69.49941828145045	26.42823314208126
65.36667198034073	27.18941058799084
50.63636010748041	50.68586030369652
46.08679277073086	48.33711297861142
41.36872359567874	67.90137566750758
36.757076090791145	84.04689612139344
7.85831355085361	3.0822293034186936
5.00263909343814	61.81849402834477
36.74318730530541	81.67846016287604
32.255700136693925	60.83544800924987
27.511023700081953	31.754396256898627
23.502437735248318	94.52704109529618
8.7277843603615	3.9479652670411967
4.204822809956832	50.24453385841847
98.89470607509622	89.70361650456019
94.38061312013986	20.21528843447164
27.147767118352014	88.72057048546527
22.607068377050762	69.58692944934427
18.06636816053455	50.453286938008304
13.392641962723886	85.09307369565018
45.52340689910106	59.4176501599287
40.610228624186504	52.24960842155872
36.22029600550622	44.772747743958156
31.635254286963505	10.563582639091443
63.23390497165811	1.9818717536364372
58.702074825805155	65.06333553126457
54.19685046629707	77.79011375014012
49.89560232688476	1.464301210030984
35.55550570331939	78.42535978026896
31.014808437233093	59.291717268933
26.48297829138013	23.37318104656113
21.534325634672406	83.34472005319459
53.75377505031754	87.82034317974956
47.09349232337916	21.276663459303453
42.62374382087921	65.86385945796061
39.945441272429576	85.90221898265457
69.9743564636363	78.24696639010627
65.35384183851538	12.177380555028034
60.80427450176583	9.828634705157889
56.13941689940346	27.683527751763854
87.88883223150407	30.758598700044256
83.59645416275501	36.64789097368425
78.88725210793619	39.427258476329555
74.33768477118666	37.078512626459414
60.4764908266141	98.65522818872111
55.80276462880342	34.29501494636298
51.226592980923975	82.30095318003045
47.11158387071083	49.492341728653265
78.52399552620626	96.39343122968125
73.93895380766355	62.18426612481455
69.21201456194815	98.53342399996157
65.34532612428721	90.74774585834538
8.337920517071728	12.268825054360427
3.247371808406275	43.798687041007625
87.85406361215115	23.469116728750755
83.73018738170467	7.44540046362444
79.65065412849967	6.497205316813904
75.59772666163953	54.19432608646575
8.58659259562908	0.07722700597296805
1.9174427484573613	49.31844099656276
96.41221691373433	62.04521774022335
92.28834068328784	46.02150147509703
25.07323187239659	80.956991678374
20.497058749302166	29.962931387256425
15.85880693328467	96.46313739989486
11.557557318657391	20.13732485978571
43.28036981484305	73.56708136681868
38.775145455334965	86.29385958569425
34.63353055877695	4.839932217854681
28.461019106279675	5.127012827966469
13.899209071721955	6.710452529690885
9.092453942186895	95.12366855631059
4.356647576238183	49.257721617708484
0.028793650480985256	23.286594636351904
31.76934186234827	43.14656077088317
27.184300143805558	8.937395666016453
24.73657960179657	87.56847887297312
19.956430258606385	26.62700934084026
49.94100394778659	3.896231204331293
45.480122565519984	31.698533491952553
41.41832650321155	96.18054944785526
36.71799304384104	82.1750217642497
68.85762657566652	39.714701567062406
64.35240221615842	52.44148126115293
57.81627835028118	47.90926598276488
53.7101393107313	97.31575786992188
38.97095884242269	38.59710129666347
34.56328903284582	64.69003099156463
32.78957879447713	55.66907856824107
28.399646175796843	48.19221789064051
60.149061507897464	51.267288838920905
55.56401978935475	17.058123734054192
51.103138407088124	44.8604245464605
46.34959485024283	32.56426945557506
78.35619797512895	43.8773785273656
73.63812880007683	63.44164269147672
67.25277105682054	70.56620924682409
64.5744685083709	90.60456877151803
30.932165078007536	13.072023335163502
28.936741428646496	27.67345056811142
60.80144850157491	10.544884095130655
54.59346266728447	77.97154545024587
50.15031847591443	72.20405736536543
45.556408161923436	54.779787446749566
77.0841100830317	81.4772395265164
72.4724625781441	97.6227585051873
68.01158267109246	26.42506226802352
65.33327864742786	46.46342179271748
97.02061528660539	68.03275904475389
92.30254611155326	87.59702320886501
87.8948763019764	14.68995290376617
82.89301207257891	76.37086302790478
68.10062003158055	19.361577572151507
63.90579503754773	38.617022797032064
59.028091144426334	63.309398838443684
54.40757651930542	96.23981447858041
86.1924662331992	32.17530615707233
82.13067017089078	96.65732063776008
77.20862330052792	7.274175560855913
72.96058820902032	28.238990428026643
6.011534311147906	54.627625043777854
1.7989721262185072	8.452860641160115
95.90353104220054	66.71502705507345
91.70870604816773	85.97047080473905
22.5602522808385	18.013123412422875
19.92629270963034	53.12700700586253
13.780387043477944	3.0594020572217437
9.488006024298956	8.948694330861736
93.78429993778352	81.09045553738493
89.27020698282715	11.602130417726308
84.76498262331907	24.3289071613869
80.59676341563113	92.22966535229992
11.4660468391985	89.70252611226708
7.218010272475942	11.667340979437805
2.810340462899073	37.76027214955392
97.6421197799962	6.661030340466937
30.072270101603152	19.992330944208167
25.5315713603019	0.8586899080871576
20.928790975647654	0.21931370050719956
16.219590396043806	2.9986826783674694
48.36809252331758	42.75346729492931
43.87173528404283	38.695350327554
39.31330082705995	53.131499663934726
34.75486489486212	67.56764900031543
20.12210757193302	5.430248716831749
32.44939328603097	38.4258778691099
56.18163963889425	68.0462384941854
51.98681464486143	87.30168224385099
47.33969275818067	71.58678344274028
43.15373635959616	74.05733348136997
74.54841229940995	55.528213354899684
70.51321907301649	69.65554375204981
65.97252033171524	50.5219027159288
60.9351846709545	80.34239358507084
46.45319052021645	29.861775135322564
42.24949840595031	65.90211554645397
44.82137780902043	49.28249825677032
33.09715215976147	62.91399496421882
64.86430615797363	32.41927406478255
60.341343132354005	78.71584413137478
63.001909965122	92.24727350396759
58.514422796510516	71.40426135034143
53.77861495534683	25.538314411739318
85.60784912169704	75.54932868376198
80.99620161680946	91.69484766243289
76.9610113408459	6.822179534797974
1.7464663159690095	34.73316904236833
96.47182396290157	7.05266946829165
91.71828040605627	93.75651437740622
88.38370474486292	68.87712211030858
73.97266230814112	82.11734069533847
69.98181353420408	12.320195161234313
65.68056539479177	34.99438262112517
61.69858521630301	47.41234190077014
93.51895078720493	15.20825135904367
88.9959877615853	61.50481847520599
84.48189480662893	91.01649188033241
79.89685308808622	56.8073267754657
12.664007086298371	26.312607351244374
8.291811658514682	84.2659563011421
3.7777172283433473	14.777628231053555
98.22815136680876	12.42888238118341
30.755854763131993	39.12633446095023
26.365920669236747	31.64947525856463
21.674455805314537	0.8590523887082175
17.3466033547723	73.88792540735164
2.6074228864636932	15.169268834093227
97.2174902677834	7.692408156492668
92.80095186275825	50.570234512859635
88.23364585989717	81.79127756027624
21.054011430799076	49.587187018549784
30.623180187842692	55.68523237177961
56.0049749675836	32.31507950290565
51.50861920352382	28.25696253553034
44.928153835620066	8.649224663611546
40.5204840260432	34.7421543585127
26.065095661650027	32.90685035001185
23.42226749499356	84.80563060491733
17.001435369944115	60.06977790526812
12.460736628642863	40.936135393932155
46.08141822425835	66.39831319199162
41.72695851215627	90.78187176938762
37.06210090979389	9.636763340778637
32.53914083460419	55.933331932155916
63.98702539667782	35.69484068818046
59.57935558710096	61.78777185829657
55.224895874998886	86.17132896047761
50.51569529539504	88.95069793833788
82.09660878919307	14.938778900599562
77.71554329074611	89.67702303674814
72.9886055202457	27.026180911895167
33.0141559193158	53.908830913382836
64.20485416381887	25.4323030211122
60.06323926726086	42.97837565327264
55.79746550964171	97.51298236816005
51.07939633458957	18.07724505705622
82.90863050093978	68.0882593290789
78.35906316419023	65.73951347920874
73.84497020923386	95.25118540912021
69.22445410889799	29.181601049256923
54.71585564703002	29.055669633476185
50.35252881469461	70.22412339712305
45.67880114166898	5.86390867954996
41.342080095678455	95.6776783596592
73.35755181601287	90.20589224519888
66.58197734824668	43.86584994601394
62.05901727305699	90.16241706217626
58.52046539176788	55.33561407884838
61.14555489231281	37.006627146874536
92.88610310418008	56.8665932814058
81.15300885947283	87.28298369989021
83.7514955241028	20.308682326668936
79.86706842033028	46.09279308233951
12.48345777113644	3.94129329959775
7.72104561884284	8.430030444533248
3.0650551367138004	9.500028304888362
97.60417375444717	37.302330592509634
83.4946606125374	73.85611284501033
87.24605878458551	2.845429883102642
21.08630545596624	20.37838702166758
16.377104876362395	23.157754524312892
10.062695896692448	94.00315958965338
24.10161463145097	55.514007469011084
10.808007845139205	32.857429636002855
6.107675860983662	18.851900477182348
2.072484109805149	32.979232349547445
19.827325159603664	89.61897948721585
43.95865535721016	56.91905230535783
46.64582650110808	20.095797594413025
42.15833933249659	98.25278544078687
37.75953811836801	8.560819949437155
32.890702820694905	16.46830227981288
64.70219832093358	1.049106924337273
60.04620931401948	2.119104784692387
55.61193224288279	78.5667200383461
51.10670935858966	91.29349678200671
36.55376791948024	76.09204129748026
31.96872620093752	41.88287619261355
27.720689634214963	62.847691059784296
23.907211294028798	53.35264180066296
53.92726084021713	62.48228144393559
49.71469865528774	16.307517041317862
45.47553215922843	20.487438197452697
40.518009431857436	97.243872390337
72.17874175990505	70.16789667634096
68.09920703148508	69.21970152953041
63.40774364277783	38.42928013488897
58.96459945140779	32.66179057479356
88.78953989773369	15.059127266015004
86.07576149227594	3.2370675357123977
79.6017192697517	79.21058595356834
75.19404946017482	6.303517123684445
60.694319593755154	88.3926890464379
58.024885640753816	91.64615486009595
53.439843922211104	57.43698975522923
49.07651708987569	98.60544204366113
80.82593242197632	2.680512991941533
75.85067545413865	14.006739032542518
71.78000932116699	95.27365017469609
65.51881338940176	65.40968412253142
95.86699654153202	47.49820187452229
92.25749737187155	47.950560381201285
94.6342691502942	4.59863866425148
90.3152838199853	60.84261649664405
86.31556645059996	7.830366148790749
75.83329114446221	10.361998046895774
8.751209790080374	90.52406045640986
4.21051252399408	71.39041942028885
98.27072846273464	15.577061765456486
94.20893240042622	80.05907919657415
27.348564457036723	37.59876047460181
22.772391333942313	85.60469870826928
18.4622745990817	26.06378135441099
13.761941139711187	12.05825367080544
45.55570092426822	30.208848687831548
39.081658701743976	7.182368580902449
34.47887979230468	6.542993848537449
29.893838073761977	71.33382874367074
15.473925566376922	2.3589425149514933
10.78246217766967	70.56852112031004
6.312710724739797	16.155718594182158
1.7010646950671648	32.30123757285306
33.75201227240972	58.68987218860426
31.064839653296843	95.51312689954908
24.57306023987601	7.056435689906741
20.094441666712804	68.42852835002972
51.79951549678692	56.42807522956442
47.30315973272713	52.369958262189115
44.81109621347668	16.92551740040009
40.181712992907464	66.64082822678766
71.57638598229134	48.11170957553232
67.13324179092132	42.344220015436925
62.211194920558455	51.961073463317796
57.81239370642988	61.26910944718304
17.953235846327786	67.94812202740955
13.093267668888014	59.07070917153441
8.47275304376709	92.00112333645617
4.32226955176079	27.332091154867474
35.75241987336776	40.663391758608704
31.40682875671398	48.26205514975385
26.759706870033224	32.54715634864314
22.26335258118839	28.489039381267844
54.06597801076381	29.854739212043096
49.551885055807425	59.36641261716951
44.541153706176615	38.83221792755897
40.062535133013405	1.204310587681953
71.91837508570849	0.860637825737094
67.41314925098546	13.587414569397687
62.739423053174775	48.227202802254524
58.54459805914197	67.48264655192011
44.31092458095609	42.024962887147794
77.59460102475143	12.31315776273989
76.21997463112598	39.97191900769778
71.67927588982472	20.838277971576773
65.32939400357657	59.82326378192069
0.0298914830117194	33.221384903722424
94.37390247609764	34.29138128886258
90.04604855034044	8.320254307506001
83.53653047080806	52.43335347036539
70.82824803365367	10.973688919155615
65.96828280664381	2.0962760632804787
61.560611521851996	28.189205758181636
57.0642557577922	24.131088790806334
88.37911433857138	57.66602681580873
84.10447198550393	29.985528716947005
79.06713337431327	59.806019586089036
74.73041232832276	50.619787790983324
0.18100901163785665	7.66363537930936
94.79107639295758	0.18677322649384265
89.86903099780969	9.803626674374714
22.786948168212884	89.96569055910375
18.17530213854026	7.111209537774657
13.32420403176374	80.44890149564867
8.774636695014195	78.10015564577853
93.60304338496637	34.14820420203523
88.83176263722449	55.42183800843655
84.08708767582748	26.34078625608529
79.33354411898218	14.044631165199853
14.149333339245128	66.23911339052546
7.932477434291437	51.45066993189155
3.196671068342714	5.584724468504393
97.6204979452483	53.59066417738681
30.396520538908746	6.311049566914638
27.75369237225229	58.20982982182012
23.13317479670145	91.1402439867419