79.96623371000071	68.26865325803422
68.59206109851665	84.43112551090869
79.8256256310973	69.34704811258604
75.04353035376091	74.7789009177477
86.33748347478871	62.68319787859461
66.29851851187321	72.71324587432946
69.75752864165254	72.88691811792825
81.56659878479708	70.22487910428363
63.52721659236561	83.75706086860811
76.16868414592984	76.44600684701629
78.74985051982043	66.7376798557946
66.87869483719993	72.63187849023512
70.91856574235506	82.01197070865302
80.51279213846983	62.03202950177187
84.74351130911172	89.17486420949776
85.76906578501105	72.01067014630452
52.86077427205562	77.58306157134723
65.97280742553627	82.4076968999001
83.95172501827771	75.82805448392924
74.59234456561774	78.74248311743042
66.91016742642228	62.31509379117379
86.20830734615139	66.08610353824926
79.31008076921117	59.14177904397522
85.79301822944254	74.85205308345581
81.05024026281983	58.02568507374031
69.01984628662638	67.58155592827069
71.09835035139852	71.58900215742926
67.11107661804454	66.74524559867729
101.35748124902574	82.50639889178154
70.47010421904133	76.61566108238644
67.37040393963493	66.66419110499653
88.54514382852444	88.41993075897356
67.05211271225757	75.80183796576779
84.2980780132841	70.40591310084432
75.32779329755562	92.14012785506849
46.06428505230846	96.31429741036321
72.66018372091105	54.21141984663401
83.98478892651801	68.01995870683987
61.67885715467655	68.30240758240127
75.13357657649145	70.30927345359108
71.36084650121538	71.31144322831214
97.70644787143954	81.80041371246328
77.48810758730941	72.11311616170661
77.18767864402547	58.09010022141326
67.45146390188776	61.4597100040017
72.75470468960977	86.56291728899065
74.55197086327328	66.1429323263324
63.06337385189599	100.36761681698333
61.8486462706678	73.81175640956853
71.77017371749962	58.403915882671456
87.01529521027658	80.98750646965651
61.7647755115343	77.63112755685307
72.78234034429602	87.77765647457615
59.076509063508084	85.04480553252534
62.32662559883258	81.63341215554159
64.22489207308227	76.79744732324198
81.72779512298338	62.820875517868096
61.96597566818752	62.496792450568435
74.74846441100858	63.39145082751822
65.53676824408666	62.87543617418132
69.30361647150771	73.8222778848356
74.30314625871868	45.138200681185836
82.64761914398674	81.9186649425056
68.1811618738556	62.52823858902813
73.4841112294685	77.0532042339443
66.66126522822121	85.62063806328733
77.5383313312942	63.13273630193553
83.56977320586819	58.83953000512953
74.85098124480568	99.59539129334595
79.18392631006552	68.29863333773989
92.10349342433811	76.93522330748569
79.9467527665663	69.78974365867396
72.78508533255456	68.68186037861207
72.0987789364624	66.23171214486027
84.17964481150057	82.53737505517107
82.56728140209789	76.08242375810673
70.03524514080841	66.19942244376975
67.91425402740006	78.67222720758288
84.28174548350343	73.8446624282261
87.61972263429928	90.12001781651384
77.01714797943347	77.04752760844005
58.520421421072086	85.3541070753807
72.35842538216541	64.5292103590379
73.87526958133624	69.93628253747175
83.11359295144213	65.6206154142325
90.75598302778621	64.79833100681014
87.21431380725541	79.86783763316055
74.74262760177203	62.93696083790073
86.51668304581625	73.58817309321714
63.693181932897474	75.67264069483227
75.45691052106392	62.201461518740494
72.66818170356363	67.90568912744862
73.11038441874781	76.84911948977192
82.22620906835313	73.24502340102543
89.30313136821216	82.58439661691959
72.63476053538464	63.12590372841662
85.83806826983249	80.9460135830174
67.12734283058407	72.60135001463873
61.475403085365144	75.24778921655205
74.64568726746087	71.08534089495262
83.63096641386541	69.75653743945455
66.27261506435069	70.48523187527525
66.53976818928129	67.8512928883719
71.56940395696142	75.80515749920241
69.0187189229259	81.61957732243287
67.72863294130165	68.00627363943573
76.14696337199827	72.29540063996615
83.9968933741465	84.64506589701428
87.8776554474423	73.3083122300126
75.11406875521797	77.27697776819143
66.70726641286673	67.48555297844493
76.67489111628262	69.38409111485494
96.88399786372851	83.0318973417431
80.94329646224146	67.48022099386142
75.48950024389256	79.18866928905086
56.787435848701385	67.35455353426552
64.52974590261101	65.60759027581052
91.04190335204048	84.84817025404706
78.57588394730179	75.81736437483237
73.84607865769136	63.87668143777411
69.98968541686418	80.65443115783377
64.26959860381534	82.6012858916639
72.84095738728287	56.15192943082847
73.64794018694904	76.78815036867404
72.91446055170628	77.78876617045809
55.895860398474824	64.78463459469283
74.82080406069801	66.31287843576376
81.89120739583052	82.67557639244026
71.89913712269419	60.53380546132519
70.41593393987357	84.98069516556099
77.86678216282967	43.644724512181696
77.03448674275553	69.54825074188743
71.24135145999051	53.14540060299885
73.51348132217441	55.4981881480858
67.26688564450205	66.94833648854392
82.7347721367491	67.63685117796341
93.0619777474378	60.10351214844889
64.29225143149326	71.626086274323
79.86922912960938	67.17031701468625
70.39392643847675	63.056976974888585
87.03326849295563	83.0283368148158
81.04529392687532	65.83895812061117
84.13100271623176	73.28966942247673
78.62594627119611	84.03543166468212
94.32073873060553	68.8014411930128
84.85728823357603	70.74903367639548
95.32519870015945	73.7725106387695
82.26277833748135	72.74353347032903
76.98783046211373	93.01119297422076
79.95656159350258	72.87586753464075
65.73779191244984	71.12577271092455
72.52094887084934	73.30166621976755
77.95789373352792	70.17830885852335
58.83480672717362	63.06745195686963
55.50831512449285	72.79235689293608
73.45763020839625	61.60981787806999
62.068129331994015	67.17300668704114
89.1842850618244	61.41791533985604
60.42339712394039	66.91877872812799
83.21523454390423	70.28086026515449
71.37335604305925	62.025274567070745
73.12087257290005	80.83969333262993
74.59710215532209	59.00778681803656
87.98609028154823	66.77432009455757
77.62886429437053	68.93108769277428
86.92780567591362	73.57344453359183
71.76747896056031	73.15831023410472
89.70602196720795	64.74887829299963
85.83851744957683	76.71734407773488
73.12716487113218	74.80560763858055
69.22136815892667	70.26173697835951
61.193475064828846	100.43957130476076
67.38848041338069	66.58879364913436
84.04458529102277	52.14343268727556
90.8876526909851	93.00539151197749
67.52389717213444	91.28124045521062
68.79685752369579	100.81620731679293
67.25333537559914	54.36023422821243
70.67692284682644	74.71362488556169
72.3682215672832	73.18602893761496
58.898108228466334	80.72324848227707
95.6835392862812	56.98987922311416
64.24006127563862	86.89154122491048
70.70667937627927	66.90757327202975
68.4092681547832	79.61871738391572
85.61102417886632	55.40125847686629
81.65426808965202	77.7738498187176
84.34513396970446	87.88716587383203
81.51220676252876	78.89433310854183
75.78544536965873	77.53207634145078
75.86455071470664	62.90533860877892
63.05160043665455	75.56846845091597
94.48653872646153	80.55536105114506
78.63334956268378	77.11767348803711
74.81671946908484	70.31677777518658
84.27547223973106	78.52255194725235
72.42502006867022	85.5138923374377
79.06553297217108	56.00171786906992
90.42544689899961	73.19999208004182
57.28130487140655	81.58204499057284
79.72406296075904	80.57768384626561
79.934962508632	81.70379712173744
75.38331214972507	80.35807836150228
82.28839138353928	79.55121631271551
88.015030066991	52.43774362620367
94.64466316485061	64.38805227992717
58.831185772576646	60.87078580853971
52.51489903812358	81.27752963718015
59.550344977653225	67.44200150199286
74.09335515524249	88.61766667351195
82.6223297463631	75.5189549475273
78.07014438758124	61.94574499541773
66.42035732160763	58.69303916030996
77.7251202493351	56.10961996856454
80.84769875210019	71.70537915833378
81.52336806814652	70.83130116946417
74.51851373443742	64.71084578557159
84.44764118898996	72.72312999077192
79.22756952991027	78.31937015908325
84.43401090128184	66.87198707968906
77.81395903344581	98.88603852049737
74.98484540786886	60.26973508894331
78.2232542751267	87.90820546532828
81.18997412267812	77.7663304197669
84.98481155024271	78.94701953557457
72.82197458394167	74.59818801422283
79.66563250456073	62.83626246825004
82.63955971535205	55.28223346820438
74.71343309409738	80.99250652576283
86.88949105048974	78.34845063782362
81.39013458087844	83.13762547331208
88.71963107086854	92.27151205343132
77.31942171159523	65.6013086821411
70.34076092083632	67.1899816512433
92.7455519738193	51.14106954802617
79.07055325606675	87.9082201952742
70.15280871711249	57.62853573583451
62.02216644505425	76.23245861193342
65.85605200230154	93.03129700054645
71.74005554935057	66.74415551627187
66.27027342611527	73.23745659235861
66.27067034603792	62.68983181728621
78.87961028433801	87.712337898903
70.52846570250098	73.03542882178459
86.3093475799091	82.70880483315725
74.12812408835678	54.09229981998385
56.712089071625826	69.32282624392434
83.66339732048763	81.77569090027976
84.15502299863847	74.89953674459713
73.26235929142862	62.45038665672347
95.7301197808707	69.68574797426541
61.642692684547214	55.79596737680296
88.27853916752738	85.2434559393885
66.31436105581918	79.3390994455778
67.82927297771191	85.23498248526438
53.92178273829718	80.86482253804388
96.97929417365395	68.8310723943325
60.16393086106005	81.76273110913182
55.29031084050043	83.89584763354999
83.56860338963665	75.40308976609165
73.17641299583293	56.78521764194234
81.76207866785717	95.54955910976726
79.65336541926236	68.0748096898208
73.77144940967447	81.08469998929507
70.2532772904832	74.91166602814525
86.74982635416328	56.03687870940915
90.79848680400407	61.7506336823664
74.24502123682258	74.66637003012025
70.75265190436467	59.498654142399346
69.0316198111437	80.97139603697735
87.53634731713996	78.81716799688137
60.094620325199344	61.8247935130609
76.1662409684502	82.16516368885544
79.06381934347235	62.73820963689677
60.906237620047456	52.29181706865306
78.43363234303499	78.4674574516852
85.33937298176512	77.07254812382074
62.8284755985584	60.11098195374845
73.18271264631883	76.39300816825282
94.81501960067999	69.61464289003223
69.48762161010636	55.996978773895776
73.53305342906157	48.70440110669385
83.11758963207478	75.98537796698898
84.32217779238304	74.95556521208503
92.28264505899905	65.87286345436223
62.77334147835184	73.05040294519782
84.2435079550393	71.45625178854407
84.38398557653298	77.77957413269709
88.94321718751297	80.54626275695948
84.16819184237823	80.68354319145844
78.17594503665276	66.13765676739239
83.60227870376372	64.8013120679233
73.16485205455834	60.08139639894527
84.97841699552377	77.44195304018186
89.85402661961524	67.84670176935292
67.63226858715608	77.7217624129208
68.8551422599964	78.35972380334508
64.41728112071166	67.93011555214593
85.46201819747061	78.65320869131119
66.69117028352035	76.78219569402465
60.47195181126766	80.69265556908746
70.98075429949931	86.50137978376775
75.03726025244364	71.90828750635818
63.081239150041455	66.15672204523399
66.26322993353601	63.216008271223096
82.5080700327062	86.65841250282884
80.14203063360002	74.8864646341499
60.70109648899784	71.3721563372187
68.81841687860313	92.01727072254397
75.46263140844054	86.7748708622162
91.0391215459852	86.7790849394528
63.222386672715075	72.89058654112655
70.85224471152536	60.211656895986536
53.39160160391985	70.1770608818201
66.72331366663522	60.18435177046937
98.36269012884298	67.12587204268365
60.402942037613485	70.22489077053037
72.31680046546106	85.64080370258105
78.84955595582284	66.52041377140597
75.64114817907308	71.69411219539798
72.19833534082237	63.70092617399254
88.25762719017551	68.10265477920059
68.90883472876911	47.20743137776077
78.01078717473187	61.27942768387311
95.42540251190724	86.26080972566649
74.97572655043575	80.64034247983727
74.34593586322208	82.44851261123917
83.94398737093074	64.99318821405006
66.2432028403494	68.78605049617032
65.9666687918923	102.27497781697926
75.23893476696375	82.46192993424764
88.94223232020198	57.31228763349907
85.20059023319956	62.88543053177547
87.62420674877748	57.4910656196799
80.28916721152494	83.98735269965243
66.60265575993911	60.20318825041897
101.69147847100761	78.82572698849988
75.6537152196899	67.09398222801352
91.38647984963248	83.00180241263682
92.07663422515628	94.4610174042516
72.44611280507037	87.29161314854866
63.96149526737629	65.47767568628056
71.81846493526918	59.45453872742947
80.58028208926018	73.37612573559875
90.18030159886008	74.8039520886477
62.22211082322619	66.67296767240146
57.84311297389245	88.18730427687646
80.72884642486969	76.81796818201236
65.41900497875412	68.8389771275098
91.67734397618838	72.71834497937891
74.99097102282695	84.08129549874711
81.64502285581648	88.52167579367935
73.42692751040144	69.60440136313176
96.4865392714826	81.29097063606305
86.38017546688849	56.125347561204464
86.40862808962483	72.77771875845878
62.59286007663441	70.1423838642117
91.48287772988651	66.9307034487387
79.62865557500552	75.13870006873256
81.30606068044447	81.1975622952371
84.50684626770921	63.763006402267735
78.11582395465172	83.19695697652357
91.45327913333483	87.7963257924277
75.10643939765318	67.68709219010232
84.63035833232556	73.50339704952492
74.86934931443783	57.08035036758308
64.14840234987697	72.16862161061917
76.90201429296131	81.61293618522808
80.06463212347909	74.11363603374075
67.92242020922149	66.26892795549387
86.82562208922369	56.14265293388779
76.16942128222873	73.24528817638408
81.06025321284065	81.11267797104274
97.18640983170376	71.69002092576301
72.28671288490176	62.03897964514275
71.54004006187564	69.70881000530727
81.24274449876361	80.65577423474869
79.91500112778567	65.29477474251816
72.78930405176672	83.46675994051694
80.10122770865236	102.970866315965
81.45349197451141	87.08718129979916
79.21073638622187	85.4163010422022
86.77124291919556	62.14319267101825
88.2810815957366	46.19903941966966
65.73672023841328	77.51895001311773
76.401097778817	60.39490422480307
75.27249890652485	82.15122312608726
56.243457471589906	89.35277698561822
68.65708019366127	61.63927113647934
69.47147337958951	80.21203510395311
86.39463034737014	63.13689719680882
64.313237133958	74.74381359948264
80.09992030455915	74.11935716449219
81.92802052068318	71.09336515668615
94.12176780344495	80.46887579001952
81.83639947096965	71.53345374132962
68.05908182431263	66.25016802784947
83.80254950644107	62.444963096709216
67.86358246217888	63.546227519209666
85.9524196497855	75.6726692943683
68.68838432748025	85.44844626763519
86.1009127837758	62.76834622245157
73.96152065578897	80.3560681783644
79.64669896090557	61.31289573381105
80.11664567505643	84.00425733036248
69.07243321592668	69.37690020173355
73.39159255665133	69.85814900613752
75.38825027930427	63.55414082557172
76.61379517325767	76.24218236043168
75.71681124655906	84.46139362057865
68.231919318371	75.17014135454284
92.94447708546359	65.61909435606962
72.53009586731802	82.79695104570564
84.10276701431712	71.7668798447816
64.69630772165978	69.25280431290274
72.20426424006864	87.32202370549534
75.56291206038009	67.10946137630067
75.21876664068411	89.33146814840548
86.09495251008211	83.27992164841606
94.9960120660772	75.91450083965606
80.3375213621543	73.24925992320578
78.30824461699072	73.05422870412117
74.7127323344203	57.18408308081037
72.66208723125149	77.64012893475363
88.02629296683475	85.10210601197134
82.05205964592834	74.31820112134481
69.22472010168376	85.96970815774246
78.9419931413189	69.49267193751848
87.29893706331332	71.58004798107707
66.94824466259647	77.48492507329105
76.07620391314731	77.45631009595016
73.58527078195935	73.73028712650154
91.02881497756161	79.05208272222899
72.56937359477573	74.44566972713852
79.5556513132303	57.71104876179423
67.32844825387556	93.1217372503123
60.264064749523776	78.66821012480084
88.67240849610918	81.50555328501254
73.56645477972785	55.058546331211176
69.75581941718146	79.94892658533877
69.18562551370627	63.14969855604596
75.8147492593941	75.98708766582104
61.235505812563254	81.50741269177249
72.48924906451113	53.70030571046529
68.68405311548408	80.45913475263521
64.05835767850616	67.36976737423433
82.44739895451954	68.9387111740375
84.17863376368032	57.805919730880646
81.39011131717703	67.30387929412362
94.69673677517811	73.24660384514345
79.12899510687633	67.37816924087163
103.89119971450549	81.43109436503738
68.6400196633495	81.53928370857503
75.54752952126866	59.29286745403499
76.11781911447179	83.70909160987377
99.30823415923669	70.09559669811982
96.35432255729354	77.58672778915941
91.79511854418352	73.37528256144952
82.90451037131227	69.0420805286794
72.90989823886028	76.13560923346252
83.01326931268873	57.80516214914245
77.84767427807115	63.281828451992276
80.78264622387309	73.18811597773171
79.10865509244675	52.752928727192966
69.71853415343756	69.9963403756348
95.04676349186508	86.4013915757719
84.23148640760667	90.80342219189228
70.41940975353948	65.88738720254686
90.81924068847354	67.06396340782126
93.77887512486284	91.99933536147488
89.7872329280087	61.02409264639158
68.98254708251199	81.23228973999095
80.27763907468913	65.32046804350736
66.51642225551359	56.51347798052585
64.404365974802	57.122147707056115
77.5956561088954	77.95930715617749
59.464175931472866	69.71842137942572
70.09393280124252	78.24301280448117
63.5221802660282	70.16501089624572
94.37815180397502	92.94754359334235
61.47014954215096	90.17986134714343
68.99573157628359	67.13064971356606
82.0704791233935	73.66231483288132
73.4679091112817	62.41390231548266
69.6327076630341	79.19492208675567
82.13022663386005	57.789424757379905
87.55210406236091	92.64522843313887
58.186368887105985	67.50742961161984
90.22645563871254	74.88895509875805
75.9829565941498	77.86738604657879
79.79766889325572	82.82562630464838
68.97033110254314	85.96739255814542
76.32096242102023	76.12778600246034
69.65503400076402	75.46823700019526
84.45140080995645	44.285361100024865
91.02969036545943	71.78849860099918
90.19576149983388	80.83230789917107
68.96317411727017	76.98298784207498
72.67263193627176	77.2428728947435
51.77417266058876	86.5264471197678
57.26145625531589	11.412241590334112
31.45006291764033	12.443829810913561
14.194098712726323	9.935148161922516
10.535710285770687	3.0959323162202246
32.060282834875714	16.296608802384647
45.198545920520196	13.30861142509178
17.79409210693371	3.3534464297819806
30.691394214298093	3.6947131654856076
35.851427922560156	2.067375379983382
23.83444753199194	19.041087856890027
45.59364205891715	14.276123371766651
35.328671950167475	15.948416372679784
22.771000223246844	17.077947616664172
58.73006050884892	16.206193513814778
28.606151603742138	27.409843078935275
20.231278372949603	26.857148261686262
44.09642597582007	15.763356711379995
37.01045307325412	16.362209194875827
34.62856121994977	19.036714887272243
35.53580550329727	14.05493608745665
31.424285319492572	19.244775974580445
49.24497116309274	17.400140879700558
44.40513505985449	13.030620560945824
32.35721812964328	17.905780998247955
19.43617338563533	16.558064123865023
39.17174894235644	8.115532236895639
18.700152502377843	7.475799290376257
15.779494095074206	31.46870823548429
47.1716093963053	20.684634116901645
32.015731250713706	2.9571840205912796
40.99128520276314	27.149387199351274
32.29388352930045	16.19366490606064
23.370145513571167	6.592801217045192
43.270806300973646	22.143217185622202
34.06402620000644	4.901669942728091
43.757240919932286	13.414534498392845
27.784551847144563	19.095104655381654
18.01605022203376	24.651368528172476
31.63576444130619	10.796459969047572
40.13144965911833	11.188638528535972
30.120064246760645	-5.803807792652167
29.286402469855155	12.461238217996407
41.643546221934486	31.31668306167485
18.242075269911364	17.566036642452524
24.527066877082845	3.7116871613865996
33.68555355993206	16.287940210769474
20.873900988230147	21.227986748317825
38.304433530272355	21.645653815121488
40.80185055390105	7.468665687278325
43.08353793239972	10.526951621011385
28.143186719553903	22.155466684487287
43.04216466166078	6.330777111700968
45.5677034325857	21.822766232369588
33.39295741310736	8.348256173339676
41.37579271414265	18.154931371954646
28.62369508810315	8.772868316499745
42.09529262789678	-3.697691214307982
27.980261037861677	7.20210020249502
38.002633244290905	4.24709152797921
41.97789231049788	10.68676175658084
37.35815803367101	29.95436278084287
34.342535293119575	21.82801886766776
43.06061522047935	0.4646121747728742
40.74191307347819	1.2503314319809764
30.33573819536125	17.67018241860507
56.81377352530838	8.5726741336847
35.832315885143565	6.7669252783232
52.991374453837665	35.18720950551881
43.993682105694646	18.30597938515119
38.055299604979005	31.76110112717827
36.425402471229845	14.133018149879915
35.436139447775865	12.755778429021985
30.05715086365183	17.661909782217474
40.66495649935577	27.41671488284035
41.12477423329251	0.40330557033178493
37.60291300705946	18.509017320115177
49.92934279544119	10.947275438912119
35.39213398993061	21.42172081414231
39.79696760162695	9.227583263720792
31.01416327674082	10.12223792823173
29.849521703642754	18.970397276937348
37.43700043831147	11.814585612384395
41.531808869257205	22.692508119337845
45.41784644798183	29.203964750155194
34.196686913497956	10.755847088414718
43.985968518830866	8.616194050390195
21.468368027016446	29.886558416086725
38.35895422314102	18.291494474404953
47.691988513879274	7.35667433470527
20.89551903904421	16.92485064585351
28.107864274055583	18.524156290004495
33.41738948941131	25.88216415946215
35.64477665218162	1.6522072779708008
26.004833313174352	13.63558599652699
27.444129600901853	30.378853338805698
34.70685277238374	31.359018989774498
50.10420651130805	5.277295165632049
41.385813225149114	18.7165606855997
30.480125284529464	13.840730000416785
32.71866320049956	3.0045411980820234
42.96477918024242	-1.3324803873066546
12.434923547716028	9.175044918507595
35.919183174435716	2.1730284580160735
38.01937405791615	1.6773073989605667
31.948183088720942	20.680999558181995
32.5438346772726	12.91840607005654
26.48256669015879	17.162692069692802
26.335702478873337	10.42290702732948
41.868232550875675	30.381756794107837
40.75220723043255	-4.139567397312623
47.41130382375152	26.450018238126304
42.47434672889335	20.943005443384617
39.42946785828077	17.305349259969315
48.11752609178802	27.329982611098302
49.05932776610173	23.87887423112477
31.974614161189617	17.158113809570377
43.57759382319762	8.730292242079052
25.041070841650146	20.023754043735558
49.117355555959136	40.5716508179506
30.06457532356314	14.018969690636364
21.552803311598794	16.463804703312228
25.50264115776813	21.346421945760973
27.78457541277328	14.58009991608566
48.33779989457811	10.217791451322668
28.790958857751043	15.902929157300402
39.29989300671961	30.998440362192536
42.39100190950089	7.508134792646269
28.90156868505858	16.532582253957514
45.62309866000055	15.50701344640234
28.055677087924753	9.796876139314433
18.71654205239744	-5.717491471629367
42.383425578168996	6.914347037175764
23.009924113874305	37.38089268886891
17.24240410349527	8.648781851219452
32.8334288224484	22.526774867991374
41.00139290195106	17.8395342312269
60.80386756510717	-0.10512783671263826
30.41303376244374	10.161147047883041
42.08933939430839	32.435660854305276
29.71881789264558	0.5202689730971297
37.13780547041186	8.205249231409404
37.19418458440259	12.886032722355273
38.09634432152347	11.696309408600865
15.472439842874618	21.172482245317582
40.94669043198573	-2.4944324682550363
41.60972833087566	12.559088481320899
38.78701091315546	-0.511153742193331
38.1005499243742	17.801628863692496
26.998457180354166	10.955994012259033
43.618654083241566	9.944830054801482
33.144241815157315	17.205746736423947
39.40512323256673	14.11399922672054
13.229565392072626	2.082581775573976
35.113730128451834	11.883262709526996
42.00276214573879	-0.8128826626448902
26.251021843208555	7.613767820332184
30.79202199723789	34.40789120250872
41.86200634888047	11.008708283372295
32.310998997127285	3.731233619830345
12.897212648947786	28.29267684544923
44.938843193604676	13.947516186293196
19.015307161541557	3.49833986131485
43.75451188967686	12.263805449602563
33.52569811636794	13.511293477375592
36.105201323071825	17.836374924615075
37.086581222927855	5.835223332373676
31.090620411034344	12.619593461236725
37.27671555858342	20.440854482728366
25.007066932750583	25.906185601583278
33.82820677530947	-6.407256523229703
32.96792932866157	22.51559808298292
15.47754510357031	16.82284270087658
25.386884565622452	6.009622657821911
36.80914096629117	23.95885564301912
29.092440377737418	17.656556600314754
30.531119864680914	6.057983228833484
30.322043362021617	23.898100792526037
29.281955667352843	-2.379288680065107
33.231002655255914	22.095351700404045
20.510526239449042	15.401897705619332
33.31692628866651	26.32943663056812
37.30519688375959	9.516905291785545
48.169091952158375	0.8383600881508944
27.39759689935137	19.11494318468937
17.36899813595537	11.823365016172751
35.61166548919741	10.356218905512096
41.318626869365865	30.36616981391176
31.798065732820312	17.46173010669605
40.76584092122383	22.6573255944761
14.953680093949277	29.981245955492074
50.77662846151573	3.4568877227647707
20.63784688817229	27.221446759753665
7.137175206300871	25.660710504297608
26.925234422973276	29.633316941407852
22.9444543827333	16.539354033096917
41.35300253907271	4.180165280472796
43.962410459864074	22.479770147483524
38.208255498048516	17.842697764305704
43.617464312890135	14.358174570310428
23.966925906076604	23.22617319138313
25.066912211773733	5.299950503517037
32.38833264045711	11.47771967248702
42.79985088219405	8.08683382575959
32.280415448872915	9.787914680728779
38.32907324676909	13.090953534050794
40.034112433817185	1.5610120692153036
35.42840216506972	24.00968841778614
44.628264777856955	18.351979303797357
46.36931950665385	22.99882370663291
46.21018696982321	22.11373229794681
45.111979993105585	14.292182306602474
37.16042240903225	3.328412752992545
37.13275660367656	7.099267110919527
51.89095112972202	11.948269639459667
39.41056708144834	22.06431457712057
48.780463137836534	22.32904817015196
35.16088495258234	19.388338292253028
35.84858897216827	16.774968744717487
49.714957095854444	3.062183412359607
33.20288113684932	29.057560963074252
30.113032311499005	14.393776909551226
16.83210414251717	28.619017360282577
26.57998842132482	19.964140135070256
35.80651998481835	18.700160250840593
13.965960624924303	10.24082753587452
34.18622438374786	25.765792708273516
36.365181698670646	14.264660259764186
33.15914567021752	12.79150946457353
26.968845803592274	24.245617386307863
44.787912193457025	25.371752189633334
45.37681843596306	11.298511773840929
38.19466390649714	6.507208540846536
42.48166087130472	23.57803954320075
30.51117198208214	24.33407106077729
36.229419922477604	9.612837592006164
36.69107939497638	14.127135254642914
29.136173087860136	32.669924201020585
39.33024816141466	19.873020579741123
38.040455620391995	0.2438385238188232
43.22017928394092	0.6424814533708467
24.169240245328957	7.887174799338399
43.566116089847256	15.151356120503742
37.73690242483743	0.04299313070880828
40.64748294368916	22.40053836293922
24.67939416359292	8.5517726513548
37.47812443417677	23.48187343842426
27.10819672770735	1.5639515308287883
35.10258898213822	4.626076929853056
11.214803312264536	21.55225270845979
18.30324201340294	18.56348201470879
28.304191331418636	20.505210665011894
13.250759099358309	-3.9838891851615212
26.884432629931865	5.379818102242391
37.995950615883835	27.39245272158963
39.171463176739884	11.560011956240007
58.81975347723594	8.898432426802067
26.79807071405159	17.41227262795898
23.53515474381771	8.253418849263113
41.17773308178096	25.139015063300864
27.121530022760624	24.88466083668467
51.320468049253066	26.6225734609134
46.547617899672915	3.692906435335903
43.63908896025433	23.22457219307907
33.42185481346719	3.231680414476454
35.140160438446806	23.505894756008225
34.09608965568133	5.667137262922596
27.75346241749182	25.77541072223999
29.908305797986465	3.38251347205858
38.25960448579897	5.567392969531621
25.951128833778398	21.849297855263682
34.12762844858616	3.950991328994151
36.68229296611752	13.381911048705994
36.04186474905277	17.102853157522183
44.2332853639027	1.2914993445922818
29.817672131441597	-2.4480460864498585
34.434677492236084	4.146925902574873
45.29522253318121	18.235118033246614
39.58018098785868	15.701585654847095
22.092274653525465	35.19803404761753
51.456533406108406	25.181586126903568
39.04955766563612	-0.08577157824966974
44.7311196546118	11.435228923141736
30.285690173848568	11.839159156407845
37.965958714802916	13.524203136324834
23.945845510796758	30.218709551849305
38.72304144758341	14.807729868301204
35.9765768466228	13.183147456322377
48.15183502696874	17.057261222136223
29.316923674160243	30.855989917083953
37.80976488993486	20.830632083898823
43.78658242374031	22.519211546404264
30.66427491291745	22.64400163609031
39.343451210973896	16.71009574296793
33.98674100847539	16.542709008687343
34.048598663025686	-1.816141792331548
28.58546757116915	-0.5359507415046938
43.52826828270304	20.49304282462137
31.88119247836636	9.075940972164569
29.521555399280214	23.712012011446856
32.257298797342365	4.91686234164232
45.52644287482699	8.389954749010842
28.503533022926575	36.4993896716367
29.92627890219511	26.350408947843555
16.399864471410908	13.909138501695427
21.624399002144102	1.5514467729189292
19.0210659069531	32.267404557183234
50.12851415075672	8.668558321825536
45.761638292847614	18.580994052458053
42.54431924043965	13.462304745824706
24.11602576746271	10.890831354465307
37.92963305138042	23.874920175646146
53.0513026849833	17.87980085525736
33.49303771626591	16.29023712728606
40.759480576242865	7.412594365062079
16.60984111215128	20.688646749897877
35.93771268016275	21.38828421793563
40.46537306760819	7.4223894484888095
44.350525586656815	17.97166038119139
31.15232438690404	21.622329116337678
30.795572002880213	12.211268913243222
34.283444364258884	27.251747682304494
30.08067305924133	32.23578019125697
34.33920664694484	24.882770545950923
33.529888342258666	42.26205113396343
42.145726804201395	20.64067219134762
41.29840015993761	12.15639158640269
45.79810401792053	20.444348310644003
46.78499525442716	27.303933337857995
39.6042524423178	4.023791070656099
37.856847075612485	7.591240187979702
48.58546096372585	41.7027479489269
39.158227674133926	-1.288211598988246
22.50643738425515	8.970115093446394
46.42051254793019	18.953248705141135
29.156181525632554	17.269313432918885
9.48031709393696	13.557592326992378
24.1621348797633	24.314229038299807
36.982263739306156	16.283465420548787
50.35409013036369	19.984689520671118
36.4941825627773	19.798128796241407
26.47428848290595	24.59280537924876
35.360100114457836	-1.7711731530477888
44.321541640902765	22.27233260671442
34.447562990249	17.43087877014456
19.91252438490057	19.34801626715148
28.20871844526024	17.672389164664654
37.002749669461735	18.08976182928565
37.19460687806611	30.528801807439024
37.13092831273205	10.31425830715301
16.298514405559832	7.4359807679533265
28.09335369993107	-1.0081815010786865
38.820559683545156	12.05457368320238
35.29884982353829	13.882068078564732
19.24984191965693	2.0481778702832543
36.19618401800861	-1.25130403578852
29.25090366249335	9.747040050422799
4.772705340859979	19.443958397981135
34.09186707287781	8.413186637508817
40.654346273866985	21.689733282816523
31.49685757889382	6.152122984611028
15.363381759158845	30.555809658697584
30.550490633651666	4.611964094800824
25.55927301553999	17.06002644256018
55.09712812958074	-1.9015625715970206
21.710307676565908	18.815565138764256
29.883662840629455	18.54894286412103
28.168909775278582	-1.3394258355275053
31.149006314144923	18.71078321596939
19.20823255180779	21.003826315989134
35.99845963162056	13.16581551916299
45.52037144620684	12.254206871736583
35.04561506728172	12.633193912768022
45.208266557002624	9.422068076439967
46.78662071834488	13.909093559919668
45.16440253348248	11.831129566419108
38.98308869914438	28.80590584231349
23.250332930133276	30.99127357716534
38.08125926850097	26.408651565481215
44.956799597699366	-1.6356837109881948
36.80516280649544	5.662466667884145
37.80077063782472	12.07496961735626
29.54475038873449	11.748582558742136
25.937367196314895	19.69612142901464
52.96365552079937	22.755028413084236
40.5173604668292	24.237063873713947
33.13421497996883	29.900217470573324
16.478502386722333	10.649380793936825
3.3724673335307713	35.14253729215016
48.886668873839966	25.173143679568234
46.48582147877264	23.84944940613338
33.81071830868243	25.827431555174535
45.303676599879836	16.414714618035198
20.90472953536263	21.179560420947237
19.887907057886704	9.419453021656935
25.315238702837632	30.266078490205533
29.221640713387643	12.888208029221412
35.32491462164431	0.7577715886109395
27.10317918810774	26.677428984186
32.73756539099025	14.35769872496993
15.154034685653642	13.355228759563904
35.03228120656367	14.912835999934359
18.327279707795647	19.707148698564243
44.18054705866083	24.566741245300953
11.22203441503692	25.448164986213655
17.75149645019471	23.431669937557444
22.228602622522484	24.410153930621448
20.21541142847022	15.472564695221486
43.17194737647474	18.25883335737272
36.156206084345726	-2.292648837803716
18.341726968695465	24.944770222965445
36.436495610749155	3.8595988022894545
37.40934241270812	27.740092332712628
37.17521596655727	11.256183955228199
21.759058563543725	23.465478468092172
48.28245813515349	28.63839020589349
48.62280679664674	17.690934184001126
37.41395100879437	23.63487764446695
37.876704847756805	20.865247835474666
30.024430068681426	21.785898813945355
22.387213476329183	18.445039909350253
36.23424967034204	27.373183909370788
23.61194852143177	14.98381428590657
30.708863687611725	13.148286029248249
30.781147564588267	18.943880376132928
29.366857099449554	19.983666348195158
28.15059453151427	24.321776964530642
39.2163078519705	29.366020095612292
17.08937734725858	36.16177604906421
47.03407384976177	27.9747304579562
30.853702959666762	15.973230819663106
37.84152349475214	41.15899886133786
39.630253062044304	30.242138745605807
37.39497699357635	27.625105203037158
34.05061396624842	17.71861546585559
30.54345845819291	22.26878078771062
30.94942776926076	16.48068303344048
36.287871915536	10.320090712635087
29.5805702218767	10.877436636891872
30.740115900327627	23.603166721581186
39.29466686486253	35.137965424317876
46.86462213361546	25.868647067626874
29.160494207960028	7.818228970308246
19.33467212905008	20.547388707807777
41.864281416192796	11.365513655976137
47.518535850520436	16.918582785329225
26.095331056207698	-19.641473291724033
24.313449077718456	32.545378314332126
36.44871827152534	10.321432987308686
26.9154159570643	18.093336772529014
52.52320339359343	18.928166109122888
34.211695729843434	1.8325341060238607
30.87902518786699	28.141209038315303
46.029292787762955	9.206217647333514
30.73599237080304	2.4086409328978178
26.82269931556273	18.97700302065779
27.585808012611306	20.58826078743809
33.26824899953953	3.2702106298391573
47.7886781384008	23.044869967818588
46.003730632829644	34.70378196113338
28.100106385241453	22.573750126994604
31.23645854525476	25.546002384810283
32.34713053152446	23.112332280110003
26.346645732622278	10.784656539529855
23.13401772960449	36.98673779236603
47.43086700659082	14.722549211253872
16.73290844587518	5.134940814706107
45.319308250026225	20.95330845991083
39.323866601427284	1.8300708152978231
34.20199681638887	14.525455221690322
49.32894304463579	33.18166817232663
35.203978609069075	9.941385218224074
21.83495517914902	23.051035719713695
51.54805421612869	6.535605444711658
42.17541331594077	13.223045624025229
46.83148057884294	12.72337969314748
24.143074833684825	21.85173483904152
56.23579132281296	27.665914952970336
45.694634363862015	8.927925046346324
48.069415832266316	15.82994968223177
54.537552648211836	34.92482838673096
23.614285971500294	18.191836796132055
48.00773854656778	-9.599874334017047
24.59341516682203	12.806666764405596
33.0762948978998	8.477436902296347
51.59643101485438	42.3223806667935
15.21411865122235	10.207785360972226
33.762301047597106	12.179240374372887
40.041027456487065	29.237373768698426
25.714528351118183	7.475684156484672
30.96947890920928	6.962741790648291
31.08850103501303	33.75239526155427
48.29406307880209	15.367266678412191
35.50134074728344	7.8847205634308795
34.86556152411252	30.18101329485809
22.065931819332306	6.599893175007836
20.3177819848169	20.318338461006267
34.02833031650245	10.634005794670838
28.69463272383247	-1.9725529913138136
43.564239549558714	15.695450249911937
52.89497767357186	7.6946024378855995
91.9960642980759	81.7710304774605
86.60951046142921	56.31001739324198
86.25771581009296	69.61971182467138
103.52608685111052	86.41410681349494
82.93984433328838	67.89277196047561
116.25331950621435	78.3243230315011
86.89512792432215	52.009524275215256
105.71438888750525	88.65080830926907
103.47906614273286	62.38650430262924
93.17889201700058	74.28156960994426
86.6601557986183	75.90360006839981
101.4355690586421	63.74528396088482
80.51525564730143	51.02770840824357
87.09714477044403	87.55397417732715
91.66931432706126	65.67501678770456
101.2251600653132	72.50579018968759
75.52448976249059	73.32413265312351
101.42029764085441	77.71440257308416
107.50489490348396	59.05128206180051
96.81467293631016	79.42010956165784
103.03455296829709	67.67073990870134
101.19812549862534	67.60077260841275
78.95427580458629	87.43953966736746
83.14212374230566	53.20199441787621
82.33429236471561	67.6047801463131
81.59670478990411	68.2807929272792
87.23418847349046	67.40260445583246
88.3489058051207	69.1925818914207
106.04778732214963	97.6827321117238
85.23678068816754	57.993500283710844
107.67580051954377	73.85125120609996
93.90627283474795	82.53107848740147
84.3286019982252	76.1763981074499
84.14145316496216	84.31775460661022
101.3911560781064	84.44265704527412
96.87527461374475	72.84038924926303
86.55976479944509	56.334946837721915
101.72003396938828	73.57029879046847
88.49062683636683	64.39729823638801
94.66093809796845	78.72422242545568
99.15221623117615	70.5276225737948
100.51943943166539	77.69386707234963
89.83646871883587	77.7505878459644
100.4089416908006	60.02759213301205
90.13508325086713	76.46878172120614
94.71677812993313	81.05851646665656
83.76821589753216	57.90247712921821
95.42070602028072	84.61696278954304
114.42669746940368	71.07998784146478
89.86869261135857	66.21393508803044
80.37769798680638	68.39643855271174
100.20914512520758	68.34231140548084
89.18071386524993	84.46690933183592
84.23479293964614	72.52769321189712
97.21529931454174	68.33520274450964
97.21621330542608	86.2500180584039
94.56184987973424	86.12677943856694
93.00773582850981	56.488228262937625
100.49702355403934	63.27873396712557
105.37158590305015	83.44532484140893
97.4229751325019	85.93520267141238
108.46337407249356	70.74204018362809
101.60351049246037	68.30191071853996
91.39910140308953	54.84213793544706
90.9608069359371	61.203820604842875
85.68349335461342	90.2058139547002
104.35674559259957	92.13532494336349
98.53222826092755	65.55130246859308
78.29137491310765	74.8028530892069
74.42406828523184	65.35406616382281
93.4335851344382	86.90546317779248
84.42860201740328	79.98232346598465
98.84880752234983	82.03661666039417
93.17948513670775	84.23999150056541
83.91931401909056	71.92534078799255
92.31318529264897	59.24209071818386
95.76290812941097	63.17573051058435
99.59199731410645	76.10574412489797
93.3245428444929	86.55834030345315
101.7338498799017	93.42325140952356
117.67038532248084	85.1012698552608
104.03692413836123	75.0774309002094
109.66937560023912	61.085989960752144
75.03320412784791	88.18678023638866
109.33103670842014	57.013089865439426
93.15940017411012	62.89235395481012
98.89634294258335	83.64211959080754
91.4914975823969	88.66748634269369
95.20811548156819	94.9573907502751
89.89082583439675	53.262345228829105
82.34351750964498	76.27524389779825
79.13589816553596	48.38594110693838
89.67520260684522	55.71477678079508
86.7549759982083	67.02025410957728
110.6428024581661	74.06449223573577
92.36177686182484	76.27989734772271
88.80372246722024	80.35085685704794
97.19493643001233	80.9857994009788
79.71282931827388	80.43753330276735
97.1759501847169	72.53834314208561
85.48510637641579	69.95815780157298
103.87109111712762	93.00263310013412
85.60428163220752	74.7600872237662
81.64363741300744	59.613178858128094
93.74241141074553	71.66682184864212
93.75231429396975	73.89543664452528
86.49826269160263	61.843034404111684
75.48803032128201	64.11606372306736
107.84693044595743	60.93625319319951
90.07856404745772	82.34296315165375
103.11565403065828	71.7638218515561
90.09786316380165	69.21850657951632
78.02986804192962	70.73561560266062
84.59880829203729	70.71658073162158
94.56524148834336	79.97593791494229
90.44107652936638	58.5164300506477
104.44549302900953	85.45887874471494
91.35161523964022	65.2985684330127
86.5874339425625	78.02434356569536
93.44452499416403	77.53635194580258
96.25161127710723	73.82886027224578
97.54987983152625	60.846191466297554
98.95502123004016	79.71176196246596
88.69888752743822	74.45072074840962
102.42617635710755	70.62271531597473
86.83856689980516	63.57372159370692
102.90864337217427	83.27839291339691
96.43834463615146	78.4162853726181
96.61728917879809	69.41458991597834
107.40976073696402	83.96148588544082
98.94085633219748	67.58375367292861
91.15417451848649	86.83343872613015
92.5659059563145	70.55106370394343
90.00176053269628	58.696111058259774
94.70902839101983	72.49865664271537
94.06545914561582	78.29145235008436
108.13656433138546	71.31785029498026
80.82163339057016	65.28906660176854
91.51772497749491	89.48252398994303
95.4640325115585	83.0557782593653
83.60818031299789	70.6861194695327
105.26553350929258	69.63615135115404
88.41373583789685	79.54479464884817
104.59196556228433	79.34062218132038
89.23486869313963	46.041091285446846
104.93746156721062	65.98769844846782
96.3763507294915	79.85127803039687
80.71866590395572	68.74991981400383
91.09390000597116	69.28135030214978
80.04529061643159	67.28386987449065
93.4678805489075	48.30016095176585
85.44210069748652	52.4313272469022
81.31081816272615	78.73349290149014
101.49468849618962	81.82287314061962
79.47821717523507	78.73169199651834
98.67286745289162	62.947887885747505
93.85040176801	69.756670945471
97.90881582218073	66.38198321167579
100.79304114588798	87.26350468998177
94.42631985380481	55.440070703754365
105.31089967849658	61.56699507753509
93.04793816024574	78.6634231269423
92.63375667092943	65.82897575493229
90.82731428117788	77.43269868139214
100.30835635601223	55.97205424062192
102.90669552913047	58.520196060249724
92.73193739357122	75.74263133032773
85.33378050332384	71.11599689483084
91.73236230665552	70.51707039189479
80.20270789123171	71.48592239908109
77.38875958348262	57.83711506347322
87.39127645157075	60.13472898905307
90.21754637751779	68.6252776242172
88.69987315789639	66.24618844398621
92.69508100630922	71.01531407419664
101.03286426914042	71.97152595846066
75.59241687258712	75.02018586130218
99.55792737180485	77.9881988037573
105.8688563375903	76.89201901627422
79.36534099675627	95.21662251849223
100.25016508368121	46.48711386908695
74.13667377409269	82.63980536851437
79.01776381231375	68.09136114443494
105.89210552371837	79.70415444146778
101.63984790291917	87.58874278793517
102.83391244772865	64.62133691870072
87.52640734123986	63.10506075953365
93.76637960242812	85.90795857169643
90.12911763245837	64.9715631404555
109.9444915414343	74.15815173505058
103.04109766882678	91.47165519939983
90.5948046791892	67.73410768319755
97.39139002996659	90.27169329004981
79.67150590043241	75.92765369306751
105.70042742401817	66.67002166025132
101.20954578748774	66.64217820545808
87.12897155697944	84.70499729788156
90.7425933962428	89.72128810920577
100.16584945716882	76.02244639664899
113.26655829931263	80.09188419937047
112.53943112647536	67.78413293930807
91.65027867203733	58.54124105910107
90.0746363215119	55.57873296119845
84.45164925970178	73.76463538134206
65.81255405524462	76.71086720909048
95.49939144482127	71.89233550327627
105.58273280657562	58.19471401196701
86.59176598532794	89.7423281977127
96.69882520733069	80.51726635804292
86.95297322878761	83.082160253666
96.17410233501144	58.302285266010365
98.19148319871123	63.62091676822575
89.0002482927029	76.56835823710647
98.30474906638446	68.58478167551107
92.44603723043181	61.12334353306727
108.74826145927828	69.2903124155218
91.92506304602612	82.10749493072476
85.25236527258316	60.85438030838395
105.21931811923795	82.98509405025229
99.64012645653028	77.46262293238121
104.94877252633187	85.75387021010592
89.0287949083163	92.5102703084578
82.24143091686678	74.46200591041777
90.05730689216762	62.44588600615776
99.6140523966522	77.99530752319671
98.40986674492868	60.433862148638156
96.00474326760781	98.21571632764618
92.38936783199969	65.2475945140491
94.55083447860893	78.33618725782331
88.731338069992	71.14562724930846
83.42229009044235	61.32965433062294
100.9786054491913	67.70795498234227
71.18072140197934	69.90974354062011
77.33639250767577	82.2265555919659
106.85470718277956	46.9943903445862
102.53472836364911	63.25545533546156
84.4211039161265	59.45017515755583
88.75781199335556	73.16843930539063
82.04046153858138	80.80856188178507
86.43377436375164	75.75777060687456
87.93954653633931	78.46668251967625
87.34717941972853	80.37391674694265
95.92636363208466	66.93972781406737
101.10348866825314	82.22336102892696
97.95318088266568	86.98245036318869
88.25803709274193	76.42010159070756
93.07803670300015	85.0012923840502
103.11008925395201	83.40678635995289
97.91504381853562	85.50553830897864
95.2618444267565	67.1806398521779
107.2407966873555	67.52091668007567
82.03548914189332	90.59676933032038
89.2359304158842	70.33180555197542
91.9787806396325	72.3597699578634
84.06466051640004	78.91834584928301
79.30826875998724	66.71885177346513
101.13120233926225	79.60801998620435
92.68635096784158	91.00917427547503
94.34818111691499	82.72522589819411
80.16879377865517	78.17940751916863
112.3898283323974	96.54115823363637
84.80343537848046	70.04139033489191
75.48252166267142	81.91335821339801
92.03112732317896	67.0539193314697
109.71104145244615	91.14820580820862
94.27490434053786	72.16904525556696
106.94100332959522	71.18602649489608
87.00088424670754	89.31191178827328
84.39199960218392	65.6450565112873
93.29144607086494	67.53520104228363
99.82723149506084	98.5221762539243
78.96317724846894	73.45205180801607
107.82171283554095	68.32512859728408
93.9086975386642	80.13733395174559
90.67304855414349	60.25833529406874
93.36216202141476	72.14823832196163
83.0644838804529	73.56701704714669
95.43043669749723	62.865866550371095
96.91585559039572	69.11226694113739
100.08957734987787	87.29429273804843
82.65884287523954	80.51089221458122
85.36867162699289	74.75999155586013
88.14613721167798	66.82557655243487
99.86229051278205	46.174738418309644
104.88458791474721	80.70748151216398
95.92547877725893	81.55690236484337
98.34126192546307	79.00712779847146
96.45595722209306	63.52441559527206
94.5337245815219	61.76342791573864
81.4394002548184	77.34440102681799
102.75626800628793	78.26318405429151
106.10099228350582	59.62165882934232
88.87818013025651	89.5696136848728
94.1886135101983	89.96735548881273
95.89118425073914	71.84336813840966
94.97261272541976	94.30842052086766
89.82816448989153	75.44600041643562
99.6347156665654	63.84221219560347
90.1402875269309	74.82301996320619
106.84115213313979	71.02337829378942
100.4828804001468	67.60750462806196
102.28598502846904	74.96087569922014
90.67570662885561	75.55273771145465
98.93579323611554	97.54689963786637
104.63863625397259	80.25299409808856
76.53824137760037	78.75933772180572
101.43229433289837	64.22969476549034
79.87885237907497	73.5685949228543
104.63070331176934	76.5619821517002
100.49722764886685	66.00390307640602
93.28766985473604	73.17734966888324
98.71161699570015	74.71756228563063
98.05692281031894	76.51833601021293
111.66826847482446	83.63806766588384
96.07362048606763	74.40385244717893
107.67786514978991	86.01491615638396
91.95306666181071	76.39878001056012
101.79922122399998	83.97747180720754
83.89350149140176	71.56846869736906
89.78107856367751	63.92198899470854
113.87937313684965	73.26631539976721
104.68904402763121	69.54132925679079
99.27837983269434	70.45768858145995
84.3796810917039	56.26527204746341
103.18825038319586	69.85224563312636
92.90737244767408	90.73393450639855
79.45678862950172	66.13119167430033
87.5332848403774	56.34440267734523
93.2126621467101	81.60887916607587
97.32696239795514	84.45849575150592
82.28650134197962	81.40729962551121
92.21394329711373	72.58278868708423
104.88043154415102	67.2442355032407
62.66878652918121	72.95893064648362
94.26151756927084	78.09738816664839
77.40827162829535	71.3897365350371
77.98707710141441	82.46798620944377
85.89681943058741	67.19744600133785
90.21926617359213	64.0322208559434
83.25048213615923	77.81183138358197
90.55950042746998	70.10734206268106
83.31924670794642	68.54807206565009
97.39113989304742	70.33259261961983
91.51321751916755	53.915902960985974
74.63482162393487	66.56186232552926
98.93777951357154	64.37489568016859
93.09080043409497	93.23927857103033
108.52211619864721	60.253722670148925
89.08645360586536	76.16400537145049
87.3953398887984	64.01801840646147
87.60486793027023	77.43938404815839
102.9129499517847	59.88781824757072
90.06683807338649	77.5234214628633
81.76955265722661	67.476105897966
87.60404261570211	57.94393772779651
91.22158329455058	73.35913043770496
97.94618044775889	75.4203047708037
102.91405170365995	86.76086583846299
114.97147956050482	79.41830721200819
92.0466886224007	82.34073172955068
94.44153161034642	95.04804426743286
76.77467859393528	68.11872209132012
101.5294716440661	64.75386155081839
88.2439626839158	80.93774744699046
88.4223217502024	66.15385515200225
87.183283907921	83.02966716393256
87.25847991501418	73.19707502230506
98.60355930605	85.91809193737959
98.92956854895021	80.56068061915906
92.25174680087584	72.23225920874751
97.00896704507127	92.76669612208994
81.53076183112363	73.8141659429664
81.61577012074903	72.68706258259294
93.07256025737338	114.3136824269343
86.10591498783778	69.49985878395609
97.05810796174816	77.75913468924401
88.83528010234227	64.89386468211522
82.45523418379747	77.486735073191
101.28149364661299	59.450145793168296
85.54196679124526	61.260375407474015
89.88522436231021	74.7116321518251
85.39801414508723	64.36972325727268
89.51712539014153	76.83489542024287
100.79279760657595	77.67222234155277
84.32965660539648	84.77041388176396
101.5906988797292	62.10732970121967
87.35680274186845	85.44403845590254
82.29397845933448	80.17741237824684
105.06819693186904	61.11699758782238
96.3908105274401	79.31468381772613
100.15806620167335	59.94246406012776
90.39562766329577	90.85520437973835
98.81962744708954	55.45607622654635
106.42048467585002	76.06067070808845
96.80284220365466	73.78310236044678
95.02789934040099	77.66105669359399
96.15478205584209	64.65370913151796
88.34320489150616	78.61639027435348
89.53607792646994	76.26150385401047
97.30633689685457	75.61350536053199
78.92597052645672	90.44965544500477
104.65930108317369	72.44379138358539
102.5547201711095	84.82565679449058
112.34291391217675	83.06257027132311
100.62626784562808	65.01882634202592
88.30517631048909	73.80413823579207
95.99549063807758	92.19418189508878
78.08200073904263	79.69793172165531
84.18336675998879	80.98535735581325
88.16196695215349	66.35566004235255
94.40799207231791	59.210319969432064
89.67188354514805	91.21514080505898
104.7897175693696	80.93278230521435
109.58940154352038	63.17661626957387
94.48795340590802	57.732161413297554
119.47912742813664	55.171908472536515
80.74646482472642	74.44429736006536
90.69123854518087	66.69888810503917
100.8839106590644	62.744489599686446
66.59353534047713	81.16224426244159
92.41089303374035	74.41673654804598
105.44674293674447	57.99317585324648
93.44943460927843	74.04452301181006
98.88775738164226	86.17094469028832
91.91355960961216	75.37192364861143
96.8324776168103	65.36289261114767
83.40337113657391	56.48612024746457
102.74523945242458	74.34719398691053
98.5213907254771	74.68833758148756
96.52740027290801	73.62957626268697
102.58914474748809	93.17467065907248
83.7170362781636	76.5249071051162
110.83006332976231	75.4723778947762
94.58308510039001	88.38659073063431
96.61339635641325	70.21538544251558
77.01269706843564	66.22864488845684
89.23186524942076	56.33309534570701
85.74697245409308	78.34965630433202
98.38364108364678	50.08787972185256
92.61062413895806	83.7483895849355
87.10108568275574	76.02083980773496
90.09964894711675	75.7525559450092
81.55256498292259	71.72654630375865
93.29783173998877	73.90858678529558
97.39434005569667	67.65190883739248
88.65418232772949	69.9463142615515
89.92852539119484	74.56420928593529
97.75111691910396	66.30972033286876
98.16147766894217	58.974319925555285
94.20648826963676	59.59809570311291
100.57263903349474	70.52205551727324
81.05089487212734	71.82454364517379
87.72785234267155	54.4590132584056
86.81192436216632	56.95652979564967
101.45258104903901	70.21497454497614
94.3075260411781	67.14157137869564
88.95754808576874	69.56059146913185
89.57511834619204	55.57543270740113
101.4270166156254	47.58740134415014
87.24490719113211	92.64788607248893
101.90927672849645	66.17256196839078
93.8301634512942	80.21873065034382
77.03437434549473	71.82066303688745
100.58431844642256	62.783429627033186
97.06359383567305	63.99529366760108
97.72002365980366	81.62746563098324
92.72589364601085	81.90664271423985
83.41107526853258	60.09642162507856
93.17538437061901	86.48806661480323
82.69737506701698	77.4144535519735
106.92237183834676	75.30284481164419
85.72175272152356	68.0495905517673
107.19369610139525	86.48434205422987
85.63345696940252	80.60682736184324
81.99623998723906	82.66538490512518
105.18003381254591	48.324064120090355
85.50471273749137	69.40265836668229
92.4238570013949	55.3432202327547
94.224520200853	78.67699618555835
96.64478730000494	71.08689030258084
89.79477767482246	96.28034802395956
85.72530555143089	77.12536167220165
99.25349330022001	63.331315820064106
70.7829779255494	72.11121132209759
88.41849263921031	79.70221171448476
88.06515967063383	60.36168356332901
90.2587841652974	90.99434283047069
96.53431729913709	39.54857734894953
74.74740935582332	73.40019263437219
87.18462962191475	73.94987783844337
93.7693845709815	79.60262816128551
81.28616680795251	77.19830917434545
91.36826238434064	59.73973542471742
104.24247368281635	71.84882059063604
86.19487493901705	58.25083354297326
91.71148281707238	63.73027927553042
95.39702293646991	63.138956752124315
86.48536479150404	86.26180921154882
79.99398775942022	64.07322763485558
94.34485627059665	97.70378380523212
101.21797121840629	53.34480518227095
107.38546314792124	57.24033185444926
100.7018940456624	70.66737960100096
95.87341414244676	59.52308929984377
108.3548445387644	50.35755569321326
106.44828317483962	51.169786328225975
82.07307080166927	43.43227556324194
101.50918382833858	40.44791756057276
89.21646809977715	50.11352579668958
95.44453064182706	46.7365891130195
102.75824283039547	54.74346673313468
102.7696948661117	60.55538890195649
95.11205593024444	43.32427453041452
105.44806634028136	74.80711023585278
102.23117348735882	60.83693860745197
97.50490483194032	65.70130583755015
112.0502781579537	73.09327104373114
92.90368696341542	57.00291999815717
101.04373031018307	82.41372906497911
91.35913009010503	66.72515135627606
110.6224627756481	53.56772168748918
96.67808141459317	63.34533819064413
95.13718441710685	65.82202183721203
105.34790245125363	65.22423809659905
96.56249061397321	60.4598819907793
100.85348294509919	65.32266910766353
94.17584903976845	44.33256634267651
91.2232064053701	53.034249942444355
89.59636063740056	63.657926394524885
82.1139758973854	65.6610004106255
103.14535159841306	64.05892086429641
86.37872944488423	70.45497639182881
92.93014340180152	59.87296064474686
108.66893449669331	71.8692630973884
97.25032287120473	48.934258214650484
84.06565200065053	37.008167676352464
98.32877593354324	65.24547861215724
96.25446220515178	53.72691093358676
112.39346043776769	63.0544678939275
87.20683710491507	55.41589920283365
89.24257289980893	75.69196947817336
97.46382911338775	51.94367804617606
121.18406791769563	53.64889523096888
100.48831411514615	56.07276460556252
100.41732243237239	40.8901645224042
101.17752278346482	63.232369860597714
97.27312570736672	73.87750489403527
89.29534828081202	75.69903219828026
118.67574553628955	61.56872076972206
101.41701067150595	57.96757602653549
84.36882061124089	59.164083294985886
105.70499459764869	50.86688962451812
89.70915094309515	46.636990171227474
108.93139344538965	64.37375613013245
109.78957523221715	57.60578963562495
90.09914532285804	41.493747479288416
99.59373090776765	70.8677552785925
85.57603127286363	51.38565743502933
99.9081589902625	61.7421692433589
114.36782534787422	49.06063430989642
93.51644792901617	36.53280800480887
99.21092982605514	48.671155690440834
107.05669152196977	55.66096949987329
92.04000336420754	80.15925115386966
99.85116615985005	54.245542108776505
120.06411738321714	62.98754836086513
92.07824419208112	62.45373450539626
105.6725036217014	45.78408287332034
99.68431210626719	37.900187512377414
85.53180186944655	45.87936694529648
94.94760289140396	61.42906367755415
103.30821350961153	57.15296797723859
101.54291054312282	62.78213183326857
98.81450635660045	52.8303370849079
84.62125944577402	69.87749604834748
105.09733668343658	59.99808329619401
96.59963228488672	47.38653750744491
94.31851859959716	63.42371763148951
111.83489195348172	71.4316718051954
91.04589524202082	46.84914814554514
98.12924865945168	65.37787896804106
112.57199502957639	46.18493556263455
96.14243509229081	44.58065158001028
104.59800073804305	58.17313468706981
97.10192530294323	58.44477705739305
107.53611322974079	64.1525301078733
88.8776206348737	76.16333609205954
97.43427347744638	59.46163170113058
117.8310728302965	60.2512515870118
86.12975374944459	68.84893340568767
92.71829919326437	71.09885454685457
111.13801840385456	59.43105422893857
104.70179489027572	50.5068133112326
113.33984433991213	56.040210611655986
106.33507591084935	52.96495408623224
85.98447038635086	49.25486309240646
96.96996538474848	50.26927428474849
89.22664326293702	68.47119632312936
105.20183335468093	61.4529413541162
114.41475877930233	65.5679009426139
101.5548307092362	45.17360417706118
115.61720283173504	69.8122794135655
108.99528427674633	44.17631951882002
110.72494716047638	64.48990106225017
90.73792014872251	58.842029863630295
107.67936973317387	73.30758858447706
95.09357114460515	55.51992335592608
85.51164173302692	33.08866806546081
114.06972297202431	44.95579285637364
100.59477873889617	67.72287239041866
104.97317790627659	60.0070907379502
84.43596541901792	74.93336976445197
113.48075647191402	62.204215665130306
116.9333247182297	61.82307627986411
82.28620799734693	64.48306361686444
84.17283356940233	74.78387449346741
89.94495676292175	60.408215060086626
111.64146788383292	55.57314829380305
102.26710695582975	65.87993003893139
97.83911767889582	67.79771782856514
87.23055929988621	62.33369943894374
108.5354560604731	67.62119350983276
83.63669320864852	56.690400724502226
103.74544563276089	41.71317531996149
85.02733313179148	37.5923651730563
106.10901157345283	62.52409000310427
92.53595163675116	61.09177380249229
87.32959289118399	64.59327803283479
103.63599642473962	63.84658240120392
101.83328289850903	53.568307708315764
96.67424134610283	40.046437466471886
108.78311921541147	58.33526019515366
92.74535041213474	50.672768828044326
101.37907527956911	55.62947941067843
87.38967736751609	45.975286558124935
111.10428010986084	61.1009026974385
84.51044176587126	41.24822283421234
80.50081180027117	73.5205372966527
93.41683972646628	41.27264055725594
88.60980417460524	69.15726196722278
79.63757952560982	64.29710451189015
92.12311792720989	52.16256308716255
95.89580430751616	71.76336896369007
92.31564317686365	55.74533363155362
84.83328061360919	67.68409565339101
86.71760952642566	47.324364454322335
105.10380953836183	57.90633199606996
103.32065563053507	55.2584066166823
114.0598323350271	52.97654366748499
101.41937984772593	50.95097709189159
93.91306739255012	53.02155412863491
101.5681914310224	59.208872134929344
80.1335786148995	66.12106534146245
67.2659031384743	58.374935683188696
89.60073472619035	53.511707602174965
92.38127530406642	62.81248300682013
93.14798001840265	51.76369616608834
88.04798001236647	57.488049246911025
100.73487363624791	70.06413088730913
99.69443413537176	47.55460048792074
101.75679334790608	68.92432280460513
92.59123727121914	57.089800169109566
98.22484326976083	57.30391495142643
97.11229016834643	61.37741433826045
85.90844453083203	56.809459172703285
76.97717810209838	64.65823294958145
72.98392768150794	38.629970711924
109.65360816614167	60.478695779385404
91.18715879876748	67.20659169517964
109.14439306457297	73.82292064284117
97.74923722351923	52.51924682007833
101.25196403263845	72.47047641123534
115.70501619926088	54.432562668332814
82.15514733997138	63.584690617659746
101.39651136041049	57.388419071029205
100.73335157756047	57.23021040358521
95.14412153262168	42.428931871485744
82.9243861646062	59.53355105673766
110.8773214753854	54.17077888886465
93.92026118519337	51.926752500159964
96.2522211642054	53.221818302479406
113.64891882463019	55.003697265587085
97.23461968778105	59.194547932026765
59.62450641546532	60.09745350878002
98.79286626600224	55.46603223869069
81.97162581106427	52.24658654847573
94.87728994388371	78.54090262138615
90.08754975510804	85.67421990211386
109.2525156565743	49.01511149822325
91.43477126722223	57.305259877757344
90.54426518636325	56.23976095795397
104.11467414259042	54.60631298966143
119.93202292322523	62.0244310104125
88.14421658829589	65.608255967209
104.12370342082953	61.54846289655517
103.8130483249883	71.42349782827216
91.3153537869573	59.60335043417913
90.11136359507775	51.36375559025539
108.7911007832241	61.21834587217073
95.4316865911576	51.184403846211865
97.66556644609766	62.49052484926082
89.8050889050835	65.5486892299647
94.44434845326145	56.03521073946272
86.85708282306636	65.67491634812103
110.675321988642	68.50349117702025
106.25877774808872	67.26558142661308
92.84146002569086	54.91404945848245
85.01853514065678	76.07692576691328
84.81099389055119	56.58205811203961
83.56728664930169	44.32394379612906
95.00772588624048	73.35558005840353
109.854406062433	52.51740598463286
104.80930285115105	66.8812432586376
91.76601059594098	69.4561465727653
95.86328769567193	48.76647366501184
100.81047743073223	67.12365990978192
62.06696371668348	54.75003252928537
85.31389772439158	43.51629115314411
86.77075787156181	36.540935542687535
102.36809411521516	64.70812734237644
82.87638518115837	75.04731185243784
88.5247927899213	77.17757666548196
99.8086792760318	61.4558950271618
92.2461024983291	69.96960397414902
112.1394921652617	67.84366799730604
105.02704432233753	53.13088265292653
92.98049341744012	52.0338628845397
98.45802359383734	51.96577868210685
110.34045098355477	68.48311401939046
94.82582140419932	41.474194046735235
113.56824552833508	75.97777398540576
104.9102161492216	54.852934225378156
104.96418269462585	56.44275197248764
101.10898886392134	85.79933825697603
92.2465437583512	74.91490920014138
92.5400059654261	53.04022502956123
102.26294644399096	66.54475078044062
104.74399990743507	45.26467202152476
99.58017796002152	53.457001125375776
104.32373755288273	41.128766186799425
106.71990091949468	70.7070026498812
113.4917634497564	66.45974333964766
98.43780829273405	58.49463618883326
114.60916711143696	56.74667077629108
101.76686293749557	39.494855433571246
80.00141998247071	53.71544367571864
77.81181600583317	52.62423269490655
103.71378120848054	58.760865629689015
97.39657407993695	66.47710749840351
75.95177929438974	54.22317621091667
101.66421746305657	68.49632093855516
96.1493580570326	61.3183281008077
94.3235057906302	46.596993356453694
92.90361109214204	51.1760810839566
92.88837779831988	70.59220915521142
91.40596047739055	69.32300569754094
99.34404762458814	70.54554663569772
76.33487189927787	64.17390469194635
90.32407150992293	65.4312334883213
94.69879709698716	53.98203955789407
86.12516765095135	59.53267591490946
91.4864836524812	65.38298910056683
93.43166911123642	64.43313904198183
80.42046234807123	68.34089974769662
83.27252018505918	40.26048523472019
97.50303204669962	52.5687546346172
97.66977557983763	48.91481790351047
92.6012655318865	79.54989917378444
83.58560698878713	44.606459224866825
78.08236266639555	57.81645022059168
98.72284724051862	37.49171761618723
90.65665284502539	43.19368891161173
97.6995463071653	59.09655290519883
93.1898536670956	41.679781406390084
113.746974578213	45.87743979857383
112.93853266437361	53.43022324192149
89.78931774752115	53.31319737304032
99.78019948177229	46.6222849831185
105.58379615530546	50.41146593956687
85.20807047340034	42.38396582612128
93.44017536193478	69.02314546050738
105.7354048521332	31.765654352877736
94.41046048377665	57.879727426742356
92.6508737313484	67.0017953659383
83.99165688224073	60.21418980163306
108.33754100513119	56.39152100795098
114.04588424220101	63.59027067445319
106.11372502267048	42.43799607626887
109.68758107836933	74.55053727810441
108.37205925984219	72.20994989218032
99.42615654004953	52.71989445756782
110.2382224574975	47.46455774887082
101.42315388902249	53.91029569270967
97.0169125256912	64.10667937214122
79.96327216191906	67.79031299836909
108.21343139374915	45.627917669527505
99.75985137821293	55.9871377373153
91.12443665269458	53.548308757976
102.6338238721284	54.04959767029308
79.2590305960235	56.509518394414805
107.2347255036663	47.043557466884565
84.45884609761295	67.23425977062237
111.57578043078847	55.55479722309919
101.8665639276714	62.77352589614716
72.91459037560561	47.738874129052576
97.80305790556304	68.44195050808929
123.40433976198956	59.198823345702785
114.84951921656395	60.970267305426454
102.89737720329266	67.99390620308452
106.9334829425029	46.9176064208433
93.5836017598839	54.89856172480818
92.08338640565994	69.02367044573657
82.7213447608944	67.22953493146635
119.12732243494726	58.85045258242021
100.7095637628072	51.94778011143105
103.69811826356806	67.70734402989049
98.44989470631299	70.47799110596932
102.12136875634512	46.90583348570479
94.73563192766063	50.075294497555866
102.05500300408508	49.62704358893392
94.94154857240406	75.08619930053476
87.77006142487048	45.58769695864052
100.95915360106981	59.77174559685477
94.42008202455895	56.71674386733173
121.64690414752673	52.783497209455746
94.40047975851807	32.819709208582786
85.03963992036728	49.14201980829741
90.50971474803492	49.5685640213422
110.93667598925528	63.061669940686045
93.73242002804004	72.44460176027798
89.73453620450697	70.59111615878406
85.4978810954668	53.61624338510722
105.01951180201523	60.682397967469434
90.54618039904058	39.50952647772547
85.70396375451153	68.26660285683747
93.66511461905301	48.09734374036228
109.81723543360644	66.25744725113282
87.36516854372906	61.74782618314239
105.80228682921455	58.32166111582293
89.35822344384549	39.118487465718374
97.27175471982835	53.007047238202176
88.5635065517483	61.7099368275451
92.28615131518373	60.19327338561704
73.00085600458496	51.382733483228954
101.65022804712166	56.838946222156885
115.4275363617687	49.97173102015073
94.18919206214468	65.88847254556201
99.23466931346064	48.45642933755724
75.88133949613926	53.40987557621773
106.42971029289208	54.623797636070826
97.96667165519831	58.38449066676759
77.8149205606972	65.08937949390032
88.88360818735269	47.536221319035015
112.21803249226735	60.61125492588106
100.76021962830319	60.20280113232785
121.60456797911942	64.70203890784457
84.73937799774251	69.59299479912836
92.63907601825002	59.69345604747503
90.14033130481472	53.233775237675246
103.01145480019723	55.49518510417368
99.21085386258537	57.20821530290453
101.03720073550322	61.75854197538201
97.41370083352156	63.21438592505967
104.84157843149961	50.56305556752551
96.39567143367954	58.61166264436616
88.84068260071203	62.64989522138196
85.41785449178809	57.52190334870396
101.40385665021425	39.812160591973736
93.9881917283736	58.78352591406892
96.41124510503049	76.62665642337592
93.3735444735776	54.25228433019485
101.52282468186274	41.88706834649898
86.36750367177967	45.266336609984066
93.5423547352178	54.61601693151224
98.30906585642398	57.18828262035882
117.0684354106308	56.35960592203299
100.11950001059837	64.5969181851899
100.49858304191922	66.85365203183392
109.0150032524397	59.773769468404
102.78403326867722	57.30553888599212
106.96911535083586	52.086491093186545
90.32497607905968	58.05751801152805
102.34951306106707	57.202761280799976
89.02521823467227	80.25669028813937
71.65406630026106	52.56069472459443
99.68679849657354	60.424642465448436
98.5522103402577	49.856862857866176
84.08209373151944	40.61345439579078
100.91869832719827	54.57811109522315
101.72704791161644	58.75407667941527
116.52879545700392	62.85853267745278
114.5147739187692	53.8688735385454
108.07296875160075	55.02962420339066
104.38437630312268	75.36608804486832
100.38242010233493	68.0198587104334
99.22978105323627	71.17265140518795
84.9713437638554	73.2301297887691
103.0030897595064	61.368194619440544
96.72861134733822	56.21319695322149
109.41959089085034	57.35766260038594
110.58596166631395	55.62057072323574
94.29077507148386	59.71755068762858
110.38989450789175	66.91561905349387
100.65240002214045	58.094582297338306
113.64320828710709	75.51853314038175
110.34462717260266	72.195922082993
105.85241522900722	66.70885214137152
87.03358370805677	61.53247461518167
89.1076770195864	22.863613687458134
93.26793955005313	54.28287988914056
99.41795010867494	66.39440188011817
98.84482680046327	56.31988315919298
109.75145983074589	53.02505922310954
82.61521488528174	54.52193800776246
87.77531092070384	62.18149700162054
104.13374121414678	60.14591288879546
90.52158642013563	41.30806417243183
90.40212923181423	49.46053578879113
112.38366628209937	53.206610654267536
90.74005074825365	59.542888533014285
91.80409654713507	58.34980519902641
98.81153850398522	40.8394314663351
91.12021929182875	48.67340772048557
99.17202693695755	49.342897364018654
95.45089011700139	44.39498366821081
93.97409694937242	66.11004866350129
96.68572746281455	76.3620427604593
103.40546195638059	71.00353023707676
111.1718412191657	57.457018954557626
83.78952106843884	45.13417561513646
89.53613923968301	57.572974814845836
98.72733173638646	46.0510408082212
82.77636918835248	60.650325837267445
106.0099623050332	65.35261969970234
89.10252666327717	56.674888931699215
97.7472770153303	60.15561558284312
102.06769215142894	61.86661392735903
72.87319760470524	52.71651131889602
101.2542204941287	61.21778698652709
92.26139771598976	54.725035832869686
105.40466059113598	61.59282256362961
86.83306666815395	60.732601560740996
89.74863556379235	54.07454635321433
78.3273015560471	55.46581748779441
89.22073481888611	47.24397966899962
91.65935238253601	54.55302653376729
81.71143950693211	58.24989675149465
105.47572231327784	54.921621336154175
88.28149241939397	60.60462035156582
111.64861324463472	51.487632959611474
94.44862568747985	66.52409321319783
100.3456502444188	65.21415062890898
87.78350684660282	54.545150393565514
97.58814643543442	60.379452533508335
103.51485557980368	53.85056317242241
100.76727424693763	51.34456007494717
113.52049164976981	47.551253020487835
79.1783842459739	49.65330157455696
96.09225838090411	59.36114181565665
103.96079787898472	54.18720027697279
106.23486517657798	64.100694121505
110.39796196741425	57.46329878771114
84.8242291499268	63.47480926864608
89.59760032861021	65.2147940418229
102.00504904825696	60.40887430980832
98.0748260382422	57.93238317098161
93.66859059254743	50.983559567953826
86.6528883435737	39.81961100429898
108.369934834162	66.19889185467677
88.41481219236589	55.5346336852146
95.43228703178801	56.643379896480766
96.97297907770181	62.791494958000946
82.53213377218786	60.116700446429164
108.08130190214482	56.27725362364189
88.597055700816	31.599475260020927
98.36976405524457	67.51907738175551
98.52817330545435	64.06467083064763
101.023295594619	75.49385751032798
93.11965848595783	48.043577208926635
99.10584998229454	70.00262726433617
86.86208068810133	55.845593483425695
95.031951470162	57.03657064361313
103.46068990030977	38.87974727178703
94.56985098846545	39.62588531187018
110.40029130112059	67.3160656105045
78.68117588971558	61.00591620702337
73.87806332631874	51.968992811866165
98.20947610494974	74.2728719875508
100.82015040078193	51.96025157793878
94.83341647772771	66.83658306048521
92.65323626649315	88.29039240552414
103.69066183798014	52.11863073243272
74.51217434779569	61.32965695837045
95.4591850472225	50.21875904986177
92.35191517644628	64.69063870364778
97.81776638671383	63.037027790971855
106.35094759026406	58.87485248814112
114.02889780862377	51.80904510700965
92.18023119358327	62.910448730651765
113.1318552175058	66.70036651022265