49.244081662213915	28.747740471871598
49.244081662213915	28.747740471871598
44.54374967805836	14.742212788266045
44.54374967805836	14.742212788266045
73.37541185982042	95.04781624044351
73.37541185982042	95.04781624044351
75.2732824344652	67.08023605625503
75.2732824344652	67.08023605625503
75.2732824344652	67.08023605625503
70.57294897509469	53.07470984786444
70.57294897509469	53.07470984786444
82.02225111588652	64.77496538940751
82.02225111588652	64.77496538940751
11.853913297648567	46.08056736637001
11.853913297648567	46.08056736637001
13.964628687837406	11.275502712160932
13.964628687837406	11.275502712160932
9.05145041292284	4.1074609737909515
9.05145041292284	4.1074609737909515
9.05145041292284	4.1074609737909515
1.5131811622483995	15.268407642609768
0.6085888521674682	44.32772106584223
0.6085888521674682	44.32772106584223
84.37276998918442	34.563197873061824
84.37276998918442	34.563197873061824
77.4730366603571	25.211688181388897
77.4730366603571	25.211688181388897
79.01616489228515	74.63991839766469
79.01616489228515	74.63991839766469
79.01616489228515	74.63991839766469
74.10298661737059	67.47187665929471
74.10298661737059	67.47187665929471
76.21370200755943	32.666810529870666
76.21370200755943	32.666810529870666
68.74638152047133	8.548595708682624
68.74638152047133	8.548595708682624
1.3716379915108101	48.612200739689996
1.3716379915108101	48.612200739689996
1.3716379915108101	48.612200739689996
2.959109200680326	14.115953549496536
2.959109200680326	14.115953549496536
91.6893258288665	47.02463086051447
91.6893258288665	47.02463086051447
93.80004121905534	12.219567681520349
93.80004121905534	12.219567681520349
88.60306936501038	47.1681733783928
88.60306936501038	47.1681733783928
18.957975727791773	28.16495641612472
18.957975727791773	28.16495641612472
22.85127142701256	84.59595047420329
22.85127142701256	84.59595047420329
22.85127142701256	84.59595047420329
15.880589334598904	11.523600797322278
15.880589334598904	11.523600797322278
17.49466485489834	25.672669523591196
17.49466485489834	25.672669523591196
12.794332870742794	11.667141839985646
12.794332870742794	11.667141839985646
5.6108059627850855	44.43228105877012
5.6108059627850855	44.43228105877012
5.6108059627850855	44.43228105877012
7.153932719498182	93.86050979983095
7.153932719498182	93.86050979983095
38.85013942933895	98.6449518656165
38.85013942933895	98.6449518656165
40.39326766126702	49.0731820818923
40.39326766126702	49.0731820818923
33.46692854609483	90.07635794897195
33.46692854609483	90.07635794897195
28.269956692049867	26.02496364584441
28.269956692049867	26.02496364584441
28.269956692049867	26.02496364584441
30.380672082238707	90.21989899163533
30.380672082238707	90.21989899163533
23.197145174280998	23.985035259989886
23.197145174280998	23.985035259989886
27.010622039252205	33.48008746954113
27.010622039252205	33.48008746954113
10.13412186962483	59.92117963402943
10.13412186962483	59.92117963402943
10.13412186962483	59.92117963402943
98.51846475054258	54.44077363447572
98.51846475054258	54.44077363447572
3.9704775373608916	43.42336653310531
3.9704775373608916	43.42336653310531
95.43220828668645	54.584313201924125
95.43220828668645	54.584313201924125
97.33007738611627	26.616733017735655
97.33007738611627	26.616733017735655
29.955335332370723	66.68033804874304
29.955335332370723	66.68033804874304
29.955335332370723	66.68033804874304
22.461407583722785	92.91680878630757
22.461407583722785	92.91680878630757
24.643071737497966	22.832581166876654
24.643071737497966	22.832581166876654
19.375152595081623	93.06034982897093
19.375152595081623	93.06034982897093
21.556815273641856	22.97612220954002
21.556815273641856	22.97612220954002
21.556815273641856	22.97612220954002
16.28889465601056	93.20388939641936
16.28889465601056	93.20388939641936
45.43095767846284	81.03815985460179
45.43095767846284	81.03815985460179
47.54167306865169	46.23309372517775
47.54167306865169	46.23309372517775
42.35356981005502	64.39680423579935
42.35356981005502	64.39680423579935
44.46428520024386	29.591739581590268
44.46428520024386	29.591739581590268
44.46428520024386	29.591739581590268
36.996964713155755	5.473524760402224
36.996964713155755	5.473524760402224
32.2966327290002	90.46799707679668
32.2966327290002	90.46799707679668
33.910708249299645	5.617064327850634
33.910708249299645	5.617064327850634
63.26561608729598	85.61384884079752
63.26561608729598	85.61384884079752
63.26561608729598	85.61384884079752
67.43383529498391	17.713089174669538
67.43383529498391	17.713089174669538
59.93990902155093	43.94955991223407
59.93990902155093	43.94955991223407
62.05062441173978	9.14449525802499
62.05062441173978	9.14449525802499
56.85365255769482	44.093102430112395
56.85365255769482	44.093102430112395
56.85365255769482	44.093102430112395
49.88297046528117	70.02075275323139
49.88297046528117	70.02075275323139
53.7673960938387	44.23664199756082
53.7673960938387	44.23664199756082
36.819947160625	6.956897127270926
36.819947160625	6.956897127270926
38.717816260054825	77.98931841829742
38.717816260054825	77.98931841829742
33.45876571308678	32.432190418925885
33.45876571308678	32.432190418925885
33.45876571308678	32.432190418925885
26.55903238425946	23.080680727252957
26.55903238425946	23.080680727252957
28.102159140972567	72.50891094352875
28.102159140972567	72.50891094352875
23.472775920403354	23.224221769916326
23.472775920403354	23.224221769916326
25.01590415233141	72.65245051097716
25.01590415233141	72.65245051097716
54.441759278699124	18.370073533917168
54.441759278699124	18.370073533917168
54.441759278699124	18.370073533917168
49.17384013628279	88.5978407207965
49.17384013628279	88.5978407207965
51.045103449367744	11.984946095360595
51.045103449367744	11.984946095360595
44.145371595755385	2.633436403687669
44.145371595755385	2.633436403687669
47.95884846072658	12.128488613238932
47.95884846072658	12.128488613238932
47.95884846072658	12.128488613238932
74.29844859845315	56.989649728412395
66.76017787256374	68.15059639723121
66.76017787256374	68.15059639723121
66.76017787256374	68.15059639723121
70.93726715091493	82.46494302006734
70.93726715091493	82.46494302006734
63.96658358328632	9.392593343186336
63.96658358328632	9.392593343186336
65.58066057880072	23.541662069455256
65.58066057880072	23.541662069455256
60.88032859464516	9.536135861064663
60.88032859464516	9.536135861064663
60.88032859464516	9.536135861064663
89.73859656275208	39.48705080405963
89.73859656275208	39.48705080405963
91.84931195294094	4.681986149850546
91.84931195294094	4.681986149850546
86.65234157411093	39.63059332193795
86.65234157411093	39.63059332193795
88.52360488719589	62.01769869650206
88.52360488719589	62.01769869650206
88.52360488719589	62.01769869650206
81.55292426999719	87.945350494836
81.55292426999719	87.945350494836
76.35595241595223	23.89395619170847
76.35595241595223	23.89395619170847
78.46666780614107	88.08889006228443
78.46666780614107	88.08889006228443
37.71178475619138	8.042322354707496
37.71178475619138	8.042322354707496
39.82250014638022	72.23725770049842
39.82250014638022	72.23725770049842
39.82250014638022	72.23725770049842
32.35517965929212	48.1190414040954
32.35517965929212	48.1190414040954
27.654846199921618	34.11351519570481
27.654846199921618	34.11351519570481
29.561585370014694	88.36103982526548
29.561585370014694	88.36103982526548
22.023316119340254	0.5219864940843036
22.023316119340254	0.5219864940843036
22.023316119340254	0.5219864940843036
26.475328906158573	88.50458086792885
26.475328906158573	88.50458086792885
55.262649585894124	54.73465877614565
55.262649585894124	54.73465877614565
57.44431373966931	83.65043115671475
57.44431373966931	83.65043115671475
52.176393122038014	54.878199818809016
52.176393122038014	54.878199818809016
45.25005400686582	95.88137568588867
45.25005400686582	95.88137568588867
45.25005400686582	95.88137568588867
47.1479245815106	67.91379550170019
47.1479245815106	67.91379550170019
41.880005439094276	39.14156416379448
41.880005439094276	39.14156416379448
44.0616681176545	68.05733654436357
44.0616681176545	68.05733654436357
75.11933743043319	93.35423644585582
75.11933743043319	93.35423644585582
75.11933743043319	93.35423644585582
68.21960410160587	84.0027267541829
68.21960410160587	84.0027267541829
69.76273233353393	34.43095549524374
69.76273233353393	34.43095549524374
65.13334763774976	84.14626632163132
65.13334763774976	84.14626632163132
66.68534446512611	17.789601351656255
66.68534446512611	17.789601351656255
59.501817557168394	50.554737620010805
59.501817557168394	50.554737620010805
59.501817557168394	50.554737620010805
91.12707550342284	90.61834265101818
91.12707550342284	90.61834265101818
92.74115102372228	5.767411377287105
92.74115102372228	5.767411377287105
85.77046893130863	31.695063175621062
85.77046893130863	31.695063175621062
89.65489455986615	5.910950944735526
89.65489455986615	5.910950944735526
89.65489455986615	5.910950944735526
82.72855544469397	46.91412681181518
82.72855544469397	46.91412681181518
77.46063482706268	18.141895473909457
77.46063482706268	18.141895473909457
79.35850687692242	89.17431528972098
79.35850687692242	89.17431528972098
62.41105499327879	51.894570419431105
62.41105499327879	51.894570419431105
62.41105499327879	51.894570419431105
66.29548209705129	26.110459663760526
66.29548209705129	26.110459663760526
59.32480000463764	52.03811293730943
59.32480000463764	52.03811293730943
60.93887700015203	66.18718018836339
60.93887700015203	66.18718018836339
56.23854354078152	52.18165250475785
56.23854354078152	52.18165250475785
48.78009164914171	11.278542497318934
48.78009164914171	11.278542497318934
50.89080703933056	75.47347784310985
50.89080703933056	75.47347784310985
50.89080703933056	75.47347784310985
82.30321869482599	23.374567344137848
82.30321869482599	23.374567344137848
83.84634692675404	72.80279756041364
83.84634692675404	72.80279756041364
76.94661212271176	63.451286393525756
76.94661212271176	63.451286393525756
71.67869150508048	34.67905505562005
71.67869150508048	34.67905505562005
71.67869150508048	34.67905505562005
73.83375134772574	14.949512994941712
73.83375134772574	14.949512994941712
68.63677949368078	49.89811869181416
68.63677949368078	49.89811869181416
70.74749488386962	15.093054037605079
70.74749488386962	15.093054037605079
0.8895564311069443	2.927323020572561
0.8895564311069443	2.927323020572561
94.62163581347565	73.15509020745189
94.62163581347565	73.15509020745189
94.62163581347565	73.15509020745189
96.80330144246578	3.0708640632359394
96.80330144246578	3.0708640632359394
89.26503219179135	14.231810732054756
89.26503219179135	14.231810732054756
93.71704497860968	3.214403630684349
93.71704497860968	3.214403630684349
86.18764432338352	96.59045511325232
86.18764432338352	96.59045511325232
86.18764432338352	96.59045511325232
88.3693084771587	26.50622896903636
88.3693084771587	26.50622896903636
20.426977789937393	51.80312887052862
20.426977789937393	51.80312887052862
13.243449406764727	84.56826661409814
13.243449406764727	84.56826661409814
15.354164796953578	49.763200484674094
15.354164796953578	49.763200484674094
10.157192942908617	84.71180618154654
10.157192942908617	84.71180618154654
10.157192942908617	84.71180618154654
12.312252785553877	64.98226559608317
12.312252785553877	64.98226559608317
7.044332167922589	36.2100327829625
7.044332167922589	36.2100327829625
89.16783052308026	62.65112789788069
89.16783052308026	62.65112789788069
90.7109587550083	13.079356638941535
90.7109587550083	13.079356638941535
90.7109587550083	13.079356638941535
85.79778195530871	5.9113149005715435
85.79778195530871	5.9113149005715435
87.90849734549755	70.10625024636246
87.90849734549755	70.10625024636246
80.44117538319449	45.98803394995946
80.44117538319449	45.98803394995946
75.74971199448723	15.197612555318004
11.603120981340544	83.55935208843331
11.603120981340544	83.55935208843331
4.632440364141847	10.487003886767267
4.632440364141847	10.487003886767267
6.530309463571674	81.51942517779375
6.530309463571674	81.51942517779375
1.262388845940387	52.747192364673076
1.262388845940387	52.747192364673076
93.3360497307682	93.75036823175273
93.3360497307682	93.75036823175273
93.3360497307682	93.75036823175273
97.22047535932573	67.96625600086719
97.22047535932573	67.96625600086719
27.57538467253702	48.96304051381407
27.57538467253702	48.96304051381407
29.189460192836464	63.112109240082994
29.189460192836464	63.112109240082994
24.48912673346595	49.106581556477444
24.48912673346595	49.106581556477444
24.48912673346595	49.106581556477444
17.305599825508242	81.87171930004696
17.305599825508242	81.87171930004696
18.848728057436297	32.299949516322755
18.848728057436297	32.299949516322755
14.228213432315373	65.23036368124451
14.228213432315373	65.23036368124451
15.771341664243439	15.658593897520303
15.771341664243439	15.658593897520303
15.771341664243439	15.658593897520303
45.19719679061115	60.376216920460315
45.19719679061115	60.376216920460315
39.929276172979854	31.603984107339645
39.929276172979854	31.603984107339645
42.110940326755035	60.51975648790874
42.110940326755035	60.51975648790874
36.8430211843387	31.747523674788052
36.8430211843387	31.747523674788052
38.74089028376853	3.7799434905995843
38.74089028376853	3.7799434905995843
38.74089028376853	3.7799434905995843
31.770208191354875	29.707596764148487
31.770208191354875	29.707596764148487
16.56986371016499	51.80349135114969
16.56986371016499	51.80349135114969
18.75152786394017	80.71926520693374
18.75152786394017	80.71926520693374
11.21325861326573	91.88021187575255
11.21325861326573	91.88021187575255
11.21325861326573	91.88021187575255
15.665271400084048	80.86280477438214
15.665271400084048	80.86280477438214
8.127000674194651	92.02375144320098
8.127000674194651	92.02375144320098
10.024872724054406	64.05617273422745
10.024872724054406	64.05617273422745
5.333407860132185	33.265749864371045
5.333407860132185	33.265749864371045
34.19167582823911	63.216667757795925
34.19167582823911	63.216667757795925
34.19167582823911	63.216667757795925
36.30239121842796	28.411601628371887
36.30239121842796	28.411601628371887
31.105419364383003	63.36020732524434
31.105419364383003	63.36020732524434
33.21613475457185	28.555142671035256
33.21613475457185	28.555142671035256
28.01916437574184	63.50374836790772
28.01916437574184	63.50374836790772
28.01916437574184	63.50374836790772
21.048482283328187	89.43140016624166
21.048482283328187	89.43140016624166
22.946352857972972	61.463819982053195
22.946352857972972	61.463819982053195
54.04836367277818	2.836242477076186
54.04836367277818	2.836242477076186
56.15907906296702	67.03117782286711
56.15907906296702	67.03117782286711
48.691758575878914	42.91296447689402
48.691758575878914	42.91296447689402
48.691758575878914	42.91296447689402
43.99142659172336	28.90743679328847
43.99142659172336	28.90743679328847
45.605502112022805	43.056504044342425
45.605502112022805	43.056504044342425
38.63482149482411	68.98415584267637
38.63482149482411	68.98415584267637
42.81190929796033	83.29850099029755
42.81190929796033	83.29850099029755
71.59922997769587	49.5285803737293
71.59922997769587	49.5285803737293
71.59922997769587	49.5285803737293
73.78089265625611	78.44435422951335
73.78089265625611	78.44435422951335
68.51297203862481	49.67212141639268
68.51297203862481	49.67212141639268
61.61324018501245	40.32061172471975
61.61324018501245	40.32061172471975
65.42671704998367	49.815660983841084
65.42671704998367	49.815660983841084
65.42671704998367	49.815660983841084
58.52698224594138	40.46415129216817
58.52698224594138	40.46415129216817
60.0701119530844	89.89238150844396
60.0701119530844	89.89238150844396
45.153559575809936	69.87162866020272
45.153559575809936	69.87162866020272
38.25382624698262	60.52011896852979
38.25382624698262	60.52011896852979
39.796954478910685	10.948349184805583
39.796954478910685	10.948349184805583
39.796954478910685	10.948349184805583
35.16756978312651	60.66366001119317
35.16756978312651	60.66366001119317
36.71069801505457	11.091890227468962
36.71069801505457	11.091890227468962
29.810964686227248	1.740379060581078
29.810964686227248	1.740379060581078
60.87750259445424	10.25238525103743
60.87750259445424	10.25238525103743
60.87750259445424	10.25238525103743
62.775373169099026	81.28480506684896
62.775373169099026	81.28480506684896
55.80469107668537	8.212455389967946
55.80469107668537	8.212455389967946
59.68911670524292	81.42834463429737
59.68911670524292	81.42834463429737
52.71843461282926	8.355997907846284
52.71843461282926	8.355997907846284
47.5214627587843	43.30460212950378
47.5214627587843	43.30460212950378
47.5214627587843	43.30460212950378
49.63217814897314	8.499537475294693
49.63217814897314	8.499537475294693
78.49044759229503	38.450455368719574
78.49044759229503	38.450455368719574
82.6320610136381	20.904381261344188
82.6320610136381	20.904381261344188
75.66137892122444	46.83203305967813
75.66137892122444	46.83203305967813
75.66137892122444	46.83203305967813
77.27545591673884	60.981101785947054
77.27545591673884	60.981101785947054
72.57512245736831	46.9755741023415
72.57512245736831	46.9755741023415
65.1078019702802	22.857359281153457
65.1078019702802	22.857359281153457
67.21851736046906	87.05229315172942
67.21851736046906	87.05229315172942
98.35600403228239	60.28513637696394
98.35600403228239	60.28513637696394
98.35600403228239	60.28513637696394
1.4667194224712246	25.480071722754857
1.4667194224712246	25.480071722754857
93.28319103929856	58.24520799110941
93.28319103929856	58.24520799110941
88.01527337209718	29.47297665320369
88.01527337209718	29.47297665320369
90.1969360506574	58.38874903377278
90.1969360506574	58.38874903377278
90.1969360506574	58.38874903377278
84.92901543302611	29.616516220652112
84.92901543302611	29.616516220652112
87.11067958680128	58.532288601221204
87.11067958680128	58.532288601221204
69.5956434953268	6.485841551846107
69.5956434953268	6.485841551846107
64.93965301319774	7.555836461771305
64.93965301319774	7.555836461771305
66.83752358784253	78.58825627758283
66.83752358784253	78.58825627758283
66.83752358784253	78.58825627758283
59.299252861953136	89.74920294640165
59.299252861953136	89.74920294640165
63.75126712398642	78.73179879546116
63.75126712398642	78.73179879546116
56.212997873311984	89.89274546427998
56.212997873311984	89.89274546427998
58.394662027087165	19.808517844849067
58.394662027087165	19.808517844849067
58.394662027087165	19.808517844849067
89.45233133986586	45.105417746341324
89.45233133986586	45.105417746341324
82.56146660648683	18.969012868417547
82.56146660648683	18.969012868417547
86.37494347145804	28.46406212753888
86.37494347145804	28.46406212753888
79.19141656350033	61.2291998711084
79.19141656350033	61.2291998711084
79.19141656350033	61.2291998711084
81.30213195368917	26.424135216899316
81.30213195368917	26.424135216899316
76.10516009964422	61.372740913771764
76.10516009964422	61.372740913771764
6.46006793764055	42.36952395150369
6.46006793764055	42.36952395150369
8.074144933154942	56.51859267777262
8.074144933154942	56.51859267777262
3.4181529758109326	57.588589062912774
3.4181529758109326	57.588589062912774
3.4181529758109326	57.588589062912774
4.961281207738998	8.016819279188562
4.961281207738998	8.016819279188562
96.7777542997813	40.78195702275808
96.7777542997813	40.78195702275808
92.07742231562574	26.776427863937567
92.07742231562574	26.776427863937567
93.69149931114012	40.925496590206485
93.69149931114012	40.925496590206485
93.69149931114012	40.925496590206485
24.0464056739215	21.922281103153367
24.0464056739215	21.922281103153367
27.930832777694008	95.13817034748278
27.930832777694008	95.13817034748278
20.969019280728645	5.280926959565884
20.969019280728645	5.280926959565884
15.772047426683683	40.22953118122337
15.772047426683683	40.22953118122337
17.882762816872535	5.424466527014293
17.882762816872535	5.424466527014293
17.882762816872535	5.424466527014293
10.699234433699868	38.18960427058381
10.699234433699868	38.18960427058381
14.512712773886022	47.6846550049201
14.512712773886022	47.6846550049201
96.63621112904369	74.12574864462334
96.63621112904369	74.12574864462334
98.17933936097175	24.55397886089914
98.17933936097175	24.55397886089914
98.17933936097175	24.55397886089914
93.5233488788427	25.623975246039294
93.5233488788427	25.623975246039294
86.0560283917546	1.5057604248512515
86.0560283917546	1.5057604248512515
88.16674378194344	65.70069429542721
88.16674378194344	65.70069429542721
83.25356698224384	58.53265403227218
83.25356698224384	58.53265403227218
84.79669521417189	8.96088277333302
84.79669521417189	8.96088277333302
84.79669521417189	8.96088277333302
15.22255034053961	53.678504321058064
15.22255034053961	53.678504321058064
9.954629722908312	24.906271507937394
9.954629722908312	24.906271507937394
12.145162472131794	37.03715017747058
12.145162472131794	37.03715017747058
6.877241854500495	8.264917364349909
6.877241854500495	8.264917364349909
6.877241854500495	8.264917364349909
9.058906008275674	37.180689744919
9.058906008275674	37.180689744919
1.5206382328161916	48.34163641373782
1.5206382328161916	48.34163641373782
32.933048413096664	95.24272738998077
32.933048413096664	95.24272738998077
35.04376380328551	60.43766126055673
35.04376380328551	60.43766126055673
27.549837529852525	86.67413347333621
27.549837529852525	86.67413347333621
27.549837529852525	86.67413347333621
32.00185031667085	75.65672784718076
32.00185031667085	75.65672784718076
24.463582541211366	86.81767451599958
24.463582541211366	86.81767451599958
26.645245219771596	16.73344689656867
26.645245219771596	16.73344689656867
21.377326077355256	86.961214083448
21.377326077355256	86.961214083448
21.377326077355256	86.961214083448
50.519387624592575	74.79548306641549
50.519387624592575	74.79548306641549
52.63010301478142	39.9904184122064
52.63010301478142	39.9904184122064
47.433131160736465	74.93902410907886
47.433131160736465	74.93902410907886
49.5527151463736	23.349064268618914
49.5527151463736	23.349064268618914
44.35574329232864	58.297669965491366
44.35574329232864	58.297669965491366
44.35574329232864	58.297669965491366
37.385062675129944	84.22532176382532
37.385062675129944	84.22532176382532
38.999138195429374	98.37438901487928
38.999138195429374	98.37438901487928
24.322037895258816	21.16146613786485
24.322037895258816	21.16146613786485
26.2199084699036	92.19388742889134
26.2199084699036	92.19388742889134
26.2199084699036	92.19388742889134
18.725980721255667	19.430356691240906
18.725980721255667	19.430356691240906
14.025648737100122	5.424829007635364
14.025648737100122	5.424829007635364
15.639725732614513	19.573897733904282
15.639725732614513	19.573897733904282
8.66904364020086	45.50154953223823
8.66904364020086	45.50154953223823
8.66904364020086	45.50154953223823
12.553469268758393	19.717437301352692
12.553469268758393	19.717437301352692
41.90837710675474	0.7142218142995733
41.90837710675474	0.7142218142995733
43.80624620618457	71.7466416301111
43.80624620618457	71.7466416301111
38.53832558855327	42.974408816990426
38.53832558855327	42.974408816990426
31.647460855174245	16.838005414281604
31.647460855174245	16.838005414281604
31.647460855174245	16.838005414281604
35.46093919536041	26.33305467340294
35.46093919536041	26.33305467340294
28.561205866533093	16.981544981730014
28.561205866533093	16.981544981730014
30.10433262324619	66.40977519800582
30.10433262324619	66.40977519800582
61.80053933308696	71.19421873900632
61.80053933308696	71.19421873900632
61.80053933308696	71.19421873900632
54.26226860719756	82.35516540782514
54.26226860719756	82.35516540782514
77.20521291559274	21.831200559656992
79.38687706936793	50.74697294022608
79.38687706936793	50.74697294022608
79.38687706936793	50.74697294022608
74.11895792695158	21.974740127105402
74.11895792695158	21.974740127105402
76.01682702638142	93.00716141813189
76.01682702638142	93.00716141813189
69.05501500463102	3.149918030214973
69.05501500463102	3.149918030214973
63.8580416753711	38.09852520230239
63.8580416753711	38.09852520230239
65.96875706555994	3.2934590728783517
65.96875706555994	3.2934590728783517
65.96875706555994	3.2934590728783517
22.943526857782057	62.18006937202596
22.943526857782057	62.18006937202596
27.32459088101405	86.44182523587737
27.32459088101405	86.44182523587737
19.857270393925948	62.32361041468933
19.857270393925948	62.32361041468933
21.967985784114788	27.518545760480244
21.967985784114788	27.518545760480244
17.028201722855343	70.70518958086284
17.028201722855343	70.70518958086284
17.028201722855343	70.70518958086284
9.560882710982199	46.58697328445983
9.560882710982199	46.58697328445983
11.671598101171039	11.781908630250758
11.671598101171039	11.781908630250758
42.80021470232112	1.7996470417361325
42.80021470232112	1.7996470417361325
44.91093009250996	65.9945809123121
44.91093009250996	65.9945809123121
44.91093009250996	65.9945809123121
39.713958238465	1.9431866091845529
39.713958238465	1.9431866091845529
32.7432776212663	27.870838407518498
32.7432776212663	27.870838407518498
34.65001531614443	82.11836303707916
34.65001531614443	82.11836303707916
29.382096173728094	53.346131699173455
29.382096173728094	53.346131699173455
29.382096173728094	53.346131699173455
31.563758852288313	82.26190555495751
31.563758852288313	82.26190555495751
60.3510780568089	48.49198346317429
60.3510780568089	48.49198346317429
55.7216948362397	98.20729428956187
55.7216948362397	98.20729428956187
57.26482306816775	48.63552303062271
57.26482306816775	48.63552303062271
50.36508973934043	39.28401333894978
50.36508973934043	39.28401333894978
50.36508973934043	39.28401333894978
54.506703160683486	21.737940706789352
54.506703160683486	21.737940706789352
46.96843391000905	32.89888737560817
46.96843391000905	32.89888737560817
49.150098063784235	61.81465975617726
49.150098063784235	61.81465975617726
80.20776737656293	87.11156113288448
80.20776737656293	87.11156113288448
80.20776737656293	87.11156113288448
73.30803257252064	77.76004996599659
73.30803257252064	77.76004996599659
77.12151091270681	87.25510070033289
77.12151091270681	87.25510070033289
70.2217775838795	77.90359100865996
70.2217775838795	77.90359100865996
71.77377441125584	11.546926038684903
71.77377441125584	11.546926038684903
66.86059613634129	4.378882825099953
66.86059613634129	4.378882825099953
49.91314720312758	66.09913943002503
49.91314720312758	66.09913943002503
49.91314720312758	66.09913943002503
51.52722272342701	80.24820668107898
51.52722272342701	80.24820668107898
46.826890739271455	66.24268047268839
46.826890739271455	66.24268047268839
48.44096773478585	80.39174772374237
48.44096773478585	80.39174772374237
41.47028416715724	7.3193995220763135
41.47028416715724	7.3193995220763135
36.24670800198237	92.62269077770134
36.24670800198237	92.62269077770134
36.24670800198237	92.62269077770134
38.144578576627154	64.65511059351287
38.144578576627154	64.65511059351287
67.49948493940853	45.651895106459754
67.49948493940853	45.651895106459754
71.38391204318103	19.867784350789176
71.38391204318103	19.867784350789176
64.41322847555242	45.79543614912312
64.41322847555242	45.79543614912312
64.41322847555242	45.79543614912312
59.21625809672242	80.74404184599557
59.21625809672242	80.74404184599557
61.32697348691126	45.93897571657153
61.32697348691126	45.93897571657153
53.868521595271446	5.035867184347581
53.868521595271446	5.035867184347581
58.24958561850344	29.297621572984045
58.24958561850344	29.297621572984045
87.39164716574076	17.131892031166498
87.39164716574076	17.131892031166498
87.39164716574076	17.131892031166498
88.93477539766882	66.56012077222732
88.93477539766882	66.56012077222732
84.3053921770996	17.275431598614905
84.3053921770996	17.275431598614905
76.76712292642516	28.43637826743373
76.76712292642516	28.43637826743373
78.94878560498539	57.35215212321778
78.94878560498539	57.35215212321778
78.94878560498539	57.35215212321778
73.72520943981051	43.65544190362785
73.72520943981051	43.65544190362785
75.83592482999936	8.850377249418768
75.83592482999936	8.850377249418768
5.977986377236684	95.68464623238626
5.977986377236684	95.68464623238626
0.7100657596053861	66.91241489448053
0.7100657596053861	66.91241489448053
2.891729913380564	95.82818875026459
2.891729913380564	95.82818875026459
2.891729913380564	95.82818875026459
96.62381077096423	67.0559559371439
96.62381077096423	67.0559559371439
98.80547492473941	95.971728317713
98.80547492473941	95.971728317713
91.2760727942983	90.34777980028096
91.2760727942983	90.34777980028096
76.66992125771408	76.85569543325967
76.66992125771408	76.85569543325967
76.66992125771408	76.85569543325967
78.21304948964215	27.2839241743205
78.21304948964215	27.2839241743205
71.02952258168442	60.049061917890015
71.02952258168442	60.049061917890015
75.41058808013138	84.31081778174143
75.41058808013138	84.31081778174143
67.94326611782832	60.19260148533843
67.94326611782832	60.19260148533843
67.94326611782832	60.19260148533843
70.05398150801715	25.387538306344304
70.05398150801715	25.387538306344304
64.83040534284228	11.690828086754372
64.83040534284228	11.690828086754372
94.25625899399503	56.40845110969438
94.25625899399503	56.40845110969438
98.0697373341812	65.90350184403067
98.0697373341812	65.90350184403067
90.88621042622349	98.6686395876002
90.88621042622349	98.6686395876002
90.88621042622349	98.6686395876002
92.99692581641233	63.86357493339111
92.99692581641233	63.86357493339111
87.79995543758233	98.81217915504861
87.79995543758233	98.81217915504861
80.82927186995371	25.739830953382558
80.82927186995371	25.739830953382558
82.4522174609164	23.104004493400623
82.4522174609164	23.104004493400623
15.07747393195589	63.167609524408
15.07747393195589	63.167609524408
15.07747393195589	63.167609524408
16.69155092747028	77.31667677546197
16.69155092747028	77.31667677546197
9.720868835056628	4.244328573795914
9.720868835056628	4.244328573795914
4.807690560142061	96.07628683542593
4.807690560142061	96.07628683542593
6.350818792070116	46.50451557648677
6.350818792070116	46.50451557648677
6.350818792070116	46.50451557648677
98.4510854632428	37.15300588481384
98.4510854632428	37.15300588481384
3.3089053054554673	61.72358068789584
3.3089053054554673	61.72358068789584
32.663813143451804	42.72036372562776
32.663813143451804	42.72036372562776
27.4668427646218	77.66897089771517
27.4668427646218	77.66897089771517
27.4668427646218	77.66897089771517
29.57755667959569	42.86390624350609
29.57755667959569	42.86390624350609
22.39402977163798	75.6290439870756
22.39402977163798	75.6290439870756
26.20750663660918	85.12409324619694
26.20750663660918	85.12409324619694
19.30777330778186	75.77258355452402
19.30777330778186	75.77258355452402
20.85977013515821	9.415917109333993
20.85977013515821	9.415917109333993
20.85977013515821	9.415917109333993
6.253618598573987	94.9238327423127
6.253618598573987	94.9238327423127
97.71534787268459	7.084779411131518
97.71534787268459	7.084779411131518
0.8970120264597672	36.00055179170061
0.8970120264597672	36.00055179170061
94.62909288404344	7.228318978579939
94.62909288404344	7.228318978579939
94.62909288404344	7.228318978579939
96.52696198347327	78.26074174482139
96.52696198347327	78.26074174482139
89.55628136627458	5.188392067940372
89.55628136627458	5.188392067940372
21.658292181079762	45.560816038178324
21.658292181079762	45.560816038178324
23.83995633485495	74.47658989396238
23.83995633485495	74.47658989396238
18.57203719243861	45.7043570808417
18.57203719243861	45.7043570808417
18.57203719243861	45.7043570808417
20.753701346213788	74.6201294614108
20.753701346213788	74.6201294614108
13.215432095539349	85.78107613022961
13.215432095539349	85.78107613022961
8.302253820624781	78.61303439185963
8.302253820624781	78.61303439185963
10.412969210813634	43.807969737650545
10.412969210813634	43.807969737650545
10.412969210813634	43.807969737650545
39.280105774368856	56.973990969609616
39.280105774368856	56.973990969609616
43.66117127281581	81.23574683346104
43.66117127281581	81.23574683346104
36.19384931051273	57.11753201227299
36.19384931051273	57.11753201227299
38.30456470070158	22.312465882848944
38.30456470070158	22.312465882848944
33.10759284665662	57.26107305493636
33.10759284665662	57.26107305493636
33.10759284665662	57.26107305493636
26.136912229457927	83.18872337805536
26.136912229457927	83.18872337805536
28.03478280410271	55.22114466908183
28.03478280410271	55.22114466908183
59.136793618907916	95.59356716410484
59.136793618907916	95.59356716410484
61.24750900909676	60.78850250989575
61.24750900909676	60.78850250989575
61.24750900909676	60.78850250989575
56.0505371550518	95.73710820676821
56.0505371550518	95.73710820676821
49.079856537853104	22.664761480317114
49.079856537853104	22.664761480317114
50.69393205815255	36.81382725615612
50.69393205815255	36.81382725615612
45.993600073996994	22.808301047765525
45.993600073996994	22.808301047765525
47.89147064864178	93.84072086357706
47.89147064864178	93.84072086357706
47.89147064864178	93.84072086357706
30.385301677400612	25.00937715273614
30.385301677400612	25.00937715273614
25.755916981616448	74.72468797912371
25.755916981616448	74.72468797912371
27.299045213544503	25.15291672018456
27.299045213544503	25.15291672018456
20.399311884717186	15.801407028511635
20.399311884717186	15.801407028511635
20.399311884717186	15.801407028511635
24.212788749688393	25.296459238062887
24.212788749688393	25.296459238062887
17.313055420861076	15.944948071175002
17.313055420861076	15.944948071175002
48.37072473363977	41.24184797266726
48.37072473363977	41.24184797266726
50.24198952193967	63.628953347231366
50.24198952193967	63.628953347231366
50.24198952193967	63.628953347231366
43.34225619311236	54.27744365555844
43.34225619311236	54.27744365555844
47.15573305808357	63.77249438989473
47.15573305808357	63.77249438989473
40.25599972925625	54.42098469822182
40.25599972925625	54.42098469822182
41.799127961184304	4.849213439282651
41.799127961184304	4.849213439282651
37.16974474061509	54.56452426567023
37.16974474061509	54.56452426567023
37.16974474061509	54.56452426567023
65.95706394513569	20.79460364910198
65.95706394513569	20.79460364910198
67.86380311522876	75.0421297538776
67.86380311522876	75.0421297538776
63.16346965585825	61.03660207027205
63.16346965585825	61.03660207027205
64.77754665137265	75.18566932132602
64.77754665137265	75.18566932132602
64.77754665137265	75.18566932132602
57.80686455895899	2.1133211196599726
57.80686455895899	2.1133211196599726
52.609892704914046	37.06192681653242
52.609892704914046	37.06192681653242
54.72060809510288	2.2568606871083823
54.72060809510288	2.2568606871083823
85.8492261714679	91.27459909859377
85.8492261714679	91.27459909859377
87.72049095976783	14.661704473157876
87.72049095976783	14.661704473157876
87.72049095976783	14.661704473157876
80.74980886735418	40.58935774670678
80.74980886735418	40.58935774670678
75.55283701330922	75.53796344357923
75.55283701330922	75.53796344357923
77.66355240349806	40.73289878937015
77.66355240349806	40.73289878937015
70.19623191640996	16.614682492967145
70.19623191640996	16.614682492967145
70.19623191640996	16.614682492967145
74.57729593964194	40.87643835681857
74.57729593964194	40.87643835681857
57.13320861175379	52.55082834222164
57.13320861175379	52.55082834222164
59.25279112217596	0.9608670265467413
59.25279112217596	0.9608670265467413
54.339614322476365	92.79282528817676
54.339614322476365	92.79282528817676
54.339614322476365	92.79282528817676
46.80134359658696	4.953771956995577
46.80134359658696	4.953771956995577
48.9830092255771	33.86954433756467
48.9830092255771	33.86954433756467
43.7150886079458	5.097312999658955
43.7150886079458	5.097312999658955
45.89675276172099	34.01308685544301
45.89675276172099	34.01308685544301
76.95442207449967	59.3099852817203
76.95442207449967	59.3099852817203
76.95442207449967	59.3099852817203
70.02808295932749	1.3131611487999528
70.02808295932749	1.3131611487999528
71.92595353397228	72.34558243982643
71.92595353397228	72.34558243982643
66.65803291634097	43.57334962670576
66.65803291634097	43.57334962670576
68.83969707011616	72.48912200727486
68.83969707011616	72.48912200727486
61.30142634422676	83.65006867609367
61.30142634422676	83.65006867609367
61.30142634422676	83.65006867609367
92.99763305406753	88.43451074187922
92.99763305406753	88.43451074187922
94.54076128599559	38.862742433369974
94.54076128599559	38.862742433369974
87.64989655261657	12.726336080231235
87.64989655261657	12.726336080231235
91.46337194237282	22.221386814567527
91.46337194237282	22.221386814567527
91.46337194237282	22.221386814567527
84.2798450344151	54.98652455813704
84.2798450344151	54.98652455813704
86.39056042460395	20.181458428713004
86.39056042460395	20.181458428713004
81.19359004577396	55.130064125585456
81.19359004577396	55.130064125585456
11.548496408555332	36.12684863853234
11.548496408555332	36.12684863853234
15.432922037112865	10.342737882861757
84.10282748188435	56.469896925005756
84.10282748188435	56.469896925005756
85.71690447739874	70.61896565127468
85.71690447739874	70.61896565127468
85.71690447739874	70.61896565127468
78.75509098043338	79.76172226335775
78.75509098043338	79.76172226335775
73.55811912638842	15.710327960230218
73.55811912638842	15.710327960230218
75.66883451657726	79.90526183080618
75.66883451657726	79.90526183080618
68.48530760861956	13.670399574375693
68.48530760861956	13.670399574375693
68.48530760861956	13.670399574375693
72.29878594880572	23.165450308711986
72.29878594880572	23.165450308711986
2.7246395999584703	67.883073331652
2.7246395999584703	67.883073331652
96.4567219327571	39.11084051853132
96.4567219327571	39.11084051853132
98.61177882497245	19.381299933067943