92.42991964881324	21.08480643637668
86.41904879408484	5.499157438683751
87.25398942453043	6.894356940747033
83.1812219039595	-0.10428214922656664
80.1774640923407	5.592336342874694
92.17112055178931	11.490570747298804
74.22943664948363	5.611344707530762
99.75038538392204	2.9392830299029535
106.50340343145584	-5.822854815858074
76.6960215596737	17.197564055920147
107.84350416673414	5.968575792676541
118.44817257750947	-2.9465400367804904
91.38114370432325	17.689006427417283
74.885100412546	-1.8842804895355831
86.12389682350023	28.5810883781647
76.88695723800096	-1.6906699964203131
84.67600313871607	-2.44281509020883
116.04876752795928	13.384489180663255
89.31756374423095	8.475995438502059
102.06790422686271	-6.874934144213272
85.90863700224048	-0.07797223789069285
89.66251337588777	27.0881332203845
70.75215100524602	2.388036449486782
98.11658380247428	-6.976918245846981
74.33489979065256	16.860217308674976
100.48189538086346	2.735471753557773
78.95129495537809	9.75775603988105
92.4215433350505	17.30005781755667
96.10678411982809	7.73125827978158
79.26888103005398	6.7973188523626735
84.74286903322364	-6.279468126482559
58.47385091815093	5.90035105422624
81.39375231301194	8.85965415893086
67.388963567919	12.291685355461542
77.61884799955676	-10.300464009310835
67.11625747606602	0.9016946575413014
86.14798466455349	9.188248613946817
75.05276654714896	9.717843229594076
76.79187196007483	23.67006960925997
94.57878476986492	9.19014975822134
98.22906688789132	-0.9437172439561978
90.12365336034429	12.316818846414234
83.33397740839861	5.596002820574407
73.79571240901873	5.229371414181598
91.80885541133067	5.542310023015102
99.88938153910411	2.940750083875975
73.43422085419326	11.607683389657344
101.65826748944885	5.417507087808531
74.29129678378538	-7.576639683721027
109.88316813144465	25.001939433378794
82.55896497960035	17.211209402842094
98.1047730612655	13.937556212996189
71.4189171595015	-6.372792873039224
94.47315331257028	0.9572754484957473
103.26469089271546	-1.860993821012915
82.42429367260732	22.58649215765064
84.70385007930858	-10.19120459504624
105.05555320800073	32.75790688632727
90.79088035048868	2.567975610232159
79.78973678387428	-10.956629524855762
83.5683989418321	1.3805767368911948
81.6865465269308	-8.408396389638096
94.54583899537306	0.44759460678678753
87.79412560291868	11.82017073224161
90.47792231091724	8.871755818914135
73.17510270583234	5.544434194037158
82.07838017344785	8.279545722487745
85.00834262388034	-3.740802488259103
97.24202400970914	14.691958125780454
83.67298561164688	-3.673505651973576
87.0879791325913	7.4151756850671635
94.53299373604536	-10.948179999016252
103.29802430122206	11.150028682861148
-7.006209623364269	46.61773967162172
-7.425698991251233	52.638919424794615
10.062235720742855	39.28680204410512
15.016168342709607	36.2347615565462
-10.555724767926188	53.05820910588386
-9.84014926133152	26.592663259791372
1.8395150852226227	39.87754514510281
0.9207123333245559	36.39221478147587
9.174043929239383	24.9968729314282
-6.271870719126596	44.717430765641474
-1.3451747010024961	55.32772411998914
13.420954281149674	39.56502369700283
-0.341784879700767	49.338386901735724
-12.318626037733539	35.9469202722634
-0.47425384964322337	56.42298348134371
-15.746040905409965	58.617159612986484
-13.581238830490202	49.241769247879915
-27.345665290388794	32.34816363842482
-5.6408832939351425	54.254716145851
-13.888711319860253	28.48264181829791
2.1813939712603414	38.73426536832203
7.030696487362017	44.04587043477007
-7.67558101493044	44.23574820250422
-2.7907741107315234	58.125450356090205
8.559639156520532	28.573690441612044
1.4904833560695443	39.735395093964236
16.274607765187458	39.593581111992805
14.591643218729518	48.3072986426698
5.591610650651618	41.41942033624163
0.3481067686640942	31.03886040146262
-9.702201822398205	47.67986967735483
-17.60181786514159	41.22260026186126
2.694045746076248	27.95724773400189
-4.604082087332371	50.38226046947646
-14.50141277225376	35.41185460807242
-6.021524691549108	57.19740316300752
24.62544540743461	31.181537833058925
6.983912749812251	44.441615838608506
1.6899710338979514	33.3319327412827
22.208484457034572	52.27961115144475
3.175661400892083	36.1184541157148
-11.185265730394784	53.67428916469679
-8.096570411917734	44.58479987909259
-1.2811913888579194	54.803383980494786
12.712299526384381	50.30861917258501
1.0263591846280153	44.71069791906195
-9.585044371760715	35.23713208363029
12.52646434379147	27.984882825673235
-7.1862790700489985	30.97160285451581
-0.9419153650510559	36.478790719293904
15.159795808206704	39.697598514370995
-17.811457009886524	28.78144015190628
-3.1809358709794093	47.3726904621409
12.319764678735687	38.38776787938768
0.2960871820715527	34.51376146618346
2.4588310263270294	28.16637847785477
-18.417252229086657	25.718496579211685
-15.239966441154111	45.71372566165937
9.270218034739504	38.57596207599278
-1.4542931528922765	30.705335626486082
5.289900113945967	18.194558700738455
-8.549014297069833	35.857714795581416
6.725480784564085	39.32882529472119
3.66096399448052	27.232392231674933
1.6669461271647008	34.53690004092994
-21.537701496156288	47.714331523427866
4.570461091974686	34.77973487481535
1.88123119032712	42.71912128309755
4.539997656522342	36.902575924741626
-0.8214957252401249	44.613865266223094
10.606748002243785	56.23136139239885
-2.032581625621542	29.37255970429384
10.212852697996881	43.66311198933284
47.49124266769085	55.52304255307308
44.1432405862752	68.81692422562591
34.97078161063119	59.48793800905142
45.925404395867176	56.81125532102624
56.78504392887911	48.57768933338361
43.033255308145655	60.05082722035078
42.63492094064565	52.86571791503837
51.01432990947224	58.31473811001598
61.43153880201195	56.51495416157761
38.38132650215147	79.28984887103081
51.69130764685866	76.1417128585365
62.1436526038987	82.01774163505306
68.94657686318776	66.33012596911591
58.80340029497819	55.04083718072743
34.94065146643998	58.14447344753487
45.824444935619105	61.050705243674564
57.90719677760091	67.94904967026997
48.53018484744523	62.34783327664138
39.800625372229995	64.95690983172106
62.68253405663206	57.23475707171294
47.03972070282608	53.75098392553725
46.576020731040494	55.539587333702876
59.239493990523	59.90762552631001
46.97570989377323	62.94924145843952
53.0084395046789	70.21116893694862
48.234976755436	50.18624674801042
69.08139643240364	58.20008786657278
62.387241201672246	53.742759986750855
64.54470623712658	74.62637283964975
60.59179131853598	60.500802671682635
43.42392233497291	71.69983003719784
48.04214899099966	69.78480852570634
39.17302000931875	55.82449381814633
50.180825827627174	54.10532632978081
52.197589569263044	63.441636821045975
28.648595014801266	70.34290227930413
31.83461104646958	66.43501169077828
62.59386501457723	62.18174388968029
53.440333846550566	67.25770506468051
57.27629080528223	64.18061930241822
46.203453508465664	73.23992644826032
64.46867085540771	60.612082799933866
56.673485141192444	68.62377499066173
52.226962269115695	66.83938636764793
62.21941752238975	51.025476025195466
39.58261624990722	59.58390735700891
52.42954348429239	60.79806234217153
40.06234385340329	47.212948188454575
40.96865900574352	54.504189766107395
48.63074786386223	57.714446593371655
35.450346536392175	67.95267868925418
36.016055399822655	49.22713024594226
59.42902241630379	64.65672698838762
49.61167995697316	46.026111525495246
59.19751366907142	56.598979479116345
55.579625994928755	58.20522335689908
62.574576511909	49.477080484900824
41.83504557584967	29.52803195853968
58.39118642889406	50.41049871539781
63.06025734614945	56.48345600844991
39.474805717403164	67.55350926624138
61.582415716901984	60.52269821884466
50.31503637870408	50.7628381771716
57.122190192387855	49.125531611881556
57.45419297453031	54.14873089049092
48.56383812509517	63.14977551882073
68.11137018989365	49.71433469049968
33.38866079587052	47.201675904048514
49.37403353242288	66.56980719522053
40.591040026216874	57.39201430743471
47.97848041608587	69.31797891891001
38.258918832244376	64.38434371741413
41.80013743987004	59.32190470425366
68.7566140437379	13.545666708151481
39.131627685707755	11.767933654827187
51.52821510631975	19.755596061879523
35.1142155573301	17.492205413795688
49.72023470167053	40.91484167910608
50.21630588380174	10.052479703736967
46.744127014397115	26.08713912007991
59.68902680542297	38.87497389063081
49.57258740382713	2.137490264171049
66.32934006736588	24.722699262768014
45.47690360716077	18.459857341885723
38.75304112349484	22.503282585128858
51.62193762619306	30.80038023516189
41.96358137810199	48.38099395358792
75.64625337717158	17.42280332640483
70.01348070832354	17.006170672987494
64.48114438332516	29.24131842479106
55.47788671963464	21.454585712669445
61.88846412490669	5.83637530181449
69.20822069480808	15.114238654231967
43.815778579180176	25.149259075339746
59.846096214475295	15.124416090275156
54.70427195836336	20.624945159745597
48.80704710251189	19.541500344824883
39.053405974393506	18.583904269769135
58.41508927475385	26.54202081922992
55.337705286760055	4.47639814830303
53.1804996789173	39.1253936036382
49.85376364176814	28.72714065606585
67.97783088696224	12.412208301991052
57.31349019058095	8.21647066784591
67.95614755258865	39.00267383539895
56.23535469745384	8.741523257706897
52.745784053950615	15.803187803669616
38.931650785208575	16.297197170960015
48.31011311916575	25.856725630620993
46.010585463658956	11.122099446286176
49.123981488802706	-0.01318288769378384
67.71530400613312	13.076822491902949
69.45805628605015	11.664695618395156
32.37840074734305	21.974019346808383
38.281447032793594	21.24753515522624
63.38615505819504	5.831174103312037
55.45010631782146	14.244984681179268
44.63106050728113	1.6072900534962073
64.84300786835848	21.351302526197166
48.16398985532139	31.636588196366453
50.81222986466457	12.178287187701645
33.584195015509295	10.811281705496697
45.85983617687184	17.608481289869257
46.48533454393394	30.319719004007275
46.98565326322111	32.78961371152175
59.485340393831244	26.38835309189552
50.94291215990801	27.7841070088034
54.10241758162141	28.22054295003845
38.008115479179416	15.783002781563734
41.92284174567133	15.68059470600352
59.32740767706175	32.088511808710585
63.10743022631586	25.010507012282215
47.10528749799729	19.342807996446215
63.47130223451495	12.019193584433939
54.8295835985738	34.88492669894963
44.883089094285594	16.874215311374844
43.45934977394086	28.997231945066645
52.7464386539515	26.136732937797667
32.11226019314524	25.586823713397397
52.81115966656073	16.758792068369715
62.512216911323016	22.033644986271206
56.608775722566115	27.735796715052377
59.80418383719937	37.31823143638511
62.36737276520174	38.24626951438414
56.02632051113362	28.913476310261945
59.03847851435177	16.717027474273053
38.89550216353304	29.654669717572613