11.701102905377379	63.4641575865641
11.701102905377379	63.4641575865641
95.52736421053237	35.20536513959776
95.52736421053237	35.20536513959776
88.55668064290376	61.133018413146665
88.55668064290376	61.133018413146665
88.55668064290376	61.133018413146665
90.4545526927635	33.165438228958195
90.4545526927635	33.165438228958195
85.18663207513221	4.3932054158375164
85.18663207513221	4.3932054158375164
30.112571424354687	28.807125157875618
33.934916884774175	21.5172792307461
33.934916884774175	21.5172792307461
27.0351820807319	12.165769539073175
27.0351820807319	12.165769539073175
21.76726293831557	82.3935367259525
21.76726293831557	82.3935367259525
23.66513351296036	54.42595801697898
23.66513351296036	54.42595801697898
16.694451420546702	80.35360981531292
49.978126389127084	50.64180616611998
51.52125462105514	1.0700363823957706
51.52125462105514	1.0700363823957706
46.891871400485925	50.78534720878336
46.891871400485925	50.78534720878336
39.353602149811486	61.94629387760217
39.353602149811486	61.94629387760217
39.353602149811486	61.94629387760217
41.25147272445627	33.97871369341371
41.25147272445627	33.97871369341371
36.551139265085766	19.973187485023114
36.551139265085766	19.973187485023114
38.16521626060016	34.12225326086212
38.16521626060016	34.12225326086212
21.21776585217149	95.84251134100215
21.21776585217149	95.84251134100215
21.21776585217149	95.84251134100215
16.02966259357483	15.00622037640879
16.02966259357483	15.00622037640879
18.14037798376367	79.2011557221997
15.05412299512251	79.34469676486307
7.870596087164801	13.109833033217633
7.870596087164801	13.109833033217633
38.92826392472854	38.406734409924844
38.92826392472854	38.406734409924844
38.92826392472854	38.406734409924844
41.08332229215885	18.677192349246514
41.08332229215885	18.677192349246514
33.616001805070745	93.55897752805846
33.616001805070745	93.55897752805846
37.997067303517696	18.820733391909883
37.997067303517696	18.820733391909883
30.529745341214632	93.70251709550688
30.529745341214632	93.70251709550688
32.64046073140347	58.8974524412978
32.64046073140347	58.8974524412978
32.64046073140347	58.8974524412978
27.727282456488904	51.729410702927815
27.727282456488904	51.729410702927815
56.51460313622445	17.9594886111446
56.51460313622445	17.9594886111446
58.69626728999964	46.87526246692866
58.69626728999964	46.87526246692866
53.43721526781664	1.3181344675571165
53.43721526781664	1.3181344675571165
53.43721526781664	1.3181344675571165
55.618879421591814	30.233906848126207
55.618879421591814	30.233906848126207
50.35095880396053	1.461674035005537
50.35095880396053	1.461674035005537
43.451225475133214	91.11016434333261
43.451225475133214	91.11016434333261
44.994353707061265	41.53839603482336
44.994353707061265	41.53839603482336
44.994353707061265	41.53839603482336
76.40676536255668	88.43948553585136
76.40676536255668	88.43948553585136
78.561823729987	68.70994495038798
78.561823729987	68.70994495038798
71.0235530040976	79.8708916192068
67.93729801545643	80.0144311866552
61.037564686629125	70.6629214949823
61.037564686629125	70.6629214949823
64.85104155160033	80.15797075410363
64.85104155160033	80.15797075410363
64.85104155160033	80.15797075410363
47.6907463276276	49.71571477947922
47.6907463276276	49.71571477947922
49.801461717816444	14.910648650055181
49.801461717816444	14.910648650055181
44.61335993443473	33.07435916067678
44.61335993443473	33.07435916067678
37.642677842021094	59.002010959010725
37.642677842021094	59.002010959010725
37.642677842021094	59.002010959010725
41.527101995363665	33.21790020334015
41.527101995363665	33.21790020334015
34.55642137816497	59.14555052645915
34.55642137816497	59.14555052645915
36.170498373679365	73.29461925272807
36.170498373679365	73.29461925272807
67.79575484471884	14.358224283735447
67.79575484471884	14.358224283735447
60.58562215041626	97.47804611084257
60.58562215041626	97.47804611084257
60.58562215041626	97.47804611084257
62.19969914593066	12.627114837111503
62.19969914593066	12.627114837111503
57.49936568656015	97.62158862872091
57.49936568656015	97.62158862872091
59.11344268207455	12.770654404559911
59.11344268207455	12.770654404559911
52.14275911444594	38.69830767810881
52.14275911444594	38.69830767810881
52.14275911444594	38.69830767810881
83.27137866602592	28.716044614379243
83.27137866602592	28.716044614379243
85.38209405621475	92.91097996017017
85.38209405621475	92.91097996017017
78.1985656730421	26.676116228524716
78.1985656730421	26.676116228524716
82.02091260867655	19.386273251825116
82.02091260867655	19.386273251825116
75.12117927984923	10.034762084937233
75.12117927984923	10.034762084937233
75.12117927984923	10.034762084937233
69.85325866221794	80.26252927181655
69.85325866221794	80.26252927181655
72.03492281599311	10.178303127600602
72.03492281599311	10.178303127600602
1.8222420205137149	75.40838251103236
1.8222420205137149	75.40838251103236
6.274254807332034	64.39097540966195
6.274254807332034	64.39097540966195
6.274254807332034	64.39097540966195
97.73598703187255	75.55192207848077
97.73598703187255	75.55192207848077
0.607250344957503	97.93902892825983
0.607250344957503	97.93902892825983
94.9778671243883	48.65433975464741
94.9778671243883	48.65433975464741
87.4395963984989	59.81528642346623
87.4395963984989	59.81528642346623
87.4395963984989	59.81528642346623
89.62126055227408	88.73105880403533
89.62126055227408	88.73105880403533
74.3765745690577	95.75143079750578
74.3765745690577	95.75143079750578
76.55823724761791	25.667203178074864
76.55823724761791	25.667203178074864
71.2991852254349	79.11007517870333
71.2991852254349	79.11007517870333
64.1156583174772	12.875214397487795
64.1156583174772	12.875214397487795
64.1156583174772	12.875214397487795
66.22637370766603	77.07014826806376
66.22637370766603	77.07014826806376
61.02940332883605	13.018753964936217
61.02940332883605	13.018753964936217
63.14011871902488	77.21368783551218
87.29805470297626	93.15907952054647
88.9121302232757	8.308145296385467
88.9121302232757	8.308145296385467
81.70199752897312	91.42797007392252
81.70199752897312	91.42797007392252
86.08306302742005	16.68972593777394
86.08306302742005	16.68972593777394
78.61574106511699	91.57150964137094
78.61574106511699	91.57150964137094
78.61574106511699	91.57150964137094
80.72645645530584	56.766444987161854
80.72645645530584	56.766444987161854
12.855074531670875	46.784183398647244
12.855074531670875	46.784183398647244
5.884392439257221	72.71183372176623
5.884392439257221	72.71183372176623
9.777686663263058	30.14282777984479
9.777686663263058	30.14282777984479
9.777686663263058	30.14282777984479
2.807004570849404	56.07047957817875
2.807004570849404	56.07047957817875
4.704875145494189	28.10290086920522
4.704875145494189	28.10290086920522
98.43695600307785	98.33066805608455
98.43695600307785	98.33066805608455
28.86281112944556	44.04828960380959
28.86281112944556	44.04828960380959
30.405939361373616	93.4765198200854
30.405939361373616	93.4765198200854
30.405939361373616	93.4765198200854
25.776554665589455	44.19183064647297
25.776554665589455	44.19183064647297
27.31968289751751	93.6200593875338
27.31968289751751	93.6200593875338
20.393343782345315	35.62323672982841
20.393343782345315	35.62323672982841
15.480165507430748	28.455194991458434
15.480165507430748	28.455194991458434
15.480165507430748	28.455194991458434
17.023293739358813	77.88342373251926
17.023293739358813	77.88342373251926
73.56565068984172	52.536739161182
73.56565068984172	52.536739161182
77.37912607959795	62.031789895518294
77.37912607959795	62.031789895518294
70.4793942259856	52.68028020384537
70.4793942259856	52.68028020384537
65.22034220380259	7.123152204473837
65.22034220380259	7.123152204473837
65.22034220380259	7.123152204473837
67.40200635757778	36.038926060257886
67.40200635757778	36.038926060257886
59.863737106903336	47.19987272907671
59.863737106903336	47.19987272907671
64.03195631459127	78.29911306294873
64.03195631459127	78.29911306294873
93.38686415258759	59.295897575895616
93.38686415258759	59.295897575895616
93.38686415258759	59.295897575895616
95.000941148102	73.44496630216453
95.000941148102	73.44496630216453
90.30060768873149	59.43943861855898
90.30060768873149	59.43943861855898
82.83328720164339	35.32122232215598
82.83328720164339	35.32122232215598
84.98834409385873	15.591681736692607
84.98834409385873	15.591681736692607
79.7204249514424	85.81944892357193
79.7204249514424	85.81944892357193
79.7204249514424	85.81944892357193
81.61829552608718	57.851870214598414
81.61829552608718	57.851870214598414
11.973201888868562	38.84865325233034
11.973201888868562	38.84865325233034
6.77623151003856	73.79725894920279
6.77623151003856	73.79725894920279
8.8869469002274	38.99219429499371
8.8869469002274	38.99219429499371
8.8869469002274	38.99219429499371
3.698842166415785	57.15590480561531
3.698842166415785	57.15590480561531
5.809557556604625	22.350840151406224
5.809557556604625	22.350840151406224
97.34223854473149	97.23262385500321
97.34223854473149	97.23262385500321
29.967493540556	38.296228886010596
29.967493540556	38.296228886010596
29.967493540556	38.296228886010596
31.865365590415752	10.328648701822125
31.865365590415752	10.328648701822125
24.327094864526355	21.48959537064094
24.327094864526355	21.48959537064094
28.779107651344674	10.472189744485492
28.779107651344674	10.472189744485492
21.240838400670235	21.63313641330432
21.240838400670235	21.63313641330432
23.395898243315504	1.9035943526259875
23.395898243315504	1.9035943526259875
23.395898243315504	1.9035943526259875
18.198926389270547	36.852201524713394
18.198926389270547	36.852201524713394
1.251475980841874	98.57245665442352
1.251475980841874	98.57245665442352
3.1493450802717007	70.60487794544999
3.1493450802717007	70.60487794544999
96.88142741307033	41.83264513232932
96.88142741307033	41.83264513232932
96.88142741307033	41.83264513232932
0.0630900916305498	70.74841898811337
0.0630900916305498	70.74841898811337
93.80403806944754	25.191290988741827
93.80403806944754	25.191290988741827
86.90430474062023	15.839781297068912
86.90430474062023	15.839781297068912
88.44743297254828	65.26801003812974
88.44743297254828	65.26801003812974
88.44743297254828	65.26801003812974
21.143638207174106	70.0524521039153
21.143638207174106	70.0524521039153
22.68676643910216	20.48068232019109
22.68676643910216	20.48068232019109
15.503239531144452	53.245820063760604
15.503239531144452	53.245820063760604
10.802907546988909	39.240292380155054
10.802907546988909	39.240292380155054
12.4169845425033	53.38936110642397
12.4169845425033	53.38936110642397
12.4169845425033	53.38936110642397
5.49064395211615	94.39253549828867
5.49064395211615	94.39253549828867
9.304120817087346	4.887587707839929
9.304120817087346	4.887587707839929
38.729977418670025	49.60520925556497
38.729977418670025	49.60520925556497
33.46205680103873	20.8329764424443
33.46205680103873	20.8329764424443
33.46205680103873	20.8329764424443
35.35992737568351	91.86539625825581
35.35992737568351	91.86539625825581
28.38924528326986	18.793049531804733
28.38924528326986	18.793049531804733
32.27367091182741	92.0089373009192
32.27367091182741	92.0089373009192
25.311858890077	2.151695388217239
25.311858890077	2.151695388217239
26.925934410376435	16.30076116405625
26.925934410376435	16.30076116405625
26.925934410376435	16.30076116405625
58.55119088141591	56.364366195063624
58.55119088141591	56.364366195063624
51.08387039432781	32.246151373875584
51.08387039432781	32.246151373875584
53.19458578451666	96.4410867196665
53.19458578451666	96.4410867196665
48.28140898481705	89.27304350608156
48.28140898481705	89.27304350608156
48.28140898481705	89.27304350608156
49.82453574153015	39.70127519757231
49.82453574153015	39.70127519757231
42.89819662635796	80.704449589437
26.74891685784568	17.78413648135487
26.74891685784568	17.78413648135487
19.56538847467301	50.54927274970943
19.56538847467301	50.54927274970943
19.56538847467301	50.54927274970943
14.297469332256671	21.777039936588757
14.297469332256671	21.777039936588757
16.48800208148014	33.907918606121946
16.48800208148014	33.907918606121946
45.27532128600073	0.13799651433873716
45.27532128600073	0.13799651433873716
49.72733407281906	88.12058941296833
49.72733407281906	88.12058941296833
49.72733407281906	88.12058941296833
42.18906482214462	0.28153608178714673
42.18906482214462	0.28153608178714673
44.370730451134754	29.197309937571205
44.370730451134754	29.197309937571205
39.10280983350346	0.42507859966548367
39.10280983350346	0.42507859966548367
31.91928292554575	33.190216343235
31.91928292554575	33.190216343235
34.07433981776111	13.460674282556667
34.07433981776111	13.460674282556667
34.07433981776111	13.460674282556667
65.1320091305398	38.75757418404892
65.1320091305398	38.75757418404892
67.31367475952993	67.67334656461802
67.31367475952993	67.67334656461802
62.04575414189864	38.901113751497334
62.04575414189864	38.901113751497334
55.146020813071324	29.549604059824407
55.146020813071324	29.549604059824407
55.146020813071324	29.549604059824407
56.689147569784424	78.97783427610021
56.689147569784424	78.97783427610021
51.77597077008481	71.80979106251526
51.77597077008481	71.80979106251526
53.895554755721946	20.21983269727028
53.895554755721946	20.21983269727028
82.75382272382889	50.170749115480206
82.75382272382889	50.170749115480206
78.05348926445838	36.165221431874656
78.05348926445838	36.165221431874656
78.05348926445838	36.165221431874656
79.66756625997276	50.31429015814357
79.66756625997276	50.31429015814357
72.69688564277406	76.24194048126256
72.69688564277406	76.24194048126256
76.58131127133161	50.45782972559199
76.58131127133161	50.45782972559199
69.37117710181407	34.577653027914074
69.37117710181407	34.577653027914074
69.37117710181407	34.577653027914074
71.48189249200291	98.77258689849003
71.48189249200291	98.77258689849003
56.3081537971579	70.51379740195361
56.3081537971579	70.51379740195361
49.337471704744246	96.44144920028756
49.337471704744246	96.44144920028756
53.22189733330178	70.657338444617
53.22189733330178	70.657338444617
53.22189733330178	70.657338444617
46.25121524088813	96.58499024295094
46.25121524088813	96.58499024295094
47.86529223640252	11.734057494004901
47.86529223640252	11.734057494004901
43.16496025224698	96.72853128561431
43.16496025224698	96.72853128561431
72.3158903949326	67.77790508233093
72.3158903949326	67.77790508233093
73.85901862686065	18.20613382339177
73.85901862686065	18.20613382339177
73.85901862686065	18.20613382339177
69.22963540629144	67.92144464977936
69.22963540629144	67.92144464977936
70.77276216300453	18.349676341270104
70.77276216300453	18.349676341270104
63.87302883417722	8.99816517438222
63.87302883417722	8.99816517438222
58.60510821654592	79.2259338364765
58.60510821654592	79.2259338364765
58.60510821654592	79.2259338364765
60.76016805919118	59.496391775798166
60.76016805919118	59.496391775798166
89.9022296064285	47.33066075876566
89.9022296064285	47.33066075876566
93.71570647139971	56.825711493101956
93.71570647139971	56.825711493101956
86.81597314257239	47.474201801429025
86.81597314257239	47.474201801429025
81.5480525249411	18.70196898830836
81.5480525249411	18.70196898830836
81.5480525249411	18.70196898830836
83.72971667871629	47.61774136887745
83.72971667871629	47.61774136887745
76.19144742804184	58.77868803769626
76.19144742804184	58.77868803769626
80.64346169007511	47.76128241154082
80.64346169007511	47.76128241154082
10.439649490044003	96.20646513350675
10.439649490044003	96.20646513350675
12.337520064688798	68.23888642453323
12.337520064688798	68.23888642453323
12.337520064688798	68.23888642453323
7.637186605318286	54.233358740927684
7.637186605318286	54.233358740927684
0.16986611823018416	30.11514391973964
0.16986611823018416	30.11514391973964
2.280581508419024	94.3100777903156
2.280581508419024	94.3100777903156
96.08360965437406	30.25868496240301
96.08360965437406	30.25868496240301
96.08360965437406	30.25868496240301
98.19432504456292	94.45362030819393
98.19432504456292	94.45362030819393
82.99398056337301	17.549514895195127
82.99398056337301	17.549514895195127
75.81045365541532	50.31465263876464
75.81045365541532	50.31465263876464
77.92116904560416	15.509587984555562
77.92116904560416	15.509587984555562
72.72419571634424	50.458192206213056
72.72419571634424	50.458192206213056
72.72419571634424	50.458192206213056
74.83491110653308	15.653127552003971
74.83491110653308	15.653127552003971
67.36759209465994	90.53491273081593
67.36759209465994	90.53491273081593
98.99284856569943	31.598517761823302
98.99284856569943	31.598517761823302
1.6157926814471522	28.96268982662641
1.6157926814471522	28.96268982662641
1.6157926814471522	28.96268982662641
93.6451105890335	54.89034162496036
93.6451105890335	54.89034162496036
97.81332979672142	85.98958343404735
97.81332979672142	85.98958343404735
90.27506202126195	97.15053010286617
90.27506202126195	97.15053010286617
92.45672469982217	27.066303958650213
92.45672469982217	27.066303958650213
92.45672469982217	27.066303958650213
87.18880555740583	97.29407114552954
87.18880555740583	97.29407114552954
17.614662158988505	43.01169269325458
17.614662158988505	43.01169269325458
21.472482001201175	67.58226602112164
21.472482001201175	67.58226602112164
14.501798433572562	93.50991929467054
14.501798433572562	93.50991929467054
16.399669008217348	65.54233911048208
16.399669008217348	65.54233911048208
16.399669008217348	65.54233911048208
11.131749865801007	36.77010629736139
11.131749865801007	36.77010629736139
4.23201653697369	27.418596605688464
4.23201653697369	27.418596605688464
5.775144768901745	76.8468253467493
5.775144768901745	76.8468253467493
37.47134852831261	81.63127036296477
37.47134852831261	81.63127036296477
37.47134852831261	81.63127036296477
39.02334535568896	15.274603917774748
39.02334535568896	15.274603917774748
32.12361202686164	5.923094226101822
32.12361202686164	5.923094226101822
26.8556928844453	76.15086141298114
26.8556928844453	76.15086141298114
28.7535634590901	48.18328122879267
28.7535634590901	48.18328122879267
28.7535634590901	48.18328122879267
21.782879891461484	74.11093302712662
21.782879891461484	74.11093302712662
25.66730699523398	48.32682227145605
25.66730699523398	48.32682227145605
8.719856586805317	11.047078876381116
8.719856586805317	11.047078876381116
3.4962789464154804	96.35037013200615
3.4962789464154804	96.35037013200615
5.677943100190658	26.266142512575232
5.677943100190658	26.266142512575232
5.677943100190658	26.266142512575232
97.13967384951621	37.42708918139406
97.13967384951621	37.42708918139406
2.3078930572041565	68.52633099048106
2.3078930572041565	68.52633099048106
94.33721244000546	94.453982788815
94.33721244000546	94.453982788815
95.9512879603049	9.603051515083918
95.9512879603049	9.603051515083918
95.9512879603049	9.603051515083918
28.57654443134438	49.666655070876345
28.57654443134438	49.666655070876345
21.11809253970456	8.763545063437437
21.11809253970456	8.763545063437437
23.22880792989341	72.9584789340134
23.22880792989341	72.9584789340134
18.03183607584845	8.907086106100804
18.03183607584845	8.907086106100804
20.14255146603729	73.10202145189173
20.14255146603729	73.10202145189173
20.14255146603729	73.10202145189173
12.959024558079582	6.86715772024628
12.959024558079582	6.86715772024628
44.01669387085828	32.164057621738536
44.01669387085828	32.164057621738536
46.198358024633464	61.079830002307624
46.198358024633464	61.079830002307624
40.97478038424362	47.38312125793265
40.97478038424362	47.38312125793265
40.97478038424362	47.38312125793265
43.085495774432474	12.57805660372357
43.085495774432474	12.57805660372357
35.61817528734437	87.45984178253553
35.61817528734437	87.45984178253553
30.91784182797386	73.45431409892997
30.91784182797386	73.45431409892997
32.815712402618644	45.4867339147415
32.815712402618644	45.4867339147415
61.603033082354195	11.716813298173248
61.603033082354195	11.716813298173248
61.603033082354195	11.716813298173248
66.05504586917253	0.6994076720177996
66.05504586917253	0.6994076720177996
58.525645213946376	94.07545915458576
58.525645213946376	94.07545915458576
60.70730936772156	23.991231535154853
60.70730936772156	23.991231535154853
55.43938875009026	94.21899872203419
55.43938875009026	94.21899872203419
55.43938875009026	94.21899872203419
48.53965542126294	84.86748903036126
48.53965542126294	84.86748903036126
52.35313228623415	94.36253976469756
52.35313228623415	94.36253976469756
35.192838537476376	63.92028083964323
35.192838537476376	63.92028083964323
37.30355392766523	29.115216185434146
37.30355392766523	29.115216185434146
32.07997628727539	15.418507441059186
32.07997628727539	15.418507441059186
32.07997628727539	15.418507441059186
25.180242958448076	6.06699774938626
25.180242958448076	6.06699774938626
26.72337119037613	55.495226490447095
26.72337119037613	55.495226490447095
22.093986494591956	6.21053731683467
22.093986494591956	6.21053731683467
23.63711472652002	55.638769008325426
23.63711472652002	55.638769008325426
23.63711472652002	55.638769008325426
52.77917627375734	43.47303799129291
52.77917627375734	43.47303799129291
48.07884428960179	29.4675088324724
48.07884428960179	29.4675088324724
49.701789880564476	26.83168237249047
49.701789880564476	26.83168237249047
42.731106312935864	52.75933417082442
42.731106312935864	52.75933417082442
46.61553341670837	26.975223415153835
46.61553341670837	26.975223415153835
46.61553341670837	26.975223415153835
39.64485132429471	52.90287521348778
39.64485132429471	52.90287521348778
70.77346940065974	42.920612149758206
70.77346940065974	42.920612149758206
72.8841847908486	8.115547495549126
72.8841847908486	8.115547495549126
65.70065640767592	40.88068523911864
65.70065640767592	40.88068523911864
65.70065640767592	40.88068523911864
69.55847624988859	65.45126004220064
69.55847624988859	65.45126004220064
62.58779563268988	91.3789118405346
62.58779563268988	91.3789118405346
64.20187262820427	6.527979091588559
64.20187262820427	6.527979091588559
59.50153916883377	91.52245140798301
59.50153916883377	91.52245140798301
59.50153916883377	91.52245140798301
88.3598071369407	22.47336930140789
88.3598071369407	22.47336930140789
90.47052252712955	86.66830464719881
90.47052252712955	86.66830464719881
85.55734425221497	79.50026290882883
85.55734425221497	79.50026290882883
87.10934255480629	13.143596463638806
87.10934255480629	13.143596463638806
80.20960775076402	3.792086771965881
80.20960775076402	3.792086771965881
80.20960775076402	3.792086771965881
74.94168713313272	74.0198539588452
74.94168713313272	74.0198539588452
77.12335276212285	3.9356278146292483
77.12335276212285	3.9356278146292483
61.87866382847655	10.955998332884741
61.87866382847655	10.955998332884741
64.06032798225172	39.871770713453834
64.06032798225172	39.871770713453834
64.06032798225172	39.871770713453834
56.52205873157729	51.03271738227266
56.52205873157729	51.03271738227266
51.5822761455328	94.21936267787021
51.5822761455328	94.21936267787021
53.76393882409303	24.135135058439293
53.76393882409303	24.135135058439293
46.22566957341859	35.29608172725812
46.22566957341859	35.29608172725812
50.677682360236915	24.27867757631763
50.677682360236915	24.27867757631763
50.677682360236915	24.27867757631763
79.46500303997246	89.50875548453442
79.46500303997246	89.50875548453442
81.64666719374765	19.424527865103514
81.64666719374765	19.424527865103514
76.37874657611636	89.65229505198283
76.37874657611636	89.65229505198283
69.20408826360693	6.632537609301485
69.20408826360693	6.632537609301485
92.38648317389104	86.91640273236015
92.38648317389104	86.91640273236015
94.00055869419049	2.0654699834141144
94.00055869419049	2.0654699834141144
89.060776108146	45.25211527901167
89.060776108146	45.25211527901167
91.1714929735498	10.44704914958763
91.1714929735498	10.44704914958763
91.1714929735498	10.44704914958763
83.70417101124674	85.32883432839958
83.70417101124674	85.32883432839958
16.329427482286224	26.39243935940696
16.329427482286224	26.39243935940696
17.943503002585658	40.54150661046092
17.943503002585658	40.54150661046092
10.97282238538696	66.46915840879488
10.97282238538696	66.46915840879488
14.857248013944496	40.6850476531243
14.857248013944496	40.6850476531243
14.857248013944496	40.6850476531243
7.895435992194091	49.827804265207384
7.895435992194091	49.827804265207384
9.793305091623928	21.860224081018913
9.793305091623928	21.860224081018913
4.525384473992631	92.08799126789825
4.525384473992631	92.08799126789825
64.39231146881949	75.89242249115293
64.39231146881949	75.89242249115293
64.39231146881949	75.89242249115293
68.20578980900564	85.38747175027427
68.20578980900564	85.38747175027427
61.30605648017833	76.03596205860134
61.30605648017833	76.03596205860134
62.84918471210638	26.464192274877142
62.84918471210638	26.464192274877142
58.193194229977344	27.5341886600173
58.193194229977344	27.5341886600173
51.00966584680467	60.29932640358681
51.00966584680467	60.29932640358681
51.00966584680467	60.29932640358681
52.55279407873273	10.727556619862604
52.55279407873273	10.727556619862604
84.2490007885735	15.511998685648159
84.2490007885735	15.511998685648159
85.79212902050156	64.94022890192394
85.79212902050156	64.94022890192394
78.8923942164593	55.58871921025102
78.8923942164593	55.58871921025102
78.8923942164593	55.58871921025102
73.62447359882799	26.816486397130344
73.62447359882799	26.816486397130344
75.81500782326643	38.94736359144858
75.81500782326643	38.94736359144858
70.54708720563512	10.17513225354286
70.54708720563512	10.17513225354286
72.44495778027992	81.20755206935439
72.44495778027992	81.20755206935439
2.7998641430612943	62.204335107086315
2.7998641430612943	62.204335107086315
2.7998641430612943	62.204335107086315
96.60289228901634	97.15294227917371
96.60289228901634	97.15294227917371
98.71360767920517	62.34787614974968
98.71360767920517	62.34787614974968
91.24628719211707	38.22966132856163
91.24628719211707	38.22966132856163
95.67169419259052	77.5669397859438
95.67169419259052	77.5669397859438
95.67169419259052	77.5669397859438
88.13342641713105	88.72788792997758
88.13342641713105	88.72788792997758
90.03129551656087	60.76030774578911
90.03129551656087	60.76030774578911
22.65655198760036	1.8239127767964862
22.65655198760036	1.8239127767964862
15.189231500512255	76.70569795560844
15.189231500512255	76.70569795560844
15.189231500512255	76.70569795560844
17.299946890701097	41.90063330139936
17.299946890701097	41.90063330139936
12.102975036656135	76.84923752305686
12.102975036656135	76.84923752305686
14.222560497508237	25.25927768259692
14.222560497508237	25.25927768259692
9.025588643463276	60.207883379469365
9.025588643463276	60.207883379469365
91.07813971024956	22.928139984394445
91.07813971024956	22.928139984394445
91.07813971024956	22.928139984394445
92.97600880967939	93.96055980020597
92.97600880967939	93.96055980020597
87.70808819204811	65.18832698708529
87.70808819204811	65.18832698708529
89.88975234582328	94.10410084286934
89.88975234582328	94.10410084286934
82.35148309514884	6.2650475116881585
82.35148309514884	6.2650475116881585
82.35148309514884	6.2650475116881585
77.69549408823475	7.3350438968283145
77.69549408823475	7.3350438968283145
79.30957108374915	21.484112623097246
79.30957108374915	21.484112623097246
9.664477446530528	2.480894185614198
9.664477446530528	2.480894185614198
13.832696654218454	33.580137469916146
13.832696654218454	33.580137469916146
6.294427403544015	44.74108413873496
6.294427403544015	44.74108413873496
6.294427403544015	44.74108413873496
8.476091557319204	73.65685651930406
8.476091557319204	73.65685651930406
3.2081709396879057	44.88462370618338
3.2081709396879057	44.88462370618338
95.31730620630888	18.748218828259596
95.31730620630888	18.748218828259596
0.1307845464950359	28.243269562595902
0.1307845464950359	28.243269562595902
0.1307845464950359	28.243269562595902
29.55663967286276	72.96089111032094
29.55663967286276	72.96089111032094
31.09976642957586	23.389121326596744
31.09976642957586	23.389121326596744
26.18658962987625	16.22107958822675
26.18658962987625	16.22107958822675
19.21590753746259	42.148731386560705
19.21590753746259	42.148731386560705
20.829984532976987	56.29779863761467
20.829984532976987	56.29779863761467
20.829984532976987	56.29779863761467
16.173995526062903	57.36779502275483
16.173995526062903	57.36779502275483
17.717122282776	7.796025239030613
17.717122282776	7.796025239030613
47.14297888435867	52.51364826197062
47.14297888435867	52.51364826197062
41.87505826672737	23.741415448849942
41.87505826672737	23.741415448849942
43.77292884137217	94.77383526466147
43.77292884137217	94.77383526466147
36.80224527374356	21.70148706299542
36.80224527374356	21.70148706299542
36.80224527374356	21.70148706299542
40.68667237751605	94.91737630732486
40.68667237751605	94.91737630732486
33.724858880550684	5.060132919407935
33.724858880550684	5.060132919407935
18.551120185705678	75.80134342287151
18.551120185705678	75.80134342287151
20.661835575894518	40.99627729344748
20.661835575894518	40.99627729344748
20.661835575894518	40.99627729344748
13.19451361359146	16.878062472259423
13.19451361359146	16.878062472259423
17.57557911203841	41.139816860895884
17.57557911203841	41.139816860895884
10.3920522040807	73.9049546044654
10.3920522040807	73.9049546044654
11.935180436008755	24.333184820741202
11.935180436008755	24.333184820741202
7.279189953879704	25.403181205881356
7.279189953879704	25.403181205881356
7.279189953879704	25.403181205881356
36.13745792198663	55.35409762409128
36.13745792198663	55.35409762409128
38.24817331217548	20.549034445097156
38.24817331217548	20.549034445097156
33.05120145813052	55.497638666754646
33.05120145813052	55.497638666754646
35.161916848319365	20.692574012545567
35.161916848319365	20.692574012545567
27.978389940361655	53.45771175611508
27.978389940361655	53.45771175611508
27.978389940361655	53.45771175611508
22.710470797945312	24.6854789429944
22.710470797945312	24.6854789429944
24.901002071953837	36.81635613731264
24.901002071953837	36.81635613731264
55.958671384732526	62.11325751401986
55.958671384732526	62.11325751401986
58.140335538507706	91.02902989458894
58.140335538507706	91.02902989458894
58.140335538507706	91.02902989458894
50.602067763048225	3.1899765634077593
50.602067763048225	3.1899765634077593
45.9726815920491	52.90528591458038
45.9726815920491	52.90528591458038
47.51580982397716	3.3335161308561796
47.51580982397716	3.3335161308561796
40.332282916019444	36.098653874425686
40.332282916019444	36.098653874425686
40.332282916019444	36.098653874425686
44.7576899164929	75.43593380702282
44.7576899164929	75.43593380702282
73.54501207144341	41.666011715239605
73.54501207144341	41.666011715239605
75.72667475000362	70.58178557102366
75.72667475000362	70.58178557102366
70.45875413237233	41.809552757902985
70.45875413237233	41.809552757902985
63.55902227875997	32.45804306623006
63.55902227875997	32.45804306623006
63.55902227875997	32.45804306623006
67.37249914373118	41.95309380056636
67.37249914373118	41.95309380056636
60.18897223577347	74.71823154413588
60.18897223577347	74.71823154413588
62.3085562214106	23.128270228460966
62.3085562214106	23.128270228460966
47.13481605135063	93.86948073192454
47.13481605135063	93.86948073192454
47.13481605135063	93.86948073192454
40.16413395893698	20.79713253025849
40.16413395893698	20.79713253025849
41.778210954451374	34.946199781312465
41.778210954451374	34.946199781312465
37.07787749508086	20.940672097706912
37.07787749508086	20.940672097706912
38.691954490595265	35.08974082397583
38.691954490595265	35.08974082397583
38.691954490595265	35.08974082397583
31.721272398181608	61.01739262230978
31.721272398181608	61.01739262230978
63.107078267332156	59.27316915730531
63.107078267332156	59.27316915730531
64.72115526284655	73.42223640835927
64.72115526284655	73.42223640835927
57.75047169521793	0.34988820669321496
57.75047169521793	0.34988820669321496
61.634898798990434	73.56577745102264
61.634898798990434	73.56577745102264
61.634898798990434	73.56577745102264
54.66421670657678	0.4934292493565937
54.66421670657678	0.4934292493565937
49.46724485253182	35.442033471014085
49.46724485253182	35.442033471014085
51.577960242720664	0.6369688168050033
51.577960242720664	0.6369688168050033
80.72889038540629	70.68634261352163
80.72889038540629	70.68634261352163
80.72889038540629	70.68634261352163
84.54236872559244	80.18139482307288
84.54236872559244	80.18139482307288
77.64263539676513	70.82988513139996
77.64263539676513	70.82988513139996
79.18576362869318	21.25811387246079
79.18576362869318	21.25811387246079
74.55637893290901	70.97342469884838
74.55637893290901	70.97342469884838
67.01811115744954	82.1343713676672
67.01811115744954	82.1343713676672
67.01811115744954	82.1343713676672
69.19977383600975	12.050143748236286
69.19977383600975	12.050143748236286
1.585579705160296	10.305920283231806
1.585579705160296	10.305920283231806
3.128707937088362	59.73414902429265
3.128707937088362	59.73414902429265
95.22897313304608	50.382639332619725
95.22897313304608	50.382639332619725
95.22897313304608	50.382639332619725
89.96105546584471	21.610406519499044
89.96105546584471	21.610406519499044
92.14271814440492	50.52618037528309
92.14271814440492	50.52618037528309
86.87479752677363	21.75394903737738
86.87479752677363	21.75394903737738
89.05646168054882	50.66972141794647
89.05646168054882	50.66972141794647
71.54142558907432	97.62327289335641
71.54142558907432	97.62327289335641
71.54142558907432	97.62327289335641
66.63711590960804	73.67033596873557
66.63711590960804	73.67033596873557
68.7478312997969	38.86526983931154
68.7478312997969	38.86526983931154
61.28050933749383	14.74705501812348
61.28050933749383	14.74705501812348
65.66157483594077	39.0088108819749
65.66157483594077	39.0088108819749
65.66157483594077	39.0088108819749
58.194254348852674	14.8905945855719
58.194254348852674	14.8905945855719
60.30496973904151	79.08552993136281
60.30496973904151	79.08552993136281
91.40698055384672	20.45795390160078
91.40698055384672	20.45795390160078
84.22345364588901	53.22309016995533
84.22345364588901	53.22309016995533
84.22345364588901	53.22309016995533
86.33416903607785	18.418025515746248
86.33416903607785	18.418025515746248
81.13719865724785	53.366632687833665
81.13719865724785	53.366632687833665
83.2479140474367	18.561566558409623
83.2479140474367	18.561566558409623
78.05094219339173	53.51017225528207
78.05094219339173	53.51017225528207
8.405850031388068	34.506955293013995
8.405850031388068	34.506955293013995
8.405850031388068	34.506955293013995
10.019925551687503	48.65602401928292
10.019925551687503	48.65602401928292
5.3284621629802515	17.865601149426514
5.3284621629802515	17.865601149426514
7.226332737625037	88.898022440453
7.226332737625037	88.898022440453
98.68806201173564	1.0589691092718179
98.68806201173564	1.0589691092718179
98.68806201173564	1.0589691092718179
94.05867879116643	50.77427993565939
94.05867879116643	50.77427993565939
95.60180554787952	1.2025086767202273
95.60180554787952	1.2025086767202273
26.027662149462202	45.92013022444528
26.027662149462202	45.92013022444528
29.885481991674858	70.49070650274224
29.885481991674858	70.49070650274224
22.914801374476163	96.41835682586122
22.914801374476163	96.41835682586122
22.914801374476163	96.41835682586122
24.812670473906	68.45077664167276
24.812670473906	68.45077664167276
19.544749856274702	39.678545303767045
19.544749856274702	39.678545303767045
12.645016527447385	30.327035612094118
12.645016527447385	30.327035612094118
16.45849486763354	39.82208634643041
16.45849486763354	39.82208634643041
16.45849486763354	39.82208634643041
98.58199322279121	66.26317998613366
98.58199322279121	66.26317998613366
1.1251199795043147	16.69141020240945
1.1251199795043147	16.69141020240945
95.50460535438339	49.621825842546166
95.50460535438339	49.621825842546166
87.96633757892391	60.78277251136499
87.96633757892391	60.78277251136499
87.96633757892391	60.78277251136499
89.86420667835374	32.815192327176526
89.86420667835374	32.815192327176526
85.1638746941982	18.80966611878593
85.1638746941982	18.80966611878593
86.77795168971258	32.95873189462493
86.77795168971258	32.95873189462493
17.13285805249396	13.955516407571812
17.13285805249396	13.955516407571812
11.909281887319093	0.2588076631968399
11.909281887319093	0.2588076631968399
11.909281887319093	0.2588076631968399
14.090944565879312	29.174581518980887
14.090944565879312	29.174581518980887
8.823023948248014	0.40234870586020766
8.823023948248014	0.40234870586020766
10.720895998107757	71.4347699968867
10.720895998107757	71.4347699968867
3.750212430479145	97.36242179522064
3.750212430479145	97.36242179522064
3.750212430479145	97.36242179522064
34.87883050684418	87.38015873149106
34.87883050684418	87.38015873149106
36.989545897033025	52.57509407728199
36.989545897033025	52.57509407728199
29.522225409944923	28.456877780878983
29.522225409944923	28.456877780878983
33.91215802862521	35.933739933694504
33.91215802862521	35.933739933694504
26.444837541537105	11.8155236372915
26.444837541537105	11.8155236372915
26.444837541537105	11.8155236372915
28.555552931725945	76.01045898308242
28.555552931725945	76.01045898308242
23.642376132026335	68.84241724471242
23.642376132026335	68.84241724471242
52.42969533654693	35.07249515292922
52.42969533654693	35.07249515292922
54.611359490322116	63.98826900871328
54.611359490322116	63.98826900871328
54.611359490322116	63.98826900871328
49.387781849932274	50.29156026433831
49.387781849932274	50.29156026433831
51.49849724012112	15.486494134914267
51.49849724012112	15.486494134914267
46.30152538607616	50.43510130700167
46.30152538607616	50.43510130700167
39.330843293662504	76.36275310533561
39.330843293662504	76.36275310533561
41.2287138683073	48.39517439636211
41.2287138683073	48.39517439636211
41.2287138683073	48.39517439636211
25.984024934660983	55.4155449146176
25.984024934660983	55.4155449146176
28.165690563651133	84.3313172951867
28.165690563651133	84.3313172951867
20.636288433210026	78.70737025296961
20.636288433210026	78.70737025296961
16.00690521264081	29.42268107935719
16.00690521264081	29.42268107935719
16.00690521264081	29.42268107935719
17.550031969353906	78.85090982041802
17.550031969353906	78.85090982041802
10.65029864052659	69.4994001287451
10.65029864052659	69.4994001287451
14.463776980712755	78.9944508630814
14.463776980712755	78.9944508630814
43.60583852795008	66.82871984604888
43.60583852795008	66.82871984604888
45.716553918138914	32.02365371662484
45.716553918138914	32.02365371662484
45.716553918138914	32.02365371662484
40.49297627774908	18.32694644746483
40.49297627774908	18.32694644746483
33.59324294892176	8.975435280576956
33.59324294892176	8.975435280576956
37.40672128910793	18.470487490128207
37.40672128910793	18.470487490128207
30.50698796028061	9.118977798455283
30.50698796028061	9.118977798455283
30.50698796028061	9.118977798455283
32.050114716993704	58.54720653951611
32.050114716993704	58.54720653951611
63.46252637248914	6.448296040544111
63.46252637248914	6.448296040544111
56.49184575529044	32.37594931409301
56.49184575529044	32.37594931409301
58.11478987103817	29.740121378896124
58.11478987103817	29.740121378896124
53.41445641166766	15.734593695290572
53.41445641166766	15.734593695290572
53.41445641166766	15.734593695290572
55.028533407182046	29.88366242155949
55.028533407182046	29.88366242155949
48.05785278998335	55.81131421989343
48.05785278998335	55.81131421989343
79.18646939113343	45.829051156163864
79.18646939113343	45.829051156163864
81.29718478132227	11.023985026739823
81.29718478132227	11.023985026739823
81.29718478132227	11.023985026739823
74.11365787336456	43.7891242455243
74.11365787336456	43.7891242455243
77.92713473833577	53.28417497986059
77.92713473833577	53.28417497986059
71.00079562316358	94.28734937172528
71.00079562316358	94.28734937172528
65.80382376911862	30.2359565438127
65.80382376911862	30.2359565438127
67.91453915930745	94.43089188960361
67.91453915930745	94.43089188960361
67.91453915930745	94.43089188960361
50.47045183141931	7.105278924576781
50.47045183141931	7.105278924576781
54.85151585465129	31.36703626364316
54.85151585465129	31.36703626364316
47.66798894669358	64.13217253199771
47.66798894669358	64.13217253199771
49.219985774069926	96.77550756202264
49.219985774069926	96.77550756202264
49.219985774069926	96.77550756202264
44.59060255350072	47.490818388410226
44.59060255350072	47.490818388410226
37.052331827611326	58.65176505722905
37.052331827611326	58.65176505722905
39.2339959813865	87.56753743779814
39.2339959813865	87.56753743779814
70.2916652941652	13.864437339290395
70.2916652941652	13.864437339290395
70.2916652941652	13.864437339290395
72.47332797272543	42.78021119507444
72.47332797272543	42.78021119507444
67.20541030552404	14.007978381953764
67.20541030552404	14.007978381953764
60.021881922351376	46.77311612552328
60.021881922351376	46.77311612552328
62.176940289781676	27.043574064844947
62.176940289781676	27.043574064844947
56.909019672150386	97.27134272693922
56.909019672150386	97.27134272693922
56.909019672150386	97.27134272693922
59.09068382592557	27.187115107508316
59.09068382592557	27.187115107508316
87.87800450566111	92.4171930157251
87.87800450566111	92.4171930157251
83.24861980987694	43.1325038421127
83.24861980987694	43.1325038421127
84.79174804180501	92.56073405838849
84.79174804180501	92.56073405838849
77.61708825408063	9.540975140492181
77.61708825408063	9.540975140492181
77.61708825408063	9.540975140492181
81.99815375252757	33.802732479558564
81.99815375252757	33.802732479558564
74.53083326543947	9.684517658370506
74.53083326543947	9.684517658370506
76.64154865562831	73.87945152894648
76.64154865562831	73.87945152894648
8.770166731993347	63.89718846521689
8.770166731993347	63.89718846521689
8.770166731993347	63.89718846521689
1.7994846395796926	89.82484026355085
1.7994846395796926	89.82484026355085
5.683910268137227	64.04072950788027
5.683910268137227	64.04072950788027
97.71322817572357	89.96838278142917
97.71322817572357	89.96838278142917
0.5844929640234918	13.355488155993283
0.5844929640234918	13.355488155993283
0.5844929640234918	13.355488155993283
94.38752110997854	48.30409385286573
94.38752110997854	48.30409385286573
51.85892782166014	58.23657077153534
51.85892782166014	58.23657077153534
53.47300481717453	72.38563949780426
53.47300481717453	72.38563949780426
48.77267283301897	58.380111814198706
48.77267283301897	58.380111814198706
50.38674982853338	72.52918054046764
50.38674982853338	72.52918054046764
50.38674982853338	72.52918054046764
43.42493633156802	81.67193567733577
43.42493633156802	81.67193567733577
38.51175805665345	74.50389393896577
38.51175805665345	74.50389393896577
40.05488481336655	24.93212415524157
40.05488481336655	24.93212415524157
69.48074141494922	69.64974717818158
69.48074141494922	69.64974717818158
69.48074141494922	69.64974717818158
73.29421975513539	79.14479643730292
73.29421975513539	79.14479643730292
66.3944849510931	69.79328674562998
66.3944849510931	69.79328674562998
61.126565808676766	41.02105393250932
61.126565808676766	41.02105393250932
63.30822996245196	69.93682778829337
63.30822996245196	69.93682778829337
63.30822996245196	69.93682778829337
56.098095792934416	54.05665109061545
56.098095792934416	54.05665109061545
59.91157413312057	63.5517003497368
59.91157413312057	63.5517003497368
89.33742925948827	9.269323372676796
89.33742925948827	9.269323372676796
90.88055749141634	58.697553588952594
90.88055749141634	58.697553588952594
86.25117427084713	9.412862940125216
86.25117427084713	9.412862940125216
86.25117427084713	9.412862940125216
78.71290354495773	20.573809608944032
78.71290354495773	20.573809608944032
80.90343776939616	32.70468827847723
80.90343776939616	32.70468827847723
75.63551715176486	3.932455465356548
75.63551715176486	3.932455465356548
77.5333862511947	74.96487675638303
77.5333862511947	74.96487675638303
77.5333862511947	74.96487675638303
7.888294089191034	55.961661269329916
7.888294089191034	55.961661269329916
2.6913222351460737	90.91026549098741
2.6913222351460737	90.91026549098741
4.802037625334914	56.10520083677833
4.802037625334914	56.10520083677833
98.60506724650492	91.05380505843581
98.60506724650492	91.05380505843581
1.7157826366937627	56.24874040422675
1.7157826366937627	56.24874040422675
1.7157826366937627	56.24874040422675
93.22185488804583	82.48521114179127
93.22185488804583	82.48521114179127
78.33190977233122	12.109772734797453
78.33190977233122	12.109772734797453
80.44262516252005	76.30470955580333
80.44262516252005	76.30470955580333
72.97530467543194	52.18649473461529
72.97530467543194	52.18649473461529
72.97530467543194	52.18649473461529
77.35637017387889	76.44824912325176
77.35637017387889	76.44824912325176
69.88904821157583	52.330034302063694
69.88904821157583	52.330034302063694
71.99976360176468	17.524968172639657
71.99976360176468	17.524968172639657
66.81166034316801	35.68868015847621
66.81166034316801	35.68868015847621
66.81166034316801	35.68868015847621
96.16656818116435	16.685463196208133
96.16656818116435	16.685463196208133
98.06443875580914	87.71788448723461
98.06443875580914	87.71788448723461
92.79651813817785	58.94565167411394
92.79651813817785	58.94565167411394
94.97818229195302	87.86142405468303
94.97818229195302	87.86142405468303
89.71026167432173	59.089191241562354
89.71026167432173	59.089191241562354
89.71026167432173	59.089191241562354
82.8105283454944	49.73768154988942
82.8105283454944	49.73768154988942
84.39799955466393	15.241435834910924
84.39799955466393	15.241435834910924
17.02325602570341	55.30504086591831
17.02325602570341	55.30504086591831
18.921125125133237	27.337460681729837
18.921125125133237	27.337460681729837
18.921125125133237	27.337460681729837
11.382857349673754	38.49840882576361
11.382857349673754	38.49840882576361
6.75347265388958	88.21371817693623
6.75347265388958	88.21371817693623
8.296600885817645	38.64194839321203
8.296600885817645	38.64194839321203
1.3968675569903288	29.290438701539106
1.3968675569903288	29.290438701539106
5.219214492624776	22.000594249624548
5.219214492624776	22.000594249624548
5.219214492624776	22.000594249624548
34.64506814377753	66.71821579734959
34.64506814377753	66.71821579734959
29.377149001361204	37.94598298422892
29.377149001361204	37.94598298422892
31.275019576005988	9.97840280004044
31.275019576005988	9.97840280004044
24.304337483592334	35.906056073589355
24.304337483592334	35.906056073589355
28.18876311214988	10.12194384270382
28.18876311214988	10.12194384270382
28.18876311214988	10.12194384270382
21.262423996977684	51.12511970978347
21.262423996977684	51.12511970978347
22.80555222890574	1.5533484508443027
22.80555222890574	1.5533484508443027
8.199400692321506	87.061264083823
8.199400692321506	87.061264083823
0.6611299664321082	98.22221075264183
0.6611299664321082	98.22221075264183
0.6611299664321082	98.22221075264183
2.5590020162918625	70.25463204366832
2.5590020162918625	70.25463204366832
96.85866855692134	56.249104360062766
96.85866855692134	56.249104360062766
10.212561532579143	38.89004647837338
12.367618424794486	19.160505892909995
12.367618424794486	19.160505892909995
41.225887868116374	49.11142231111992
41.225887868116374	49.11142231111992
41.225887868116374	49.11142231111992
45.606953366563324	73.37317817497134
45.606953366563324	73.37317817497134
38.139631404260264	49.254963353783296
38.139631404260264	49.254963353783296
40.2503467944491	14.449897224359256
40.2503467944491	14.449897224359256
35.337169994749495	7.281856961204233
35.337169994749495	7.281856961204233
27.798899268860094	18.44280363002305
27.798899268860094	18.44280363002305
27.798899268860094	18.44280363002305
29.980564897850243	47.35857601059214
29.980564897850243	47.35857601059214
61.04710133086227	55.87058072583354
61.04710133086227	55.87058072583354
63.22876548463744	84.78635310640263
63.22876548463744	84.78635310640263
57.96084486700616	56.014120293281955
57.96084486700616	56.014120293281955
57.96084486700616	56.014120293281955
51.06111153817884	46.662610601609025
51.06111153817884	46.662610601609025
52.604239770106894	96.09083934266987
52.604239770106894	96.09083934266987
47.69106297040729	88.92279907951483
47.69106297040729	88.92279907951483
49.84611986262263	69.1932570188365
49.84611986262263	69.1932570188365
49.84611986262263	69.1932570188365
32.331083771148144	17.146807019031492
32.331083771148144	17.146807019031492
27.701699075363965	66.86211932063402
27.701699075363965	66.86211932063402
29.24482730729202	17.29034953690983
29.24482730729202	17.29034953690983
22.345093978464703	7.938838370021945
22.345093978464703	7.938838370021945
26.15857084343591	17.43388910435824
26.15857084343591	17.43388910435824
26.15857084343591	17.43388910435824
18.975043935478205	50.199026847927755
18.975043935478205	50.199026847927755
21.085759325667045	15.393962193718671
21.085759325667045	15.393962193718671
52.223245997480376	87.62680394373824
52.223245997480376	87.62680394373824
45.25256390506672	14.554457217287139
45.25256390506672	14.554457217287139
45.25256390506672	14.554457217287139
49.13698953362425	87.77034498640161
49.13698953362425	87.77034498640161
42.1663074412106	14.69799678473556
42.1663074412106	14.69799678473556
43.780384436724994	28.84706551100448
43.780384436724994	28.84706551100448
39.08005097735449	14.841537827398927
39.08005097735449	14.841537827398927
68.19550821346189	53.03049236911899
68.19550821346189	53.03049236911899
68.19550821346189	53.03049236911899
69.80958520897629	67.17956109538791
69.80958520897629	67.17956109538791
65.10925174960578	53.17403193656741
65.10925174960578	53.17403193656741
66.72332874512017	67.32310066283632
66.72332874512017	67.32310066283632
59.752645177491566	93.25075246117026
59.752645177491566	93.25075246117026
59.752645177491566	93.25075246117026
54.55567479866156	29.19935815804273
54.55567479866156	29.19935815804273
56.6663901888504	93.39429350383365
56.6663901888504	93.39429350383365
85.80845321130268	81.22856248680114
85.80845321130268	81.22856248680114
89.63079867172218	73.93871803488658
89.63079867172218	73.93871803488658
89.63079867172218	73.93871803488658
82.73106534289487	64.58720834321365
82.73106534289487	64.58720834321365
77.46314472526356	35.814975530092966
77.46314472526356	35.814975530092966
79.64480887903875	64.73074791066207
79.64480887903875	64.73074791066207
72.1065396283643	75.89169457948088
72.1065396283643	75.89169457948088
76.55855241518263	64.87429042854039
76.55855241518263	64.87429042854039
59.04351632370813	12.827840428735385
59.04351632370813	12.827840428735385
59.04351632370813	12.827840428735385
60.9147796367931	35.21494727851444
60.9147796367931	35.21494727851444
56.28539641622388	84.93025810490202
56.28539641622388	84.93025810490202
48.747125690334485	96.09120477372085
48.747125690334485	96.09120477372085
50.92879131932462	26.006977154289935
50.92879131932462	26.006977154289935
50.92879131932462	26.006977154289935
45.66087070169332	96.23474434116926
45.66087070169332	96.23474434116926
47.84253485546851	26.150518196953314
47.84253485546851	26.150518196953314
78.90020269303224	51.4474166232306
78.90020269303224	51.4474166232306
71.72554438052282	67.42765918054927
71.72554438052282	67.42765918054927
71.72554438052282	67.42765918054927
73.83625977071166	32.62259452634018
73.83625977071166	32.62259452634018
68.63928939188168	67.57120022321263
68.63928939188168	67.57120022321263
70.75000478207052	32.766134093788594
70.75000478207052	32.766134093788594
63.28268281976745	8.647919272600548
63.28268281976745	8.647919272600548
94.9079407660219	48.711522828392965
94.9079407660219	48.711522828392965
94.9079407660219	48.711522828392965
96.52201628632133	62.860591554661895
96.52201628632133	62.860591554661895
89.31188359201875	46.98041485698398
89.31188359201875	46.98041485698398
93.69294909046569	71.2421707208354
93.69294909046569	71.2421707208354
86.22562712816263	47.123955899647356
86.22562712816263	47.123955899647356
86.22562712816263	47.123955899647356
88.33634251835147	12.318891245438273
88.33634251835147	12.318891245438273
83.13937213952147	47.26749546709576
83.13937213952147	47.26749546709576
13.49427850230285	28.264279980042645
13.49427850230285	28.264279980042645
17.378704130860395	2.480169224372067
17.378704130860395	2.480169224372067
17.378704130860395	2.480169224372067
10.416892109109991	11.62292583645516
10.416892109109991	11.62292583645516
12.314761208539819	82.65534565226667
12.314761208539819	82.65534565226667
7.046842066123478	53.88311431436097
7.046842066123478	53.88311431436097
0.14710726208120384	44.531603147473085
0.14710726208120384	44.531603147473085
1.6902354940092583	93.95983336374887
1.6902354940092583	93.95983336374887
1.6902354940092583	93.95983336374887
86.08408395742504	80.46774899672758
86.08408395742504	80.46774899672758
87.62721218935309	30.895977737788417
87.62721218935309	30.895977737788417
80.7008730741809	71.89915360486806
80.7008730741809	71.89915360486806
75.78769479926635	64.73111186649808
75.78769479926635	64.73111186649808
77.3308230311944	15.159342082773877
77.3308230311944	15.159342082773877
77.3308230311944	15.159342082773877
70.43108970236707	5.807832391100962
70.43108970236707	5.807832391100962
74.24456804255324	15.302881650222297
74.24456804255324	15.302881650222297
4.6704216937059995	60.02050319794735
4.6704216937059995	60.02050319794735
98.40250255128966	31.248271860041626
98.40250255128966	31.248271860041626
98.40250255128966	31.248271860041626
1.59303530051313	43.37914905435986
1.59303530051313	43.37914905435986
93.05476604983869	54.54009572317868
93.05476604983869	54.54009572317868
97.22298525752663	85.63933753226567
97.22298525752663	85.63933753226567
90.25230316511298	12.566989330599618
90.25230316511298	12.566989330599618
91.86638016062737	26.716058056868537
91.86638016062737	26.716058056868537
91.86638016062737	26.716058056868537
24.491636631666843	66.77966308787592
24.491636631666843	66.77966308787592
17.02431614457874	42.66144679147291
17.02431614457874	42.66144679147291
19.179373036794093	22.931906206009536
19.179373036794093	22.931906206009536
13.911453894377754	93.15967339288885
13.911453894377754	93.15967339288885
13.911453894377754	93.15967339288885
15.809324469022538	65.19209320870038
15.809324469022538	65.19209320870038
8.838642376608885	91.11974648224928
8.838642376608885	91.11974648224928
39.967260452973925	81.13748341851972
39.967260452973925	81.13748341851972
42.07797584316276	46.33241728909567
42.07797584316276	46.33241728909567
36.88100251390284	81.2810244611831
36.88100251390284	81.2810244611831
36.88100251390284	81.2810244611831
39.000587974754936	29.691063145508192
39.000587974754936	29.691063145508192
31.533266012451875	5.572848324320148
31.533266012451875	5.572848324320148
26.83293550351129	90.5673206407146
26.83293550351129	90.5673206407146
28.730804602941117	62.59974193174107
28.730804602941117	62.59974193174107
28.730804602941117	62.59974193174107
11.215768511466619	10.553291931936064
11.215768511466619	10.553291931936064
15.66778129828495	98.53588630578062
15.66778129828495	98.53588630578062
8.129510572395551	10.696832974599443
8.129510572395551	10.696832974599443
10.284568939825853	89.96729238913606
10.284568939825853	89.96729238913606
10.284568939825853	89.96729238913606
5.0875985609958505	25.91589661079356
5.0875985609958505	25.91589661079356
97.11691499336723	51.843549884342465
97.11691499336723	51.843549884342465
0.014787043226992536	23.875969700153995
0.014787043226992536	23.875969700153995
31.072454880790723	49.17286960164625
31.072454880790723	49.17286960164625
33.2541190345659	78.0886434574303
33.2541190345659	78.0886434574303
33.2541190345659	78.0886434574303
27.986198416934617	49.31641064430962
27.986198416934617	49.31641064430962
21.09533368355559	23.18000429117088
21.09533368355559	23.18000429117088
22.638461915483646	72.60823450744667
22.638461915483646	72.60823450744667
18.00907869491443	23.323543858619292
18.00907869491443	23.323543858619292
18.00907869491443	23.323543858619292
19.552206926842494	72.75177555011005
19.552206926842494	72.75177555011005
48.69426847407981	60.586043057862575
48.69426847407981	60.586043057862575
43.99393648992426	46.58051684947198
43.99393648992426	46.58051684947198
45.608012010223696	60.72958410052594
45.608012010223696	60.72958410052594
38.6816728950515	2.7327599676056042
38.6816728950515	2.7327599676056042
38.6816728950515	2.7327599676056042
42.495151235237664	12.227810701941898
42.495151235237664	12.227810701941898
35.595416431195396	2.8763010102689717
35.595416431195396	2.8763010102689717
66.65308574397409	28.17319943654627
66.65308574397409	28.17319943654627
68.55095631861887	0.20562072757275818
68.55095631861887	0.20562072757275818
68.55095631861887	0.20562072757275818
61.580274226205226	26.133272525906705
61.580274226205226	26.133272525906705
65.46469985476276	0.34916177023612593
65.46469985476276	0.34916177023612593
58.502886357797394	9.491918382319218
58.502886357797394	9.491918382319218
60.11696335331179	23.64098563337318
60.11696335331179	23.64098563337318
55.416629893941284	9.635459424982587
55.416629893941284	9.635459424982587
55.416629893941284	9.635459424982587
37.97254256605313	21.309847935170705
37.97254256605313	21.309847935170705
40.083257956241965	85.50478328096162
40.083257956241965	85.50478328096162
35.17007968132741	78.33674154259164
35.17007968132741	78.33674154259164
36.71320791325547	28.764970283652474
36.71320791325547	28.764970283652474
36.71320791325547	28.764970283652474
29.786868798083272	69.76814615073212
29.786868798083272	69.76814615073212