43.32274217015932	0.3551092021406427
37.9661355980451	40.43182825152856
37.9661355980451	40.43182825152856
32.7691652192151	75.380433948401
32.7691652192151	75.380433948401
34.879880609403955	40.57536929419193
34.879880609403955	40.57536929419193
19.706140439343976	12.316579797655507
19.706140439343976	12.316579797655507
21.816855829532816	76.51151366823147
21.816855829532816	76.51151366823147
74.70003084986675	77.1812480900236
67.80916611648772	51.04484321209982
71.62264445667388	60.539893946436116
71.62264445667388	60.539893946436116
64.43911607350121	93.30503021479068
64.43911607350121	93.30503021479068
64.43911607350121	93.30503021479068
66.54983146369005	58.49996703579655
66.54983146369005	58.49996703579655
61.352859609645094	93.44857273266899
31.02276505441658	40.575731774812986
32.63684204993097	54.724800501081916
32.63684204993097	54.724800501081916
64.26209852097045	94.78840553208929
64.26209852097045	94.78840553208929
65.87617551648485	9.93747425835822
65.87617551648485	9.93747425835822
58.91436201951949	19.080229395226343
58.91436201951949	19.080229395226343
53.717391640689485	54.0288350920988
55.82810703087833	19.223770437889723
55.82810703087833	19.223770437889723
48.64457864770566	51.98890818145924
48.64457864770566	51.98890818145924
48.64457864770566	51.98890818145924
52.458055512676864	61.483957440580575
81.88391211425954	7.201580463520584
81.88391211425954	7.201580463520584
76.61599149662824	77.4293476503999
76.61599149662824	77.4293476503999
2.7405999587986023	45.8211566580158
88.03868785107518	40.484288750695555
70.87839262710246	10.042031300856188
70.87839262710246	10.042031300856188
72.9891080172913	74.23696517143215
72.9891080172913	74.23696517143215
67.79213616324635	10.185572343519567
67.79213616324635	10.185572343519567
69.94719453067665	89.4560317580562
69.94719453067665	89.4560317580562
62.40892528000221	1.61697695166005
62.40892528000221	1.61697695166005
57.77954058421803	51.33228925326259
57.77954058421803	51.33228925326259
59.32266881614609	1.760517994323418
59.32266881614609	1.760517994323418
88.46473036338342	88.59478697729091
88.46473036338342	88.59478697729091
92.84579438661541	13.856542841142334
92.84579438661541	13.856542841142334
92.84579438661541	13.856542841142334
85.37847537474227	88.73832801995428
85.37847537474227	88.73832801995428
87.48919076493111	53.93326189053024
82.30108603111948	72.09697387636679
82.30108603111948	72.09697387636679
75.33040541392079	98.02462567470074
75.33040541392079	98.02462567470074
79.21483104247832	72.24051344381522
79.21483104247832	72.24051344381522
79.21483104247832	72.24051344381522
9.569737405259708	53.237296481547126
9.569737405259708	53.237296481547126
11.467607979904495	25.269717772573614
11.467607979904495	25.269717772573614
6.1996888374881545	95.49748495945293
6.1996888374881545	95.49748495945293
98.27334972231596	37.50066082653259
98.27334972231596	37.50066082653259
98.27334972231596	37.50066082653259
16.8862932449418	65.69873094421473
16.8862932449418	65.69873094421473
20.708640180576246	58.408887967515135
20.708640180576246	58.408887967515135
13.808906851748931	49.057376800627246
13.808906851748931	49.057376800627246
97.56421791810263	56.0777487940977
97.56421791810263	56.0777487940977
97.56421791810263	56.0777487940977
0.7458820718778056	84.99352264988175
0.7458820718778056	84.99352264988175
92.20761282120337	96.15446931870056
92.20761282120337	96.15446931870056
96.37583202889131	28.2537096525726
96.37583202889131	28.2537096525726
89.44949291371911	69.25688551965224
89.44949291371911	69.25688551965224
90.99262114564716	19.68511573592804
90.99262114564716	19.68511573592804
86.363236449863	69.40042656231563
86.363236449863	69.40042656231563
16.15055712959854	35.630504470532415
13.06430066574243	35.77404403798083
13.06430066574243	35.77404403798083
14.962171240387214	7.806465329007321
14.962171240387214	7.806465329007321
7.99148914797356	33.734117127341264
7.99148914797356	33.734117127341264
2.8033858893768926	51.89782911317782
2.8033858893768926	51.89782911317782
4.9141012795657435	17.092762983753783
4.9141012795657435	17.092762983753783
36.04271935593077	7.110499920024209
38.15343474611961	71.30543526581512
38.15343474611961	71.30543526581512
38.15343474611961	71.30543526581512
30.68611425903151	47.18722044462707
30.68611425903151	47.18722044462707
25.985780799661008	33.18169276102152
25.985780799661008	33.18169276102152
27.857045587960915	55.56879961080059
27.857045587960915	55.56879961080059
20.389725100872813	31.450583314397576
20.389725100872813	31.450583314397576
24.770789124104805	55.712339178248996
24.770789124104805	55.712339178248996
53.629058567426696	85.66325707167388
53.629058567426696	85.66325707167388
55.73977395761553	50.85819094224984
55.73977395761553	50.85819094224984
55.73977395761553	50.85819094224984
50.54280210357057	85.8067966391223
50.54280210357057	85.8067966391223
43.57212148637188	12.734448437456244
43.57212148637188	12.734448437456244
45.4699905858017	83.76686972848273
45.4699905858017	83.76686972848273
40.21094003883367	38.20974172911119
40.21094003883367	38.20974172911119
42.392602717393885	67.12551558489524
42.392602717393885	67.12551558489524
42.392602717393885	67.12551558489524
1.5667723790728072	22.35810789211022
1.5667723790728072	22.35810789211022
93.66703757503053	13.006598200437294
93.66703757503053	13.006598200437294
95.21016580695859	62.43482694149814
95.21016580695859	62.43482694149814
90.58078258638938	13.150137767885713
90.58078258638938	13.150137767885713
92.12391081831744	62.5783679841615
92.12391081831744	62.5783679841615
84.91377812401485	46.6981912864836
84.91377812401485	46.6981912864836
17.609981883425718	51.482633352269154
17.609981883425718	51.482633352269154
19.15311011535377	1.9108650437599002
19.15311011535377	1.9108650437599002
19.15311011535377	1.9108650437599002
12.253378261741412	91.55935387687201
28.98833526063119	98.46205185903405
21.521014773543087	74.34383556263104
21.521014773543087	74.34383556263104
23.392279561842994	96.7309424124101
23.392279561842994	96.7309424124101
55.017534557667524	37.79454744341748
56.63161155318191	51.94361616968641
56.63161155318191	51.94361616968641
49.66093093598322	77.87126649280539
49.66093093598322	77.87126649280539
49.66093093598322	77.87126649280539
44.463959081938256	13.819873664892803
44.463959081938256	13.819873664892803
46.57467447212711	78.01480901068372
46.57467447212711	78.01480901068372
41.37770114286719	13.963413232341225
41.37770114286719	13.963413232341225
43.49728660371928	61.37345339188128
43.49728660371928	61.37345339188128
26.336991379746564	30.931195942041914
26.336991379746564	30.931195942041914
21.069070762115267	2.158963128921246
21.069070762115267	2.158963128921246
23.250734915890447	31.074735509490335
23.250734915890447	31.074735509490335
15.712467140430965	42.235682178309155
15.712467140430965	42.235682178309155
20.164479927249296	31.218276552153704
20.164479927249296	31.218276552153704
12.626209201359897	42.379221745757576
12.626209201359897	42.379221745757576
14.781267568790199	22.649681160294197
14.781267568790199	22.649681160294197
46.19367922428562	69.55077066132219
38.655411448826136	80.71171880535596
38.655411448826136	80.71171880535596
40.837074127386366	10.627492661140005
40.837074127386366	10.627492661140005
35.56915350975507	80.85525984801934
35.56915350975507	80.85525984801934
37.75081766353025	10.771032228588426
32.4917671165622	64.2139042292169
32.4917671165622	64.2139042292169
61.91762224292992	9.931527252156894
61.91762224292992	9.931527252156894
63.46075047485798	59.35975599321774
63.46075047485798	59.35975599321774
58.54757219994341	52.19171425484775
58.54757219994341	52.19171425484775
60.65828759013226	17.386649600638673
60.65828759013226	17.386649600638673
53.19096710304415	92.26843477945062
53.19096710304415	92.26843477945062
48.490635118888605	78.26290709584507
48.490635118888605	78.26290709584507
50.10471063918804	92.41197582211399
50.10471063918804	92.41197582211399
79.50396145442583	88.48428145337665
79.50396145442583	88.48428145337665
83.31743831939704	97.97933366292791
83.31743831939704	97.97933366292791
76.13391141143933	31.744469931282467
76.13391141143933	31.744469931282467
78.24462680162817	95.93940527707339
78.24462680162817	95.93940527707339
53.02281667074673	76.96691343528343
53.02281667074673	76.96691343528343
54.636893666261116	91.11597921112244
54.636893666261116	91.11597921112244
49.93656168210558	77.11045300273183
49.93656168210558	77.11045300273183
42.753034774147864	10.875590746301352
42.753034774147864	10.875590746301352
44.29616300607592	60.3038194873622
44.29616300607592	60.3038194873622
39.66677831029175	11.019130313749773
39.66677831029175	11.019130313749773
41.20990654221981	60.44736200524052
70.6091573574576	56.51966763650319
70.6091573574576	56.51966763650319
65.41218550341264	91.46827480859059
65.41218550341264	91.46827480859059
67.52290089360149	56.66320867916656
67.52290089360149	56.66320867916656
60.33937251042882	89.42834642273607
60.33937251042882	89.42834642273607
64.15285085061498	98.92339715707237
64.15285085061498	98.92339715707237
64.15285085061498	98.92339715707237
57.253117521787665	89.57188746539944
57.253117521787665	89.57188746539944
88.31965543001465	98.08389070542589
88.31965543001465	98.08389070542589
90.50131810857488	27.999664561209936
90.50131810857488	27.999664561209936
82.96304885790045	39.16061123002875
82.96304885790045	39.16061123002875
87.41506311993372	28.143204128658347
87.41506311993372	28.143204128658347
87.41506311993372	28.143204128658347
79.87679386925927	39.30415079747717
79.87679386925927	39.30415079747717
81.7746629686891	11.336572088503651
81.7746629686891	11.336572088503651
77.07433098453356	96.3310444048981
77.07433098453356	96.3310444048981
6.932598952640489	27.281960823108022
6.932598952640489	27.281960823108022
9.08765732007079	7.552420237644648
9.08765732007079	7.552420237644648
3.8197381776544503	77.78018742452397
3.8197381776544503	77.78018742452397
6.001400856214681	7.695961280308027
6.001400856214681	7.695961280308027
6.001400856214681	7.695961280308027
0.7334817137983413	77.92372846718735
0.7334817137983413	77.92372846718735
92.54995333062567	11.688866210756862
92.54995333062567	11.688866210756862
94.66066872081451	75.88380155654778
94.66066872081451	75.88380155654778
79.4869300259695	47.62501058479641
79.4869300259695	47.62501058479641
81.60651401160663	95.03505074433646
81.60651401160663	95.03505074433646
74.13919352451853	70.91683444793345
69.43886154036298	56.91130823954286
69.43886154036298	56.91130823954286
71.05293706066243	71.06037549059683
71.05293706066243	71.06037549059683
64.08225644346373	96.98802728893077
64.08225644346373	96.98802728893077
68.25047565115166	29.087269098017764
68.25047565115166	29.087269098017764
97.03779485567225	94.31734700623456
97.03779485567225	94.31734700623456
0.19285322310256026	74.58780642077119
0.19285322310256026	74.58780642077119
90.90962490520148	10.679951685092052
83.93894428800279	36.607604958640955
83.93894428800279	36.607604958640955
85.83681338743263	8.640024774452485
85.83681338743263	8.640024774452485
17.89448417542627	33.93692467594474
17.89448417542627	33.93692467594474
11.003617966832287	7.800518322805994
11.003617966832287	7.800518322805994
12.546746198760342	57.22874853908179
33.618425718855605	73.31767979156449
35.5162962935004	45.35009960737602
35.5162962935004	45.35009960737602
28.58995717832821	86.35327547445567
28.58995717832821	86.35327547445567
32.403434043299406	95.84832473357702
32.403434043299406	95.84832473357702
25.50370071447209	86.49681651711904
25.50370071447209	86.49681651711904
20.23578157205576	57.72458370399838
20.23578157205576	57.72458370399838
22.41744425061598	86.64035608456746
13.522640153647739	54.675742267693984
13.522640153647739	54.675742267693984
42.38090812175468	84.6266586859039
42.38090812175468	84.6266586859039
37.680576137599125	70.62113100229836
36.50105884383609	26.01219814973736
36.50105884383609	26.01219814973736
28.962789593161652	37.17314481855618
28.962789593161652	37.17314481855618
31.14445227172187	66.08891719912528
31.14445227172187	66.08891719912528
62.20212158450056	91.38581710061753
62.20212158450056	91.38581710061753
55.30238825567324	82.03430740894461
55.30238825567324	82.03430740894461
57.17365304397316	5.421412783508707
57.17365304397316	5.421412783508707
51.90573390155682	75.64917997038803
51.90573390155682	75.64917997038803
54.087396580117044	5.5649538261720854
54.087396580117044	5.5649538261720854
48.819477437700705	75.7927210130514
48.819477437700705	75.7927210130514
31.942975792858384	3.2338146527546527
31.942975792858384	3.2338146527546527
33.486104024786435	52.662044869030446
33.486104024786435	52.662044869030446
28.856720804217222	3.3773556954180206
28.856720804217222	3.3773556954180206
28.856720804217222	3.3773556954180206
30.40871615637862	36.02069072544296
30.40871615637862	36.02069072544296
23.22518924842091	68.78582846901247
23.22518924842091	68.78582846901247
18.5248557890504	54.78030078540692
18.5248557890504	54.78030078540692
20.13893278456479	68.92936803646089
20.13893278456479	68.92936803646089
49.49384062256112	49.92615254940777
49.49384062256112	49.92615254940777
53.37826625111867	24.142040318522227
53.37826625111867	24.142040318522227
53.37826625111867	24.142040318522227
46.40758415870501	50.06969359207113
46.40758415870501	50.06969359207113
41.18400799353014	36.37298484769617
41.18400799353014	36.37298484769617
43.081877092959964	8.405404663507689
43.081877092959964	8.405404663507689
36.11119500054631	34.333056461841636
36.11119500054631	34.333056461841636
39.99562210431881	8.548945706171068
69.35052846710019	88.54572874390298
69.35052846710019	88.54572874390298
70.96460546261459	3.6947974701719097
70.96460546261459	3.6947974701719097
66.26427200324407	88.6892683113514
66.26427200324407	88.6892683113514
58.80582011160427	47.78615977912745
58.80582011160427	47.78615977912745
60.916535501793106	12.981093649703412
60.916535501793106	12.981093649703412
56.00335722687854	5.81305338654839
56.00335722687854	5.81305338654839
57.54648545880661	55.241282127609225
57.54648545880661	55.241282127609225
57.54648545880661	55.241282127609225
86.97234206038928	0.9589036753342729
86.97234206038928	0.9589036753342729
81.70442144275798	71.18667086221359
83.88608559653316	1.1024447179976407
83.88608559653316	1.1024447179976407
78.66250943135829	86.40573597362267
78.66250943135829	86.40573597362267
80.77322482154713	51.600671319413586
80.77322482154713	51.600671319413586
73.58969643837446	84.36580758776815
73.58969643837446	84.36580758776815
58.34500897994311	91.3861795812386
52.98840388304386	32.462900105841456
57.440416669862174	21.445494479686023
57.440416669862174	21.445494479686023
57.440416669862174	21.445494479686023
49.911016014636026	15.821545962253975
49.911016014636026	15.821545962253975
52.092678693196255	44.737318342823066
52.092678693196255	44.737318342823066
46.824759550779916	15.965085529702396
46.824759550779916	15.965085529702396
75.96682257323219	3.799354512669877
75.96682257323219	3.799354512669877
78.07753796342104	67.99428985846079
78.07753796342104	67.99428985846079
78.07753796342104	67.99428985846079
72.88056610937609	3.942895555333256
72.88056610937609	3.942895555333256
74.99128149956493	68.13783090112418
74.99128149956493	68.13783090112418
69.76770385917509	54.4411221567492
69.76770385917509	54.4411221567492
62.867970530347776	45.08961246507628
62.867970530347776	45.08961246507628
62.867970530347776	45.08961246507628
64.41109876227583	94.5178412061371
64.41109876227583	94.5178412061371
95.82351041777126	42.41893218238006
95.82351041777126	42.41893218238006
97.9342258079601	7.613867528170981
97.9342258079601	7.613867528170981
90.46690384565704	82.49565123176797
90.46690384565704	82.49565123176797
85.76657186150149	68.49012354816242
85.76657186150149	68.49012354816242
85.76657186150149	68.49012354816242
87.38951597724922	65.85429708818049
87.38951597724922	65.85429708818049
80.41883536005052	91.78194888651443
80.41883536005052	91.78194888651443
84.3032595133931	65.9978366556289
84.3032595133931	65.9978366556289
14.658167351389437	46.994621168575776
14.658167351389437	46.994621168575776
14.658167351389437	46.994621168575776
16.55603940124919	19.027040984387305
16.55603940124919	19.027040984387305
11.288118783617893	89.25480964648158
11.288118783617893	89.25480964648158
4.388383979575619	79.90329847959372
4.388383979575619	79.90329847959372
8.246203821788276	5.473874757890669
8.246203821788276	5.473874757890669
1.2755232045895806	31.401525081009655
1.2755232045895806	31.401525081009655
1.2755232045895806	31.401525081009655
2.8895987248890256	45.550593807278574
2.8895987248890256	45.550593807278574
87.21249989993342	67.3376694550492
87.21249989993342	67.3376694550492
80.0289729919757	1.1028086738336698
80.0289729919757	1.1028086738336698
81.57209974868881	50.5310374148945
81.57209974868881	50.5310374148945
76.94271505290463	1.2463482412820794
76.94271505290463	1.2463482412820794
76.94271505290463	1.2463482412820794
78.49471188028099	33.889683271307014
78.49471188028099	33.889683271307014
71.59497855145366	24.53817357963409
71.59497855145366	24.53817357963409
3.6526478642323674	49.835072005911385
3.6526478642323674	49.835072005911385
5.834312018007545	78.75084586169544
2.4642619750210324	22.011034339601245
2.4642619750210324	22.011034339601245
94.49357988260738	47.938684662720235
94.49357988260738	47.938684662720235
89.27000371743252	34.24197591834526
89.27000371743252	34.24197591834526
91.45166639599273	63.15774977412931
91.45166639599273	63.15774977412931
21.23898560051332	29.387829157561058
21.23898560051332	29.387829157561058
25.690999862546608	18.37042205619065
25.690999862546608	18.37042205619065
25.690999862546608	18.37042205619065
18.15273061187217	29.53136872500948
18.15273061187217	29.53136872500948
20.050599711301995	1.5637885408210104
20.050599711301995	1.5637885408210104
15.3502692023614	86.55826233243042
15.3502692023614	86.55826233243042
7.89181731072159	45.65515232499151
7.89181731072159	45.65515232499151
10.002532700910441	10.850087670782429
10.002532700910441	10.850087670782429
41.131149302060514	0.867824607052856
41.131149302060514	0.867824607052856
41.131149302060514	0.867824607052856
43.24186469224935	65.06275847762882
43.24186469224935	65.06275847762882
38.044892838204404	1.0113656497162238
38.044892838204404	1.0113656497162238
31.074210745790747	26.93901597283521
31.074210745790747	26.93901597283521
32.972081320435535	97.9714372638617
32.972081320435535	97.9714372638617
32.972081320435535	97.9714372638617
27.748503680045694	84.27472851948673
27.748503680045694	84.27472851948673
29.859219070234534	49.46966239006269
29.859219070234534	49.46966239006269
85.83398738724169	9.356274164425251
85.83398738724169	9.356274164425251
81.13365540308615	94.3507464808197
81.13365540308615	94.3507464808197
82.74773092338559	9.499813731873672
82.74773092338559	9.499813731873672
82.74773092338559	9.499813731873672
75.7770503061869	35.42746700542258
75.7770503061869	35.42746700542258
79.94526803865986	66.5267073392946
79.94526803865986	66.5267073392946
72.40700026320037	77.68765400811343
72.40700026320037	77.68765400811343
74.5975315372089	89.81853267764662
74.5975315372089	89.81853267764662
74.5975315372089	89.81853267764662
6.6552008499875885	16.115432579138865
6.6552008499875885	16.115432579138865
98.75546752116027	6.7639214122509825
98.75546752116027	6.7639214122509825
3.568945861346438	16.258972146587286
3.568945861346438	16.258972146587286
95.66921105730417	6.907460979699403
95.66921105730417	6.907460979699403
95.66921105730417	6.907460979699403
97.21233928923222	56.33569267119015
97.21233928923222	56.33569267119015
92.27255670318773	0.522336491572748
92.27255670318773	0.522336491572748
22.698411829555447	45.2399580392978
22.698411829555447	45.2399580392978
24.241540061483512	94.66818825557358
24.241540061483512	94.66818825557358
19.612155365699337	45.38349908196117
14.255550268800073	85.46021813134908
14.255550268800073	85.46021813134908
8.987631126383734	56.68798531822841
8.987631126383734	56.68798531822841
10.894370296476822	11.935509947789072
10.894370296476822	11.935509947789072
40.2492766592582	91.93229446073595
40.2492766592582	91.93229446073595
44.13370228781573	66.14818370506538
44.13370228781573	66.14818370506538
44.13370228781573	66.14818370506538
37.163021670617034	92.07583550339932
37.163021670617034	92.07583550339932
31.96604834135713	28.02444120027178
31.96604834135713	28.02444120027178
34.07676373154597	92.2193765460627
34.07676373154597	92.2193765460627
26.609444719672826	68.10116172487464
26.609444719672826	68.10116172487464
26.609444719672826	68.10116172487464
30.751056665800927	50.555087617499254
30.751056665800927	50.555087617499254
13.803607732587215	13.275344222424323
13.803607732587215	13.275344222424323
15.417684728101607	27.424411473478283
15.417684728101607	27.424411473478283
10.717351268731095	13.4188852650877
10.717351268731095	13.4188852650877
3.2500307816429927	88.30066896868469
3.2500307816429927	88.30066896868469
3.2500307816429927	88.30066896868469
5.360746171831844	53.49560431447561
5.360746171831844	53.49560431447561
0.16377431778688378	88.44421001134806
0.16377431778688378	88.44421001134806
2.283359778638974	36.85425017088812
2.283359778638974	36.85425017088812
31.425421325876293	24.688519153855605
31.425421325876293	24.688519153855605
31.425421325876293	24.688519153855605
26.157500708245006	94.9162878159499
26.157500708245006	94.9162878159499
28.339164862020187	24.832060196518984
28.339164862020187	24.832060196518984
23.071244244388886	95.0598273833983
23.071244244388886	95.0598273833983
25.252908398164077	24.97560123918235
25.252908398164077	24.97560123918235
17.714639147489624	36.13654790800118
17.714639147489624	36.13654790800118
17.714639147489624	36.13654790800118
49.384238595770576	91.2756755325393
49.384238595770576	91.2756755325393
51.28210917041536	63.30809534835083
51.28210917041536	63.30809534835083
43.74383991974092	74.46904201716964
43.74383991974092	74.46904201716964
48.19585270655925	63.4516363910142
48.19585270655925	63.4516363910142
48.19585270655925	63.4516363910142
40.65758345588481	74.61258305983303
40.65758345588481	74.61258305983303
42.839247609659985	4.528355440402116
42.839247609659985	4.528355440402116
37.57132699202869	74.7561241024964
37.57132699202869	74.7561241024964
67.00605218905966	3.688850463970583
67.00605218905966	3.688850463970583
70.81952905403087	13.183901198306888
63.63600214607315	45.94903894187639
63.63600214607315	45.94903894187639
65.746717536262	11.14397428766731
65.746717536262	11.14397428766731
55.19314058531778	86.16929903392767
40.560381787173725	24.031900225658962
40.560381787173725	24.031900225658962
42.103510019101776	73.4601289667198
42.103510019101776	73.4601289667198
34.91998311114407	7.2252667102893104
34.91998311114407	7.2252667102893104
30.219651126988513	92.21974050189871
30.219651126988513	92.21974050189871
31.833728122502905	7.368807752952678
31.833728122502905	7.368807752952678
24.863044554874293	33.29645955128663
24.863044554874293	33.29645955128663
28.7474716586468	7.512348795616057
28.7474716586468	7.512348795616057
58.11124809209142	70.72423664709711
58.11124809209142	70.72423664709711
52.9142747628315	6.672842343969566
52.9142747628315	6.672842343969566
55.024990153020354	70.86777621454553
55.024990153020354	70.86777621454553
47.84146324506265	4.632915433329999
82.1627609306633	90.08836909192675
64.71867212756018	2.762757602114865
64.71867212756018	2.762757602114865
69.09973615079217	27.024513465966287
69.09973615079217	27.024513465966287
61.605809877359185	53.260984203530825
61.605809877359185	53.260984203530825
63.78747403113437	82.1767565840999
63.78747403113437	82.1767565840999
58.519553413503075	53.40452377097923
58.519553413503075	53.40452377097923
58.519553413503075	53.40452377097923
51.33602650554537	86.16966298976371
51.33602650554537	86.16966298976371
53.446741895734206	51.36459686033967
53.446741895734206	51.36459686033967
84.57535849688429	41.38233527182505
84.57535849688429	41.38233527182505
86.69494395773638	88.7923754313651
86.69494395773638	88.7923754313651
86.69494395773638	88.7923754313651
81.49797210369142	24.74097965302261
81.49797210369142	24.74097965302261
74.52729148649273	50.66863145135655
74.52729148649273	50.66863145135655
76.14136700679215	64.81770017762547
76.14136700679215	64.81770017762547
71.44103354742165	50.81217249401992
71.44103354742165	50.81217249401992
73.3389055972814	22.84459230983145
73.3389055972814	22.84459230983145
3.126224801801988	88.07467021804824
3.126224801801988	88.07467021804824
0.08431131518733981	4.293736804672278
92.11362922277368	30.221388603006222
92.11362922277368	30.221388603006222
95.99805485133122	4.4372763721206985
95.99805485133122	4.4372763721206985
89.02737423413252	30.364928170454643
89.02737423413252	30.364928170454643
90.92524333356236	2.3973494614811326
90.92524333356236	2.3973494614811326
90.92524333356236	2.3973494614811326
22.982912646341052	27.69424788775843
22.982912646341052	27.69424788775843
16.092047912962027	1.5578430098346414
16.092047912962027	1.5578430098346414
19.905524777933234	11.052893744170936
19.905524777933234	11.052893744170936
13.005791449105917	1.7013840524980202
13.005791449105917	1.7013840524980202
14.548918205819014	51.12961279355885
14.548918205819014	51.12961279355885
14.548918205819014	51.12961279355885
9.919534985249797	1.8449236199464298
9.919534985249797	1.8449236199464298
91.40449741856034	48.79847509535638
91.40449741856034	48.79847509535638
93.30236799320514	20.830896386382864
93.30236799320514	20.830896386382864
88.60203453383463	6.825368702777315
88.60203453383463	6.825368702777315
88.60203453383463	6.825368702777315
90.1895072182191	71.32912298779881
90.1895072182191	71.32912298779881
83.28977241417682	61.97761182091093
83.28977241417682	61.97761182091093
78.02185179654553	33.20537900779025
78.02185179654553	33.20537900779025
80.20351742553568	62.12115286357431
80.20351742553568	62.12115286357431
12.261186738314363	87.41805276506655
12.261186738314363	87.41805276506655
12.261186738314363	87.41805276506655
14.159055837744202	59.450472580878085
14.159055837744202	59.450472580878085
7.197242340778839	68.59322919296118
7.197242340778839	68.59322919296118
2.000271961948837	4.541834889833624
2.000271961948837	4.541834889833624
4.110987352137677	68.73677023562455
4.110987352137677	68.73677023562455
4.110987352137677	68.73677023562455
95.64366538983462	44.61855393922154
95.64366538983462	44.61855393922154
1.0247308882815678	68.88030980307296
1.0247308882815678	68.88030980307296
29.882998856388497	98.83122769649785
29.882998856388497	98.83122769649785
31.993714246577337	64.0261615670738
31.993714246577337	64.0261615670738
31.993714246577337	64.0261615670738
27.05393166053285	8.21280538745639
27.05393166053285	8.21280538745639
19.58660969822979	83.09459204148331
19.58660969822979	83.09459204148331
21.69732508841864	48.28952591205927
21.69732508841864	48.28952591205927
16.50035323437368	83.23813160893171
16.50035323437368	83.23813160893171
18.61106862456252	48.433066954722634
18.61106862456252	48.433066954722634
18.61106862456252	48.433066954722634
49.739688176142515	38.45080389099306
49.739688176142515	38.45080389099306
42.7690046085139	64.37845568932701
39.40782316097568	89.85374898098196
41.589487314750876	19.769521361551053
41.589487314750876	19.769521361551053
34.05121953929138	30.93046803036987
34.05121953929138	30.93046803036987
34.05121953929138	30.93046803036987
19.4450665274922	17.438383663348578
19.4450665274922	17.438383663348578
20.988194759420256	66.86661387962437
20.988194759420256	66.86661387962437
14.088461430592938	57.515102712736486
14.088461430592938	57.515102712736486
18.230074851936	39.969030080576054
18.230074851936	39.969030080576054
18.230074851936	39.969030080576054
10.69180560126156	51.12997822460983
10.69180560126156	51.12997822460983
12.873469755036737	80.04575060517892
12.873469755036737	80.04575060517892
7.60554913740544	51.27351779205825
7.60554913740544	51.27351779205825
37.03140573898812	95.9911393397833
37.03140573898812	95.9911393397833
40.84488260395932	6.486190074119594
40.84488260395932	6.486190074119594
40.84488260395932	6.486190074119594
33.945149275132	96.13468038244667
33.945149275132	96.13468038244667
35.488277507060054	46.5629091235075
35.488277507060054	46.5629091235075
30.583967827593792	22.609972198886666
30.583967827593792	22.609972198886666
23.61328573518014	48.53762547243557
23.61328573518014	48.53762547243557
25.22736273069453	62.68669272348953
25.22736273069453	62.68669272348953
25.22736273069453	62.68669272348953
56.852619201734015	3.750296279281957
56.852619201734015	3.750296279281957
58.46669472203345	17.899365005550877
58.46669472203345	17.899365005550877
51.49601410483476	43.827016803884824
51.49601410483476	43.827016803884824
46.272436464444915	30.130309534724805
46.272436464444915	30.130309534724805
48.1703070390897	2.162729350536337
48.1703070390897	2.162729350536337
48.1703070390897	2.162729350536337
41.199624946676046	28.090379673655324
41.199624946676046	28.090379673655324
45.0840505752336	2.3062689179847577
45.0840505752336	2.3062689179847577
74.43895841322993	82.30305343093163
74.43895841322993	82.30305343093163
69.24198655918497	18.25165765258913
69.24198655918497	18.25165765258913
69.24198655918497	18.25165765258913
71.35270194937382	82.44659299838004
71.35270194937382	82.44659299838004
63.885381462285714	58.32837965240695
63.885381462285714	58.32837965240695
68.27531408096598	65.80523885479256
68.27531408096598	65.80523885479256
61.09178717300828	98.57037659836207
61.09178717300828	98.57037659836207
62.634915404936336	48.99860681463787
62.634915404936336	48.99860681463787
62.634915404936336	48.99860681463787
48.02876239313716	35.50652244761657
48.02876239313716	35.50652244761657
40.490494617677676	46.66746911643539
40.490494617677676	46.66746911643539
42.67215729623789	75.58324149700448
39.55929504603691	27.081466623205472
32.37576961329415	59.84660584198994
32.37576961329415	59.84660584198994
32.37576961329415	59.84660584198994
63.433438926072846	85.14350426826724
63.433438926072846	85.14350426826724
65.61510160463308	15.059276648836331
65.61510160463308	15.059276648836331
60.347182462216736	85.28704383571565
60.347182462216736	85.28704383571565
62.52884514077696	15.2028176914997
62.52884514077696	15.2028176914997
62.52884514077696	15.2028176914997
54.99057736531748	26.363764360318527
54.99057736531748	26.363764360318527
50.370059789766636	59.29418000045524
50.370059789766636	59.29418000045524
51.9131880216947	9.722408741516084
51.9131880216947	9.722408741516084
81.05525104414698	96.55667919969852
81.05525104414698	96.55667919969852
81.05525104414698	96.55667919969852
85.43631506737896	21.81843506354995
85.43631506737896	21.81843506354995
77.96899605550581	96.70022024236191
77.96899605550581	96.70022024236191
80.07971144569467	61.895155588152825
80.07971144569467	61.895155588152825
74.85613233008988	48.19844684377785
74.85613233008988	48.19844684377785
67.95640047647751	38.84693715210492
67.95640047647751	38.84693715210492
67.95640047647751	38.84693715210492
71.7698773414487	48.34198641122626
71.7698773414487	48.34198641122626
1.9119403639010009	36.17625539419375
1.9119403639010009	36.17625539419375
4.022655754089841	1.3711907399846697
4.022655754089841	1.3711907399846697
97.82568242482992	36.31979643685712
97.82568242482992	36.31979643685712
90.85500180763123	62.247448235191065
90.85500180763123	62.247448235191065
90.85500180763123	62.247448235191065
92.46907880314562	76.39651696146
92.46907880314562	76.39651696146
87.77761393922341	45.60609409160358
87.77761393922341	45.60609409160358
89.39168945952284	59.75516134265754
89.39168945952284	59.75516134265754
72.44424052630913	22.475417947582617
72.44424052630913	22.475417947582617
67.53106225139457	15.307376209212636
67.53106225139457	15.307376209212636
67.53106225139457	15.307376209212636
69.07419048332262	64.73560642548843
69.07419048332262	64.73560642548843
62.174457154495315	55.3840967338155
62.174457154495315	55.3840967338155
66.03227699670796	79.95467006168255
66.03227699670796	79.95467006168255
59.06159490429432	6.882321860016498
59.06159490429432	6.882321860016498
59.06159490429432	6.882321860016498
90.19021298065935	95.90005879628693
90.19021298065935	95.90005879628693
92.3009283708482	61.094994142077844
92.3009283708482	61.094994142077844
85.11740146289048	93.86013188564735
85.11740146289048	93.86013188564735
88.93087832786169	4.355182619983653
88.93087832786169	4.355182619983653
82.03114499903438	94.00367145309576
78.95375713062654	77.36231730950828
78.95375713062654	77.36231730950828
8.741077810362096	43.592396692940035
8.741077810362096	43.592396692940035
10.922741964137286	72.50817054872408
10.922741964137286	72.50817054872408
5.654821346505988	43.73593773560341
5.654821346505988	43.73593773560341
7.552691921150772	15.768357551414935
7.552691921150772	15.768357551414935
0.582009828737118	41.69600934974888
0.582009828737118	41.69600934974888
0.582009828737118	41.69600934974888
94.35843366356225	27.999300605373907
94.35843366356225	27.999300605373907
96.54009634212247	56.91507446115796
96.54009634212247	56.91507446115796
28.59776565490116	82.21197288743525
28.59776565490116	82.21197288743525
30.779429808676348	12.127745268004341
30.779429808676348	12.127745268004341
30.779429808676348	12.127745268004341
23.24115908278695	23.28869193682317
23.24115908278695	23.28869193682317
18.32798228308734	16.120651673668146
18.32798228308734	16.120651673668146
20.43869767327618	80.3155855442441
20.43869767327618	80.3155855442441
12.97137718618808	56.19737219827101
12.97137718618808	56.19737219827101
17.361309804868366	63.67423140065661
17.361309804868366	63.67423140065661
17.361309804868366	63.67423140065661
73.33607812187552	23.560841699804218
73.33607812187552	23.560841699804218
75.44679351206436	87.75577704559514
75.44679351206436	87.75577704559514
70.24982313323436	23.704382742467597
70.24982313323436	23.704382742467597
63.279139565605746	49.63203454080154
63.279139565605746	49.63203454080154
65.17701161546549	21.66445435661307
65.17701161546549	21.66445435661307
65.17701161546549	21.66445435661307
59.909090997834205	91.89222301870736
59.909090997834205	91.89222301870736
62.06414789004955	72.16268095802901
62.06414789004955	72.16268095802901
93.19276744162953	62.180419369514404
93.19276744162953	62.180419369514404
86.22208387400092	88.10807116784835
86.22208387400092	88.10807116784835
86.22208387400092	88.10807116784835
87.83616086951533	3.2571384189023087
87.83616086951533	3.2571384189023087
83.13582888535977	88.25161073529677
83.13582888535977	88.25161073529677
85.0336979847896	60.284032026323246
85.0336979847896	60.284032026323246
77.50429880477841	54.66008350889121
77.50429880477841	54.66008350889121
10.200502564189273	59.444527049891725
10.200502564189273	59.444527049891725
10.200502564189273	59.444527049891725
11.743630796117328	9.872755790952557
11.743630796117328	9.872755790952557
4.843897467290012	0.5212460992796298
4.843897467290012	0.5212460992796298
8.657374332261208	10.016295358400976
8.657374332261208	10.016295358400976
1.7576410034338918	0.6647871419430086
1.7576410034338918	0.6647871419430086
95.48972186101756	70.89255432882233
27.786841775685186	38.99728125111148
27.786841775685186	38.99728125111148
31.600318640656393	48.49233346066274
31.600318640656393	48.49233346066274
24.700585311829077	39.14082229377485
24.700585311829077	39.14082229377485
26.24371354375713	88.56905251005065
26.24371354375713	88.56905251005065
21.614328847972956	39.284363336438226
21.614328847972956	39.284363336438226
21.614328847972956	39.284363336438226
14.076061072513474	50.44531000525705
14.076061072513474	50.44531000525705
15.982800242606562	5.69283463481772
15.982800242606562	5.69283463481772
1.305698467221033	27.479913233018248
1.305698467221033	27.479913233018248
2.9197754627354255	41.62897900885726
2.9197754627354255	41.62897900885726
94.94909337032178	67.55663228240617
94.94909337032178	67.55663228240617
94.94909337032178	67.55663228240617
89.75212151627682	3.5052365040636544
89.75212151627682	3.5052365040636544
91.86283690646566	67.70017332506953
91.86283690646566	67.70017332506953
86.6658650524207	3.6487775467270334
86.6658650524207	3.6487775467270334
88.77658044260956	67.84371289251796
88.77658044260956	67.84371289251796
18.892037678716953	7.032667434238012
18.892037678716953	7.032667434238012
18.892037678716953	7.032667434238012
13.695065824671994	41.98127460632542