26.47352913369003	24.246529250618426
26.209728837002206	24.676679334872787
40.843674182790345	-12.80808835586801
18.367439091033546	13.671119749582463
25.581814139718794	11.378619582026442
40.47969932812415	6.704923016266178
24.102828173824857	13.415124720787762
24.84987514688958	27.06749169068153
18.05998914077287	23.696661852602197
14.0567209484903	12.70296474561142
28.66616639443313	3.24514006498349
16.198638585370976	9.595868675446335
16.42025191697934	11.777523796787642
26.98961568052604	17.33196716516026
15.257421975695642	29.95855784472586
18.851643807678826	-2.7041759278077837
17.140222163391858	17.39930695282763
39.98713920259837	10.061759941775065
5.153521672946177	22.291036321057874
35.600082333317985	15.149806011147954
31.304640548089218	14.733997819970284
14.85654968570915	7.8837974836042735
23.73441230702619	6.8089621645958935
20.366185615681054	8.62874799033986
8.720368631553967	13.731545576542254
31.056772315952756	16.184859980447676
31.85678208600824	15.272413028138017
24.008384520314188	29.121527628321473
15.966474358659827	16.85378034206778
24.0627876331172	18.585065158775777
12.220680728530184	20.93077982962962
24.310039623773097	21.4041072483628
21.825819423184203	9.359135955624602
30.245343701023646	13.638293840239958
12.08838435954075	5.519036481970446
36.31465036504087	11.88027711046304
27.747129089010308	14.898319344578809
22.592281513457788	12.493125433218635
13.805109853413283	1.158309229706612
9.268562622599303	-0.6490678494954896
30.921869483139275	9.296072041121581
29.444600163532158	25.74687877273208
16.474770392762043	27.477812906936776
24.05747555474688	11.118871517749861
30.428287537026176	13.338193167028946
27.5648131357388	8.533172712602575
34.31168911166322	20.889439618123056
39.74079352846785	1.663892252386777
25.557986395446417	1.8849838625153623
19.21442176388348	5.698241607032191
35.347062541208835	5.946349769478292
31.50002980359684	27.693217094294656
21.55055515630299	11.96761518337091
19.804442131943482	15.117153153156616
35.528589584686	6.483431068246154
21.98474194798026	-0.16684998826828235
9.762804551562478	15.76825156998161
24.62802824136663	22.216711082907125
19.463824547617676	14.846695399238184
6.8548551428306475	8.327834381724692
15.804015654020638	14.142002552768142
33.22189630934234	17.334242018564346
27.958478120732863	12.196189567422936
26.63054345793691	0.4263599107357834
16.58812081438122	18.926316670207996
26.14577416228513	23.56792236948729
23.179206398947418	13.962028553075289
11.24233837822028	19.20757307848644
4.10538684557314	12.95539326962274
9.245341809968927	11.393320483068456
23.908104051449573	18.128445991350468
18.6821444235658	2.8760460447684935
22.519439753283052	14.35008243655801
22.28778131521937	24.778076107457856
23.93824555394083	8.567170865221724
11.326740019878573	19.44246269630792
21.398439212673946	-2.906696692285161
47.1852233892183	21.845661200595355
36.208347047046786	19.097270745440415
30.681541640125182	2.5823628318069023
23.846805921250585	22.051816801193773
18.287149612125493	15.776393975378461
12.329438107106212	9.042281048698666
19.459089966572822	13.033714473573259
23.606658393340698	14.00551849492071
7.356120281523804	18.230806304877973
8.375312313399267	14.581604360864878
31.292817595925968	3.129385464600908
21.923476420290626	2.4432885543519305
32.319083212695865	17.167402268345967
25.118307236489148	4.703917987761104
21.61701338602693	23.771615025703472
13.266865353695579	28.4368002390261
23.33547450074341	15.53146507488867
18.429466028244494	0.23635378628921622
17.794937556544603	12.543417592634738
26.09944139537578	9.572193700704243
20.101591260545675	-2.2631142875133197
13.069299221046608	39.40578018285837
24.25079209762347	25.946795832670947
12.795937724381938	27.949994136973164
32.85607609238895	-5.697756391636888
1.5576588448848803	24.52062045791286
21.24830788362236	12.397683961266676
12.789760743074485	-4.95614399202273
12.18543071486982	19.36661785977366
7.608844705733949	26.919149408413674
21.650252320156916	15.443122188858888
26.501592388205808	13.353403396871
23.17633826754951	7.737446540676882
12.599459459113586	22.210332505934336
22.311538938212433	9.037847795680849
28.219727060518064	6.78672142084276
26.820190147601245	31.79982561744339
31.879172326167126	8.426130687795538
28.53177340616672	13.236436164257404
18.416165402808225	14.354144393454348
26.40945428590429	23.133098493230094
21.354058863558716	3.7873783220926196
16.307639938426103	13.90115293223101
14.112482886562823	5.448487737401752
25.677479824460537	27.07306558131838
29.494251532777884	7.919172374048294
19.82056928499989	18.903095773498208
21.353193229688387	4.423046599839404
25.865135401457472	-0.8997759873054907
4.384439975696544	7.8661013922151914
29.982668136137512	30.153196885148624
42.21378397316029	9.9666930697557
-4.816289991663794	6.737109753745236
11.646559354385044	7.308804462273226
24.530473651585947	6.352575887475968
11.892325479775641	17.298185516965237
34.85182682620954	10.420083154768442
9.529942097474471	10.90877553850845
30.64747717646141	17.073850665160208
24.215202450650924	10.853686740811781
47.7405344469461	-4.187089117753894
16.617126811915696	17.849510716429887
39.62945160421002	0.6159291585088091
23.363616535314318	11.701777754536142
40.43491656644394	7.682250332677177
39.02647079148851	23.341098817276414
35.11393689964494	21.174887277909846
14.696028218173515	7.7044076465841895
58.1543296534069	8.122821568195965
29.89415512362153	17.620198457331423
13.580030322436333	18.764878107082318
12.365054600659157	21.71102205648672
41.090902568732076	11.388848836054763
9.26367721180036	22.281553802594708
33.69401746390383	8.995162598352069
6.334711897228054	16.66163473712287
28.087419165941068	24.89130486768706
35.531930720551344	0.7013279531929797
42.10604479036897	15.875599404855484
40.61771890733951	17.158019968523657
37.8557806008867	16.053579454696468
10.621318490222903	23.195732896672936
10.868237123254458	26.221422880164486
8.108091156192735	9.957916153916258
1.7794462389212669	10.285268687897446
29.53101152802166	1.0448261848518996
17.549056699923764	-0.10402865868469391
21.543076235679074	27.949054891758482
16.73515025928177	4.300795948651807
29.05792058200277	29.65571740945539
16.637148867397457	14.71788120835176
18.651233867876073	-10.77558554056864
43.575743404837695	31.804110097120635
16.39214621519697	-0.1681483231249441
30.9137784194401	16.69085699388599
10.307136520412506	8.916620689966733
21.811540081332332	19.556439508826905
12.922385555961322	24.18770880210802
23.85412524984188	10.597989057173384
17.679255398985653	19.172642239531204
15.187604783990807	1.9785526459290281
19.64718036762609	4.177052480251101
26.74312150874783	7.171532400790805
14.556881147468863	6.021862061677162
14.8641746033202	4.855771960695657
-1.510264750305037	14.464663527744019
32.18754576890658	12.45948538748203
31.430190539085622	8.305298833122595
13.17980421227305	18.08799542051186
18.25395403535293	-0.02644571712373711
21.305684771293862	-4.813120845480109
16.970356092427735	21.188260660623705
21.07215731226576	18.900323531213566
16.17624299845211	13.705446997659324
25.66396307152594	7.627086311500668
14.016739360171766	20.60529875036474
10.06809813916602	22.980045391959962
25.51691571981891	27.222068112901255
14.105675548646628	5.88580810568679
38.44902072359347	17.83849417488967
8.263806292247555	17.765235745609342
20.73111542267275	11.211330467311637
37.992468603233824	11.856572888872183
6.585016468582552	3.98499718250841
20.970598915390536	20.655124351035123
39.01453580825881	24.47529431217538
19.201852664123894	14.00720972001525
19.6779576451413	21.25762563152712
8.86731516104786	19.29414667154879
35.84472439465235	6.840100732423831
33.582066247699636	7.228908920309966
18.20258530040264	12.768630915160884
25.452674618044522	23.468752372575217
22.32077370533681	16.687194425097747
26.442746744512885	2.2551856773706973
17.551358175117976	13.963689763607146
26.69130579669129	18.468895721258313
23.048471860923	8.855146978108893
11.99737355306967	22.927903359555117
19.237618603308896	36.178414485549986
15.342450692170214	2.8337035714076553
19.909633242020778	11.087750998823473
22.565614683768075	4.822871025001641
18.16310745983423	34.002010313638834
35.73326484965568	38.749065811870004
13.911257208390579	14.766131358796963
28.067463718853855	29.074913018031967
33.15210941247658	25.973628599081817
30.02397539150739	7.758460241635545
27.39773645193043	8.876900949511855
9.445583164576712	5.328374089847129
15.1816976723382	3.4734467557527378
36.41323088887926	18.622947984607322
22.270480480429296	11.680728537304049
33.9474985562137	-1.2055011069236485
16.615343404508838	29.49449888480559
19.933402889301735	12.104989411702288
32.17016410939273	-0.29885337091990927
13.024507899520174	6.23885406285478
36.83125803523501	9.156538273457016
14.35913245527981	22.68632952695764
7.492745715210656	-1.5171900082485177
28.360985025352612	1.6443665161797512
34.17573685327245	21.392872824538365
17.972445913816905	2.7986278049696374
20.958599999842857	9.147628002625765
23.416254519555842	2.191910108057261
45.11091848757256	-1.0726753777704836
24.729935751702975	20.69192258044612
16.95956717498857	18.758539678281334
9.534402761756903	16.379057895986104
16.706984834805876	23.23138175010535
4.767058338855318	7.499311066285426
18.725730574608306	31.141218724458007
17.087128840330294	42.479739373988
19.584497072266753	51.39508910973568
21.808535376536412	25.043765790221606
55.354832075382674	21.205263740247805
42.421204346585185	25.268438675270776
34.16852661883583	16.12319064081602
40.96526184927676	10.5953911106177
19.02556512553879	25.200333370274556
48.43186997239915	37.89125849661815
32.24743949639764	33.993176001365256
27.378336348049935	34.65620357172928
25.523315907011906	35.384569988019685
25.920303355061414	31.655726028436135
33.70206117046638	39.58897635006258
28.571268178552288	31.28927513359897
25.293870601789692	46.66011226669082
24.537385171937576	49.10416176978584
37.05581115514033	24.00097055111094
22.531338978558864	22.45014360246045
38.31058674495158	24.61532436124074
26.541583898055023	31.496447186708735
25.848377843830768	37.36757877693823
27.278575983035225	25.590342341834578
42.344797507993434	9.283424683123794
32.163408307454695	32.004650791457095
37.69583039335967	34.559362019439966
33.944896651890815	35.9633920929094
24.28845503260334	23.783577734391145
28.232068244323976	24.68314059739955
41.63162787358338	27.768069650927217
23.427606266240186	35.67156345587901
26.35871222308788	25.70988233327852
32.404856343006024	36.59394423094088
25.71878655994076	19.514259105091764
49.74046147911007	27.007514897077357
32.1407509560676	15.638540189958594
40.92368984613329	30.122002486115775
38.99124976683277	22.042144910154853
35.31674080845569	29.136371912111525
35.913070151253066	22.752372204950206
37.00889921796886	7.354133736644982
43.96715963353692	19.931015277682175
50.29044353457914	16.9428572621435
42.571477046246244	28.05756318664324
32.97056982638648	1.2646747431865997
34.27636412172168	20.66171353720544
29.335568416863488	25.648274371950365
38.82861399231605	38.171812074069734
35.4969991304825	19.845541737341954
36.20459367797216	26.62765270407888
24.21782139623034	25.47953949936789
44.97665791402943	17.86290255892537
38.80885363786481	34.71248732822396
15.507545404206283	25.752776102462605
10.887245938892288	42.54049381924294
32.628891042378754	28.000820585944428
37.70225377768404	17.887003738260333
17.377114809610603	38.26295656611615
23.300612537094064	22.886325302738456
41.06974563987638	36.197217907537365
29.85307305326729	16.528023193460722
42.95286044177526	27.224573763546825
37.96407006741962	21.993143741577036
37.19818895406176	27.570643879778604
22.341572563308528	36.269686902731365
20.712922157715383	39.05481735712387
30.466718745690223	14.943895505851954
26.412969092700376	23.12624352606206
33.82824125794397	9.777010499908041
42.77152188101182	31.74075307831488
21.098710853929028	36.5016818754128
29.1061674663492	19.064193928413722
32.68897919585923	35.494882153337976
45.134375280012655	17.29362128117262
45.39013757596931	17.552211303678725
44.048811478638484	30.987865718460984
28.24528592035085	34.4760676978642
26.092511182538082	18.339488234256898
30.077366497208878	5.520671399900451
13.55035744020655	23.04348524925968
25.49695514556622	22.637071098945206
23.924872044401432	38.33917029261778
28.712050321650764	14.53117311065917
47.39025681476521	36.268362811742655
20.695933964264967	28.585368829887173
27.693797496402457	30.825667181540474
22.499229634786886	24.856167440057558
26.338362508293663	21.638237784151357
30.503188407070883	16.71901938635218
31.238288363719533	25.3984176449553
34.00039329828337	17.753966547003202
16.76240541849493	30.780091040140665
26.748832887599402	27.49403991767432
14.796220526744928	36.789249294915166
20.84285895481074	20.051893248454363
39.37199681313751	26.163841217948395
16.972979642304125	15.682284090588373
28.053161531369557	23.17230399047687
18.931990299320248	31.048280222296512
45.77979114516122	19.53840572651511
43.632863351166584	21.67000164500341
28.21868096697997	8.761978077065695
43.81249051571148	20.113845778115767
22.365402334590264	15.92104718937322
22.978788006212056	22.967683350553294
28.50110295372048	31.947755166330126
38.844085800695616	31.249253593299727
19.87759941649833	22.862018436071896
56.7779047043901	16.812140650697465
41.68326974903468	36.49364131809491
28.563598030326435	24.347262245687993
35.49790817279186	13.140071461364359
42.56791462470161	41.84814041123835
22.694788330047636	12.844598731226968
29.602440074037666	25.127088813851245
23.293968844700366	27.87555146354119
40.92501605381072	30.19225545043234
21.9033053488699	23.562782342726265
43.36513039145791	24.778048309727737
34.75195770964928	41.62070101455033
32.219161454218785	25.330428918971037
31.881831314763872	30.887841494662432
34.24050828584372	4.600659899448022
37.62174646987818	18.07354328356478
39.23077596902375	25.89618272374826
21.36639695191846	25.86937333246634
35.27493393771026	10.887668342522629
6.318392303822023	26.191362702816818
26.06523063209042	13.983967291285618
29.95674415743623	16.635195739641183
30.238336769174804	31.701510573896023
30.83881161460955	25.630497897991184
25.040386782904527	34.36234951842846
33.67083852299132	31.27802156603959
28.162051556783226	7.828242371452223
33.955601773759064	23.01741213391451
28.953627883719967	25.114536694925576
29.99841869747581	29.278737082285744
23.817779500075776	37.17445700037936
26.55380236748897	24.99032171039571
9.077160379501105	31.988737207574545
42.02200572427256	15.707438801411934
37.86957328149767	21.642792403308167
48.88311725149262	31.983918808521462
35.19437259933326	16.999598136859706
34.05982669869241	33.12848658155355
33.5555710991953	31.87057423076685
47.4389348465497	23.408288016918373
21.22001004454178	36.62418841677793
20.01456502984702	19.735702710522744
42.808119038531544	46.88991625680098
45.828071778131175	16.975917423778974
36.210902247991584	44.39940840412026
48.39677222862763	14.026101992057116
39.35932320305629	29.436487558149725
45.77768989255223	39.80036022951772
25.506322100341706	19.96474803641967
29.314663369550768	30.629542696767523
37.01530699348875	14.580450550122919
25.914143561406338	49.02464122919844
32.07478080957527	14.851349758730008
18.773836900470187	35.37524916993097
16.650271868537402	15.303918190668162
41.655368523474685	18.95625881981931
35.61143531708447	22.690807678558308
14.562245618239725	33.42731878949135
41.189044579032426	45.25829617447863
37.46733972134173	16.845658742233518
31.391695973217143	20.957143808339463
27.991427024526462	25.923409231682754
11.308103611530736	10.223072855332013
33.47456527640696	17.03620711356884
26.87955546299429	11.94095569310355
38.343299858550616	21.90882659639773
22.966126014129248	24.771384245130374
46.32944998509634	23.90518625950086
27.788964949687117	25.972930270408522
42.86698895332644	42.275821758928
20.244675858118715	23.218413233766295
36.953125566264646	34.689616369921914
27.873962815753266	32.21563557395069
25.998167491944756	26.778378523567863
44.32881776278319	22.055623731088996
26.517110724497144	50.83945719694014
27.287618763745307	16.424736689955793
20.432751101447977	11.343375024675545
35.31466099739165	28.98537589277955
30.032135583584576	27.96653608176943
17.819325335533108	39.73834670820013
21.33228636335945	30.01864543825287
18.12399132743839	22.78918937281726
66.39430983241144	36.229895428985785
20.28840214058219	35.0544088512392
32.94264352842637	29.87156443716396
32.016905189720305	31.293482138345745
40.63392787097093	29.150283162375175
24.124497355215137	15.648119004202131
40.96014223294572	32.46238605639098
14.000546437652154	28.54063552757439
35.9731704791991	39.17143592249866
45.270610870660946	32.35331347765381
24.723754614155293	22.28287840459886
30.128087680305253	38.95578998252806
26.782004783691853	14.390642876857687
17.212550098173452	28.2597969149508
31.500659163984494	31.882994645165255
28.70477567711793	43.12210847557101
42.50805541941853	13.13896790519592
26.46187535394686	31.652561783772203
23.136587515272776	23.5380287504953
32.66811628654351	46.520519358722524
34.43717397380297	40.49625223975988
16.877330010283217	33.939565493596966
25.335704619699364	21.746741931839146
35.15584933805419	44.78042695081517
34.85216988352013	27.231944841501214
17.113973969736097	37.38449032854866
24.908495729530507	39.70861157083172
14.483856639551522	22.410082410029375
33.89751948222294	26.916894924801337
44.7755439500218	29.112762835684425
20.217270744872703	25.98933739546556
31.920597464635925	20.407883907938675
29.094068033539674	27.840633190048607
42.06025156710679	18.381656296932327
23.345740801645675	42.42414690142864
47.71396765032645	13.850317181583943
43.28106436456238	27.749635679414943
38.002513849212306	33.83232971542334
42.203615017210396	12.125965876118428
24.770921033137792	40.793610768414304
44.105851286668205	16.43478285933243
36.84556988304048	34.31628219033319
52.17261825507483	37.61886585031752
45.505010568185035	37.42683885214849
27.763134834726376	22.10513450980906
19.36899558341218	25.638598359480394
22.218425538551386	35.05055056504968
37.600449198945874	30.042510853939362
48.08025931839711	7.3039537892725015
41.98204700420054	43.14738821896479
27.446382466519736	8.247350380005845
61.78320182024885	10.006829652415611
15.71780966771092	34.409783929319076
16.615643140850068	20.429408388418004
36.070082557926135	42.49627885685463
33.513543850452905	28.334007687701032
32.918590946556144	22.871273185267654
20.07993071909078	11.53553501323652
-1.6216423396817472	72.15683967719569
7.516912333192739	67.26242372012192
2.871772034244736	85.26417489924086
8.26404429242855	58.129576862718324
2.914267277993619	73.50375748089313
0.26653748324714144	69.87868312149435
5.0801586824806115	69.72792250260811
4.794298796839003	64.36781939375928
1.3586051768710368	53.84139140466347
22.217886821980727	69.73541032699359
-6.120847741713925	85.18856932151759
-1.180063802455546	58.83076838725383
7.947833620630192	84.39387566606878
8.186528196496988	58.80628308143769
-1.3838478972527444	48.13184886245302
-6.158257090701344	56.741410857745876
13.651710164644413	71.49475197551644
3.0156211804293624	81.63932242011504
12.911777647406335	73.39519970234572
0.9495779926503154	82.96492329080449
12.661592941726528	75.39833012398749
8.4909201504849	62.01515293438467
-2.223530681237518	59.028674937142284
10.13650097346016	83.39562139942998
9.917688975527089	75.63352647629941
12.49888046442471	67.08878181492706
9.125435618985843	73.41095025987391
22.062577051336632	78.85604835785956
4.315492375685879	52.08807980600255
13.138583644577214	73.90457856569057
29.392630914568667	85.26255844728387
4.43167707639358	58.791690455754264
1.7276036621158815	90.92626159436436
3.865929330472915	62.684356703451044
10.421187714487251	73.64352670912021
5.333819598190546	71.57790265219109
4.939488661883062	61.64610950850964
22.752694772292347	56.34314680513632
-7.566134495037684	71.09015823203086
19.535262918983424	85.31220140717379
3.6926061785881314	58.27200975193383
31.358636208034117	70.97871828007864
6.377576192369974	63.80968107505257
9.786163890446046	41.73964741797103
17.062785659384424	93.53534597479342
13.14450381144584	62.668816628015676
5.690553050177613	69.49681217940716
20.58538915825428	68.95216380773842
18.24538124945456	66.35766800756258
10.9263540997744	60.94951053295261
20.460623844252947	64.17052022951657
13.30261979805922	64.59467719970581
18.451765862128717	81.6687392744109
2.5603202903662368	95.0112026221224
16.40626311473648	68.5077043904071
6.262709913964323	72.13787857652797
12.149813326146948	45.41171742967249
19.006521854911412	72.71422720969048
10.164528917101654	76.51641100926322
4.268215192142112	72.86174541682063
13.778070367564215	69.85338059452326
20.370690093910824	93.73391525447826
32.462280518081805	77.62404962550141
-9.935437898956206	64.27608967270345
9.00883785182804	74.46304689591271
9.940927827926405	62.25492155505477
9.029473096298073	61.679915215530485
-3.930387915591668	73.70802945530066
19.044308956264977	88.11523935688687
-0.4318590535669138	83.38280911716858
8.74283959630012	61.463505114493465
4.498142932956307	75.07979034964947
30.43194678952983	56.12164588385049
6.018385032793283	71.81979848562236
3.4323011325493633	62.53833236428421
8.467745365441342	82.2120520949233
15.542394979539923	57.94096633343025
-12.827996018805639	62.0476158276574
-6.692228965257984	74.093515569922
19.281630607413184	68.49750206017687
10.462084954164908	84.0389340938571
11.512453240007682	54.40017341550555
10.555264005013504	75.32189935083824
20.542761380791706	59.92216897942746
12.942494899418055	67.33823785975217
17.923679917344174	79.16024556141565
15.22349379305047	54.02909425253988
-0.8838416562437565	76.86631350921603
5.0630238272364565	74.92009524711113
13.821106060592367	81.84745647102875
20.394590169305893	82.66248457842063
27.363955079439545	66.11389838210148
8.29617676588683	75.4299603217497
23.974043540373597	77.51794221758571
-3.441099904576104	72.39433484014852
24.24255288860395	65.01098160001311
10.738486589020656	65.15246097916213
5.582773610859938	72.08531579697134
19.919055687469676	59.34000395242719
3.2579334266286573	67.64296622762295
-11.556553639931089	56.38732838159968
-1.967911329076312	68.70654223716971
1.0292511181780997	70.21800859090759
12.17370277931873	79.37897387799202
-18.71571903473172	68.26130257985774
20.473495591069046	38.29026412292835
-2.984362087245165	57.09431495427494
-17.099557488290035	64.59029349026152
-0.10786058802599818	89.34747005602553
0.20860337046916033	64.55821866109729
2.692305181986252	67.64502750010537
-1.0173045462359873	67.8798994261458
10.305032655467985	58.532433197778026
4.340936042235269	78.6780249504568
27.46244141312314	50.12308896048502
10.77772734119113	47.46812843255435
23.538177273360482	73.955599965942
-6.073662350762715	56.72744076318371
14.191919881585443	74.44980859782123
7.182451470365451	81.96559189015079
9.953454263444232	68.4295854242757
8.649605098350598	64.48457579070781
18.42658310321506	64.32637264658906
1.5314510212651342	62.38401645930326
15.460072448376676	47.98055427245296
25.7742521300295	62.50533386621997
29.231859032341657	70.73691547357014
1.4762440303099114	71.40551540692267
12.217329345882693	56.335071282549194
16.475961973793407	72.38578652005921
16.945455806010166	50.40917247321127
3.6129529615848464	53.73102046192034
-15.565499769603072	76.99299910041994
22.090872658045104	67.7978620733603
14.761784102561684	57.17043960158048
21.4721685321223	83.00761459441343
13.285386863699017	71.72334826809403
13.740920696643862	80.1064479694257
13.236456656518548	61.04017510830288
-7.734161590968769	67.02582174094233
9.682738476609428	59.619569734597306
7.408279239572659	59.85750442758567
3.8915462348900762	64.31346041242963
18.490747330847242	80.55474220244687
24.86777390209989	71.71722131153955
8.403520055255656	75.31564884076178
4.567243782430982	77.03969768121524
8.990273202153857	65.20115242927743
19.54186561059855	63.33742424111765
-0.7375554290840718	76.08739978078094
-8.853735486089946	76.45707012593837
-13.514575426773614	78.32631476725477
-2.2256728420167953	48.835378515417176
-3.7106456819306715	76.46637953984384
16.06458517263524	62.99321736991469
11.633661504816143	69.04087282702174
4.3715340880404	49.79782268761987
13.999891502522356	65.03751745058335
5.701108084954123	72.03079226593103
4.401903882959446	68.87897501621529
9.771037575002318	63.19401236170199
2.215901430909593	72.78794391297825
13.597421819212803	55.06139389653484
-3.444187990727519	71.51687914212943
33.54396393020694	69.81637252713213
-0.4654165080279764	79.72936655219071
9.037967793673369	64.34508793835583
7.884606350777414	74.83416559054464
2.490799417337273	70.42755341025642
1.6308881723850508	71.42524270094393
16.971853761524265	64.29052826462032
8.799319232845637	61.56122773922185
19.429367509848646	64.82593771881601
-17.778903307716686	69.06948364346765
7.989421941436965	66.6068451982962
19.839316316927253	78.57681111291191
4.49013761821038	71.22117088467157
17.59145048151784	76.9391402697442
3.246654526331562	73.8213989789678
5.681968315624195	66.17829160260744
9.33003557154956	68.82432453866085
6.349497022607922	78.68031295035809
6.720619313030204	64.52549976384182
18.832544961123794	68.53588968335801
4.766328283677092	48.85532497281922
6.674528148472075	57.815685282395435
12.35934082126562	61.58205396339121
20.74860250477848	77.89663054913476
6.117038109932437	76.49516042949648
8.288730749182234	62.96892349358482
-8.723069407453075	86.70011528836092
12.182518814115312	74.55685293539662
-3.444069042012229	64.32072833990125
-1.5017537560344412	76.58270495428734
21.260308405065146	68.1293229958011
8.502364422431949	79.60591139471302
3.4016508562861665	68.12459241560774
2.9936043849947707	68.02623231259204
2.7895217783049526	54.88508407890835
7.296350804351284	66.3239314998433
15.117315825084585	68.94585809361705
0.6032959844630126	51.57378557424549
13.530531858910901	66.0668846731204
11.483202197750165	86.51512103023849
8.401124214662925	62.94111562103384
22.85896607884218	66.97810141275987
1.6518256894855403	83.04582701461042
6.122090506495669	59.62389357243447
-14.939767274789745	74.09995098549135
4.491802500835927	70.21628064613074
17.080038551817893	76.02399417881973
-0.32410810354203257	57.65485887611539
13.206730130525273	87.700807964112
5.599392623632234	72.75942995976395
29.87226098104878	84.03794838461025
13.920701677113565	94.82799561058324
11.483296050000751	60.37707608568425
9.644542486409232	63.88475783235781
21.766425894889785	80.34136779548521
8.857749328442646	51.85024235056032
14.098473390123383	75.74171593211972
17.11789230725919	83.6593421614388
6.69118620838838	59.681658408105974
4.208226496281592	66.23054383150317
12.735750529800974	76.05231024662363
18.58619828017116	80.29876675864952
-7.5672619364973475	48.38898478411102
8.543420516609512	70.66065970098597
-6.663480274723815	72.956465431485
11.321130564377622	71.409775749145
9.508566986955227	67.84484842469998
4.3549367187620724	67.65154756640469
6.0324544915061225	73.54858168880871
-0.1247338051483533	78.61753108814789
2.4664030328300965	63.451727022272934
19.679514389701872	75.83046875777848
22.163225041255487	62.94542610278296
5.931362545277025	50.532603420001024
3.84214944497692	71.05301585104368
16.40252890400468	76.60406842171696
11.698487495179657	85.29265671501851
1.3916672458194945	79.9562236665294
1.2324809074409844	62.41003410172169
3.335666223393458	67.79347121141255
10.98264340582375	69.36305476770362
1.7038191692443414	74.16792092759596
8.59613983207884	64.03499358436406
18.33787643996066	52.023293373595415
-10.931556899071008	57.67901389840901
30.31439964368168	98.76198437256505
54.586015272982905	24.645001341429115
77.16620559709006	1.4724712898254104
70.0874960653216	19.30166160065328
72.81639989732741	-0.9851652312157828
68.69868431198742	17.106706280554338
84.1265112601976	14.272401713979802
64.75449752185347	8.98693328696219
56.11706981133038	0.814644918681406
59.14107474723732	4.181013254347688
60.416558660206086	17.001823146394564
66.33651321837385	24.906052666679955
62.033096597429505	15.76465427191455
71.57554972250514	25.922756654256396
66.23837702828123	4.769065124027719
70.67419305701942	-0.609544047545457
71.76166386368621	8.09703949435583
67.13882574813573	18.993468638050572
47.658309577115666	20.5238932490953
69.88624722623953	7.702469125280948
72.06755568198022	14.125887660598476
75.27320236166136	0.0024486959845795297
65.39343794843127	15.804309900973479
61.35249987847728	12.20471458785954
57.104768784186426	22.283210651867172
59.471495652319504	9.233207075829778
67.27331299237181	38.39639620193785
58.06047272381821	-1.2652224494594027
68.51092081915266	10.734890484161506
73.01443884614054	23.284001299898446
68.0647261368097	2.5825588749492727
81.89022617267817	-0.020177867151197404
55.992202763248244	16.687268635917764
55.59305364328736	9.251118646453202
68.75000973156105	3.290870353960889
61.20933722172637	13.832522279037645
74.13792784991229	22.608624579730293
47.0899980971932	20.252973965195874
90.38772806803155	16.191126856497046
66.4199184555204	22.071752471619117
68.94417324582463	21.65306726418322
64.22014556057123	14.285694100520095
75.29190297530235	19.981268992677165
72.37915731123216	5.412491732001959
82.12655142065037	31.2865692809341
64.31545826501264	14.964747808849287
67.19649206787092	7.286095221121455
64.63607536400092	2.606259440825408
53.34903513070917	29.490018788588394
64.35152006826513	24.603846581504122
76.23532480626399	12.248399910645343
71.59140538244567	11.03512287414918
87.507820398005	20.69938865572187
45.414948209620306	23.615344275257534
65.79511073567264	8.995541197394356
68.17930455650539	5.610579175144364
71.70105894886449	10.91546013289106
63.658349806501285	18.403986780242775
50.49518726127347	2.08376026321813
56.022191370219225	30.056047898302438
54.21555702200416	19.30572549379918
59.366805908395364	-3.8419390628871177
64.05560724348094	0.993513396632455
94.82969757465727	14.981618451101664
76.50933232515821	13.237235223577038
66.51067796958722	8.822898099137284
77.11739102647273	22.16487483383242
72.09416072773499	20.265106864623277
71.9573577535559	16.087752794444498
43.71667392641633	5.422212315174475
61.56695377448966	13.765934553405808
92.87665039416035	4.486301637312106
67.288971563144	16.019915719399936
71.23599559859808	36.10176092638707
54.11904277552525	13.679456489406506
79.91451456165365	4.7655960020744565
65.40875612526771	12.226421818804209
60.489936712827124	30.16922298735964
68.74092878159927	27.964177780052477
80.86202800351913	22.063792082109764
70.37091434851125	14.686603702414859
53.205067050746976	8.483376509883529
62.95855300730508	10.923183392888479
69.714188651201	13.569769063527673
78.38320546642903	14.80088457671407
73.25105522896864	17.56420426446668
71.22575741150192	26.28240438374446
67.95073569516337	15.740715193558671
73.65803432097624	27.705757625803397
59.10807815528726	9.454817329762129
68.9346168529026	12.16628780785597
78.1668818744345	28.739841466755056
71.07861108244862	28.099942712681532
76.45173606368054	2.3687286095565625
89.18595230629543	23.297376397640463
55.11095775829348	6.665701469045053
76.72208120902175	22.076239441755774
51.66706365175202	18.399373770360242
63.06582794027665	28.945958239813287
77.9761203539716	12.270906244645037
64.83712716642593	2.6432664863450377
57.14675390659329	18.58006159290227
93.58761835332147	-7.612266856648041
84.00630925220196	0.6281113296861758
62.61273557983283	8.26867155616641
55.66881905084761	16.420317981318938
63.59930677300392	9.207283250038117
72.96650775309382	18.63080813105995
69.22327327420659	11.140705570964037
82.67979326353351	24.80237176416086
85.12919994470545	22.200100104060823
72.070133767809	2.160609305058511
66.99577803826551	3.8343250021543884
70.62159313565165	-1.616134491858892
71.26255382096082	20.163741452557197
70.50590641272788	18.625540854764104
67.14370318486348	29.316620559133234
76.66994776771558	12.536634538633205
64.14267153947127	-4.40513977859456
47.635763514150824	23.408931117530457
63.80009407846661	3.981242195717501
82.02325133460093	16.860146604262354
55.365606232410244	11.549900399303938
75.65053095496658	10.827533371036004
61.371038858889676	16.277772482028638
60.82965658496865	20.378097674099273
79.47190574386055	14.542378898675228
56.80288572599791	15.378176540997849
65.57983266533196	17.876856973688646
51.102964112571726	13.289895412689951
97.4217738719747	11.905959900989195
65.67197884038886	13.189802755706172
66.28070462901435	0.16644284371720097
69.58100774284958	4.7061080883355615
70.2266795578539	15.972399187992043
77.84995727417623	18.097077654615283
66.7677928584408	23.688704002266306
71.3898779406806	19.94667990237202
62.12425680517012	24.76226509055982
87.57569245645391	13.380911437942169
87.30020380751236	26.735910477108433
66.16647325901367	28.24483154382306
76.58937421161187	14.274195979155312
60.269856593927436	12.152670933510116
47.7320531022247	28.419663175562988
71.75448829298432	2.510392883789052
65.76639094612351	24.163331090851678
57.55641946477129	8.298297566478634
64.79755713241751	20.10700256028265
72.59628436966709	7.126687638989892
67.69967994395012	5.819287598726339
70.24292983342463	12.586191081766582
70.36921996319953	16.282129495009322
81.42907765172934	24.248269336609702
85.89124579505906	10.278568965302847
79.71895935841034	17.58105806950098
71.82009127045006	11.2148065731336
53.20434006581645	26.031669595563898
57.15762598908085	44.37238278889961
67.12780630840494	31.40913554601043
56.6704707453102	28.78671228892752
64.74276713099167	2.6685683625760444
87.55827913881731	23.482842792872322
54.39549073835629	0.9961063855048948
69.01581276081407	20.077868668220525
81.31792310311884	6.678172497579184
72.75030881092869	3.5171742681195095
79.2715862316231	14.392838296932588
61.63431691730842	12.061909472455568
74.66823534936759	24.157575295665797
75.14040262237258	10.816156252066534
61.087638705999396	17.6413177646538
62.74992117967939	12.36838809619267
67.45490854200467	14.121011157864475
72.73780491434628	9.847749196739231
62.44320650677694	14.848257423530718
57.28347286818129	18.136321775576587
70.9511659806776	35.480658586732645
62.567276101888616	9.188090771800793
70.51849911230121	24.43233949942924
56.633364600011205	29.180803926429192
62.820720995700015	6.8653284949316165
62.885852970655336	18.379528691331448
59.252954880888	9.173948440530475
62.14309723310269	16.1145507999388
75.4687712395642	19.375455121599984
59.28083929759139	18.43469236381095
62.09251759080686	26.217302887043907
67.54904498793688	-0.7911338669923751
69.62805715547668	17.680376091647876
57.99110685941644	7.67490745887101
77.93674981462385	9.574989543165525
64.29160675128391	2.976699941857097
63.990422033222885	4.84325477192877
75.71739294359992	20.69688096886093
58.469554552342615	4.199807825146209
79.70449869010541	14.36329004925022
69.62751134706978	11.500726079709125
71.75162875171925	10.907498627134265
71.6223552316749	6.466339964731481
68.42005234725387	29.493708892855516
68.91616477994356	25.81046582122342
67.7290889402748	10.29378596795943
69.13652830731336	12.892799685511063
71.85734367900525	12.867917608662696
69.81060993527178	24.62736014302199
73.09486675918177	12.884041697830483
85.11934998822088	30.406680122163944
79.72244238228635	8.7983178110099
72.01796034053646	-0.8811406773634953
65.14846040017206	15.962059951047596
69.36964844906713	-1.8954253779672854
66.01974725230194	3.495665750103612
70.80492059395571	28.42915312536047
70.7733497899246	21.15901747932582
64.49077246927851	10.207273246018406
69.27999780359187	4.852878338558362
83.41946030300439	8.488666678717214
73.62382280545216	-12.443402242996594
66.52661574858021	19.148721924640366
48.39766892173505	14.748593869838736
59.320580539706775	17.28934606296353
65.20459132680253	30.350584304172497
72.89301736655752	13.99774386065999
80.624642528153	14.412754984890993
70.56321905770518	-11.984713228220546
75.47126930119299	28.943455989525724
55.96629073319602	9.041669005352574
68.11919141390476	12.447533804714835
55.50599275707023	31.50640969622593
75.1273636703591	13.312766451973443
79.71412816611075	14.634806918135784
64.09615269186753	20.089348822676875
60.08544642931645	13.503241070998627
95.70481201297174	17.211960698822427
78.28438921769731	34.439341412638015
57.52449431542435	23.62070311952272
77.30292056637798	18.93074524426718
66.16100952899271	34.3223393633801
72.29036911977269	23.6083910332745
65.60738584725104	16.483384710494697
80.75448586790671	15.981792109484264
61.43082702679723	27.51947163762874
68.20891281738355	3.9824336190115055
65.25496627114299	12.878785890116358
57.69350101286335	3.825989901204027
77.32594733202018	13.83669437924169
71.63218044238718	18.553043396740147
80.11028441951531	34.44989956920868
78.27137439785038	-2.395978539370123
72.48074772419322	17.191027490270248