79.93892787082574	61.423842048989975
85.70111759014439	63.58029735922552
86.9501836040077	75.24410281998678
73.01222347789313	66.51454128538259
84.21953706676756	55.90502029414638
89.04394411459155	56.49497127989509
69.69706967440116	73.64422802188608
83.20470719056216	45.205764927280526
74.16309869961931	70.40816054832996
86.87621590286308	39.25663208084109
81.66142391928942	44.45429019430783
62.361556559290946	53.77962137220183
79.99868959322805	58.89199955180749
86.67515554387477	69.36855976932085
65.15926314871298	56.46423871482587
86.01304114723021	49.475355220664184
68.37897723074059	68.231154349868
70.23877971676119	53.5612849212262
73.93143938396416	57.61015436891418
84.26089590322147	62.55100163717639
77.27471022811017	51.9233921921859
80.79312418154018	64.11574369758537
69.2170564456184	40.376722236932906
75.32587115085313	39.40811998417952
72.68216522600363	69.5334775055408
69.19807835817251	56.70250993150554
56.49403921265031	59.96750163378242
91.16373046030317	63.57586230108859
81.28782984301299	74.20284317943165
63.93755939049922	66.26580714349984
73.65330695493952	57.90348756814549
54.17134104378833	70.33802429344556
86.33979603322027	70.6641215123552
85.25406647238057	56.31174552483445
74.25074188029471	70.71031036909142
73.72589738507152	63.07480363716457
85.25911600697312	60.60103315319154
94.07594743931556	79.49046430027687
79.86693537013424	66.62445519460987
68.22519215387557	62.357345323210524
71.38877481088493	62.889038142921905
73.73891225467737	68.14542995832518
77.88553870405785	68.95345641978723
83.23840114586405	59.27949164167206
79.49999558253035	56.4936407491381
70.98481161733764	63.83813131538007
80.81786183740391	72.21058545768065
71.89824273391069	59.74171253743341
72.85979378065684	74.41304799030151
78.10729066029835	53.940996322671474
81.49700086091887	66.09118045288709
100.14870371289118	54.29449644301821
66.8039520106338	53.29560466075188
77.28975056353893	61.66513053645811
61.85790953620092	67.06938315283752
93.58312231277151	71.66130844683254
68.85297954405569	64.64917906391523
94.701904875046	59.290684242648865
83.78551882012283	51.41086482206545
80.0200747560347	72.65386849718764
80.83050380059409	69.67152190656114
78.76749202883488	75.3841395431645
68.19300137899063	76.39589100338974
82.42712115010717	37.7236665123475
68.28457373216023	58.538572168216945
83.14486462859426	69.3541758005533
78.61324739471904	49.64401531329851
60.48211198666493	56.2657583528
62.46717047466442	53.78897542981567
75.05879680803797	60.641320972632414
83.31694798643223	57.47266435040345
79.923711293222	61.677021256566086
85.78614768910099	56.9958158463269
96.6389689765	53.70918055538305
80.1371500510833	61.229647970244514
74.73346913495575	60.431616520065546
66.38891754137654	76.26406111461621
80.83805438763513	68.04157213156682
77.8015690930402	61.966140361138386
73.29729095412613	63.61475656268067
72.79506721387892	50.314816661002176
78.4045437515225	51.1781587254964
73.68206272233463	74.92154360248561
71.00380384303358	64.23979767843527
69.45660164314653	55.3763275434561
73.78610757307447	57.002250624809925
65.44283465140376	57.48361541767821
74.9915001170039	58.82547691640006
76.40492883241814	58.07636471466728
97.77416078055793	63.261213071002366
69.71964743732701	56.21278102863623
81.13673080201578	56.98551904470105
59.98843346665818	55.94365344232796
79.42429755678687	58.69336122223763
89.749908904967	50.501801870653615
85.40132727230059	51.68934483821879
78.2491216719124	52.21932273316189
74.60174065693654	50.13086859690335
70.56337899079459	63.04910963156622
79.3809450995513	75.89097931140496
65.67795677156276	54.38157270066439
71.08405444956117	76.12102549760557
74.71273680116818	79.22161548803797
81.90788994037015	61.79856374834612
63.61415741276296	62.17017924755434
74.59688098923768	64.65677383891742
59.27815572685018	67.25193724475926
81.70372832668204	56.31913733389248
105.72975538167671	61.80149100111436
76.01781916910384	64.33715515591733
100.94314329979527	52.85210917583336
69.74212716698207	67.88905507334596
79.75241211802916	54.41372114728217
78.00635710691951	67.63393893953433
78.78726491894348	65.77111189890326
85.5432556808004	70.03456501639977
65.35709654301071	62.81175098047035
101.60811600181533	54.94057635311189
76.95202770113188	52.69533463027667
81.49939104278296	65.99882316980617
78.7100094571102	73.53183989451458
56.84480259011512	60.19332971144433
68.23681917473223	42.415289120283305
60.831624731507766	50.99900467356912
72.97560828121001	69.29039429230414
84.4906250213976	68.86195697711179
78.37861119535624	62.02494468089138
78.73208459799164	69.13025674996774
76.3705573611563	47.93750877078455
78.59054825515899	57.61097685107819
74.32528470855506	63.54252114437054
62.22679873799643	65.79588891699322
79.61690123975671	83.53278039560038
70.82567262507416	66.93095695534235
73.51724490357843	66.32674055388402
58.73469656644384	52.79072273850426
88.52373072454887	54.083048926525805
100.06451489156422	66.13091636245285
69.3183224611132	68.0628089745747
79.27771269092742	56.746199270607654
70.76699884750661	71.87107507260437
81.02645217588645	59.57404937725635
79.97518577263178	60.665249117123146
84.89372407635852	55.99558601150872
79.36500822188476	64.40446766232219
70.88608528500345	76.90180634713491
73.17941265055369	62.50694076079472
93.37982362077828	68.66676487925494
76.40867124659087	56.143919904463516
80.83989666477618	67.07505950147231
80.62010580425869	79.91670980359484
82.33673059121209	60.53937536250722
90.7384364912815	75.00024332791276
80.89175563896579	74.29948067969751
58.2986109244067	65.15653723370002
75.55618267994438	73.06951287542357
77.64744743085309	63.063651819321194
53.89931946875879	74.12680972189331
73.60375491277425	54.45624637957645
65.95271639706624	62.088732829164165
89.1299405023387	60.246212186818816
59.27875044608463	67.03031224436539
67.73910307975214	70.50681322714472
75.85678498815538	66.79876778738017
85.51136928671856	55.50581244458436
73.34413091852873	64.61209775870896
67.56884543013645	52.12011228537297
77.44214062213602	59.289904521512206
73.07774843088707	54.43229982596605
89.64946053041811	70.95143495216445
69.35301283743972	60.17592936495251
76.68238287739777	57.76856196280778
79.2092048830558	67.98947048649501
62.37444248964839	56.8039618415265
91.59980711591092	59.880185355342284
73.99449498003935	44.64484293865844
76.08368864178084	61.47468004796557
77.21447106638466	67.12537855325584
87.57913234975744	74.35499925519832
70.98602023495759	56.12385206883946
66.97391375798396	69.71319469553598
52.68279626018152	47.291638891023446
85.14364241405876	54.03864668372381
83.30637226797636	66.58525398766976
91.93798288043106	56.711264022517106
73.0824470867231	70.05141975759886
86.56699208027766	65.35835222989807
79.37260514113598	71.48239069373668
92.9452272282721	73.97358656914936
82.36932038869925	48.2544705455093
75.8372925824585	62.323368676491
86.9130557439508	53.48172603765509
73.1495145685688	50.6728599631879
87.62659451132033	59.770508520077975
88.16138399987503	64.42148237639522
89.90424850305575	61.45109866888251
65.27340008226324	59.79386586949871
63.47417297681707	51.72139254784267
73.11025448432153	59.1447239117779
78.3138034602334	82.64449380864085
83.54557929897669	62.73731745120087
91.68570219279229	61.93048569926399
72.0117555127099	66.42375346733276
62.198949536246516	77.90302045486115
99.12921312544657	47.926634006557514
84.64772919515227	76.48275756651525
52.267715794526254	59.92803957156961
92.7750012811748	55.11662602325982
86.18722563628052	56.34325228550197
76.16528518807269	67.57237126301912
69.95831715917527	82.76493024159711
79.6907745214454	69.32391577203731
67.90125659284647	68.27241313281753
85.29540810364566	44.54397816371595
62.45324796732859	67.9909708778331
68.14091467152132	64.69567960719279
77.11537440833801	56.37227120907631
84.18743214655258	57.66365918361267
81.36134335185952	61.83588899996748
82.0982065904883	67.38964270368062
55.05607487717471	74.7605273168422
76.9089875552692	52.75028080892107
82.94330931608403	70.71543120296982
68.29206569238626	55.76767922870414
81.13411038066397	74.52100643235536
92.70439413735704	89.00719594212286
66.12523844024378	74.83260272467064
75.98753301373779	62.373248687680245
84.59368854482076	76.00279125842259
66.11060702080519	77.24587651063197
83.25019242645568	59.08278680612066
79.5421025738222	56.1561732663834
79.31060456412698	57.165081119753076
74.3157699752997	71.26122916343189
69.39113619755248	56.05634125129982
66.95899872048275	52.08343568849189
70.86876028044823	74.85909694380143
60.44973776810757	62.74620923521435
76.68936954451023	51.08311883276199
84.17551437096171	36.63163846657132
76.73949812474463	77.62379985063632
84.1431514391581	54.08106203440485
77.19905916303019	69.80011911608068
68.67115042555332	70.48234624351679
69.91970419018021	59.23218977744159
100.50313170451255	68.28821612328585
71.79509262639438	65.84533304817597
78.39591851377341	56.35168470869783
91.5632854260415	56.4636963276382
82.17267962589258	69.14391139682684
90.68190941930656	84.39192722965032
91.30743737310277	66.92895583586052
81.89503492888912	56.36227540680499
73.08299469698363	46.42507890232472
70.45126521454954	71.1132016245972
78.41397567135081	69.2947839618809
100.89900178976222	65.16096751040885
79.59269488806969	45.74334732875149
59.198630241278806	54.35452853123576
85.77304234809736	65.57795826281968
76.1753371512798	76.22198159882338
67.81795953436682	56.10100727138506
86.60130417376034	60.711878625385864
65.63132398234075	50.950954573584326
61.4331633019394	74.35092938701445
67.26211961577307	67.66334054832075
80.16377397447904	60.42955220709115
70.82934767772397	73.45795045738662
77.86316311514514	51.018422238896406
89.51982822077366	62.04402605821747
63.22999157853755	96.26046852975978
67.72061491363985	60.417133668178685
80.66015712344738	54.683545981649665
76.99111300256952	55.53529599156369
76.20452611556304	65.4039198825329
107.31285789848832	67.00995122193433
72.39111290368197	67.35906598401733
79.46749352030886	74.02087337752985
75.71707577383788	61.032438093889354
74.5604764660194	49.35315377894049
81.38644023450956	78.90031933681358
60.24386741340915	64.62997494481975
61.50932767190749	57.66800250095615
66.79725542469292	79.10054119814119
85.05394623262616	63.20087674769563
88.33852374088718	69.79843782316362
53.75468863326834	61.34559903377835
86.47021837108245	70.73008431268126
63.33991250137308	58.72080441642298
72.04819618678275	75.64110045686722
66.66116095408232	51.46784812978464
71.1920245407327	49.26015735140671
82.99626035868201	59.49279120083039
72.48916220262355	51.40699011101213
63.09162652708134	68.47843620205815
77.35823334824745	54.244759634781886
73.03743521253355	45.20599030186232
93.88588290821494	50.80627941532001
69.327995306747	55.458729543903246
71.05277732183743	61.13381473662599
75.285834919977	55.96323285443518
76.90983518059014	59.34686059498652
67.99192173256776	57.44020480454681
76.61070019935956	62.69677563300842
87.3460330035992	42.77692574488968
88.36660898290899	80.64503694138949
70.8954503104729	57.86375586153266
58.70935059588695	41.085626855939836
68.20078271137425	66.45885220671644
71.31393615824986	54.103533446922924
80.84728490848416	50.658055466263804
71.75041561622834	70.20228018407965
94.2860410291596	64.8899143422731
85.35619537654108	56.942881845333794
95.71752207500055	57.86448045360622
83.64270592822949	53.09979342993044
73.73181559259883	75.73169841227266
86.4224509891809	70.7590983130808
54.46957384236517	60.314289051992986
72.18164264656103	54.14666837264152
72.75206326042652	71.4569244353444
70.04993742044202	63.623614607110085
92.62417572677747	54.661774850060986
88.10456627784527	68.79394043037668
73.33112159452047	69.46088251005143
79.22538835223774	69.53870243700342
82.44089072117723	36.311455990411176
68.65189067649622	72.70853219745025
84.30272377787138	52.431406564999065
78.45072931861785	70.62516545177047
86.42274818173644	60.64702456093032
76.77553867668271	58.979575155830695
67.59452708948561	63.85839568878775
88.84012659069137	61.644174331475654
65.89706299349587	57.711871157145794
74.63344637391431	70.94737167754987
69.86441430851688	73.46358701688685
77.2603568937006	54.70218669892886
73.71512349539232	68.17283543134992
68.53165285488602	71.73275165595851
76.32203491468577	62.72418882266898
81.51877587794841	62.2665413188078
73.9551377813821	57.67468243931407
73.6054771346438	54.745813241583406
57.86845139747827	48.77834847273815
77.74904545851825	78.90436220189125
69.12926296169734	58.639788546520336
72.22011119291646	54.62674978173156
65.34171138802576	53.902884604332314
76.45051133339126	55.075339477712795
72.11874530298238	82.15015367366246
89.9524499653012	56.09735182262402
64.66859108456973	37.43253994732403
84.79052948081936	73.5959012014604
78.05507318523246	56.29453304102558
84.2392593823767	68.81149908225785
77.31639648234565	59.367579038049456
71.45749488190368	71.47847336714759
84.50330153001688	62.00057538076055
58.62678375566976	71.18566114589098
74.4041043845782	69.00100443973024
75.7307602498742	51.34109385096534
73.40889863451146	75.26626555878282
79.28511216993975	73.72664152841618
93.78798220048523	58.529856476661756
74.96499266369757	45.23696055086067
69.79021418426701	80.3708320585105
68.12300610380571	70.38798637762497
72.16988671337529	43.130959302328094
85.03162306377173	67.20777938122549
97.32184153459802	39.38887453453316
93.56922263399825	52.468631208011466
93.29295335121549	75.80231600265462
74.56891421970839	57.33916570941857
70.43832053874814	65.34391193675441
77.17930660391664	44.3441274527962
80.6255829061224	58.22334577695805
92.95929468601533	62.893468549043185
85.04307654770275	75.43008896028385
64.05517434789304	57.48688401401945
81.49879181605091	57.83992945985084
89.42610171491498	67.11686704502074
77.40559306973144	72.63751888173213
63.41806871884344	61.157400201331036
74.05607348241405	69.23846956587674
74.03940142519387	74.78262981565187
101.33512469521422	40.69353716306407
72.04120159165447	86.7809036277172
93.39354230516035	60.35733597800168
70.36225669494632	60.46468662347634
85.70657275771897	60.368394042033025
78.24416888680895	54.34326125549825
70.23734276425536	52.98389647221205
82.31659296557345	62.21100623654837
88.60614157556373	68.49015646888502
77.89489666426202	58.977855126725785
93.76837471633729	54.22126905778375
80.4998175319933	67.39190779952877
65.44682705301625	66.89078302660819
75.82595119183529	74.84164921876427
84.20087015685706	69.47116337077594
68.1672216992003	45.59541058729937
101.50375310360604	72.43761529326422
83.33489018601907	63.604434802076504
77.5929825356972	56.47681117461763
77.46248534429512	57.16637075244835
71.11788026401437	72.98924673704532
91.94420614653261	57.32999170542817
70.19138335780809	68.46694694729719
71.96377909128574	41.586488253231025
96.96452053468101	49.97641486411692
52.67348263921687	71.41815462040948
68.51419685449852	68.66795386323712
83.24275170370919	62.09808275469382
91.0904491775732	59.529657045387296
61.70270820041462	52.42856775198799
63.46991929292199	69.78704398348579
83.52391024918153	53.50745855944874
68.02388678440023	80.29230729344921
79.40254134383142	57.62161420547426
89.95847498987533	79.88529644320471
77.31862866168137	80.35633821054512
89.93049746437435	57.05935509288221
88.8288138017712	62.277397912865275
97.70787600112985	49.370797946109846
78.77567587964069	60.427158678322215
70.48676167122632	67.06814382444738
76.39273885030877	63.95422219515926
92.30799388495579	69.24267120018911
90.79787814437952	61.45846569440902
71.53894001117332	71.28500712267224
67.59982589138357	59.02030913442931
70.73834560090833	57.63839712686491
76.70657658408668	69.50375122515476
82.22131399806977	53.792973193575925
98.80258021758458	47.58794368628104
72.76661671791153	50.11950727408211
91.99909706560643	68.74901825535527
70.31645989803053	63.962394745729405
70.25544300502533	56.48959180215978
92.03804836299466	54.546060148031884
54.6346250993885	74.20738326396017
91.27422118303707	74.07223531425147
78.54587624993755	63.126796777243726
74.43640957246102	54.6823800989456
69.68749362050174	57.73478164902299
87.59190631530983	62.53051626751854
81.16151609582762	69.52623560504914
89.06373183717587	54.13387664249764
68.59159501379987	64.65037199997923
87.5984838772765	62.278552532766255
104.19966180534578	65.79205985435875
74.66437700642867	64.18698849149861
76.5301762212375	66.91798446829652
75.55259168055656	75.23709941644984
71.96120222813805	75.80814922992003
77.27669347602176	61.91363969504845
83.00726289877603	75.45717195235929
74.09016231399298	53.578881771633036
85.2118179916916	47.97154709215196
77.26626597374319	77.6498300884793
70.2634867755056	83.48814206372239
66.88469768240356	61.673896886837575
60.870052721942784	49.955355802056594
76.9248325190743	67.29891247386219
74.24720521064012	75.80336129232185
79.55684591304556	83.14797784353286
65.33972948634242	72.83033035546948
74.16350477148387	62.16316189228671
74.87182962520725	79.1106042667654
73.6443737972161	59.21064124746406
76.1879978427445	69.41360642363236
63.15668764359928	43.84427758503992
103.83733299866897	46.141321856103445
81.19702956053156	66.12742877806842
81.72418479523286	70.34058115713299
66.52254748855194	56.35589130783937
70.67022089185618	71.12752652101527
70.22256031527388	69.84468972716567
62.29786130925246	74.05054264925107
70.44233620707101	65.2405762699774
84.32181159776785	74.77025841207883
69.58782748937844	63.22598101545381
67.48967429768282	83.188860373919
103.2696144779247	53.20581287272271
85.4695801075917	69.85517330659603
63.91402152507636	74.48561660106637
73.05141409206246	63.069777809603465
83.49378359304879	63.621375889526156
77.18760433541063	56.95188155158704
89.66851667350616	64.21244492355726
69.39495945440414	80.20184235116562
82.78610276240342	69.7130867553075
93.75233405404559	55.60694814634011
89.8233399750799	44.23708965624361
63.375458771832804	68.80917934755827
96.02625319713223	75.5800497986977
79.72401700315302	49.426480481477896
67.54845609249563	56.218510727775396
69.38604152636205	77.08525586266296
16.12331922425102	56.415356653742315
-0.3972186588313189	59.96026283227903
10.644037236246898	56.095246955420954
14.650446186176097	62.424087523418926
9.326608859381007	56.489365035664385
2.8572008166328695	64.44559738436018
7.111124544639171	35.15326500661877
17.059012803766432	63.4012065309876
5.885129081675835	40.36287084253891
14.582123267203995	47.94911598333302
2.137630621167972	49.11964954913507
17.724141105425822	32.66171054650494
21.26847006422699	64.02734526215426
-8.086011024403952	49.30449160648609
3.9780307285845407	52.20522697441171
18.706096414592835	43.58204095363869
32.634123991098164	56.61435620993477
27.517920423172434	56.40835747827854
26.348678511420264	56.30632752240894
-6.977703961061813	68.24077491699799
2.8168235606497127	48.14210486703321
11.647644873682973	61.86006889739966
14.391363554533058	51.94385493969426
28.353594136061478	49.10806207883971
7.729035698427191	29.784465035232692
27.876430130738708	53.1754279386237
18.62844148852096	50.192663157501556
9.80423717949873	43.89156148580917
13.714994748836542	61.877554601498424
4.758502678173408	71.89953224100526
-4.31591149729595	34.287230881462804
8.858886152571927	48.59574613351876
23.661425360533492	59.96572111064695
-7.34562256480292	48.19360378365303
11.319159484574579	68.67054760705444
9.51249952489436	49.761477817965584
18.011092548212424	37.42385352154653
0.8139540151087115	43.71198478930195
10.235105975838477	54.464968493803504
3.408177013342536	56.018840597539246
11.857389082115663	70.28752443183731
-8.142941612703446	68.5628085359843
31.79585611558007	64.05871388838808
12.500116849964211	67.02625270238335
24.84254156428289	41.56880554609571
16.762475279043336	43.326435896827455
14.319282493604714	79.16301208116323
-8.948052624559537	25.014986408801402
15.548812945374342	69.87720133682441
16.684024377628987	58.33037657027522
11.525963189073405	55.10887638383859
-10.580901542171404	57.087211659546114
-5.431930572343873	38.946707761966806
-5.169724231678723	58.62323164925041
-3.0029670743928065	59.58779309397407
14.949092514087873	65.07579078980929
2.8364914122729283	48.03338460479457
1.2340505622207232	73.2944911215054
-11.810910150549624	57.745546591721485
8.979531385944618	56.86815541373591
2.3630612752031794	69.96391338650818
20.37581680073368	56.29534849927984
22.570613845679404	48.48894820000829
15.483855301330568	41.110650429360916
-0.40028410244083723	56.722678919116674
6.150880457704881	59.710080350579105
19.521849630024306	77.6818270035413
6.907426735450297	52.528682709587365
5.809974541534321	54.94723521031779
21.130281020164468	52.58980502413161
20.314335725853937	56.23489747268231
-4.529364812830124	40.72148748320325
14.861878153281978	66.18127963366248
-3.160331330969637	60.176278954625786
1.3511145135916518	56.56042953843569
26.92804005728525	51.4622865876148
8.566642051694002	52.256565658110716
2.1785090255741455	65.39632643950284
9.303314039979709	57.144975778605236
-0.502447561234808	63.198660789405174
22.04870630078988	57.73778630269693
2.012232817369819	57.532454726239244
28.493465575344946	54.152039095695066
9.575639482609418	64.76132359138298
18.197918764551318	58.1123808230634
-13.398207551068175	46.8200987069907
23.088053707591975	41.18476740008822
12.529015893629708	51.7536271424389
10.293877641798378	37.14301887968016
8.972258127996481	74.5361746345987
6.938091835957231	57.13598623920401
14.720840716847581	50.73780463616536
2.985368535247347	26.87856962440348
16.019902507081195	33.437227719890096
7.380401221489935	52.01179428803649
-3.662340629285369	48.874415620406275
23.881990352730625	57.65589577611103
-6.185339649489066	56.663543383942915
16.116470596700815	54.40900859316922
-0.3001072860336045	48.60420164426143
17.760214288357986	57.731539010547515
11.787975037244124	66.48963025213408
-1.2339516950419895	50.343419604758516
18.84973788361733	39.77284673460741
12.072239379989774	60.50119210747657
8.605757623420333	60.0792633748236
14.687599583088286	54.531908267855066
19.074447921818816	55.65132616004855
4.416100901805792	63.593258231059885
6.281678470933123	48.47410230247294
6.703868027878567	43.2537910695116
-4.40512662028836	56.823659195018166
4.510292377050074	46.58158956356198
7.977509304296985	51.1281526551889
12.8929723491893	58.15323070183953
9.500008400972755	47.7793887394424
22.20156455580524	64.29307799482
14.679764392979394	51.04010823819089
5.179224944375397	39.86441778695392
4.157324003319928	63.78005102367922
12.828537012593845	45.55673097336344
11.714635140913423	54.501158559158135
16.966459878251996	57.163854902909854
18.926801491742623	55.4440948513822
12.483897733647611	48.51449033011347
12.935498939250808	55.40324328830292
22.582873170446998	65.24602414937488
3.1632028608228646	64.82771965436795
12.44654049704251	77.07063804772227
10.36841297616662	51.425640902939016
13.093204917591212	51.44475757434812
9.314169915398296	63.42158590263448
22.848102875111522	45.080760989421215
-1.9363390002272798	43.39288615818813
0.5133915449166562	73.65595911328458
14.9317308543569	47.412210100341504
4.582764886275529	41.71386527343418
5.33024184501451	43.506947311667275
-1.7183323689632815	55.79610510160393
14.956235228042985	32.79628242102099
19.32371380244849	61.898899857993584
-0.41543287547255225	52.20515308389382
6.515445838090828	54.15824369106962
16.54805180912213	38.45868822394819
-0.5522350162611502	48.78405966046848
11.157471928921098	56.1401030594525
11.90660717155002	77.94012225275897
12.038437634121129	57.99876543513024
-5.883046526758076	56.84873730757515
-6.33405324719536	64.82994255870742
-1.5671081784222771	32.305516136599024
24.973481348858666	67.19255072913286
16.098105641528957	44.5854928547729
12.82794004120278	47.66205902828683
8.947308780329084	46.184800107027016
12.360262630389851	66.1846941429514
23.185558608328325	70.10758662925222
20.53870920009252	39.430085995623784
-3.7704999474523824	54.88250623839841
20.6495272310737	55.56892850583695
8.979334723023202	53.6581898002776
9.451740305848869	18.6351417067347
8.049858755184777	46.2415323243242
2.6002400519382576	38.40809237458695
7.396305317023209	41.48434403198503
16.707348457924116	46.78674783996369
7.193058835244399	66.81976442389787
6.308812297605542	53.5318042800285
23.739642955751236	41.539286771262326
17.426391464704892	27.894834889444596
10.030568398172802	53.39677561148774
8.67418191658423	44.76275433297611
15.71748439067118	52.59304459031624
0.5960965444077964	76.3075935487249
6.143679409114267	39.91888203484429
7.1756166423306045	61.87884261510518
3.3050488476810953	70.51464442268207
14.4181472641377	36.994586356442284
19.52259541951514	60.87286854898662
18.810219813848978	68.14603747673124
10.911216823089195	56.84453743728108
20.855985625336338	57.89211853981179
4.239169247010111	56.25217731405993
-13.61422440605277	34.74220045503738
22.27502167718319	51.821304005476854
1.6719398792046434	51.741021217950376
2.1119567337087783	58.64833774946489
13.500744421722358	49.74297552277958
10.473275266401492	45.38461454077477
11.476483605284615	52.53985005101156
9.048544702816653	41.29329119975106
4.738102045662667	65.96929096323241
12.24248146120919	64.31352988644196
11.54225917710453	63.3367887436104
7.046256563035922	65.28463568095239
23.452753479894888	52.084544305795696
25.551954765589358	69.07030616577175
23.78469426981961	58.88532851438602
8.580081925739362	57.53066503382768
4.392370119122006	30.482275516631162
7.614878468182619	53.34981246422322
30.057144412613876	54.65111688879888
11.12444847331189	60.575518587523376
-9.029998761920488	61.1540823992324
10.54839553288438	42.14642142038018
-0.4227967017962566	52.29856485401381
1.4327720295756965	66.89973639233938
20.55913633945918	62.939634647404716
6.989092143383596	45.10468247023496
-17.862716221526984	51.11171252460448
-9.14081433691587	56.58397816558067
5.7511895042111085	52.241786859848986
5.033848297856154	60.414208112894684
-3.6474924246625253	61.54635647837328
10.066543372922125	58.94540637185933
-5.476639408338624	41.5125321827561
18.519081388578506	55.875081823654824
3.501281748825164	50.80494052446302
16.238337623925982	38.61365738749304
27.33246342951414	56.6462697524427
11.086784354947694	48.21478922768782
21.409230954080144	71.25995504577949
12.247813112151174	41.18595075870296
15.486752556556421	49.00082922125216
19.505406388519816	83.07130649154391
13.254954577044256	56.298494950612564
6.113018118995232	66.26433019436934
5.2592865506231545	28.74407398281076
16.759425712227813	65.69556331820658
22.65489906765453	49.253589146348766
-6.00023605063134	43.92072311661892
1.9639729132703625	61.83034776343841
8.69635848584281	59.31758541252304
13.189454761850472	62.13692190985071
2.284169561620482	37.71136026512139
11.892046262713492	63.035743279698586
5.763477013384102	51.881279195236026
28.49594293000709	55.38956927016134
16.807828464014833	33.22406323960986
14.898969663430798	63.11157754998393
-2.1268507389530384	47.454793156330965
8.880955150695865	53.81728851571607
14.976947797994193	69.138214873781
27.777669431901447	70.13019821364237
10.720815161511887	55.452802550453725
3.2368724192701794	50.190313353138365
1.9096275719953688	56.4416755151335
-7.92157618664114	49.07122174802478
1.2909053110618398	52.628487416068545
15.77206469744991	45.2782712719938
21.693203538931584	47.52245253326553
16.307242315686704	59.7496199126737
4.154413649828385	65.99822570384052
19.122985734354728	49.73830455672717
17.986420604871984	39.90955259948896
8.69018568028622	64.53180945628216
12.29878506383157	56.95315993973422
3.7753321912270286	61.27260488680361
-10.912529653988184	63.957614550768454
1.185317565768278	50.23016836242874
12.457021786557625	55.11022360269774
-1.8883841569927018	51.39326126929801
8.28725273506969	65.95170566529116
25.743280992393142	66.74072184221973
17.338675672551975	54.313995306292064
19.47176680188037	57.64467898784654
26.34944442659431	49.29298698787533
22.557986757299005	62.82613911621825
1.4593125051733953	72.1071333964819
6.930958721021769	49.21326490157777
7.139387190393556	76.60954920218344
25.023739984727072	63.67287228294254
12.712540110352784	50.519994071436635
26.356619509070057	51.023462780101205
16.400418780682003	46.153804539949114
6.727949545537944	62.20326767070574
9.599066600669794	61.904078972987755
-7.430981046414352	61.85257878017882
17.214263621283504	59.99943073301772
7.428091338205679	54.427913449218686
11.714857752847587	60.38983045226383
18.09716494428537	35.09563438639363
9.502496625987172	53.09991409047483
17.741289501417487	58.12885810578276
8.688334021997171	46.59979131814406
-10.848817770263768	55.75916984316583
28.232313448447673	30.834648731808876
25.348755380618336	52.90058559524088
1.8110984528051706	52.675757312513326
4.869630431704173	44.52453868418016
7.093070440574508	65.1223303436124
23.18879832389097	68.61974658262513
6.413313057621271	57.39914095087682
18.269923361248612	46.364928108747435
12.791027400334517	63.69346325541688
17.628910118137817	50.47976253242089
14.13909162501962	44.59264243784462
28.521018775061968	61.42303455462767
-5.3973658866580685	56.879660459915634
13.07002624607356	61.953991884933735
28.548392934593444	55.95857425256882
21.915334757909175	78.18267483660172
8.299697856457817	56.32999955261742
17.282374161478728	41.17153599939431
0.14285815218022968	55.34240810157792
13.484545764560693	58.09862837888627
26.86231308874078	73.44328391353905
15.790156893636658	47.71405837495062
14.073355800826317	64.64853020188372
11.824888614658143	52.66186894075852
1.1330720423735077	53.40906265480447
-2.7711700486684716	59.48542910220682
12.49786961738522	51.685066342332334
19.742632249904943	62.923066218951895
7.505944269816414	44.062594899298574
3.561504183972545	57.653129671687246
-6.610183887320989	48.38265290234994
7.553323555929495	74.9837453870893
14.84275275333603	61.44337133246955
2.395766210698234	59.786853583276994
21.206809367423098	56.47739919533283
8.335080737068914	43.810786952557116
10.001099528475654	61.47123226293522
21.37962407081966	37.76248585920104
14.051954108046916	50.03100192498888
29.01902485118067	36.52758388185208
9.071676394304621	54.14761551184005
18.431664685332855	41.91219296526069
14.590831827419587	36.42046052386048
19.615911962227827	55.6422123748815
6.942368593251007	66.77250307071935
18.308010607697106	46.316602740569024
15.46034229835611	52.16354146296904
-0.14944898842976073	48.83338906468142
3.816618076549843	44.67788879118408
2.863797167894324	39.62025329517687
1.2129914917099747	55.68307382905637
7.990235203442413	65.50027152973308
12.912726080195995	46.17304888966954
-2.059204150639193	39.532873149103594
6.867988941935074	52.28749126672749
18.16374262305195	66.80335281605805
27.960571132966017	43.2535736291497
22.05999865458528	71.60842508284901
13.663703980645712	61.28271999020655
16.950028850542495	71.6589539104856
11.60338473233263	39.66723054013636
47.98632624972605	51.51059186971918
19.723091373256274	50.47987731142149
6.568068191847836	52.91184179180365
14.965659354524316	62.813192641541875
7.4199261421298495	56.05628804934518
10.787875250811169	49.63238467797033
-9.172592046921245	71.75711954136605
12.318158924880596	55.90130439174397
14.922089912618032	46.9330103828805
2.8063990675562733	59.58334658382293
3.4729040506154716	41.01633710427188
21.617503875987236	84.74315195491793
11.101919124395492	50.93305723978603
18.75446977429351	50.877234149886746
13.655013315683142	64.33297134170432
18.563422048441815	53.96230046551721
7.871921070044985	46.98735905096497
12.44170052831095	50.279209362972765
4.68477811453031	52.61110983388249
-2.261210763671789	43.4919827264921
12.488764835864854	56.09353947845991
28.790558429716764	35.03959834486055
16.602173815162388	56.1230010117998
3.2461910635322813	47.27073527384661
1.590176266768486	58.56744501148987
25.18102142559676	72.01869479530197
11.45437495972914	49.904176096079894
16.45530771375	56.01010976148749
3.9673513280024952	52.760510540966855
-2.5400625659879115	46.57515093266161
24.548406539735524	45.957065731094225
5.861648214590307	55.34749314616421
19.541219948696863	57.03375510915229
6.018166102979208	54.601155518993295
10.10098399454616	56.6376028761683
13.665505094262231	50.33146744447933
15.374674355639593	70.99966804947874
6.439390662682535	52.78380617999213
13.124052940326788	50.374938707973755
15.851859037289756	30.678892257164716
15.545094093829315	42.207899644788114
12.917497268215488	61.302027659264326
-8.273518284735797	47.20356807174973
24.23502360142998	52.55971882088753
23.106615073407102	48.34985101063049
20.71302717706478	49.93899094974715
15.008539183905743	32.7554710015943
5.884757601952284	55.440721061012724
-17.01007072830145	46.96203336021308
17.57434417538133	44.32620499065444
24.881387882902615	43.50282756641823
11.04334360306731	55.139561098413665
14.971990802518844	39.642915889428835
-3.9044745934404474	67.36948385731372
10.981960254444482	60.13620650913449
20.712610093894178	53.824378744239354
14.179202771336822	35.18101623130444
1.5515862453368037	63.145776893574904
17.070426180458732	54.91103044540625
20.770919367812304	59.43919054862964
27.44401682163057	57.81953399590975
22.309912265233915	49.83377076727606
8.128997791479009	47.24320721117346
22.254729672649738	44.80748714300215
13.612701056953355	54.67308083018171
18.85106909834363	61.182010385483274
6.206030371376504	47.54436558975552
5.938436041225321	48.69579720222851
1.9505723238181822	52.79588143530949
10.63827419959558	55.16331439561445
20.366579970101416	51.580531026027145
22.34767509655685	53.186152366137165
-3.5753733162399985	62.0110364314762
26.514053711243093	53.76983008159723
-9.801943816019818	49.098999480667466
15.029670868507623	68.15330704584437
2.394381032801599	66.33808235196759
3.020091648510741	52.709041157819826
21.553712699379577	66.05909388607978
3.5691995890282824	43.4920280371565
16.238465283385157	64.77630314384407
13.799131244053294	68.33023573466065
9.483865098449828	57.44785101427979
3.3328333935164336	49.87319371112128
1.7740252609957654	47.35263606110422
-8.25450452282604	60.27069969955534
9.271401270787452	43.6972967152882
3.73212785876476	55.19849654673316
21.129577581264435	66.3299684666955
8.795913968566012	56.55475016276667
19.541727995471717	55.17174457738466
-11.153750587175463	75.79898061659912
14.63734092989387	41.783653577723925
-0.22836132349511296	60.28920075786171
4.765018281795557	68.81068422684754
-1.2279530456764256	51.54216478767451
10.446828094630755	47.06643933444002
11.56457410888789	69.23688149739095
10.863609387796414	37.14479631580447
17.633608076175495	68.42874796688818
27.408637257708964	71.11463125400594
9.067315376890878	59.46156217632245
21.44079578357201	55.992222986734205
14.770037369169287	33.98050369111584
17.656554600746432	57.4792368998426
24.858178715205767	61.67582249942114
19.03404181646253	63.41594914768591
8.027426383569196	45.60893467342044
3.8794169378085197	52.545282196750016
14.19834682678182	62.1312267875059
2.29914677931953	57.322441730418454
21.708680087437394	56.670540928615786
15.010751748331067	45.38657677414366
-2.996038512338412	37.31777328423154
13.206184407799231	63.7828779102169
12.282315564217077	81.33389326885133
8.009069411478682	47.83490487978014
16.96422072473657	53.93881889327285
4.773289436520408	34.853456374096424
-14.611970283367018	56.45241215660231
19.638226900251183	41.99384201611918
15.81786260501217	55.088563036090356
1.9377950892293825	69.52243713991231
21.18518320270203	73.71533207494738
1.7378080262339637	70.28433332017822
9.166481390844432	62.01080418036149
13.530220910740557	60.84642269910546
18.354967752277563	44.58516146614834
24.568643399452675	68.14409331016972
26.954077968209273	47.34276262616109
0.19330330110981642	56.80119619974464
-1.5048411633949286	54.14833075290784
3.9600522546020738	43.13281950226068
15.929402403071135	56.98086799006536
6.872295286277163	72.40058627235501
20.926306243840195	55.66132337789026
7.648854855420611	46.39408464160829
28.371787528094295	56.9837434081205
-2.970174488283506	48.90490106191329
19.69795610086144	63.80557715340062
21.404835760381374	55.978422347435604
-1.737981614635716	40.26027217590099
15.936255093962668	52.3986341015372
10.737366197038634	62.742531742642306
2.845692470761989	57.88893204329876
9.466268454684917	53.7920099602812
7.423743087769291	60.06000202710709
12.931586371768551	57.46766971368363
12.716473221915933	72.6656667484705
14.012616645390215	61.75756443264289
22.40535187553664	46.384157570690306
-14.773275949389749	76.28882427579416
22.542656642865524	50.93494770669398
18.444691279353364	23.13956060764896
2.587908323078068	7.798613830203251
24.978896393154535	22.11593786849967
0.6188824633947583	1.9310964576957321
25.922159477432643	6.113490533237529
6.262514444353542	13.190140830105856
38.086200788439236	3.7253748871375585
1.6169450324579415	18.69013664965215
11.049418678078856	5.715745649782359
27.997940402797923	15.497730324730677
33.78264225999874	6.49894577325021
28.717750506411313	-2.3523712728259714
17.496471613711517	14.515618733495629
29.877386247692733	3.728124604557797
24.484867963150045	9.289105817123989
8.491970963139892	20.118120178096834
26.154369241071063	-0.5808773482562515
22.46553161164453	16.247357769469886
26.49849504074725	11.958509137801718
28.874790861583364	23.675685769574734
18.426721736582802	25.52750214112476
16.249166128299674	3.484970630626555
17.437593649959343	8.886007367139756
39.866265442806466	2.002619081831252
17.23734713810611	15.776224988432174
25.770499325398788	-14.207146341680525
28.34662553778476	12.632714034907517
19.753204950784	14.236391500181824
24.599863918399283	16.488353253524604
13.73396424941447	11.317363036015987
-7.105080160321915	28.25044119847388
24.31719796022873	1.3120802140797032
18.046033000375225	11.133596075235216
14.371336491371068	10.38432423186138
15.961450166339858	8.705273326180514
1.550988263283788	13.017888872023038
8.316199618086271	11.352895434608447
12.197765513995169	25.52694238843025
15.618197387108262	4.322489737156428
25.578505195421783	11.687050210717892
11.9643722417761	18.072171505373888
42.60103800247081	16.912081757888565
16.02897689280548	11.665214427880692
14.381958589293024	5.674569865447983
14.12924326262059	-2.5587300378646436
18.24478986102524	-9.139073515369821
24.283369940116426	11.396931268560566
15.97801688260151	-1.1867730536824297
5.821114925381126	-9.681393639203348
15.965724505485952	32.679992563335446
17.435414224593128	-7.500216136618553
9.104612502624112	13.189884159269967
18.569508236245284	-6.590803119870598
3.8240261704388203	17.702962059496336
7.846304457265658	14.608203842916375
16.20775199119389	8.456084186076067
17.851435509866974	13.409807403569847
22.32943216370017	14.137838938629715
32.51497189311368	-5.187015149893666
12.91266040050672	12.70666545586405
19.05584958136026	-0.038276245894644845
1.3729233012513689	18.69354058961471
15.81219457507081	2.413677218519899
39.00283399506081	2.425823962296155
15.185714142303354	15.00940130900619
31.594513458728095	19.10447807438264
19.801780334238387	10.342409394318276
21.65959952447595	13.811457259413709
22.91600611375589	11.548248775856418
4.027525064702482	26.2565188428643
18.149362775515772	17.50840960665674
6.407732350634797	8.74639668171724
6.642288606696711	-1.4708632171321057
16.68328687856883	-7.586127553255631
36.981938266681304	11.17064016553454
17.16341807481653	7.484727287394611
22.479499321387358	-3.9057853337093693
35.45987280036694	21.785657871651722
17.359674796201	11.121179185719907
18.065991151733403	7.490360625867513
-4.391489168398955	22.577177650748595
24.213913297336333	13.35729845321026
7.958364191286909	-4.42312728563655
24.94874342752337	7.847461904864702
19.210913301816493	14.661081374016325
19.42156671669254	2.0271653386454958
36.47628724315364	13.315345159781632
21.634390616802417	2.5793799449779087
20.933551775630928	19.985715025364513
14.15063918700221	3.030506024603027
26.49155977228294	4.84582972678854
18.92677850205023	20.452151141422124
25.375989470685255	0.5401219427171249
15.048979985174702	18.203749486511576
18.309676450893946	21.20324541867953
25.56846457825294	1.9146954071993783
10.842502412932605	23.512905513834372
16.198395361200657	10.433735948949826
24.466741112221882	8.740619309236113
26.860356604057923	3.3357240083557844
-3.7340607444006793	2.314717787340639
20.68298951432631	10.646674647100257
25.485290067030817	2.62715437128586
34.357357108660366	6.027064850906183
6.985653739726054	7.884790936597916
13.773628633643137	0.43262653674305085
23.21000913599926	11.814874597648085
36.15713917336042	18.744086273533675
16.52893231570172	26.83110622447606
8.528378514496179	4.865409572790616
18.349267397007907	15.66622126788356
10.177228268529067	-3.5338191715322047
33.65503362244536	9.34562550540657
3.4919721206240393	-0.9862697409921832
-4.589711518263957	1.315527734590873
40.66667818099369	6.522948199272608
7.691086809539767	20.657739591865962
17.92341390961499	10.323488000900156
9.347647904395304	7.129950161201463
34.630922086566635	-9.626587552817371
18.259793513263826	18.732054574330796
24.526974307225014	-1.4902675375669254
21.651163511833605	22.05740928241301
4.1673372742928425	17.233145472229154
19.458143350834302	2.5273228967242343
24.627858504524177	17.960215784640667
15.519092736799637	-0.8560821803838561
10.006098446205918	21.57984093153936
28.684316660354114	14.34063368565185
28.072838497066016	11.43815609399247
41.54042464637139	6.7214203109785675
24.129982905173318	-3.9167791137263546
12.56739432393173	17.863442163458604
10.118030153981598	3.53708823660544
26.692927418659796	15.384751035991648
26.7551472617887	9.29193451550566
15.191353901191436	15.60448938706704
18.895699798218725	-7.128514191909721
20.243575181362512	13.039485346020365
10.258224821165808	7.594515780884603
35.24791475249653	17.379303960245704
26.608244837977395	22.44461286720685
27.0618344146869	3.0957387784358197
17.316388332760827	16.590998500251807
26.98149440811563	9.367366190639064
12.982089955307885	28.906275805681403
6.147289388873617	12.825200396251647
15.97236856633444	16.232767914319062
17.099914435322525	8.795491843583173
2.415363784236508	-3.4680686690802087
10.96827784586007	-0.6586153905093717
18.20356691813321	-0.06210731819928661
12.988783504511689	18.36285294658257
18.83360649549115	17.608113088886505
11.163533805161656	15.406591661491628
25.913763824713442	8.731975962152589
22.24796451875803	22.536585776027646
25.90289390620859	5.791568053015911
26.212851205854264	13.982027860582889
20.330915490294817	23.403293386916936
10.762969330425467	21.269024169223755
16.907503020401137	34.32263739540113
18.12174894054953	13.68936883450023
11.475739707421157	-5.031414696246623
23.05127355837316	11.323203540598263
14.950253969690241	9.504946409201432
20.55635524314181	10.301272198173937
17.516970682568427	14.577065785019686
16.432915068844743	8.214598692483664
-0.5157854996867535	-2.0031291163674787
23.284841181264053	16.803169202485925
11.50472391438097	-6.0102247879487525
23.22819671900443	14.678052868795742
7.76492372985177	11.106872111928274
30.428276590935965	3.0165893886990593
4.172579321263395	1.9815083859587244
15.349642444995096	7.7032436052719255
29.947470287978447	22.236637608722898
28.585628960324748	27.821925226864373
13.834297145171877	34.76382831067584
34.75586721344234	8.78989415605056
17.397349017056047	-1.144986864961787
20.592457120919814	17.781715216068704
21.908062844374687	7.735908998938978
22.2053385492532	18.141542123059054
2.9722209880988437	-9.633844277338179
16.601247534545088	-0.9434407844098054
19.25044724689327	17.03572248866821
25.253357462916256	5.985628970103882
8.244599260912501	21.718250464839148
25.940264234286367	15.581756013389302
25.29213791349907	-0.21657039674147605
29.042657527787917	33.649234499190044
40.455208775129336	0.6901780164126485
30.366154446699845	21.084096585765778
20.226787063798774	21.696286489758762
11.6438173941166	16.20494048259912
27.104273006530114	19.865152122933406
16.380938919003704	10.585823041588622
22.459637066006085	14.52777018687724
35.070994029888425	11.228057145717834
21.62001965787019	26.92787534447858
18.7315228915867	10.913683276810367
30.24803783702307	3.5729576727449253
44.37331990867016	7.506986312539977
16.21364355550959	-8.821450015770884
17.298749936869473	13.436398890775697
13.459727551318597	17.459979535869884
0.7642961205005889	14.192613270802052
34.17823813356858	8.626568780785984
14.862263890487515	1.8210617728753942
21.415605017320512	34.77279624965468
14.415254926449862	-9.230582205669387
6.174807231323852	20.701198842691166
25.682983671568593	2.441537955954601
8.923674245553462	13.803758829048196
9.858217663683048	17.642095950580234
20.596980845948607	17.903257170613717
1.2839174697407998	7.77365033398586
19.461442404752916	19.033767086719
31.871891181322752	16.257951871509437
27.011915430413175	16.019719775822658
26.583535118794792	11.358005199419528
21.905252508444377	11.091867433230242
25.49777583077331	11.984428312103175
21.83247324632321	14.994630354901876
18.620040140187303	2.0484459391790093
18.724756381637672	12.455550379721952
21.966138150139024	15.54168452126563
30.88245110481167	23.83849390759365
27.897052580012456	1.0514386020275666
3.9169706226407257	12.264276988120216
38.692607968637446	-14.320986242062434
15.090800585487877	18.141825628701913
-8.009428972265706	20.156066607933145
22.02636321056484	3.788931608970514
11.49061413074471	10.513226892212439
10.940770256503065	6.328207287998487
24.358369550386854	14.140064272985839
8.31655169683065	30.47354747150981
19.4304086659797	8.565789196726435
7.920785945611588	10.019708058209435
21.36082161876251	14.449724155031706
22.422773660757333	-2.539206353715146
24.641451266480576	21.606037014391386
11.009128341261865	16.49444912966239
17.358398792774135	13.353252558136159
9.018344289436723	19.304745608887472
3.213471284217359	29.199223288143486
25.191447322706235	21.845136067099034
17.631374043129494	19.31619996724948
35.33734718568859	6.012029729319438
4.201099630674491	-11.159798500009556
-1.4998470197951583	30.869130063799894
17.996362163258514	8.841662637572178
7.229977963367142	7.94292829792955
19.689872389120307	8.949221278195804
6.165543568470309	17.72437031505995
19.08245704701569	-2.8117490110991294
3.642590023873641	-0.4701413675695676
15.530288573712841	-14.174349948385748
9.989552545033488	8.880690787261537
12.38859728690407	1.084623016532591
28.488712055655277	9.630168965398418
30.25716883704427	-0.564968688513078
20.006057467141094	7.654724348641112
14.991482889639355	21.621279660967936
6.606249383923268	17.999402360433965
25.026961978314482	29.21696964905292
38.7401727764878	5.941982883664193
14.345573560057872	16.703552601131644
8.048847189418078	0.23895348397373617
11.414828207690329	4.413222120146582
17.75356975330858	0.7901965469808001
9.406561874863385	2.969156551742522
13.733314882980574	9.333904232217854
19.973465589270504	-4.831068274208889
12.297428074870535	-8.317109806620737
16.80439288291698	8.254330184192785
11.288814081577302	13.395747281799553
29.20548708619539	19.86223974810665
18.347350177608188	22.01386695942873
39.36863690223885	-1.6157248447455874
8.254131029471894	-3.8410892365260736
25.611087775755536	6.09729055306504
15.23519598544761	9.313812079282057
25.24980169519788	6.5258911870700045
5.596881220088665	4.630859990225914
20.271015633150217	15.204498100341548
11.809094832952285	15.834753293130223
22.717440647475204	14.644803098199505
23.117522166383313	9.223507440387996
19.835678910370838	15.348398578463536
27.006877961311567	9.148258677590642
29.692127529901562	13.059054624131479
22.90065864008939	5.517557517536506
12.379133855045982	13.128428183638597
16.44728178281923	12.778063760298
2.7790247694303822	4.157283363785918
10.05208581031301	26.3914192093037
22.28869289237321	16.59412414749835
28.634738278969778	3.3704053443388755
-6.162061903074449	4.855024118316284
25.086612529778563	32.37573094018108
22.156489028925755	4.974138041535724
16.102763629219954	9.828119263216887
15.244849662505631	6.10636115656706
18.504445057625638	11.123555729083337
7.825262050218129	0.1593161542302166
15.006278120260564	16.874397033607003
26.632686957017786	8.845250342478087
22.36658132443169	-7.057624161487263
30.689771832708143	4.871402781533997
12.454764804621378	15.55194572061095
22.394790938661103	12.31697093382467
21.61548972671865	10.666769188000053
28.846364966886014	11.142694664403404
40.44954620097953	7.56964494934646
-0.3660990115659608	13.858071441902506
0.8337324439920479	-4.024911245051651
9.348764320703433	27.59987186021432
23.63596119795836	22.167593200088604
1.9481473914156489	9.52930323857672
11.41350500879654	16.675823676999826
26.846474640389946	12.96225851838297
21.76575320326296	19.25859453447689
28.573343362037306	13.113990631507969
24.547653388201887	8.154278093247825
12.241811572427181	16.144088883137897
22.960114160874987	6.284592945280168
18.16137980339598	12.327626175816135
13.874703355016518	9.384796159042338
37.7130499053588	12.837564625165289
30.707440297192093	10.247078225903328
31.626196341553413	8.137494399453683
17.033842450528553	17.253429460558213
16.439688236082414	17.015404110705113
14.769246835433378	3.787988254227
17.09443366680825	6.4432066278316995
21.998393227465677	28.10784669939374
9.73366683276981	14.455412588842021
41.1421670690564	14.444576977674279
42.87869705365138	15.053978023342975
12.807976267698347	26.4569500362502
13.923086113436822	8.864897541815239
35.69128960440525	3.089069281376413
24.604251120341676	-6.263424609833491
13.20885894964745	12.88751633120295
25.930640075687947	-0.36893685865494064
7.498936809990305	16.752546072331732
6.051919480324283	18.307430001814886
11.486208078373314	16.179662350182035
-0.43931281005960443	9.752530973239622
7.552401390915673	2.5726963063915242
33.6526817468343	17.835898276984068
19.00515972320132	22.021956963184813
15.747068648089641	15.97953890240483
21.6991515834138	10.409019301564442
14.368516890557332	25.850296636105547
23.447819205071298	16.843109129020856
-3.883390476167701	23.692363941780613
12.975253166750282	20.439973585023267
31.75673531271788	16.59952893411673
7.764680765233257	2.977607627871965
28.837680229088633	17.798047213077382
7.1237651774411255	11.251919703061505
13.172054882189187	-1.4778417881089307
10.760163980029557	28.68852602147345
30.334523521352324	19.383996396732158
14.662486631908777	15.998945677238709
39.48641589974301	24.945380123613234
14.973897109729153	10.701041530986863
31.1874981263081	27.13947427891369
12.447020535719354	4.639929443814401
16.086923807273482	-0.08599801468318269
33.97445369944464	11.578476145176161
16.662178857469243	18.125609605999
30.37051569094583	15.000792205232932
22.146482891503492	18.105338622808198
18.248731420956197	5.087683360070994
21.139204319030327	-0.3451842669480616
30.519404920156944	5.313422871592217
32.73221135812472	14.391520923022725
17.44697707701186	13.56399805437577
24.65440351678008	-7.185444914277538
22.306585495066017	22.75658033612263
19.90416550587387	11.98881095622664
21.72015213988609	3.9044548243705153
29.164239496873773	4.132289475897798
11.575576807517157	29.166029706704798
32.79205247863401	22.365672741007778
6.792243113939373	20.569278529421098
10.796167120558323	1.8082921319833662
24.087394036285705	9.504808650305643
15.444984002768336	-4.488691880430455
14.093182963165676	23.147832753486824
38.56144980670263	8.513496327188056
3.778228824036928	3.3815543551814518
20.24090481988931	15.198260943632032
6.124771784896486	19.825444278508183
23.67338604728542	-10.73404577037571
10.469577812827833	8.20241892073034
21.11687867107719	21.391501216574472
19.88985726358004	-5.758715770511566
20.983269663120915	35.68442884734079
21.374623364646638	3.97672114194848
10.363443506370322	18.245900084984946
25.72831676601299	8.33363743352885
20.017423623667003	18.530906658618065
19.464328126788253	25.047229702800387
2.7097210279453208	17.990869961534948
15.061195876377589	-28.475051553258318
39.07539372301869	7.123733421355244
23.822872539264598	35.33649267450519
5.492747558226384	14.312073786967126
28.189971328667763	23.875694169824797
4.284748972746765	5.121208668053627
9.769134948510725	6.444067296493617
15.297858499128658	18.544296805022526
22.968291815158306	8.980877660751311
12.311943639999468	3.1117846450374334
19.1046772464762	11.531154917793316
37.14519344934153	10.412454945861567
11.474290390711744	5.259857049750291
17.2155730424635	24.786127575150786
23.395808600311277	6.3684426284394995
18.788360998242695	8.38965539098568
29.30729156384431	12.961235256280531
-0.4606440649447734	13.592033273472751
27.098715092037814	15.238866542373259
2.8142422111158965	6.091965741445509
5.646743640415632	17.532131821935263
23.650400866678083	5.429069382976534
3.779709717261433	-2.586526901767021
36.50619942281854	6.389910510296308
20.380342076681863	6.644569735872199
38.490072194613234	13.940881085848321
1.1869646741397446	5.865866406665146
15.51936028107628	5.040735739279082
22.31755027127558	15.07309239901801
13.645528468635426	26.30441699503566
12.51715958914862	3.8455476474366845
36.57723187084238	1.095222138229488
15.0609041644087	-8.270772201833642
6.361343220186621	40.644580431466345
8.268374279562225	27.714309085471072
19.22713334059626	23.323705274139854
21.180527865856135	19.613711567955242
3.1803820621833285	-3.0360857685533844
19.819192681580898	19.74616016004037
6.915532683073623	-0.13554841619057
18.33955322793398	22.050656999699513
1.8673877548687905	-6.183444787069247
23.571792972639763	17.947093359898936
8.682376628026827	-4.588926716968119
24.37169715738067	5.970904347317506
17.940062580901312	3.974291126252007
17.091141506513615	7.8422830053400165
27.630394347604	13.087654402936398
26.266379207271232	19.270683298869194
25.97317170932603	8.494531141543648
30.852860872537974	7.7047296515302275
23.45403117602344	10.227801690272795
6.911404522630551	13.650274566716979
22.763843071658034	18.753576547760975
1.860081231803381	28.972497778571267
31.005773390863546	11.282170307727363
3.736697431141641	12.001978390507746
22.53348122448837	3.7705432275548656
36.065784593649155	16.421916779449113
26.53350140321968	12.166217049869031
11.29889862173087	22.89538328419269
22.407867713386267	20.82527199550533
21.102362619620543	0.2671829137640014
29.055346538371836	8.415153618753964
15.227287531305118	18.040191870000143
33.59213866162223	-1.52211847422012
5.820393816828087	26.885135341369143
16.810720293779546	0.5385166856001611
40.935245705974765	2.166402229025632
20.236636835821532	22.81755391836282
9.535834778604146	16.741142647055238
17.78839842314146	7.2027777759841705
13.516782251969357	1.8560680869723054
7.177458674892341	21.34919450035335
34.267519720841314	10.880675706091107
-0.5980849122391305	5.746408523833445
25.52277100334876	6.828394824853907
14.508511369108053	2.193664156421031
16.691346207962688	12.367418848716952
15.58462349386494	0.569265022229537
34.283525912965075	7.726412019416181
22.001353655190254	14.166758519953436
23.497510449605876	23.286249952001818
36.82269922539681	16.11852251763615
15.875907351387594	15.069678439427353
9.467464354131682	8.459943536226827
21.462828388926212	-5.3531788139338055
38.038534351563285	1.4102724439992773
28.215100138979544	14.940769814800912
48.604757265687766	42.76676092410246
25.021425800803126	45.87234207238642
51.10369767610427	54.678010351054375
62.912128178452576	33.01539637147715
35.60801560337924	56.658976201118506
21.00720204881768	51.94123300032994
45.38079631655648	44.67365205258851
51.26002094875038	48.893462201755256
49.19707160245385	38.37757151115368
49.58018578043573	36.24312926677855
34.64161788485225	31.345346915332662
35.33922992928741	45.12935374952133
41.19669526660003	27.621184876421324
50.73503175147387	22.799795266428156
15.465774680254452	33.25702043868094
51.2656924858591	29.656696445184927
51.225214071387356	30.597209817499948
43.80616850212246	45.09061945932123
33.36048001087054	36.81047004823577
45.16627926057663	38.35411537080799
40.81933041602664	44.03511161785211
43.608496533408804	27.865874117491032
41.031402491292454	43.98269277116512
39.73590044702835	41.5575292163641
33.298175906559315	42.07088141409116
43.39858102182402	45.38118550921221
50.905475724138	25.703860616057433
45.95964253272339	30.234632053476304
46.4844570997345	38.02652392344382
46.16940585326503	30.701520817067887
32.23754525367673	44.34508846618
50.1650142028664	62.15692412175102
57.34535444478847	58.38316136774406
38.07750839367483	35.81339683486642
33.74218718516476	31.11659973453757
32.72559430022696	31.631037400015536
32.59086051389102	46.48921423756416
37.1828930960164	26.55045538932595
40.01246432257695	37.279414326785755
51.86225239661769	27.8325898318233
48.39503221293997	25.568310221809085
54.42718877305414	39.59439014158894
39.1759025623898	22.381820079100034
47.85539114378464	50.16284919331116
47.74102129152548	63.02036539401594
36.282598027193494	36.084650511496115
70.86247430272678	35.15679707800412
41.50777200366301	47.08938423265053
33.619321583216475	46.65031804130691
48.50098677693872	37.68695143560747
35.43617120506489	42.87532019487883
32.09940812420906	45.84290784858661
48.27052948161002	34.39306900796303
42.78184943893001	53.8387952516825
50.305297233692755	37.30186662226496
60.32261976457909	31.957440827602355
48.10416980294415	32.794798433167976
56.24028168453748	42.34485566821798
43.373698600468266	35.61737598702144
33.78548510244585	44.451860947845276
50.91135238453647	30.965891122034453
56.54359854664809	41.8533040572615
25.677319165807805	45.913458588641774
55.34238828403297	60.55709128272329
46.70484639344034	34.2145318953614
32.684995258213235	48.52848836279353
42.99961390220648	34.067909908365955
44.110038879562254	12.180452793124143
36.94383740176987	28.187071577054617
49.86565196732824	22.04690971676274
31.614142262956683	43.442967215324
52.94326344209124	44.098789300741736
47.698472959424166	37.17694872082511
56.30447455033093	48.08992357316906
46.36188278618867	36.59389276595846
40.22666402552291	31.626466981362636
43.200049327393046	33.0237869046316
53.970838876154325	30.10170739418608
65.75804295692535	58.50080117801971
53.91571278567064	38.58161994032246
52.39650335465918	56.38877945019023
25.98086980048951	35.38492428265934
43.06987603596823	33.09646312135156
35.19345609067504	42.40899816356085
37.76283167633319	45.559073258573896
47.79720537517282	25.497791879869474
51.55363303884944	66.32944106568682
50.20529536241036	45.42142109281657
42.882046585810706	24.085568701426766
49.8522129106938	36.35531785709888
55.27807382522768	58.52563330311942
67.30974211187998	37.94199651800246
49.10602504198496	34.660648751742286
54.965929596047424	49.4387948205835
51.22529684867976	26.804326469555335
41.13503144085103	53.99447150450666
38.81211536427708	52.018843089618265
51.74721737116022	23.648013197066124
47.24018997263393	41.50740786198071
42.2375316728783	58.83141720937845
33.63310445768417	43.02807428779793
53.19619602735821	36.02002471860083
46.33629474337616	41.535915246846685
43.24849374888721	38.45052485990558
50.87560981197997	26.220855720631143
51.48190353488054	42.03688370174426
40.76259131795805	33.61515489043486
47.88893750200795	55.10232074437857
35.08563935737415	43.944559199863406
39.10179863415189	27.898792523394455
51.82146760102053	31.314529721276646
47.13710740215989	33.32077420616119
42.824837776464065	46.40856674111711
35.44486451929143	45.35012377391171
43.008151628316085	41.020968094467726
39.17620606608594	31.221215293637727
37.54829505111883	38.52192764553592
35.99337142012217	40.91686602920034
35.33945592667722	39.67056352445482
48.103902498691184	45.27327978025193
40.01428098702152	36.587771471093326
54.11452229153462	41.31873687961472
64.02131836642762	43.94069348738097
49.16534151250454	41.57319611830182
28.422562317451998	44.28022991095125
42.532701782725326	41.38124977876445
32.50536660953941	37.97625092515928
28.7319748655514	47.704517154471304
42.68183254626182	35.45812056420924
48.30672384950776	32.24719085626917
31.83204410981757	47.32606070639058
38.52753207186919	45.49852030278103
56.829289610064414	53.7876691512361
47.25578202810803	46.1323217844432
47.86573664735188	45.81359933343353
42.89481781462585	46.44919672179196
45.23948817287994	23.13625897720214
24.867587551067142	32.07839174956
31.98502234197974	33.00498345327808
31.1905662369823	34.23097937233743
43.758547101384124	45.27645185475076
38.49701295794618	26.292377118017427
43.87119215239769	41.180790194155136
39.001830725638854	30.311738061756984
45.58580750046359	46.51146500372861
40.70829618460697	58.93522424123326
43.07085396634368	44.342550954724004
46.65531686477009	15.609915034451735
29.056532714523968	30.51107759515191
36.20597455943378	56.427773219794894
44.24030204084523	50.2749418615287
51.6768788476884	41.235556473932476
46.63003937142726	52.8975644364382
39.860798820248455	23.431633463194323
41.032102862696775	38.134959145334776
31.774852738487454	47.90281994744713
48.15872292493273	19.93297922191222
35.787198403923085	30.112447991519176
44.99866509526854	32.553316074808876
48.1749635817967	33.034324333863445
43.796671989410186	41.063538722215974
37.75632431944395	24.751655977853588
43.135796792400185	26.59103888938332
42.38689628592425	42.154513864378
56.06908593597588	58.71011429725901
36.49385982616167	47.02895531008202
30.718036274609318	41.82704926583665
46.390881446374266	35.69608433816963
27.119400605569005	37.476583894103435
69.10805905617086	26.943890891174302
23.624117666924363	46.731984035454445
55.69033159188309	28.795605167507112
44.227909173617185	45.735272177195746
32.28427665723762	45.90638492777078
41.11147033283778	31.488658394663737
55.64347147178325	58.54923832204095
51.617468045725936	42.21980241243104
27.73624843164442	39.190132629752384
54.361261655922576	48.16215619313857
69.62213212126127	24.68935015278867
35.58139125425571	39.943888761554824
59.47729025459222	51.84777892023468
64.84551669067426	32.94435494611473
53.23007855392224	39.09630335481927
48.51025113250283	16.922449728388912
35.85095771412945	37.02991102099194
45.43660955628371	32.87936791395016
29.508229838549735	27.993950575961676
34.79900262850838	29.140057463685384
45.33774052324421	43.75486043307553
36.56629662164717	39.730059383431474
44.92601086812518	44.323937437726855
49.55206312887213	38.362089165872014
56.72205537643573	37.314623010912214
44.39222938847079	34.61785856878682
45.85731714595436	38.8677937999902
65.62078375398991	21.28018020580527
35.02016863838803	30.822792429384243
30.346759158634697	49.35427177248327
50.40790723667357	38.23715393635844
46.30840381575611	31.879013781422884
53.647077294478464	44.51292944655372
36.118058229281715	42.79309273285411
54.3613799319331	58.632940817683476
28.13141040779481	50.99070925234594
42.50831233811005	46.93925424874956
44.89551149283888	40.46219747690566
35.82315937883924	42.877407590692414
66.05522092001897	56.05293534616557
51.06828968084622	35.65829224859901
25.2654647950625	41.34128294422931
25.7394753320635	50.42981321513551
36.77390148517542	38.905109886336426
45.51325907381101	36.85858720582444
46.42953028786419	47.80275267667442
41.32821576968096	23.453924687764008
30.162744723916532	28.69187105710887
39.24513397429015	33.094524665997056
48.35697550075547	40.413771746586235
33.6819758926205	33.430738890630245
47.90024960500721	43.3989728926199
44.02046448794996	40.27310450059457
37.725370500118274	44.063772942943885
43.14190233471361	43.30207219570414
43.956750890830605	40.46703360730311
51.50627327675705	40.276654443312786
40.943850165481784	42.4709809726269
39.744414913544304	49.702127823091644
60.29823574046257	27.51983667663101
52.49811315506054	37.49140293944752
51.7483080727491	41.55236228006303
40.5270662661053	26.106010309299187
50.74755935798618	36.11530879292428
30.678043795523312	21.511439927628977
49.77934402473396	38.61335200410176
25.256076016491498	45.852668846689944
35.52589560055907	36.92976722320557
42.14708501449615	18.03925254393525
35.04885609809673	37.59849909497788
47.82224577145146	44.92056163399901
53.05455154148269	35.050305073334286
44.7625668237437	44.10386958068432
65.17273822430342	39.74931976611426
37.379402077186064	53.171212800300644
28.468371610223528	35.47504280661157
42.608142659416714	34.888682742528374
53.49400350687941	20.036445812707104
44.296783390954275	32.47017469873982
47.96847921248949	56.75419723360065
47.13213508119567	47.03872119298545
59.64519103302581	41.49692001680941
53.25821015913436	32.222840812294834
34.63709867153561	45.19528348622088
37.620193299986624	51.95467533242191
37.26376227748975	42.662642214442236
48.820001791420786	32.60629969580515
36.45797692541414	35.73331674019086
50.042368346892175	54.7468783202239
49.39710804161543	39.952611211539704
48.03636580064928	34.105968832472186
35.44862370886568	31.670575562550052
46.67377219759771	46.54892141468979
17.821714687377252	46.555535869415316
45.99129754249144	33.880618162494955
54.915866342293405	18.599177815770645
46.70870224088089	34.230947545835186
53.28744229676733	41.59706721625865
47.95685553822453	20.882632801626805
40.36366383358118	34.17636078093799
34.08077028778943	33.207972199573035
36.89022914106414	33.52299268940877
59.86975599895898	51.102842500165394
64.94276803834079	44.57977273181796
31.16020358481014	32.41440768798443
47.731762241707564	47.67347798204389
40.84400997053325	29.602419790524454
55.11666995482703	24.86011726405474
40.88395883550206	36.0096089713913
47.290951567372055	50.31888887220248
39.28064041380129	41.752657397170125
31.100066354175453	40.71656646360922
43.7538451520008	57.19642544723264
56.62183345451486	43.559424007138965
41.81712699291541	37.35229575259895
40.09375690175928	30.144583019441058
52.86691183295488	39.94217715996485
48.85913576452707	44.525649276074745
45.93161737361292	44.43837494360095
57.75284004852398	38.25105384446481
34.26167504815817	21.435438534160124
51.3300116372255	30.940618335463668
47.484108734159115	19.157403336367395
44.760267052888736	35.99141666605122
37.16249232044073	48.725757389348715
46.015834273393445	49.455752896265274
39.16625044820665	45.75563231934028
52.190707160454195	40.261519524832565
41.05786284974562	40.69986443359212
53.482285000188746	28.96075308296968
42.01760452099222	42.571726064756305
36.2559599761159	32.75912833348313
53.73167424711005	37.93487549444141
46.73145106896169	29.070862201071296
52.76074210204527	44.021792809183125
41.93726209909223	33.2360244964051
43.052705426503266	40.32449112635009
53.39120481123803	49.61853701780133
58.35015614051534	28.456402470166854
54.80093793716926	51.2627770575802
38.53110080197277	42.10277685311534
33.28422941729095	49.3731850027198
52.57225293756592	42.809966486922995
23.80429428109251	38.00661366871709
54.02395223095184	25.44457036661769
45.11805268739219	48.709699445363086
46.170165904823804	35.3751492693383
19.527984747907006	48.6143096636628
50.50793750668713	37.13006107238703
53.67743656645534	45.05307785827628
39.04607637250801	23.243552713223533
40.69088304073027	51.225934642565264
42.79953132860243	49.55823780139531
51.69002853534435	34.51709807776708
40.65149797585744	22.518915071813883
23.16543923815552	36.14737586150228
54.35614816502556	30.619495232199213
51.61358131575877	33.43513754188716
62.07012099377129	53.75503922043023
44.074542667633736	55.734535045429624
31.93638152238132	51.63221258515901
54.79079040729084	45.812483183684584
44.076317009023604	26.889903302920164
44.22252119175611	57.789074272227964
35.283437773045506	17.300423316993776
29.09861958688677	37.06352818059289
38.87825436728944	45.43030064542913
58.96632952120307	40.87530198054152
35.0152886172416	34.67198542809117
38.538913531822836	34.21482675731683
48.51455681956297	37.817333226354336
41.999105731812826	48.013915315943294
52.13824522894248	38.5781702230906
42.0246453346184	35.01897005630719
49.510271273244626	50.09630487557681
35.22939151952942	15.129525503177025
58.197127466190274	25.599570025194545
44.38015090754579	36.68772845666084
51.740966223347264	46.91030965558777
44.7877195302375	26.939408412390616
38.69583073456632	42.400941816146045
28.46929486659448	36.770695031988105
47.364223629945585	40.71033687239264
48.4108020677112	26.16117932319932
46.91888699308797	20.98019802854214
64.90394545980985	39.49891753241156
49.52805451032664	35.545756208482125
39.30581997880126	36.74475298308228
38.16141671063563	44.81440947184762
44.18675593975501	40.2124534532642
50.17594704993653	48.03947738328135
41.089239006861874	32.720474034394634
38.33479609375901	31.616805456645675
46.7181570550358	50.74627790049314
42.86144610330762	46.46847625465885
40.92862785278566	51.51981404230857
27.57220776931986	44.982421651656914
27.90136427073123	28.754171527975423
41.669501247179134	51.77387888022693
36.28664214592426	41.67725391593146
33.15401511150106	45.76503869588338
30.57858434174052	43.282254096158795
51.53193127358389	26.73919566833782
14.061416774690606	44.10298467319794
42.85504970022424	30.944856824243466
46.772394780395345	19.330005817796877
35.616496635139164	34.00546503695286
24.418342672693647	53.046238898025635
30.552856771535204	42.50269765137736
31.42810698297833	54.62612859902055
44.82460786777631	29.388853036452815
39.45837881476936	28.592528832339852
47.3529648214547	36.55623217027636
45.96842003489566	53.98578991151261
62.8065345261119	21.963387270795522
37.37658454374858	47.93735595218876
31.402468979019794	48.854937356884875
37.78629189262842	35.445543675257326
56.066711106856374	11.408987644204451
53.74474690365061	46.7505237679435
41.5046821163517	35.13366592124827
54.96602129197086	30.74781463205842
40.70375784461356	11.958732336454876
48.92376336266915	42.541518104758595
37.51619250307941	40.728355966365854
36.980926189766	33.996212558345306
57.50050220729363	40.18669150999591
40.32993715479655	38.16406023002376
36.4594268699408	62.43014011338158
51.61491765217832	22.153901716159552
40.03298032029447	58.24497431002992
32.23955941057633	49.23686100158354
37.614819780790945	49.370155679044764
34.80695199981376	53.33283047823651
64.11660201842847	40.97361620248324
48.95507799805752	33.79384498410004
46.43600663738317	28.99256340860353
61.02589608419415	44.27802018641319
51.45077705690242	35.705026397021086
57.49586050510635	34.46226871142657
64.40121991349719	27.819754366658344
58.20030800357218	28.38251866774097
55.75813128997318	59.76623797859105
28.764875989189317	36.977481677749644
59.76294080020896	34.18361510708562
42.38011707881778	44.05711632854181
48.628819682713655	34.22878275070972
35.47591113150886	51.53313094435967
56.50423315886473	35.094702140149096
46.12032474114464	49.887789621163186
60.106625116573426	36.99859377950928
49.83577529894012	42.05809005719708
35.800565548186114	38.23801254633108
52.40578336579092	40.33632273622255
31.569368492691975	52.02831052971439
58.63705156864909	38.38698214689037
32.92377834935351	33.004069258696866
59.69045111854394	65.4955421111643
54.89688261892229	42.06924642581502
40.18460712167977	43.720457198540004
54.97342986194954	46.95417766256524
41.6034205263699	20.672193335262595
34.45242491569317	47.252414412228674
61.16716903611744	34.69250307602914
42.27432266562922	44.54619567783977
42.79281180031651	23.586842815414293
46.032152185384994	36.19718574197271
49.869425895848536	35.363390453108366
41.61758191905474	28.547847644699047
35.52871291976266	51.48698278901013
53.48606572584275	37.697188783196
58.202035788538375	44.76357996482006
25.997159272270356	33.31232851796584
46.81514915971107	35.7900510068416
37.93077315916149	61.38482407147222
46.75118641472355	39.650646881434774
55.997490031746125	52.36115272921584
51.61167214095788	47.29661736280999
17.919342344669992	35.12850500846621
28.449528374518014	53.80708147998466
39.27630449238725	41.48240053827469
39.340017779588905	33.65894252296334
57.54730334475339	44.72875711861013
36.75578627796799	44.74717596451196
31.67454701532909	47.744613777737186
31.570656625828548	34.03098606212257
45.08719431805533	41.80999281950101
57.65019195432138	57.909483675657164
61.16608863580983	26.77505118862967
41.70547953028194	26.976696743707315
71.42814169187507	46.73639741818835
56.626181237033464	29.03543934376745
32.84146329648826	35.48292838990782
45.926385342780854	48.504100446163505
32.69472393972341	46.156923134578484
42.808829388318074	55.94635363719195
30.899499634233536	36.288467442095026
65.75280480525305	28.536932700358882
45.15263350803161	39.59338906233841
39.67481766526895	47.66588799962875
36.918391166801	27.013842362144963
34.02530641631159	40.81662115610461
38.30478186048277	60.619079751611395
42.01059876266315	46.02775606337888
53.592816129969655	39.80927307804223
38.72731181382671	49.62728050063667
58.3272838689824	37.31999872155683
41.82229007328146	44.51646490119008
43.501757675395694	23.528950878566658
60.70680871998715	37.548187345197306
40.41744201750596	30.70116402510354
48.34651537103191	55.903766841187775
47.852357133909564	56.57785400996899
44.83028333539588	42.623606444209244
35.24288389003364	48.08728876119953
44.57395129639178	42.57331067510409
45.953421390586534	36.48835086598859
35.09305938086533	51.95703685380722
37.849898254173674	42.836423081631146
27.861655213229525	18.013947601317703
46.090218802704904	59.990347372853286
41.96956884776077	22.419405408293468
37.90278313235766	21.3778926924393
48.39521885136303	53.709675923257876
32.802320593879266	33.65648866581902
51.93089437043294	30.88785752635878
28.192479980463943	34.68840690000086
50.39361137299005	24.664618720400085
33.08981663848131	41.65549103903746
28.018805749541343	52.70828061072341
53.14576884815122	41.083043552539145