75.31213202018068	90.53584235377022
76.00342722433187	91.4706766022057
82.50286036255676	93.30489782336433
76.66273425073864	92.69776566438914
70.59353861562623	103.5420177619026
70.94003919771868	84.73850668095412
83.35994586619783	104.47885109618355
78.71716379766382	74.47680320112873
82.21709708883327	105.60130825588558
80.42167167906945	94.0130050925602
76.29885521628675	79.65489900469059
68.4833038369537	88.2147640844037
75.91526400577499	88.61414083849843
63.342429286472154	65.41548624212051
66.62773234488694	90.5684259085386
80.7338343676599	85.6497721598187
71.17557561948593	88.69764242339993
83.03489872304432	92.52194234281048
87.71722286286685	92.08867649751934
75.55237107166059	93.19215426824235
75.88788183116364	91.63012681522426
89.34326848685603	107.58341336884227
71.00342820781664	87.82815101037855
80.16892925768009	87.30638510570613
77.35717302387219	95.17890571222068
81.83691378401532	69.37798960740551
91.53583383542257	99.75034812205583
79.28097015472298	99.4646241894343
54.48839969270991	79.4898313604782
91.79627804077933	75.94983669846887
77.94782035821073	97.02658055352764
70.724078854265	82.38667344725201
76.24829367320824	81.20614859216671
88.01441322665363	92.49351640373166
85.28196308418597	92.45134536688425
90.95892672597063	90.82609477004628
85.1843141057153	82.96563740302463
82.54818298743848	87.69641276308477
84.27462813742618	94.67881510188522
84.23959263625997	99.68825120717342
82.78938706916092	95.50595877233033
73.19146056182181	86.21589131929025
73.17466648113306	83.54581027747432
66.45639333154641	109.13535499330716
85.1389805320663	107.10226048338194
76.48109964761915	94.53298238719508
79.46651683024471	82.54386295210222
99.88838657124161	96.71067852919896
85.05177193326925	96.18156569404289
73.71189783250496	74.58747134656119
85.18949359480848	85.0873976965855
90.33652266701917	106.98761888969165
96.5887763675222	79.35865240666573
86.11379480370265	98.99304041771563
82.90998036091453	85.54191312330315
91.51323999571197	102.36785818947945
78.35466382342028	74.79776052089689
63.4531620750663	83.9279622462719
83.22644770685311	110.26277075204959
72.793100086664	87.1899099470146
80.00471552480356	81.38977173674178
75.89148125880386	91.78168396697009
70.55363682317699	101.98344215543689
66.86948523136485	71.58709698414735
92.21407700780489	85.69013747369772
87.22457826422158	98.09785805070872
63.507383223732944	83.30101152895901
69.10842723764064	86.64198713263004
84.31257107917023	100.14393463791554
103.58995121896172	101.59756381361703
77.894001349904	92.22761536843718
97.44777710066211	97.24504263455185
72.57751132465073	92.45378509530377
87.43520063841251	92.57380957752717
84.96846575353443	88.71918901365535
87.39173877005116	98.9250971016466
79.37748503344255	98.49071041798054
65.61271782691968	91.51502665727601
83.32026040231082	96.62067786984016
63.840297967433195	99.81610270736792
45.95613633341858	102.37790541496564
89.833496643367	109.71900475602948
76.22113742845977	103.69806526923396
61.581494151453235	63.76236186009261
81.26960922821536	94.47998856057319
92.38503432741902	106.36082493067
88.99203015432542	99.81598966721052
69.54659365286498	93.96753483671519
75.62098573641083	76.10707818988611
68.50958156144601	85.86660485468917
86.18344082683787	94.71691805553392
85.1742010189218	92.0533828365507
80.37136949453449	90.08222570598394
90.07581803931579	86.59029030267504
91.80876913419667	87.80481243470786
59.40179968773995	73.79817801738939
75.55504468299097	88.58198710485573
77.5676761306094	92.03693821894335
73.15091849160588	83.23739272743488
78.13858432638672	95.53266103685925
77.28580296346148	79.33453902617525
75.44476360013628	92.78406447503244
101.29422067987423	96.73727942219992
91.11824463291393	86.82160474489186
68.55557113986184	73.11756019308392
70.05744847829592	87.89462274678559
68.802728929319	69.05023746785106
67.02258201154605	106.57299676271734
74.71647503535569	100.72251712009546
83.97280438449839	102.39612905167395
74.4173950898464	96.50612121980883
83.38611947165181	79.88297259682624
83.22829998580576	81.50941523254585
78.66711354872272	78.39261486214654
67.32396535463272	99.83124435069209
77.71075449435625	83.14456247087647
78.11532597576242	95.12357992926657
76.15506195673827	95.18622997632909
62.65379301269766	83.72920562446608
78.29479231198242	94.81352050405104
92.26646527079205	86.31777867972141
53.627782630199114	90.01382573797187
66.69421772400065	99.71691383204606
61.028840866734555	88.49684633267834
83.4737782202191	88.96023025835296
57.03696949347996	93.74525805424518
82.27220321289526	113.12284866042056
77.63791286831704	87.08633443050243
80.27283356904658	97.00800097560568
84.48763664327717	102.66423753258802
83.72084111237318	84.28607239831577
68.36545150611698	106.2852890927244
62.182381269296705	85.0990285060072
77.14914614423722	93.90250739314848
75.02791216172331	82.42941724496575
78.71045659609308	88.4762422056807
87.17811731017281	77.40584693745386
87.02571717892667	75.09098682576473
67.5971183640924	83.55404865313211
78.94394583132438	84.27728796845625
85.73298513670888	91.61183973246868
79.29913937388854	95.46735014026882
81.38358215160518	70.77155366756026
74.85800891923682	80.1486982990806
69.22339672257102	97.07295832934888
57.18458514343794	82.84732458596687
77.65903850717308	96.02605417923212
61.17536116169515	89.42556108174578
70.80837929182361	98.53460602415326
77.17016064428736	73.23596357545573
87.16202753838283	99.41080517827133
73.25109244414102	94.69878922866698
72.79599640326039	78.98668271308462
57.581233852585	93.42077344299011
88.32144088983729	37.24900099835618
97.8139080579588	15.679676333896882
93.91595078869558	28.97132885791649
89.99671321169221	30.95532738123795
96.7688450329811	32.07131378749674
110.95673586107137	25.49364072386806
96.46467766155497	28.9095422039199
96.73112075791263	59.31792963703326
76.9225064231858	41.08503051151667
89.4046491925189	49.18023142641658
84.2154664944858	36.69773145956723
84.76484492377797	36.24112007469976
75.1793769817141	31.83094660078029
83.14560345902714	22.670667607027887
74.45620867587007	26.667612566003058
81.93774829390713	41.19119255906747
91.69300433828731	28.526742931430043
98.15938068121741	28.659823736840455
71.85927816324812	37.71663955004222
96.23476330447882	32.86914155154508
91.72030165824914	29.47970117063238
86.073188855465	38.46614052089387
78.68244752265267	22.50355701733576
92.81062901872923	34.97593316500817
72.0844605453085	44.70247086142089
102.14314545835299	34.21342674522356
77.12347328872774	22.2814664662498
102.69319848933054	26.210427362687916
79.96903616831231	42.38225794420102
76.14341046621216	41.82804826384242
83.05405364808573	35.61404418732475
83.76655739920295	44.44709435207107
89.51196446487215	38.49679060304159
100.21501229232592	49.22195632759406
81.14034825002072	30.853244158790325
97.45978091519018	36.98774430487014
84.35540291820062	21.279299081622803
88.56001404758136	37.09133375156109
104.31033033013742	39.9847635687806
79.78146363264518	31.86321135297666
94.79545311192481	42.84353503014403
82.2191310336579	42.68197761273682
96.71154306632798	36.76917735045802
73.27322990450843	41.82049675861792
99.05308404358624	31.737916998009958
117.4694370454651	15.416344998945842
99.82338745806142	54.097540981502505
85.37850366309436	24.852324267167077
85.99740595588565	28.522941484805497
93.48607851856931	33.63827213305896
90.69829610858585	24.642957098329617
77.92865656429305	39.72046569215622
82.34854528246237	42.5630895419151
87.83692081530938	28.095240687431392
88.21289631007028	44.393183998323465
89.22954593688762	56.13865055138978
91.47719282433174	17.700209061707174
86.04472283724915	30.42900702706881
75.7353506597089	37.788629230178586
80.90777549948535	44.04769016159056
100.36559966955015	35.51774041015139
90.31023901514308	34.00250012964558
96.807123934576	37.57927030798729
87.76702850512594	20.034460811470904
74.11534528861519	21.57854425099156
86.53643135640901	37.77570016436367
81.98842553079922	32.7415605737967
86.90898540910186	48.31384850658019
61.585339422571934	19.341726070728598
86.826165404192	16.074307962798272
98.15287247190523	22.50617363703632
82.23158927580937	27.618368248780122
85.94026009777654	27.09929601616439
75.9556063898721	42.04042362103283
89.24809228510007	20.67717900154569
77.58914157676153	52.357762868918755
99.14975666668322	41.6722319065147
85.16743115822698	33.82767417697402
83.73360733432	16.64290770396454
88.95506812574018	38.95611529097593
95.77251449990221	60.41638595200244
84.29573187929424	40.72814849174773
77.55283711626042	57.41545546513662
83.69187752361728	18.512933166612434
91.0392955963549	37.816066154663154
70.90582814437366	47.56784259871906
97.43040813739924	46.427181569685516
94.66835772711704	35.17731101883713
102.6852151947819	51.5228512627401
102.45339845547086	36.76799113713029
103.51413036929115	31.703674750571967
92.46114807246897	27.84841284963717
85.75255392992929	31.324216539487583
83.61777261181035	35.501174052742456
97.22415684922538	29.52351565835707
84.91109995503305	34.580414033330925
90.60026739122964	42.53151496150871
82.79094927310399	39.77577254657297
94.2764889964639	29.937096086143793
68.03115918923896	24.698413643570646
96.29834289666967	42.63920397489425
72.72982278491097	26.725494846304986
105.407470648129	25.832092316487334
77.0868426528265	33.1027259713691
93.13039318477993	47.60468919807869
70.9262781801128	36.45358698990948
77.90226653338249	27.737354864308877
95.77207939995705	48.8915547055924
94.4095854689913	22.07566747450509
82.68357367311751	40.257774274460935
86.23632031471325	46.00615102047061
80.78175664962845	55.47243095496347
103.36304495764404	39.30243211839201
89.67007614979485	36.96750572847224
66.01662591146777	33.332765142699536
108.26460149285768	34.514687092321395
73.96324550590589	47.34570342340214
94.53326872621086	43.4045010813034
94.01490752997192	40.27914765183475
83.40531428769927	38.7964386148338
103.10419014326627	39.0561077902606
92.6807244984339	35.8704598852014
74.8424462261224	33.4144899083977
88.01789274966997	21.297443774948363
90.60949229543591	29.461258336255373
87.18505152269589	35.86856166741973
82.87660376520593	46.61415073591586
94.05343165461368	47.5278208184546
102.87121287328969	32.58243156342538
77.05367530704986	35.97876649526978
84.55795016850803	34.45300227064278
74.75350198072354	17.651978115463667
79.79763090844511	30.277805893877773
77.97568831541841	24.644173835767027
98.86098430878845	17.162650638265106
106.47824293560242	41.838183877166514
92.16323840532381	31.307645889750926
77.89245809281246	26.476181671256768
97.04459584238394	31.836035216010853
83.93558778813521	41.33566179682189
99.89309564192342	25.314231788584557
96.41753503970408	35.09875388341931
78.22397937444637	29.62175474164418
87.70436005217401	34.57569780727645
93.80380616817311	20.91638272528504
81.52075090148577	43.713013842270335
83.25953413403896	21.907422856207205
105.271348616028	25.479355655780182
88.45607770516537	42.9066766125389
92.35235551938548	16.373688320971254
97.35165860155476	29.029808873751094
89.92593437630181	31.16176302034254
90.09106984268159	28.903897630689237
76.90423173527927	45.412683810813974
88.13418695056883	80.05602509264335
60.23247935996339	71.88907857285417
61.07782428219176	69.4587005539198
78.25810374969365	56.73638707067149
84.2678232785953	79.10462114524412
68.64118482015591	61.70006144901987
74.8026032023789	57.24860089442081
63.87102864598636	53.47293590447425
70.61266167657735	74.39321294133781
72.99513824475017	52.85735312753783
62.65185996091703	43.756979227659826
74.77057508292397	49.852632980671146
67.56636926198718	67.53254769443618
76.89721301319409	49.79698050329917
66.69861748800326	75.73176969837925
63.97026114033489	46.71376734793578
68.89751499016833	64.02736407133636
71.02402479851874	65.78599570314164
79.0097307783291	66.7109696787258
70.9274355139413	74.88701296872384
74.09500112618106	43.54454929425908
77.89291488657594	65.90765461119962
79.46808699361014	56.46185126201645
65.85251498277947	52.41155247533563
83.06300477083522	85.52314240335456
80.37847755378091	52.32777236903402
80.45315772573414	59.443718075414296
74.396865545795	70.05415558209789
63.988546058307406	75.7291864242243
70.23965929295031	47.88664779765589
59.74904701121319	67.86994032066531
67.5239348724202	68.16412347259308
89.22683844051718	57.691788406440395
69.8613382367681	60.40078792320473
85.3072874180276	70.02572414262903
61.20618570319563	71.54979951647186
64.99509709268933	59.855575370046594
66.60745896835576	70.60545838039336
99.87633025817168	71.3143903047287
80.77071604060097	75.85902348438312
79.14731558848192	53.957441053842956
67.16369908497043	77.24248316259853
70.5414770090989	50.68796234497112
73.23911390277537	77.51653590404291
75.02980729884774	69.57531986758542
79.821474660614	62.10323768214456
78.13651447519248	43.463467027411646
72.40693190849835	56.03846500908218
76.35559614655702	66.42160408815668
80.61914155241638	73.87047799670083
76.30471325378572	55.03637396272212
71.38516622946238	70.77145318469003
61.28201633612604	52.33952290250561
77.22386607618179	68.86186047617198
63.90911462051031	68.39117667458844
68.68569461130775	71.34033285415653
68.3600005955457	53.839332711558114
69.86512777575692	56.842887529490994
56.67323676176389	83.96976714498932
74.55646969994882	48.37809749297375
59.52669636073405	53.20181941124513
84.0521424141761	67.82953575924658
80.14908967813234	55.53606180198116
63.39558378533322	36.73178880537321
62.10122984205562	51.76549094105731
70.01728500705886	53.139008067103305
76.96498437438919	48.23203504957937
77.28557133176012	63.1121186642224
66.87097677953146	62.25801320535534
57.70183457704035	65.24975399030838
88.90723795432736	40.40527947389293
72.72108927716974	47.271660645116576
69.63488170199551	56.32470978071384
68.0411055159093	72.84287522826459
68.21408561510609	49.72685271866474
59.75924995255073	47.44657816049737
77.06671300110033	60.070524562052654
64.52772341659283	75.42600242259859
78.13073082416618	59.55660495030312
85.59054711791578	86.87923429309866
77.2607869183356	58.49401317194146
76.9229920036909	59.98694726412098
83.44193543999916	64.54223112141938
64.56144925127535	57.101297001889115
91.48647507929455	65.62290321294482
72.56374493758159	65.42210728018021
83.80010386847539	83.5214283163149
89.94054842537581	62.48511227985996
72.34556714281882	41.37416338307282
73.73911362065687	54.29104405493207
79.26687205644056	57.184537733507554
79.97066112934195	71.89672322618569
83.71812828193305	70.3625565318739
91.52131961945254	70.13002297814016
76.79888571261073	76.3140373619402
61.77247878497807	55.79720324810427
89.13631557393353	77.40104695526173
72.10031605484734	50.43478305658428
78.73908924838048	44.02394944704023
78.31422216878026	50.57182996499531
79.98244549234134	60.41889235136614
73.72658711056233	59.360830358453796
82.82815054253794	45.61789133362132
69.34604961172785	59.696498437053364
72.41108198447982	65.09755584180064
78.35227589268989	51.118927190941676
77.34093162113255	52.400880907859886
59.193279587691116	62.74933688927476
84.75677496109618	71.70451974297444
57.03839919264715	58.20477619772414
82.93895243183783	64.31039221208414
62.69150995918942	61.44566695753501
62.75675094795785	61.98345759821746
69.22034390747359	65.83743845538683
75.304784376232	65.99016764989399
72.464712423683	80.08686732610596
75.00665849131731	53.078099815483
54.87502907936103	58.702386488988694
83.98376953171388	70.0498321787028
70.96052430839215	43.30566206508942
68.1416600334629	48.56188763482197
83.60341098081703	55.565718174353464
69.11126342759306	66.96539529860712
75.67474621305557	46.52958879270394
70.00660029483805	74.34778110917867
82.22338563608044	65.02442928325479
76.9812333491839	78.34354693730631
76.2034693980529	56.13538679359604
59.02705561854472	72.96059853368014
67.0490786330514	39.240298149911645
56.56612652038275	64.27128450151565
77.61656619382292	59.48868814979292
67.69506641426977	78.5531934789247
57.66628719749229	50.059966853400496
53.31849428685063	58.19655446388171
76.03362556514195	60.92119438922094
81.42869634551141	73.77515518775805
81.09314957125994	82.04930493793833
77.20325424024048	69.34353751885541
63.47444451888452	65.51239649991415
76.50384388177704	79.60476735478696
69.78073026992737	83.87173280115447
79.81001441345184	72.54881377074678
73.28544961965903	59.999698228390976
50.51789883020733	63.749996361047856
54.757324664636045	69.69251841016822
72.91322042211328	61.19224382086672
62.19331312792583	66.21667232844143
83.96878166124637	66.3230626594658
73.33209010362623	43.8917354175368
86.41395973033372	58.15052825404207
57.824606016469346	50.558658615497485
67.53218274975752	56.89557691820684
74.3332778041917	60.21624127316493
52.43037566853011	55.235508977999714
21.626856274508736	52.84838628328308
33.101240405556084	34.56189593851332
35.84474948059629	46.6300606787114
34.81344590667801	38.533899826658434
52.78470827031867	34.8163043281671
44.02095405322327	42.32283262848768
55.94358931315314	34.158004569509025
31.71377811889225	28.119582857723316
46.01511101299552	31.907545050098086
39.31256644335156	61.210840927467785
37.382569932637146	54.266995296030146
32.74802915366635	34.841629753223984
35.982175056216214	45.71521368988767
34.870286596263334	48.224693772177126
61.885017885496616	40.19664015576159
37.2765304554649	42.56530454077763
46.334713239076365	49.59644558810132
26.935977904634882	43.48005516422413
11.520632082061347	46.481087968362374
61.57368813469288	58.758984628222564
33.39074330484984	49.37506003442722
29.457514375092728	25.976653633960144
29.83900167368834	53.709595464932804
43.75712219386075	42.35794199370746
27.139130425954924	46.54772221141967
56.30815860021406	29.28316157953905
21.140025612687324	55.13187839559657
33.8235494622011	52.40135453022596
23.550310968709116	40.272231921177465
18.829677360112544	45.93797554825928
40.87937721503059	40.94112545673557
44.05415299624772	53.90170728274451
39.89851108705335	49.703520243508166
38.79652002404294	45.73999817795363
55.48463647989731	57.689803791881005
25.375390248009957	61.47009132804568
37.91834379274066	49.768525741368464
38.18570308556445	46.70726051634656
45.314414316455554	36.763386524303115
40.465265718114246	35.33813501657517
25.23987368944711	39.98535030003112
34.179589881320894	52.11781520274002
53.645822858096324	39.731891223535634
39.14935325762433	32.65188827154257
27.264914704753764	33.130648368368696
30.465993396926436	48.04351397342872
29.05277549514027	53.3406958746187
31.30174492102705	32.356675572251724
28.217487298385706	32.34444143444985
24.522741070533705	44.291929012648325
46.493868847973175	46.26999065251247
33.00693620258632	37.93166364111408
42.81826817102828	45.94119926508057
34.049036346281795	39.47267225923969
45.98146327875546	42.85889077341389
42.64535960162172	48.134143566439185
31.756198585895678	52.43414836146241
43.75138377552699	39.6343791213215
46.78842213530227	33.28580171428785
29.00014103046795	37.60985686099468
35.82359500172835	52.20771202050905
41.35939055926366	55.41919835645242
51.49420104130964	52.63807435104409
28.32272155732055	35.838633264340146
30.04565404946596	48.094024955480506
37.9832045318848	57.43495588127668
38.960748023746845	46.28296927913308
44.18640939725365	45.97110056522437
32.6643202415557	41.12412931655363
29.285791569706735	57.63226001430289
30.276211879947322	50.14418899613659
29.24300815412643	38.16109843846075
38.49783685398433	57.39495098650401
45.13168492348416	30.981142646131875
19.76839321237794	47.95305136796635
37.04861941820873	44.02348371576256
39.66895006740699	43.11707110768674
55.302824975895454	60.54622876357157
43.219465225189204	44.19549240084458
33.66845522637301	36.532076194792026
53.040398549461855	41.85719306856455
39.416718907372	39.66501242717688
38.3301328390816	54.35804910693756
42.23904001315702	42.78328623557411
38.553143135371144	48.97059395306574
35.046600890096016	26.44852930048174
29.178722276082063	56.71333176469722
19.370886169692433	40.00401262192979
37.361965339994704	21.003963643790353
29.006012645114637	63.22381532417149
38.68112139033593	50.433648303475756
33.00717435888346	42.826412900782344
33.50906766291011	49.78773481178221
47.906747825494726	61.499031951533894
19.63082101361966	36.39234407836196
38.23124267020135	45.281473068766694
36.524365435330665	58.159058233774644
48.706592808419614	18.709480746343086
50.60298290504558	57.85036479639382
47.03855809370687	52.949693963601675
28.373293482527977	35.49048396919633
41.015827814548665	41.64037903003751
35.65698851213699	56.28079693381697
65.96282593559103	45.633120740832425
30.096487831995226	46.03174089824671
27.372716471309033	51.167441005492584
40.1137461822465	62.22162983759637
19.70038843671278	56.609839766699366
38.55441435796531	46.90938859542488
33.25039612181311	44.10413063207688
32.022969370491055	48.08879889201515
34.433148597168625	40.28875203059404
35.80217154367127	37.107541154833505
21.33444661119644	39.080546101583124
38.609618790362674	66.07547037416514
43.363272794284555	40.89105256773667
46.50831685942151	38.269573141778764
45.92591524642696	40.82794270992005
35.58420687820777	47.81756690729089
19.64157178770144	50.73060731305338
29.123448058994562	57.18597351943428
44.70529077409894	50.909436408604286
26.795792891628178	16.898581962541225
33.46351154424285	45.436229069777454
47.88055615369601	46.090389913200944
43.185775526209994	44.59538789841922
15.52958314170493	62.47037406175869
32.03593599585244	41.580316398210506
52.5376999622529	51.290525495311684
34.69382458887376	54.6441280572995
24.950215489795013	50.76951991348263
42.72301331911648	26.929529138963265
45.259464909501105	43.91565262592587
34.65052442098645	34.34807828243924
40.55843892396849	45.45250917327667
51.901180853142336	57.03288191102442
44.82517875986589	24.560750585281063
28.58971919273807	48.29763857513462
49.48145780170316	36.12142097904818
49.41845997366535	34.22802212961432
44.05733645770715	57.488963343596424
25.83163379839194	41.60624005436704
48.23751789856023	42.846664009904636
48.430671756141244	50.396169362301265
38.3727287548873	11.208250664319813
23.207607526288072	44.142400481735756
47.24874530685443	32.79300177226366
53.37079029915464	34.27982898724373
44.741195249179476	63.80213300516466
29.291724895016593	55.34319611085614
33.45877185127761	54.663469217336335
25.215953069833567	54.698664633541874
36.07374533143601	43.34035750158881
45.31733908915112	41.24554580404182
41.634518064027006	45.629406082816864