60.458162441895304	67.28239231844323
47.54644700501595	39.36581103173512
34.84429633104446	46.32573988970789
47.93364089712995	58.647761966822486
42.075181437240495	70.6762856708433
59.19634846644333	73.82172601391596
41.02975337869954	46.54646415290099
52.97001594713605	75.94336221278249
42.923549744126014	54.341502173226836
45.02742006112503	59.807644095680246
39.60818575812513	60.459925164799444
50.47437025202348	52.86735674937076
59.34965017137169	52.64467292078271
41.91697408883016	52.16906094388025
46.10353598639894	48.8074645367035
50.93558584568178	63.444489880466364
53.32022959933694	49.777826668146396
32.39678598912248	51.30649062794902
55.89884284223698	52.65089744089215
72.01930919300054	77.40149168660817
37.66264570042992	65.82791793893283
49.83821270966635	43.759207356390384
27.137387272276598	50.997116113483614
64.05742415059305	60.234781083212226
53.548333559648306	59.43466956379369
66.1888935897823	54.39411740182943
52.4930077137254	86.82373161505691
48.749584205998566	54.92802639586916
48.171921333995705	77.55241315936794
58.826499225325115	75.96395052967165
56.930950230389826	57.3104101120388
55.748335380171	65.65519235387247
53.4314265495439	49.03460498954887
60.239815633449794	55.298812182694434
63.69388280016468	67.90199741756999
64.73866241988947	57.6670964164341
49.4778039115222	54.505761661334446
58.684057214380495	71.51020045934246
55.03984802421772	56.46287055937598
38.34088440703235	37.255736700846775
70.02107955683202	61.036953450593614
56.784192785637934	58.17862923355536
62.31959585912557	57.54623714283381
54.572874862247794	53.48249259315434
50.813894873990265	76.23064045075387
39.4439062474069	43.09588215716593
48.64834067023323	41.16759222762829
36.674075097477356	41.80810923891373
33.1834920979661	70.07649125649932
52.60290533273611	66.89782795721055
23.279422151720954	44.275868866969525
64.21397939128417	38.81192107517465
38.82988842010892	54.197292894160334
57.69639984788622	47.45510176532795
59.05279989300937	50.870496520419124
36.09160121536504	51.453532300193814
36.323642639087204	48.72030082713021
60.698657445202635	32.826278648272236
46.324931526443876	58.36421836226419
54.09035544784445	65.24935766170327
45.64253946329548	63.27624190248212
61.791057419691306	61.617404294586144
62.34035864144694	73.08806071951003
54.23323868831878	65.70601625761638
38.29340456776037	56.5886892739493
50.590363511986176	52.56149693534062
64.02036381206692	53.66207475940936
39.325922008513444	64.67501882733218
52.80966495467728	36.79142828350389
47.894977289318135	57.7208576914236
57.80615527271653	61.911084185413365
64.59564886277853	43.18363738568877
50.400441206993385	74.82905290759977
47.084404253302985	60.84371271201359
39.99187256445939	67.21318635982954
63.685191974670445	51.484310448947085
41.38172580889889	57.42952484005454
51.55483144410251	56.142846887149716
63.79076359621524	49.36385909738475
39.31923351062764	57.89598988553195
40.59696383715578	63.94447747466436
44.77828214482759	57.29261274256215
55.36740159898005	53.440978261588754
52.00457977447738	49.39678954235199
62.572253231629496	44.23427230897394
44.883359853842265	41.26324249650871
38.92522887247574	47.890544318609734
57.57878839540016	41.998803333182074
52.07709381057864	73.34250349974586
48.706630706586466	47.201228945220336
71.04269192267729	56.07405787496875
45.26221324210795	47.200380152059005
49.82135499993559	62.23705621762672
52.31706284083454	62.018556948890314
76.12370952690834	52.94700610271059
48.50512868264155	56.93661378580607
36.99415464042414	56.77998958765222
54.4728036512391	57.86829564333885
41.74793372961383	43.08582425879819
53.99356543403882	44.755035217846185
46.4384050725039	42.68145424121752
46.51912910292734	54.89929297829699
39.82963365442515	60.2316630076106
54.90577939667336	52.62273306925687
46.85721352176599	47.82323930415885
51.93184558202867	52.50359984989806
43.61117799600228	64.77820861511813
49.27628859208628	50.483128654260184
54.13203977281601	56.01444284301319
43.79224461902575	69.01700328382275
40.85111436335069	64.79759266232854
52.24935717269229	55.12740336341033
47.02626735833814	48.07278398275575
65.0762920458208	29.788286111040016
44.69748739019426	74.05557316695122
39.238470069755074	52.3154312548463
32.979164147707195	48.51896174745212
57.02683406640606	53.329378791040604
52.11908974078444	53.50818840250605
50.48255417266378	48.26551348862536
46.26812697895632	74.14495000004996
59.49690764347484	47.10343286947881
56.01709840138238	55.530809603016706
56.83189025384525	72.3880530011084
49.30219099381413	52.24036284262179
49.14997096278131	57.136499478827375
56.68092904182875	53.961393298713446
41.20872849109731	53.66351727120076
61.92529234513452	69.76720623687942
44.078120387486194	54.29133069573423
59.91781006578397	74.744710149729
45.75461568143056	64.92378771581397
42.963117787766784	71.91084286096726
47.11454384527964	61.06606990046679
33.988108862056336	72.70114821034451
36.097314985537025	50.31904225703115
47.580607658142924	39.439592626717996
49.66404593558659	57.683281631730026
46.33218432967194	69.550419699259
61.812579923590306	56.22110224679137
62.22670215864907	53.03490249799406
61.53256081927566	56.5158314742291
48.27771833093657	62.381146079685024
55.155211025250665	59.91892374949215
59.63570795843453	59.575309875648124
47.05382675576342	56.582889854778166
50.55202970183823	61.603026780895846
54.91689153223895	58.80226647004546
48.26945634573021	80.11646176332357
39.43773167392595	50.11779562677958
69.79042289272672	58.87330752469107
66.9690356422242	42.06749388115018
54.26893694170466	54.38845188213689
33.05275733827649	49.98712068810129
97.90444827154263	39.45034498181137
91.86129592278749	53.49657912463416
118.2017654514021	67.2274066391906
103.65680048164248	49.42021457741603
81.52134849007406	48.366333830187806
91.15550523368952	50.99094837102417
73.01476964046925	62.7993335597572
77.13087736784789	50.0380065489464
79.85981015765398	46.82246285001542
104.85150226383692	49.5639283654361
88.6209636883601	60.961635052599235
85.88459136592309	42.78724178229125
89.98353839034611	69.97982018623586
101.48608966720705	50.137007619781905
101.65231359812861	60.536497348275354
93.41076970004552	53.39265772505801
104.90720702567485	51.535511046596724
101.10609960803198	49.32740240638292
83.90723979230745	46.29116177664047
110.19406316197568	69.61887767690206
97.63017741831234	58.66062423950053
95.93522286705505	60.806902665364106
103.81978626142363	40.8566043349651
66.23168935728893	61.71852183476396
92.72690689090416	45.33331278643964
118.11101595811228	51.343445170456405
95.73417423687471	71.99202924669781
79.87174727935425	67.908653857059
96.65460817130281	55.562064097028376
90.6988121636883	61.02448937027426
71.64193659758362	53.38034230677853
119.77821780915107	29.813505389849528
98.84657706863402	40.51426738400811
85.2740760526516	45.737678257971545
92.36266277537925	42.28235103126668
102.4917854988173	46.93008215771643
81.47733488733378	65.1848828377057
79.64902054393085	49.30577635272234
94.16435781970422	43.21100504807959
78.5636896768868	50.397050752494444
116.96601069966539	50.806975805693945
105.0999347257644	40.67178390332656
85.50391174565442	45.87807037120396
93.1827783067446	45.86050832129666
86.62546445513499	53.451579148219274
106.70471496306476	57.016419705282715
89.29138831067472	57.01049006750884
101.82518795468458	56.745737615342335
107.28254560196163	40.96871269325753
105.8864509087681	63.662725754697654
96.63692302572666	56.027305724708725
87.1991942474876	45.92424883286519
87.91807737420906	45.130398949974996
104.31952434577836	57.287956752105764
89.93628555357272	41.50036851689334
90.57946733083295	49.90215958273225
96.33193678950117	55.94883036819747
98.77869360821741	43.500289194907694
102.61653389394893	48.102811078491825
100.08554523762233	57.05576867800782
89.86126337185306	40.1571656445844
84.26399248905514	46.60493726736397
91.0643849727846	33.16105978866415
92.96988748052588	59.97023112234004
102.69846837021257	69.43773780358698
89.2661414531649	37.11132433813171
100.74145503807205	70.5831093853981
108.03097038435513	66.85323382591505
77.47245700756335	45.38846020247176
102.6484674811719	62.41634439732172
93.39286558166384	56.35240642263272
103.88348353442906	70.54473254403759
80.61698803886904	54.90771435151112
92.92955437742776	48.056079761027085
88.70273034152713	36.669290326446486
93.8819442985535	44.12970154875335
99.17018391218912	58.141647519936384
104.31020486008187	45.09815195891177
62.37919593169627	48.268359112304104
107.46198548199493	54.171378993152764
93.57842116361654	44.17849829398109
92.56438795540684	47.68101194727082
87.73537844660638	44.66516618882871
79.79462169152085	57.63517781846688
85.81978517123638	43.30578851333793
99.35144378183112	41.82477359128027
93.32343534581965	51.610006747938854
98.07371785810102	72.84304606942796
98.00285188764649	36.50826662256017
83.10180118688417	43.142001415673825
102.07051436253603	45.47568088215087
113.5027269626445	50.09988963795044
97.71133262906946	47.98754326935501
80.4506521064516	58.75036023749152
111.48850937568191	65.88173389187226
86.19291032446935	50.50172263979729
86.09553119512087	46.1083792699098
96.15264759030919	48.799889389542095
96.43913186374515	63.93647030282597
89.73814710847668	34.66021671204402
97.21005641062827	48.25017290913212
106.87233050750834	53.7500189036493
85.62535521357215	57.098865334199374
87.97551991732001	43.57913830351921
88.35434686888577	44.770359953440845
79.94875370577711	43.917027526294774
94.36191438081347	53.497196032794456
81.79470242884041	41.276034333161846
92.4531832270841	51.82543585494161
95.28614360264666	62.6149862868937
91.2277507256411	55.206981363869254
108.87508492483741	48.177540761519204
80.45348754293641	50.26015668420184
98.23586407013268	43.768948077672434
84.77483716872926	41.96088730595739
87.63244513460965	42.07743294278439
83.42133536871042	51.58059689649263
106.2498339704329	48.13731199131494
101.26174293203445	45.674105838961225
97.21521061092461	57.58021708052116
101.65913773103318	56.2412663089578
86.88631876590982	70.36162992895764
98.49971776788169	71.55344330283067
87.00140755498177	58.19136573594207
83.59219350470171	43.08981631499378
110.37206555833993	27.695011063063397
83.6568208959252	61.572206801594426
79.47380816112928	58.354626739970655
92.61695178197009	41.156989603517204
103.36240720124435	62.968085853939904
98.46566580418092	49.05276436620704
81.55917125136564	48.22084602298142
86.28804241970712	34.605748113570286
89.8077584059719	55.13780070969614
83.80319506312892	20.993713579172244
79.29856517333275	51.80053299840448
98.12252180980565	31.993794466515983
84.64387721507615	52.36006354000518
100.63081615030445	34.51314113585762
75.13485308127855	35.36037228569298
89.1604633804029	58.32982610141695
78.71439322458417	44.92481920411882
104.665114067619	61.66880162734986
123.46849046068422	48.991761985450324
83.28242235346627	54.542534151015474
100.33948336593282	49.295599969306394
84.3285276233964	59.524947614313305
114.83990342941013	59.34148951251058
98.50135506852122	59.146373353727256
97.26033634321202	53.42991797908271
96.76886369781654	78.58063388509191
94.62530680792894	45.11696457490183
82.30941310672613	61.284351971506894
108.02024707612641	43.8446224751677
38.005506192310214	56.14845282205019
21.29972765916797	50.1818768844678
-3.967846172072292	67.2233227621963
17.075800053360638	80.44460573880163
31.848811330553406	61.62369307146568
24.083402541652795	56.89732965866466
36.106940042510324	53.34172495936988
26.7969983204432	61.240115564229995
29.458381034154034	63.07672623844812
37.97857730884287	66.58096308044355
52.00394954160049	68.83487238542354
28.697739214105184	77.98588615869066
19.036055045650244	71.19141928491399
48.094891744892315	69.74643100717893
22.91012062783774	58.74956060551458
24.01848495849662	65.75952035303796
20.97177521240053	71.34782553612494
20.945973024852307	55.54265405357763
28.29212917416973	74.27866425160866
33.326154623533256	75.85484928702869
14.210725420762298	61.89185079014171
18.057185800925865	50.928564837857465
34.441080608663974	60.40670204962101
17.03107053950574	70.56715115282951
32.843913368175656	43.15114933292921
32.736325859170265	68.34289787291719
27.22986001062464	53.53741728525147
25.594207716197772	55.12239296078608
34.46292538206694	53.88043589283149
13.459425235517173	72.71874309742357
8.068053977052656	53.97862115357944
37.56912531270067	66.51226995111767
16.612090101428088	80.14204955006167
23.570955624351363	73.85470031291307
27.655888214849572	42.786703154680666
15.671420443900713	43.67396804015094
21.572353768070016	53.93241478314597
17.33626749544535	63.45545619801517
25.78095045850094	73.52765201699273
23.784181300906187	59.62108390072886
19.55387479301222	75.27425324651782
36.414719796331546	75.85435841200935
18.847152007336952	55.10456969196264
35.1411855433509	83.90655879816103
18.585346726249753	73.18953093638294
25.517859417264113	71.6091429819664
40.71932429380145	79.8279983909865
15.174942657028737	54.02123091978381
12.44872224667366	50.81656328949182
49.481491225903554	74.02805152323222
24.78944952513301	76.18769859416442
19.75392011840067	65.70242706695373
33.0103503673525	66.51735105495229
21.809394733799387	73.99787962479057
18.55981254780839	79.13942711943358
29.624731698924084	79.13822719021755
42.47423344038801	72.41850046134668
15.510352610848386	62.23956119257741
0.13745389207090497	79.90994512410545
26.703791397084398	76.45793351774162
30.28344703183417	67.57060840880966
41.160500838464074	67.26291941563595
10.449031980842324	70.24058225855634
30.476783152173702	72.78561180069832
15.899188967439747	61.17247871391632
30.34237222806345	65.25260845430017
23.582650303192732	49.85566739319756
31.322050903087224	80.36433466528338
18.450179505915877	82.20762486011895
28.852327773374753	76.14340841714737
27.998254027425087	53.96390422924445
28.58919286208122	72.8925890332459
28.19346345606713	48.85447517647215
37.101332341771624	60.345093932994565
25.14315388958903	80.45111294371782
35.716136713345996	65.41782404753535
29.80336615863044	63.63008253414762
29.063606544177755	68.11884348060985
17.66305995360888	73.73372310495931
5.794713064192877	59.459637333873246
17.554030007293626	68.677388102396
18.52234504845969	61.135605885767305
13.613050529729094	69.95501489832219
6.077100854564996	67.2109615873861
17.468378074933355	63.34679856821492
35.15974380414341	66.17621711616266
30.158376136647867	74.44120226240526
17.606826224896015	69.19955465314945
28.02530586513059	75.84211090464578
47.13498684035332	58.2714084360099
25.71393143303615	66.88504970655879
8.391728063246276	43.96838519104634
26.182812463483543	44.02810346438953
20.683367724140908	58.63488101347725
30.68688711728545	53.91624251857877
34.379034390096855	65.90834425905281
22.511718752660652	75.26220567939319
32.93172002516171	64.13240360131073
27.246020093313728	58.56927871078657
19.59030394647935	69.88496947656833
23.684336065594977	61.82291525114968
24.59215338014304	77.72115688304926
31.251797458464914	74.43382534505614
29.94284169029497	65.9097564011322
31.88086394229591	58.69885241420112
33.23292192532963	61.19154970417623
20.208087561281797	58.28730990659943
36.17252227119912	50.03819840556477
17.745134781847867	64.95429214692973
34.535166862368236	68.5566457190499
41.216671397413236	59.35745894885751
18.41013201721921	58.16419448223459
24.037965042712862	45.91756832211023
17.49982401881109	60.77640896287455
40.477813847256726	61.080581429084354
31.083287988973858	59.538439408877174
33.07029083159904	75.78780448440932
41.6198732991201	43.41598288515776
52.03803376399784	58.80826988695482
28.352867011905598	57.942561386573644
26.91251082396071	72.14134219696456
14.806123503958782	79.70949127550857
34.31020659273635	59.03006732694986
45.343747648373444	76.9751926106046
24.94305498997625	66.9635159355516
29.525756432349194	45.22801106757747
33.46037364389701	69.68702036184328
25.178911320856322	68.15221845022313
13.95101460757165	58.35845229250585
32.241502536083296	74.21003282022832
46.34450766851903	67.8132593393553
44.002797034668035	73.75865811914082
12.787402012617195	60.536750175794786
23.152605480325747	53.315923317272286
29.25598856995815	44.66476571606458
30.745807183358075	66.94571200601463
27.737324982486044	69.24962460286078
16.64941393316925	47.71038508373816
20.77053970450974	58.09735619542946
24.400403116706908	59.12942311405522
23.36940124454645	69.91582877325389
21.9240507207446	52.75396114290999
42.932867334043294	73.90216818500784
45.63384360843143	51.83181107251936
15.476403383631489	71.93419966338823
30.569662721819885	82.2496763239528
21.111323434369023	68.26786452037247
29.86476789167752	66.13049934007691
43.14880430099375	57.99508072409533
23.534845387050844	78.74192933961639
41.09089459259241	74.25234510544654
52.9478254282283	77.66342317800847
15.696683419892155	71.51556383824258
31.236074568862634	65.97464147194289
28.74196652448029	59.04221061297484
24.46045372241243	54.70409921756137
32.330715615681285	82.32644980742425
34.84640414386912	57.34101119615147
36.800429275109394	28.92111004362811
31.25613087568552	71.73618071339259
38.29610230922308	63.24831650845148
25.926657459275827	66.29012372345183
22.294918249214632	63.16983421623521
31.067098721438335	76.53760081960607
18.00960705317061	62.368385590786794
12.632591516459511	55.873231823678616
7.117426732800759	76.84307204394312
27.743708299137815	74.70106428046711
25.74558375939226	64.0099611116671
13.346548208523378	72.03391354268251
38.28663627712371	44.03943357167088
23.2941209995254	47.78358756516371
49.91806001625062	62.86738757717739
23.75601965968128	62.7471611317657
11.211133970424857	67.25496975405446
4.456815383709678	59.74744602824664
21.06571469866697	66.72009558308605
18.46929113236355	53.33226243960671
1.9641437526285266	78.46719584094863
39.7318894033608	66.43948100451895
21.244195702650494	68.84618535600252
36.431915830548476	70.9478388281852
32.06276308826452	55.61748092515015
17.05498000970079	55.81542922064017
17.34473238143888	55.28756350207638
31.37126003407954	66.45197475320694
11.526650951126443	62.42584197186718
13.858394697261726	85.01764062660001
32.974411361735285	72.09602114938384
14.617622296310099	56.55898336647908
11.631120454565881	57.621838935449624
10.556983203717206	59.87303477989972
39.67090870137475	48.04932428925661
30.92367304367741	63.52177313908144
22.77684690274217	63.5968796750422
4.932378740259214	57.66173621373743
15.176339733953563	52.37376718148296
28.836955112016568	67.06280220115289
25.055029443725402	54.54039257309299
34.14024174766746	75.54282241382792
34.45093053087713	56.20892043287585
22.181478217140878	62.37595777067625
18.09313283036675	57.962377669449985
17.770983159057632	56.336436697988916
22.701667708231945	67.25033624587985
21.38918544845839	75.39547267205025
19.251184479485826	52.615454638443424
21.833818297403603	55.04564208602334
24.49013780931217	50.562207234547905
24.085187717841244	63.13649032184542
42.68529598529457	62.24992884854348
14.517764172250393	56.488435847237284
11.929316708069996	62.12618088518074
24.068247019321145	49.533199582566965
41.790818801894176	51.02311141620961
46.775749055620906	51.462756290577104
32.222800407396846	66.87081548395741
44.533942143919205	53.247883864712705
33.45551473715115	51.407547778985254
8.582351948423595	71.70681006492845
40.34314606120094	60.419027813650146
19.47481643880291	80.32198534035146
29.186096256561413	76.07514431393334
14.607536189409009	65.89913502134898
20.085513217375706	68.27821181648268
13.928768705153441	67.13961338598848
14.019986192229377	70.39666462948176
12.03764494754903	61.978948278703534
9.313945972443674	61.01035648237887
25.123552185144053	69.0166773093921
30.059203764815763	69.81493246404403
14.264121739528953	75.05821752355753
19.13760674288209	63.926458226024714
24.661194169334443	61.142482407102364
28.864329595248574	71.49908081849146
21.08345550184814	53.32127575579762
37.39019298550933	66.49056492737705
29.703971258350993	53.62431144688939
21.018261827196714	54.94322865473712
25.796002400550393	71.5168404208696
13.070479809763981	42.346685317329445
26.91097036543908	57.137361047533
18.01273486973624	63.548738433755226
17.593168844953826	65.90733793225847
20.3751302261875	64.3671448640138
14.235449239540962	59.27024965611719
21.4065938995692	38.64213749353935
37.58402570634576	63.528109178703325
29.745957141097747	58.75247766396056
30.616756495941615	56.88385291775345
24.162599496311547	60.71884565371667
25.24677178508504	66.21495343839956
36.99469105718964	65.44717251763225
9.722620905378884	50.86813342565978
25.134847903555155	67.5888308967856
39.50910538800723	59.122819411242176
8.61592010297344	68.07645509431946
16.443433830087372	55.97690989134101
46.619968333141216	72.60521286234649
22.06516897894546	58.37340887968183
23.637861533871646	46.73141039506772
28.592949378560192	55.84020407200389
45.01779416592219	60.08878167680642
23.565177944619283	65.37734305441825
7.869831057785028	77.95230332623909
38.31176057684713	81.32057696794143
27.675041583060644	81.14625554946792
33.27037919131797	70.35129877456643
30.191278750404564	61.88651520937526
27.736177876749863	67.6265507235497
18.773954621728283	63.857723142997436
23.09594309666483	73.7188385663274
59.766924421611016	68.71587080486607
24.286449148368416	66.50597775503394
39.457788816669705	81.2082026911428
25.742804865991708	53.59491893864896
26.236522918210994	50.26262729444505
21.4890214516497	70.54260575674193
7.2769562263112455	61.17386096354083
31.399030864787196	75.79084370157518
16.92393481568718	64.15024855256839
40.55452833853873	48.02275165183148
17.99742499295432	97.40091276281066
13.197227454502533	66.30887988179549
25.436378114786894	68.72797618089189
19.217601003665592	62.96355824853307
9.266120924659258	64.75855300325662
14.673195996396883	68.51538026595095
17.863022439510917	49.49883623124291
21.13568568371638	54.504936521078896
12.86764867895584	64.02284479894254
32.63085715229175	69.16696985734328
19.38040663540138	69.2269221062624
35.14802276811352	39.57785644866297
42.92088454100619	69.20726902651244
34.33537966001232	53.89915266120676
20.566755934724362	71.65841381368918
11.164536165505993	72.17565886222346
40.27794178237653	72.958930819625
16.28444192033509	61.79795286384705
45.98485972021075	63.09288640931726
21.72814556567817	67.23379430205762
32.90027793681399	48.6767778484479
34.940389956757514	63.32924848705257
21.18267793788418	61.36425150066743
31.131235682530402	59.31985742841838
20.701223944046333	47.84634058105449
33.073471751573436	70.14572914915338
44.46481885279485	60.61129605882579
11.930874463685983	65.43963940850634