23.605575999758802	41.141970661006354
37.42547165053481	34.57653978372817
30.58461832006599	26.556283622226218
26.40802816300266	39.60957825552339
16.46927898620428	42.46063664345556
19.704677909488417	29.152170585157016
11.93740470149288	33.66479296884579
5.325018219041148	32.59889310744169
24.68127900565759	28.375638034630548
35.44022016212164	32.1140753903188
29.76182025410685	19.46112896109327
40.98563992902504	6.8757979764823425
33.254858887358154	34.517566034640794
23.223791398459294	31.579130117456288
27.046566581864177	46.52708205521525
7.695598763945947	28.61932299024372
25.776691346580733	30.532121249299998
12.166540563517204	37.63530006062995
11.747336745825077	28.313862877120286
21.047173981247045	38.42316288918429
5.302689909881444	21.25256216022687
14.836792674807143	32.14923614583706
22.10278768336088	40.912577720343705
22.56815556220327	34.28948266390372
27.65467142044671	29.598644209864542
28.008581545348385	24.785861332432287
30.918964503492354	35.729706591660346
29.788846445743328	25.563131019860712
18.421474754372525	29.421345315764707
36.7700370942733	32.88879972956276
29.51708552041716	25.014728482120564
33.076326367101636	19.653199984842935
40.79329302622607	26.646013558040863
24.325500637168357	36.53421721323891
24.8044570625377	31.94410719002233
29.82985709557578	31.041486856663504
16.81146060962544	16.648317604588733
41.855926189977666	47.56421082349942
9.780783666699877	37.73830468632395
22.32670595560742	38.61808780345902
23.194620990714743	25.492701307309964
25.254482855596965	40.18241034538963
43.77032200669963	17.38306184313813
24.88508142463341	28.930081604044343
13.720620826647746	38.47377408388785
12.318977590458962	33.273657318050425
12.527831596336785	23.530053829456087
11.234334128857515	38.754467523743294
18.75843243016313	29.114505061050657
20.65980590396162	22.795067504879896
5.811084492509359	34.223502886530824
18.765121994770244	26.0594357543856
16.24705272856888	22.957718240531484
31.93006365541715	36.92952462152779
24.536575995191356	28.119756938515135
27.188832798901394	36.56771857013397
-2.8783921280908658	31.536799317384066
25.98051414636422	31.417134223758417
27.982530928855006	33.471265335047306
27.02810546319854	25.69971886501787
29.650952429803684	21.126581102564323
18.683509740359035	39.167926044216884
5.361891393995116	16.79486513638298
23.12110821847392	54.51561455898471
33.63367147796311	44.27628760820628
19.53457016716992	55.21061190208176
21.188887340097708	25.90566972578176
31.141557138941614	40.180257697955405
34.46303380171139	30.73553747174447
16.522593553093085	16.26416032111954
18.635680226793415	45.13346545697025
1.5729535491254012	38.54787127264168
16.653000125646784	33.3165312540114
35.3533306635697	35.91394731508492
24.297187160583313	19.185712773644603
18.163305864689182	29.07332986010496
17.76384611286467	32.31691021720192
37.970176225734896	45.96731026487927
24.412297478489762	45.93331501802027
27.620738077947983	20.73259161755538
31.47210520794778	33.1664695864125
49.34781952167255	25.83692307517603
25.062401598813576	32.7573977631095
28.327167009726217	29.66826440392367
20.22756819418252	31.36521797441994
28.80991962411822	45.3654371610044
33.006776697115356	24.68470003247727
20.673564506897268	7.157881808409986
3.663257804381413	34.91931299340921
6.753682244280565	36.928029652588954
26.868035934224622	30.281805300778004
21.530027805194628	34.61299165283077
24.67005548259673	34.6789336510351
21.32134986375795	50.89987378167038
12.91402463952261	35.36954306672686
15.169482718124826	31.00923207130932
27.071644641816462	56.503661175285046
33.12270147927594	26.591884972393622
40.62403104295271	35.28953983427521
34.67818370714325	25.523846356041638
24.60824689802192	29.8447308648035
13.456756025161301	23.449704188745265
19.54837802411072	30.596289514494988
23.789661428054444	32.464075413124036
37.91513142560445	24.211961582256983
35.33650938585223	31.357468293767237
14.612696332131655	33.74628427752813
9.690725698265048	35.919807353821675
35.90050679149716	3.033721186366293
28.477678290617803	45.431834296521984
19.20714595787473	37.149915649070934
26.69118196409134	40.97136929666941
22.771307186338486	28.118559571593806
21.714041388920258	54.482005347410066
18.276373749738315	33.80337272646708
17.965134675737907	36.48850298902052
37.41722371384486	35.33538082657258
24.413880955275378	33.99455601920675
24.830838184151045	12.425358100986696
29.485474679349625	26.946330681870922
26.26664860160662	15.447547762161925
19.149802265215477	31.661144562876327
38.57453185725236	14.081845733723345
20.62525186387095	25.405632459296953
30.839743626814293	32.02083672526618
20.642004164842568	43.301034995055176
28.65466330469505	25.515072843636332
35.13169205964951	35.917347422163125
25.74869593379675	56.97088174808104
14.37173017987776	33.342543804956684
-6.074948993218111	33.44371423452807
23.631693334223762	48.794265458699385
22.04416305084976	45.58373501988041
10.347566073131409	36.61967350823066
19.39422711061729	42.53890589930682
18.70584982387402	31.927947481333483
15.749551565644719	43.10210014314248
40.307439652639076	29.291884473092253
37.57768523883235	27.602932616717297
20.575379737177965	43.70013225536217
46.05034787803076	40.942338129242444
34.43709376552245	11.926831309129224
24.343296497218905	39.197377516522074
29.277380540263668	37.58637971451251
23.726430998146594	30.98492786413205
32.27520348428844	16.307733416091214
32.12418490378731	27.322278660825194
44.164856688680814	23.30461914878834
21.000200078978615	28.176269116308912
39.33293277674454	30.670022095429115
18.045396944246555	28.100843829438084
25.41719339572303	12.406884736388129
36.73135730916294	36.86485630451746
33.36820546803655	27.66045928553316
19.046838725424173	14.546082263942708
32.52940093726573	31.611574559152544
20.284814083496858	33.527708944281315
29.03470425150972	17.398330982234576
32.45189855831927	45.26549654116411
11.575913305904374	20.591139250497704
23.88150657033718	13.629217727551538
30.017611059122938	28.55277277051985
16.405478722837273	20.639345164929814
12.262409135621871	19.937621294275317
26.80012870495998	34.78315419030583
14.595287626683389	25.428524847957675
5.1115021567901024	44.38849199338587
40.84457819864697	45.093787504655495
22.221976473479934	22.36961391083682
11.669883834579203	32.67910733758049
21.416392186229064	33.71375728455312
14.897159017112102	44.953616074576246
13.796940534699731	44.44705379460741
20.038508927684784	48.654747432244136
37.43881220870904	25.11379568910362
24.830206742126244	32.22506440180736
25.854874721727672	19.039124086460937
10.215201980597898	45.68280082012504
35.1814237602194	32.73376076252176
14.006741862812873	14.275119168226354
17.003800385214557	33.582751539759684
28.015535503245317	53.467162752260705
22.523777967110398	29.808732702090868
32.029891400839745	28.98162675265733
19.59082430312777	32.039158681848676
38.06400091030132	38.39950407342694
27.568948203612408	33.0738890080321
8.139167907955324	30.83012727850831
30.146932634119818	15.610608281036296
10.098711263403617	26.35632580171361
25.74002988949849	34.06921307748481
36.14251440582337	29.134492470589187
44.94977285418091	23.0856763797562
32.100532344607046	37.9895136587906
39.9135678730825	24.739009033943415
31.639425393645038	41.558274675083204
19.5022741644035	37.183283999261775
24.81907207436839	30.96248801507131
33.46395094189388	13.547730127211072
14.751928425621845	15.30339555562908
26.156657434170988	17.94899330452357
25.51233374653184	31.148190324891694
30.8096651142356	38.86969628126854
34.386044554982135	24.928702436564887
35.88801605745809	17.665280544166464
16.085529648185723	50.16645065133253
29.70827034230326	42.07384310440326
18.697879836698426	26.594452403489164
13.873738167170366	25.105824343465045
11.758291490284469	38.096292333446414
18.281708845954817	37.55432615055535
32.65726035110669	27.937714844445377
18.577701145883807	17.40838801788157
9.507495043862646	40.54118350316352
18.83326104790549	31.61167248795134
29.776895337267142	23.783038919615546
31.380229619534706	38.21449700020474
-9.388237947600736	28.458619863468893
5.120749404808869	31.356170438618097
24.875684207803083	24.59266700250269
15.906613855569997	18.477265271252648
8.25805718564885	28.461573346007434
33.17027100833075	21.845303253562896
15.229314846175118	33.783436341259254
11.783810538255995	43.32864917977375
29.888348199282106	48.65827366230539
13.870837889198008	34.699283159056705
28.929940567038535	22.63097489235604
20.86525767972494	44.07180397748834
41.570690435129876	36.46182512281838
29.586940610878123	38.715109402154894
27.903432773047676	35.92889278890376
22.241774557915868	28.95522728951557
14.447840294566364	45.03076442609586
22.658130537721274	44.78149033118386
29.081994360084423	28.051842270468992
23.763143719335915	24.035801768716183
22.2123321026353	32.03178974926943
30.637944129234494	39.73965445125811
22.249069212231266	36.5134725650101
22.268143282931216	37.23773056739629
32.454198587423946	38.75783000217335
24.348149907541035	29.9102234310589
17.179967960989416	15.801150015443733
22.368838935863238	25.032239303961227
29.934349823014077	33.83562222997658
27.348452879154824	33.37196406323069
29.134515305793812	24.266938671461737
8.765757002801177	28.49879556372935
42.71080180022442	27.594456377888903
28.428457903239572	40.443193916981386
16.807331702015816	40.091675241631215
47.47953345084835	27.209718169031646
23.173170161993585	44.236342353149425
32.57119394822528	30.171623651126264
26.291466210347213	40.560264684705324
34.74489452117527	32.586402782086395
33.12336362500918	33.06925602228804
17.7517999988447	54.62516858596045
25.077575783872213	9.221935494930076
17.52369129978482	26.03332902225369
33.3903645580353	27.306629499818857
12.073665636064883	22.645686620496434
37.00928756374655	25.252462592329536
13.349752640863295	29.881706715947725
22.066382934881318	45.376286016917135
19.049272065046207	40.67198425542367
22.338808873284446	23.487433499375612
15.442271262647871	33.920267628322186
7.187554692882603	26.4909021347897
15.734168580541812	32.46073685404247
24.181239685659968	21.801629828942
19.477497436511012	28.568112949381025
28.60211273137701	32.11774697004338
23.705927707383257	10.096974929454504
16.07184152052603	22.476496263612706
20.32037259276154	14.037181901170925
36.022231890107534	25.071832341983466
24.98877274016444	38.057217004556456
21.942648057491404	19.32280694941442
22.395618790113634	24.587308443336585
30.04939921976514	26.48310707238656
31.719912059129594	27.752745005285377
27.0975871723701	38.56010072222938
6.482857670230448	22.51045427130762
15.353705533234786	18.31366595747044
20.64898493411374	37.61746551779545
22.753082266820996	19.308659231824475
33.778327849542436	24.889269551243856
20.898307312028372	38.75638782894186
18.837964245261347	42.0893372453136
32.21633121470972	17.539501168230267
35.26231189437006	45.06675623474538
37.155230279706124	35.96990085023602
26.02958872422585	19.95700195527494
26.07099626783255	29.05829524039251
28.809676920660408	28.0989988239522
32.342648894596444	29.97913539427809
30.53330749114558	28.714119202074727
33.32990752749653	35.011524752116216
37.62198769177674	46.56976524521155
18.073104397057804	29.961794772413203
33.82594627647137	26.699362623879644
14.533485518758885	43.06341621765984
9.963298143308599	40.746632838719734
31.007206240618117	39.80903900280718
29.941813518294452	23.70313108393723
22.319377209704513	31.890268453673524
17.57185176679628	31.04033085851018
18.419866330974703	48.87843991655218
32.80453183420882	36.06676148953117
28.186358039168507	27.040119523680087
43.561413730968994	13.740012663455953
18.640336721512387	19.13978602232887
26.927189198517176	18.236899037489636
19.06174943568087	26.948463869626405
41.93239815554833	27.609826771329423
21.3568900703902	41.20243698091993
33.44971231349652	35.924029357657496
33.45030713800247	30.925629122105462
30.133731275661603	29.244418492261033
41.10244786125799	34.60673460776985
31.00532770920449	33.31759236472819
17.377319782314338	26.049171755314376
6.031050096729054	48.24030604485209
14.495409132246822	24.68547574627623
15.71409248454127	32.37448106804727
42.124651420873334	32.159675609270515
-2.827614581829156	26.36038425699088
13.300296657298459	46.38698855341901
16.832987415791354	32.00889583696122
19.577901229084166	34.235568808072166
15.883810542174102	20.923251890121662
19.130510952770337	36.00209721040473
46.97432996527009	37.04367924130824
24.211779358333807	28.96377622412479
20.527236413001116	30.295131115383697
36.39865794630524	34.819736812136675
33.24782166695971	25.17324668912799
38.68251649093928	39.70664658315498
17.209569713466593	41.76424123913149
26.681219498412002	24.787510645961927
18.425303541653427	34.696274164716925
26.943191673261488	40.62986980510664
18.323097888736488	23.709049292302634
25.016973475389346	19.83414822068086
17.84992212313287	21.746266875991356
22.20061358852278	51.08762122999149
37.672544259299485	22.17025515513204
14.28066429413329	19.55633629477388
8.141877498294347	29.848897367184513
22.988784583646627	22.160519625044422
34.8202060532128	34.61516084824969
36.69940992413121	18.649873015792455
17.394446494302983	26.540940229677584
47.58011525503234	41.403695543449714
34.056009376441935	41.60448414082461
24.85705213850599	36.23799967024336
11.892174652812685	29.01591062997616
20.046526984693248	31.56451182475909
7.625294678239502	51.93080883054638
9.160074677019006	26.547242200757463
40.8835158241265	27.823590379954066
27.64270954660887	40.081991070711794
38.64543607402024	22.113971526989346
15.123607420174613	36.10250705821097
1.7257830067658873	32.23715669757189
9.032061527902659	37.942085204070466
25.886560845540608	17.867323705212197
14.704513832615318	37.28111459731566
22.280761221130476	49.17061475099847
27.311112382396956	34.887255291479896
15.323449445806778	21.725481322594085
42.05457355151998	22.590280196842148
36.52081781702374	33.66816320186338
22.489408445127246	37.23029953662477
32.73576835386656	40.68856648313223
14.069308021921556	20.787451101533435
42.227837355248894	39.44505250327355
32.08505988767176	26.868565526632224
6.746654997423683	24.10174152699239
27.470532506133186	31.518314781029325
37.16662790789831	29.50805782279702
20.236319470312118	50.42176565725131
28.01351607437114	27.697752018997917
28.695272932808457	32.022970448099116
22.855455936984196	47.533917174140534
16.041710429508026	24.743013332346422
18.549265492242313	28.178216028487785
18.432210307691264	38.39167363495138
22.068125842812165	28.38506842083882
26.892288927488813	30.517098619359363
38.32262169041162	28.96401374543331
26.808885053050247	37.67345727049796
8.430785802533043	22.571239690785124
27.530745074674076	25.340724542191875
35.860198343071715	34.133781196708675
19.438424958318603	37.14713835793172
13.095789028322033	32.35709250554558
29.146746395536006	20.32110204941152
27.621888557295378	43.718174498321055
20.20324153381307	29.316797807335846
33.13223482898539	28.22986380931026
37.478347217153754	29.477795069465504
22.46129095865966	-0.10751610183673321
16.21785579157729	34.056208333434995
22.434932120161065	30.576763178384457
28.465394333915167	43.91364180797251
33.788490599689155	35.128036953252696
12.047824275318034	24.51442486195966
13.085335233666404	32.62885139274566
27.22087638481136	38.692795640941874
29.95724363399717	23.481583539622534
15.036513402427415	35.11155937536826
15.331769895251405	25.13999936638512
18.504899166890596	44.920078554001286
25.04388998931821	8.983775534620246
24.993746533876816	22.40950478339768
26.447197634979574	34.8753381300988
25.369334145805055	33.374257029976604
20.67556905216226	34.32493950354643
29.673460842654784	38.56909961332865
35.017587137707956	30.397191408103993
25.135525842398575	28.8283644525175
13.240323520543539	37.07441547782644
35.63854953396637	41.031317387231674
18.064807243412233	26.3973409107796
13.333765130662423	38.392569980163074
4.43507437491467	29.113432086005048
11.686707626032382	42.242842091992976
7.212374685011902	8.796041078416266
27.588000537402237	33.83379435871665
26.455974248532673	23.390413066492172
12.521025367480915	34.127948610408936
25.725012749411867	37.0521964878146
29.43326453258436	28.161229708030127
13.27393922307194	43.99017729129421
40.8327263955515	35.70400484079321
31.80066902650481	28.34473272757812
39.10683211507509	36.8010137045563
36.65387323985587	30.399473149603136
29.722897911721496	21.09323826641196
23.509076188992573	46.769624425541025
26.303409385035017	35.82433962282602
24.995389141889632	25.608813633399357
23.32406092458411	28.679113736087043
21.288625587367306	35.523932471042656
29.044255998470685	38.741400598957995
16.642964566660197	40.123991534289146
6.270020508420714	33.00232176437186
41.541873690552606	46.059352690948856
19.575402546460886	37.33841162633685
15.26049904524734	41.02860187484128
29.99639532369087	34.54508278212294
15.57984764475624	47.14409474991271
20.960470922538317	29.007255875314222
28.826027838324645	49.60698093811129
27.90448517342046	47.91970899330893
25.888300066658175	28.928364740815145
3.8108399201742955	20.994387674904658
24.643046934022383	36.591900003958706
19.535363316323107	30.904210798232285
32.83951705943309	17.126688675319606
20.375850492426615	42.36954366313773
11.556040986866615	25.716978837759605
26.680576826227913	33.86079572885684
31.37613366132601	33.7108686748743
30.806211322054214	26.28539730427316
16.719581292565692	49.41921965695035
10.610478027002811	33.8933737286338
32.68110625071212	33.33531594369407
31.389997973649	7.686397381006046
12.34052851350372	38.56319746414425
27.940335358880834	2.0804930279312472
3.161884827304938	40.73857439314587
38.0148493721007	23.440534149755294
21.3134618050926	24.2393670900377
19.527721773691148	36.18732420763476
25.00250998413353	27.868478097868245
10.713358267554788	34.383025757466086
55.592960113460926	24.697531502884566
38.031110199103296	28.328792014492507
40.90355766288538	9.004768227994465
43.920857289396906	36.83317482731638
46.71046754003588	33.38857405025137
42.565712867148534	25.016634747604428
41.51740954434701	34.9136238461342
49.72340780814042	16.437539127039614
39.30144470003298	41.89453636319686
36.74465440810738	23.7402547582947
36.65791270557909	30.224733240194055
42.502983487965516	29.251171267931483
49.25040951998748	21.90709486217278
28.882801160777543	29.658032663598487
27.254779842452244	25.964734287825294
30.907790275039535	6.75845462984978
37.88722561633266	44.118820835848354
44.21222514225292	18.789079522138714
48.204413495367625	24.556822961786448
34.70345087996052	26.42359894257992
40.94759139764057	28.90736390060619
45.69157341970319	16.000391518681134
41.713262358992345	18.318093193552798
43.08484292476737	28.825239080112304
32.849403636436556	35.959889578441114
57.075768883985205	39.70291760631072
36.41533625010971	24.73368480518916
51.51529482453378	24.594153901049488
52.498059153893244	27.951083596336503
36.64826764417892	19.73055081530888
43.30980046386668	19.7741643787382
21.247560729999037	36.125136716624496
49.71917006097694	23.282673552860583
23.172786070872977	-10.27415638972682
43.29396588556166	24.74951938595399
42.77558307373476	16.01117764867231
30.287371878937968	30.734492976544058
43.46244159480959	22.88280945360427
63.76851174068136	21.519846382690897
47.03474370858824	34.32489841368127
37.531871337638734	25.67078330737805
48.4142668256241	23.667436329878875
40.40183435980896	27.890101169030864
22.033943100930237	27.730040582872398
32.7655489321054	4.008751918244069
45.82333119488061	25.229305493371406
38.700768105671635	11.445383084333274
40.63365719225587	17.27978254068868
33.862353072475656	28.285516373726683
26.230309839549406	7.667448918704373
55.578600660102275	17.031212823569163
37.12455812283839	34.37554916914113
24.637080531918713	18.794206140872355
37.25371167251631	10.047385968631549
48.3819265955303	32.71593594004875
38.45317517625497	29.46234554252052
29.22186007681936	23.927186903065813
40.3055210303313	43.43771976837429
59.92051232596164	34.00953980264753
47.76420013724517	28.450559736632467
38.49889429647376	23.405237381658374
36.250590287328414	38.60350298019692
48.26953466806094	41.960650816949865
55.11556140775379	24.717753384692077
44.007856439695935	32.47931877417591
44.592112358967924	19.56194156159266
45.52173924824085	42.021217687364874
41.162468491528216	40.17005239854821
33.65036771034265	7.972540549460401
41.66721840729876	26.397926235568185
44.3138176678494	11.764664708729429
45.75257436851721	28.545787422812687
46.247030232669665	16.70103209406413
41.79552960975285	29.580351564627552
40.65672641601371	38.54071938109689
53.3610792183753	44.24144332654445
63.01849035741307	35.006400531478135
49.96260977432318	44.41289407557056
34.387364010808156	29.211243875802207
32.03261623552328	12.60893651076358
52.361817811949514	28.464767514097645
28.94003545931444	15.275600498253315
29.72740905052173	29.220511282481286
28.02576245638513	31.86710829978317
32.24559214201477	20.36862990119962
51.205959693369635	21.876646429300536
36.95201618775248	26.628232858816656
31.610666595541794	16.624165285060375
40.971003501133	39.851059995420854
59.290381631976544	27.87662857920675
60.04668151442506	28.677112825505844
48.242130044232134	26.328375284105025
26.140932150168506	23.171988777408256
38.24976424735027	34.40301062953355
36.40443197976851	30.312435313012124
29.849768545547004	15.415245621180176
51.052861699769764	20.70100982662814
38.67977481903195	24.77170961959837
55.33454510801562	27.63482261705321
38.627011498616554	29.80732587776067
50.56748845557499	3.725731926240524
51.35395020848841	19.85563848769461
44.87563403365688	24.04405644460141
47.45756252850855	30.665879620907873
42.58982263058522	20.998693681519338
31.12812512099502	24.18902972781256
47.92770217503481	15.772988910641114
31.76539259495833	38.65454052690766
40.645854773459426	29.14347331046516
44.98345989695877	30.246922300116722
53.395296739980175	29.692318079537742
32.97981012014124	39.39464967676809
42.175677840283214	40.92834783273181
42.48166178680977	-10.668947249390143
53.04176282387241	17.813291324773747
53.48686612681453	27.77199134514123
39.85990373121984	10.843173865311323
48.55048787737229	16.85265326814805
43.570692764342056	24.856514999674776
29.28057017452868	23.113227073656205
42.00436104108624	25.658033748974194
47.12778696867201	32.64010931389895
37.806269514410126	26.459471117091358
41.06484948046722	13.290528430572571
45.767548138156215	25.876960489504853
33.18689566603101	9.942523092520666
49.12270633985773	25.516415416960797
32.57763797268974	36.800072185684975
30.860674406396694	15.529634746765755
28.909234416356696	32.08705564646623
41.09776209704308	30.183128964772855
44.316250299631335	21.24146590265251
39.28016940766998	20.0809646443357
36.74889354459239	25.524653620864473
41.81461111391458	22.854510136031326
46.18882441644728	31.676741936596308
20.751092214151164	24.300417661197038
42.92988306144604	16.78753965517032
51.926105953325916	18.468618120037373
45.25807911542252	30.59549599455402
31.859031071848186	27.14022220599708
48.1679820233684	32.282667263069115
52.340070850344965	37.822110596101005
32.326262650691135	18.577033169025736
46.02578999127504	23.29339473531158
47.667577714661284	18.90422979194456
25.340336433620486	17.746779191058543
41.15408296504528	14.862830722245171
39.734519726828516	37.81696135136818
49.9196878227507	10.617525822665376
47.2384809496741	1.004628168310738
37.73152654270197	37.86050346402445
30.100459291411003	32.82151209469806
39.595344297831495	24.15128109362085
36.00539563143325	26.69990163827238
38.72705152123153	30.888380158363518
56.63771194752214	26.05075383845092
40.50039119020739	27.976720702947468
44.120407641663334	9.318446302625457
57.87612971358763	41.01228524613587
41.674953411377196	23.143387229951138
56.67298365110158	18.518326395303628
30.665324107994188	12.666211359614168
43.73266027488944	21.70685769648638
34.36075269852342	17.722504919777958
41.18972196445627	22.847234091776848
45.808241964460464	22.130866890329997
37.8044592902664	24.844300137490105
27.322390910188325	16.94230637737373
54.95429803095129	32.92538079766916
44.193707934774714	29.30021090631334
45.19879069867029	20.428690746954135
49.6999002485863	18.858302284669357
44.34043819744036	24.46012251980188
45.66057670503227	11.846846118037242
27.549210795847166	18.57722080904399
42.13706517175082	36.97338480583177
58.52277586885401	18.31827180658818
32.73413681586818	20.017572069788912
23.288289467765992	39.299140078036956
26.209237221013446	18.401139111817056
37.53500406891783	21.328801622207713
30.187317498185934	39.96494913242506
30.06816521326857	22.98264909172824
45.36977851508589	20.34944032822357
32.97546235914095	27.6774783524056
27.400876448539833	12.43856199306161
28.61676906489117	25.97146880460351
35.35739383010478	33.16221330493877
53.395900638227566	39.47552029492352
40.15920975487731	22.596533782351912
18.760422959447418	28.288627462752174
36.457720730560034	30.61774111663348
56.36057129167209	21.669391342427836
50.29940933889969	11.749948821693328
38.665947958607944	34.226743373165874
44.16447976041393	16.72529942516513
29.75697357248888	18.447759775231987
51.64872584794338	22.677748538248267
42.87568528232538	21.44668538176138
37.90625729486259	32.106694716111996
38.80815405401159	20.056758430276368
36.73971774594901	30.05744111413798
49.72514121725201	35.938071782856575
48.23536585081726	31.441832444018964
33.728661679218334	28.89977169411898
43.90063460367468	30.923163744086114
43.45492320263877	46.558689394557774
35.02905280520798	22.889179575153666
28.245787982800053	21.541886745160014
23.61130697371241	0.8065584162195698
40.7062110936345	9.753664791940752
53.711687116229974	38.504923931678555
33.57715175409287	43.23649409700165
41.64489019164947	36.18661267493897
45.818052501110785	40.26722826458058
28.580312630293278	28.29352840235789
55.10586784716864	24.50715257592744
52.683696545970115	32.17723627900361
26.07644771892944	48.96872401448495
26.32245091962143	19.660350234538438
47.87789462904627	15.713822603624253
36.74305614188845	1.4884005244503626
33.29711072401269	27.649094425565533
29.227384920334153	36.258918366158255
54.68713492116152	17.137416508448936
30.350956977803108	30.37617446641488
41.0256847735015	8.603123756772721
46.93994239642123	31.107510382271666
40.696164654639425	20.25577498899772
42.126343134976445	8.34206862955942
38.674444165838224	41.08065915232805
43.560056169519015	23.875976713103146
30.697771431839133	44.21802512815243
38.98822215969672	11.103560747568679
35.6992631989128	19.089953107599356
46.55846301349355	22.33642758573696
31.732718413885266	21.633806177363315
37.995883580290204	26.381350152696797
38.03420117788163	24.489889064882266
40.23074911479824	21.400698829679932
37.50075569216877	24.690852979319118
45.91624222493823	30.71802906666913
37.955150730048864	35.11642735784027
22.152408584363453	37.73256228479257
25.187465603963016	28.589439675025176
51.059389596191394	17.777145523900643
35.11287506805809	9.42193389333383
45.17708212501511	33.164387527887946
31.609468174284196	34.69385034823414
35.0167729211083	37.78677060720709
37.965874096798714	27.936375539879627
49.08944160475052	26.10110887558189
53.50216547741755	33.85147684018089
47.97210816934391	22.581355820352364
45.71611082423569	27.404189403564303
30.873446643383065	37.69389842455427
38.54799589012886	27.802983730835656
38.926175854644086	33.45085710498744
63.45037815605423	25.48460209721413
41.047622516867364	28.948238990723276
34.418789964557824	44.69866997224571
56.26414909662995	29.646020496720098
57.293249989812196	29.029939136090533
47.78421558174319	50.295613291564706
13.719617818622744	31.176660161069183
33.89285990701997	22.513883336853546
39.93942903287459	41.01786281560682
46.04968844534379	42.144364188592746
52.624276593273194	21.75749583448006
27.558866329215366	35.31960344076067
43.847774959728106	14.608328636736715
42.81245790852103	23.28886836885916
40.307143399991375	16.366693336784536
34.29353442943704	10.585931414265772
43.93064540402069	13.958079924055124
55.45099287891445	31.002450295167314
35.1623303399099	26.3570000849402
52.64439128258208	21.990897640336154
27.784893550514152	30.858670495727825
53.3486104737328	33.8138099504376
45.0267348442037	20.717424774770024
26.06240436989627	15.43048471517713
59.118775712573196	26.73377098271285
48.020081681586525	36.60121681446695
58.988734327588574	37.665373750256705
57.7481300985943	25.826152861564164
35.91009764831267	21.298965651599158
28.22025908596461	9.048909868273114
65.65975442786905	21.835109310794
18.35241843545192	28.290259352341458
44.41456403797769	15.652280499156403
51.263466085683774	16.445592804501015
60.6758130181965	12.424327200329852
47.6118533274433	36.431836994118626
18.039318039747183	14.381312328545274
45.43244731853345	35.01276958624804
12.69604204107127	30.699110743455705
41.48406465008474	16.34452070137096
26.5346810685662	40.621768328109475
47.434250971333974	45.2804674189059
39.95649912612284	43.14797832480163
27.255479421308497	51.672216310295326
33.42443466331464	12.442373295697076
19.028445040427183	23.385636397764987
38.335714702719905	24.07789440270315
48.55371478822313	13.37897234650704
35.47862918785755	13.177201341061892
37.563072921938456	29.119719621051537
45.34067473540825	14.173717291077017
45.60463750982483	22.18644594580634
62.419034352527326	21.469766094708362
47.212531302898746	22.41074865692716
38.29179723351677	13.020708988919642
44.39871419019271	17.71170994930177
35.04041089300295	35.957378129195405
31.406940816923097	37.75887085845412
43.858857722114536	31.726238423195248
35.50093246232946	16.017166709335992
22.222932614806034	41.41361317272264
66.66116134434633	20.295285448440687
59.3299580123475	21.414322856503894
40.352551068201805	15.95491841401805
59.86299134862537	12.202196419774332
25.54179677091951	26.85274207870508
44.83335990148304	27.159517595549264
34.024417971870065	19.90339949831404
50.481023983446036	33.72077802673077
59.86416519529871	10.32138913670938
39.911810204270076	12.380464321873637
40.16623248116825	23.239527827996568
52.92523425611432	20.191177650127962
29.611651733101752	40.10923111263959
65.99423415704359	22.499411376735512
31.54951221973615	26.796410762097764
43.90795404674552	28.185067009347776
53.94111252969837	31.61922785925813
35.35435654066174	28.373697315994534
45.161223050660496	17.230899097021204
40.410282336051814	17.447445064440284
51.388163132516574	19.6386981111322
44.30649962209894	39.73207625448765
54.77413101726414	31.157625667698294
44.51656188748943	33.42822994140889
41.97992933126407	18.092321688560645
26.5167119768566	14.120359354696854
50.01264993531986	25.70646085814457
35.20745582615372	42.57605798816317
23.133145683882795	9.140769316708361
15.213512561479842	21.51751319841535
40.792510674221305	41.33636134640517
58.697806311551744	19.683862400274982
33.647200106113715	27.46671317746138
29.380722667046562	16.196939303047387
32.41698904225155	32.70679437456928
35.20003863955254	4.988390055846654
39.87157124972692	17.654223772054003
42.334121622224686	22.533319896149365
61.3115851224789	35.63452385806329
53.31986068447336	13.202658992523821
37.38597562502879	51.98168941661238
39.92075424060431	21.426641214251624
29.826233291820696	20.220131414518285
51.12679433507872	22.287072388295375
38.728806285995915	21.088849792829535
28.433781036913743	34.736999121431694
32.89965481699335	33.79023402968704
39.32226769296544	13.113912108207145
50.5900796609732	21.691072331671446
41.23582877878814	33.814784003934555
38.12873755930848	14.562690525303482
31.622580984942793	23.610062395939316
36.93187029470073	16.211487159480555
41.15514210459136	24.895600106515424
39.21388575020359	26.991808181038405
57.25169965437746	19.979348858875138
20.24344934682512	31.044254819848167
39.75060005216983	33.61069541055758
32.268599650090835	18.503397863289564
46.272387284224486	21.34890328803678
45.07748115950608	37.61588211316375
52.54197681935509	20.13762288837289
51.329701220606545	28.62652719589721
35.19521621794864	19.420996294740497
58.07060699832323	16.56910657498036
40.045565125379994	19.66612268262294
20.016583056015733	18.676546219340977
51.8274413311225	19.843778646793208
53.76855668940867	19.41211349740447
45.33515787591632	20.07586812800666
46.870660643291956	28.69133049805609
22.510659927830645	23.456064380187907
55.33388492405513	11.138917539170764
46.19972068320801	36.992477727538606
32.59114663050805	15.617129232845048
43.51720191023283	17.57754112563353
39.480849156064906	17.753172024678214
49.25203883259347	34.010349368754994
28.99642482600769	33.14909197100848
50.87832278423141	8.90729765513342
51.03151352754875	14.5113176240457
24.626782721128077	20.744430904534564
40.65507898376662	19.935314042530084
61.963252229014984	14.03926454165971
30.718648953831657	25.373632562488233
40.870750873675824	20.420376653812294
41.714354442586746	15.837456045482371
29.160031433759897	28.40424142048083
52.752120500327806	16.674430069503508
46.6366987535924	37.56822262999748
41.64889339132366	34.71545184129699
44.98871332282307	19.16722852675218
48.242460431661314	26.26939250130144
34.94375266462108	17.513184615558632
40.665027955264264	12.42789955475625
50.96668468630397	37.039558591529726
50.77484709679487	22.29218066333639
57.17404646080513	35.6825993941378
52.779434812108015	27.24600585123461
32.77553141583668	32.21641505953517
35.84525189713063	27.403100613367076
58.29756455037412	22.09910321958585
28.635400856473723	10.23193121781183
52.524191563546594	20.813497719498166
52.18894127956381	25.516976050562114
38.01886764448872	26.890722462089702
33.801731724786066	38.106902121696166
26.717824549555395	31.82683643116372
30.222510258043663	26.725603079729638
55.325674149456184	14.797436493950743
58.02153243333794	25.696836666322195
45.4381575964624	29.351011423715203
47.14999898340804	35.93641541226434
34.116850780898574	17.932704040101903
30.06258684711544	42.82048468290567
71.20595909341621	40.84008196916004
52.27583668592779	25.763227466766107
53.15299442917002	19.9091658773351
55.13186301560173	27.634481333529795
45.95876914598817	23.73721925417414
37.86521305398491	38.2071962707542
21.990204818902992	16.90255922374712
42.9662740806895	35.023897841757446
54.45456838711406	6.394866393345261
44.4651783735612	15.50296688257455
13.38217024387199	23.633329427120902
59.041728772587845	14.855661645697783
39.79491653554749	33.74244128367587
51.486795176347066	33.948962269579546
47.240415314087144	19.08003379146142
40.14023856397406	26.05178962752239
36.38058508644711	29.870844470111347
50.73420916611882	41.37371831298486
45.33933914019571	29.02958177550264
40.13635438755674	14.963392087692695
51.439630967126405	39.18712300328326
41.99795505125427	31.68857994149204
35.37507912356915	37.945981711210266
29.848266838696134	18.121089660912748
26.845542601531392	43.47636354154648
53.27993135704406	16.81981746042476
39.55032792382151	11.338537789931056
38.44335412423443	36.79117334933515
23.263414441590257	20.016560564381383
45.979098011193166	28.043635644623276
42.963619251554285	29.188530916856372
28.15367122015131	22.075015639896144
47.7367801038431	7.426639440801306
48.61693353282136	21.94270396298934
34.123212477234766	32.661166889663534
47.63012966470299	9.961545400491337
35.27759149283884	45.4252214171149
36.3444101683188	21.612310762834806
33.521462612229165	21.268455019038726
48.90584146063226	24.703451811933768
39.36313597525484	15.855862983017975
25.501904126312994	27.777050959701505
33.34039894134821	3.73606374352914
44.48601591745529	40.99143007672265
37.72791150759067	27.548069557393347
84.06420172615837	84.51108223092757
71.40133438402593	72.29097262784161
68.17508134518097	89.6283821467756
73.17017914942986	75.14220523058381
75.42452005216207	78.17028189799602
72.86924214777409	81.80695097477731
64.56840255562005	84.4056916298091
72.61326454721582	66.87621346490181
70.56035427835391	73.73253684654416
75.26959327962932	89.7119538951964
60.78962506268456	82.65754996524254
91.7484129664586	68.67232697349138
68.11783670135898	62.61274864243407
64.70825114637843	56.609368085056644
62.6787323261175	71.81718084498716
76.97797712686432	70.95969306266967
75.99871494436114	74.9999769686318
80.86379489511731	73.63183597018224
82.92935863213256	76.46123505338706
72.89939330838426	74.27990847439133
87.74756810589513	67.92176660032646
65.38822679824122	79.83252594665804
81.14997434767052	61.25638693143443
80.6603811679929	86.89869910108287
67.89861744356155	55.71073566893122
84.9530645270589	98.48349424761837
85.70905921087102	88.49148209231566
84.46646625859944	85.8792609865124
58.376960957319774	78.17231883253247
75.84102136546002	84.68685578156773
82.72661458617128	81.67615657953878
69.78359208637664	81.57939964250716
76.17585591451994	84.67308216572648
70.73400943002831	65.9047821657768
77.74170561309407	68.74969394705742
86.24607744098637	78.55767060348853
69.76705807118162	60.237772764731375
74.18222332098502	77.68737080485464
89.64748947465083	85.63091728582319
79.18119344000212	66.82355539973416
81.18987708742704	89.7045081368446
54.334468302151976	71.24106616897716
81.00505277751637	83.98227559374881
67.51396882111925	56.21892697624156
84.58254962645408	70.70163276319016
63.67094578673053	80.54394785809674
66.37935022403192	66.23596741243053
85.67012478697535	66.35274096080353
70.4778799931455	76.41652955509183
79.46781688984802	56.72712700336379
78.33365838521858	67.73931071902489
60.18699844761416	104.17147166257094
79.86298461879981	82.77558434590473
69.18632668319935	55.49661212011486
87.88989296948041	73.98547512636107
79.60507482190631	71.80115484938007
87.03956098676873	79.91173942247471
70.35375386085167	67.17564883939252
72.96431026842583	89.0187448471996
71.1468505429847	70.93818447169608
73.95173695801685	83.52069393883957
49.40978769798856	79.17565922044358
73.08677179290778	70.95784341595163
79.49167372751512	93.58600762595758
86.19698486779905	69.4710472610418
81.64514049591811	76.78761910458404
75.71637570798828	84.76105685182304
78.21682285771611	109.24966149577708
74.35436991152756	90.64230195371759
69.25535605288253	86.92555419196006
81.1452618817487	77.99367208264667
75.10318052022892	75.62159771653504
72.5154311787268	76.62711729074942
57.376168144588505	76.58620633434478
53.40099377001819	59.15146395529662
68.98741082747516	103.78278064164886
81.15204914532652	71.46710644299375
65.46107165528436	63.734712931905946
72.63492314136887	79.08274478694767
81.25153473463281	71.11988876510436
59.9868749095382	71.35451917197416
61.498926064445726	77.64105121579547
77.56083117417435	82.72557178890864
82.8160744419796	82.07549326235986
82.64408951452634	59.609690350281426
64.93580888484298	87.47903721554367
74.05356272380897	67.67376764581276
74.86264100707477	91.06695548178891
71.76318318085957	64.51553047763021
74.73219771062497	77.58411311852795
94.97469131809815	73.9172349176877
70.8172293026152	79.18419172809226
81.93559757329979	75.57191095584668
87.7850369590025	66.89578139449341
76.02623825964888	77.39366513759492
80.5405494851164	97.8877317874706
93.34485398766135	87.85384003225232
70.82489792118861	66.87094129212932
81.44765401778396	81.91963760475234
88.42926093355277	94.29007355532342
89.76339162155011	82.41492018790376
54.18798548543142	76.20403419646978
64.11936690023357	80.41742133316453
88.70798892398791	63.6809853578434
66.56177690028862	86.35839146969809
77.67323555662237	84.73565937889593
70.68689778854336	63.32944935759145
78.11414014003056	85.0848073659163
57.854028548305536	71.23417096009754
86.75247700436226	84.06133735974251
82.21639543682413	67.08620296023872
84.55322605879215	79.31580462968222
79.180225725236	78.53487741988062
77.30688092689286	87.33108449310318
78.70293750588368	59.57892363666692
67.03901094651356	85.4894140559552
85.47206259471959	91.74914911593126
85.17256508561758	59.21628157454282
78.80559577213661	80.57093308099815
58.303793010645535	80.6116085616093
78.63882700399108	75.0606553133398
65.87123943247745	87.76139559438778
75.6289888571122	83.55645193237817
77.04114242054445	60.62794891617424
69.18784788521684	81.78303539685521
64.48967093840955	89.88466603815506
66.37755745042709	69.2926951291424
84.88412612665606	83.67297916005936
61.10654867255396	82.95902742126671
63.61879458619651	66.4792621506958
74.8579309124671	74.99262731558122
62.473703538460754	69.04967990670175
55.195659024419314	82.39564641705574
56.12884751977172	73.44386798659923
65.99981886434249	56.994377859259444
70.67159874206752	78.33893302408217
66.40531444689196	74.31542694129587
88.48649959920405	69.89977857058395
59.353909114600654	84.35307693676396
68.48327734544598	64.95487583388145
72.12052788910485	83.46387083668486
69.65143040247337	83.86825033786683
87.19886334521534	78.907222028854
78.9810527118519	62.64990996775997
95.12606127680554	84.26249702340748
64.88776515375343	72.13606561152388
94.42526532720035	53.32639833472974
70.34256004694858	77.43082171949771
67.10294536461193	83.3973143219421
71.3313507811156	82.85938677112014
59.45978852295458	90.0687793729677
77.13746709871661	70.05447291446106
89.84524322234468	70.48248117773925
75.34292894191258	80.82063335102836
79.491873293712	79.03921096473726
67.2154172032622	77.61224185677918
80.30156143449545	73.28864965263598
64.80188584882062	68.59389422060445
69.83438455152303	71.75125861122113
63.304176402518436	82.02496143305713
82.7193381062527	70.15379763770517
82.79565062540938	72.75110680495774
77.13205619388982	83.71802864217953
69.28542371984213	50.99284103552523
64.25579729002345	81.25214657020506
75.69136665953147	92.47766667254147
80.31400830309413	71.03730261535738
69.91386898091976	62.16663928650845
81.84634649252176	70.5793621465915
89.39508795909025	87.22832676870064
67.78424682597421	84.75412405722211
68.82186821979826	69.57228053326023
72.49351767256991	80.03930422190683
79.06179256989172	73.29891346383607
71.40741444173914	78.0664476102392
78.16970029035625	57.04360321880899
67.09645064806236	82.59500935351255
76.61078006873184	57.463147296518144
63.29395978068715	73.18791561263103
65.52376233792496	81.97650270772252
63.87247797364094	82.10211165161819
76.1041722102226	80.26725787126274
55.74405331787351	67.90700071867403
80.60886558785324	83.66972225777019
49.222208375539545	81.88346580429092
71.86633052050671	64.72881620581836
77.80170679793336	77.32442352586497
64.81783539713425	66.71591898961573
69.03347514408497	93.44567096046774
62.74357332184556	70.61382189625466
86.54991587661627	76.87999012628543
67.68697408948088	61.49652360138771
56.81820939991662	81.91909881869461
86.36555832307405	75.4393041884745
73.27800964778119	93.5466436578516
69.06224174284152	74.55269455381242
51.051098118408035	76.47759872261192
73.01750425461339	87.79034801050284
70.40342170520593	77.05418578163024
89.22728251238694	72.94070613487892
62.18065767532312	77.82423131252936
65.58891538647609	78.75182997083193
87.20349515341533	54.691432138520824
58.45280246761229	79.55225103258647
71.0447888257278	66.87617029374682
83.53814570037174	78.13005488833336
59.42475516937753	84.82144484373813
74.3499020883204	81.77872892235152
58.22509988966861	103.46264265302584
77.40207136125062	75.07144482477824
86.7308230195433	68.39724003663441
69.15983756204648	79.07913578049973
67.51903600728905	73.1324864293436
66.34108838176456	72.67538671922979
85.70337369619641	78.83993498143356
83.13017544815975	80.90775516312333
83.14082806471689	71.22420604779171
84.72496585290065	96.81363206842282
86.96551258203196	77.07139314379424
68.40475839768621	64.80975272269701
65.81826519671968	77.25377962603116
71.31887983139195	67.08960237414038
84.35856539488414	64.36647769445041
52.80027609965588	87.66220676950621
100.08439514279539	81.9575421486799
65.12039301421795	74.09372598082943
59.35353661772982	74.98199210296248
74.77974138838567	73.47092686686234
82.94502692609478	92.5478027593331
83.56601124832513	84.52211060899992
73.53267034667113	74.72853234158259
65.27979381633912	67.86267840425495
82.18821530066201	64.69066156243483
78.42429485311396	91.34428081167457
76.30204180649638	83.6702553555304
64.70470775802409	68.0997588291508
86.49907807154933	75.93890193778383
69.39765539662056	78.61268299328498
84.31822495772428	68.10241234077704
58.93879896885567	79.990781373625
77.0325928579266	66.79819541644274
87.18325631483384	72.49294429753787
67.96628202653675	82.60735421384847
80.48997984868059	79.63164629671574
72.17703685474694	90.18915259344897
81.57513529804027	84.16776421213858
71.78486864281003	68.29328140657447
68.400678423198	89.96615075808162
76.23016978131926	88.21500169597195
70.35004054212699	84.76868027021617
80.40651427362337	81.49486616239435
89.8114906745684	82.86607729090274
65.92566003262174	66.48235510398258
75.66930569722669	71.49096010999682
64.35400940311047	60.74649171771071
73.69576853834579	77.08694253469882
84.65570795445062	68.10827450320657
79.10165607980407	56.41730275998145
70.88824172941582	71.50528964644583
63.42463888811545	67.10298130070538
77.32123845607417	86.37986882271082
66.05891799052762	72.64062563654053
68.81230154700474	86.75449422633363
73.09164161456988	84.65733847774442
59.95020473352914	80.61665990771914
79.3359711696432	75.08282402313374
64.64702945863094	90.65336538655825
73.87683545034429	97.84688180298949
73.10343020108704	80.18762134820746
83.40623497666414	78.5433942702753
55.55907670909533	69.74188459835851
70.9242543592849	84.94620971619037
80.8929765518238	57.944070441436665
66.2206907228426	72.2672991898467
64.82937882269377	89.46188624440535
76.56832145515527	75.05070192485444
75.75715599230608	75.36710152066783
63.7750355460047	75.30759358130328
80.10501877421385	73.69825107465988
67.05846011294781	73.2367650976612
77.5249707210289	77.5720299336391
92.50590114137333	75.90189241178359
69.39641350619742	87.10790168982447
70.8653384751131	77.00912901078392
80.97766421090522	69.81285192948063
79.34879511288854	66.66638356644799
74.35111046625235	85.36565377512633
69.61289848428666	88.46355763250682
76.08243281748376	88.36414154306894
94.94449089902348	95.7533435139229
73.3130036911832	80.76237210730997
77.70779543947204	68.73621674976229
84.34910953158138	65.20100194640196
65.82194794894812	87.60606370228925
84.11841847899959	71.40296420625717
79.27663932355833	62.24358793432097
73.10236656288386	76.73894376460039
79.68838715009048	70.0625347074134
63.64429079815619	69.70355412403244
67.8498972038198	86.70244869963176
75.33603694306092	86.77242355306086
87.5703166432374	99.80007090459463
57.0938845514235	73.90661314154575
67.44087179623217	73.8034891756935
72.08427730621824	92.67905679382358
70.58488398548057	69.56778424182465
77.91453939378104	78.71593093376539
72.72922465572525	96.64551722307613
66.7798097670033	95.07727648439626
72.96350997476863	76.32580726309138
84.70074424835681	51.019788107469125
86.18748341960061	79.65732449443853
81.8909236065904	79.81692009459968
73.84073656950713	77.16647171689775
80.6763591845907	78.65413556412683
62.35149485191164	82.36044329758094
73.61654928521737	81.26846942370696
83.14687563315971	77.70378633390813
66.15635131303672	80.11148043646247
81.32902715471721	82.02952902188382
73.61210137657419	91.87931172152176
65.92007835115803	57.58370796525017
81.15115611903094	69.87258161604548
83.75246958821242	67.36382664056971
69.54416110821411	66.87353980151673
82.6829709184947	89.53787237162526
67.15681613756108	66.80289974555815
70.3515743786122	72.0430075555328
84.55610921265533	59.36886565297469
67.97335010115546	70.70705134224866
81.00137699112071	66.67642844521922
68.52809503282884	70.52891089528734
71.85378085335593	80.53271678904895
79.22225107901332	92.14811684334161
74.39497910447713	90.1438242141133
75.23420895560024	71.1689744688783
85.3118267593221	87.99158193507333
74.70799192895915	87.02485444994387
66.90321749182624	87.39722560931331
74.01662170868966	67.45717351621957
75.54740408695736	55.73576935583322
87.92332766841346	78.50060721928071
68.49701065637409	63.605095192972676
73.51585780783692	71.47317692828365
74.48817713893025	89.33709151206223
74.02093200630875	84.78057911435843
69.62852914073879	73.45608886561958
86.0979719272263	86.38720956815935
80.09672786282835	75.02818688290557
77.80885968097708	69.20058538590418
80.42433076313264	85.1330428143895
76.5899420853506	83.08872446540829
84.10801357469613	77.21595590056121
71.394170945716	87.66118791846009
94.55279644332511	66.49314710121638
81.4554838137931	83.97449059650852
85.32894542033773	89.52214549172739
88.75861196890159	72.53657070026972
72.64808895263428	88.13160236484393
88.13580183196758	72.11969250295468
88.09317766019328	88.26803154625439
56.59558166082461	66.5403150304682
80.59250487261544	90.23336343273067
78.91760526590592	75.30853157379718
87.259049461133	64.30799401596839
71.82458501893694	86.30101982226763
60.851215703137605	92.3510024471578
84.65911833930099	95.47809525551861
74.08831634294766	61.7583807074841
88.36154120173941	76.46064526000164
75.65333305995357	70.67853264042226
82.16570779238147	83.18427549933307
64.45933612091173	80.3397060221246
75.87763039195337	92.40769528761753
69.7953565918926	55.88090807941561
72.05450824932721	58.53454590695773
65.79236436929241	72.08152634665527
66.75267408596001	72.63340177429421
95.14154772119923	80.32569077869908
74.61227783895148	67.3502778280417
89.22859079784507	79.67979420851654
67.44593626207106	79.75779529848684
74.328909446187	59.00576466985508
68.30298085086896	80.19631179833209
75.38564424399058	87.12960870686666
67.12487292760953	56.80715918115551
86.75469031473816	71.75099490710491
80.36054495120338	65.21441687100842
73.8518387134412	76.53923866775979
67.27360099524537	62.53965956542435
82.28898481326006	79.43784105446105
79.66765277338267	76.71955267187019
87.38633165927172	78.17243756431272
83.59010169776522	86.76507256871474
64.65145756305961	79.06907043047217
65.61004069007258	89.44534074553268
62.82333926429789	73.96767815004951
79.65432704662445	80.80942268362173
73.45962193157983	77.56441133163119
75.53511147179626	72.43559869393943
71.51136089766818	74.96248849225803
71.1319172113308	96.79442384100462
69.87134224417768	63.794597562458755
72.13914045854014	70.6751107274387
84.90497235812646	85.29367936531186
75.5017409688625	73.4488078150653
78.14979399312756	62.58505542639168
78.26090687618898	58.63731439474752
88.86471245364932	65.16522830685707
75.80475200486967	89.09551556365975
87.35619383649177	77.63118823457845
82.48334749709976	72.9433071004498
72.34763978473676	72.7414366237177
76.91360357278771	75.64877312147136
89.82282530439593	92.29191556585106
64.1869464242084	80.47594875560678
71.2377275112696	75.35416510235758
69.82573039418303	100.52176913080086
87.7482918258637	70.31136842208227
63.74443414637672	58.85042584288675
76.2416506852524	89.48966911694572
60.19286420565881	76.58595404981715
80.07792977437423	87.57582261220898
91.69894808136176	92.97130015994381
80.55572556279559	74.0847405721267
59.14084727891576	83.57188056884615
65.62763152632394	77.57402382912245
59.89745331048981	64.8491361293563
72.61285606388887	87.64692338295227
71.37866797707564	62.95407551621531
67.16958623987088	72.98317649170345
67.19319678563616	88.73196987433742
64.23136036773928	88.18179134811383
73.86117889691505	82.73353095166365
64.006899686011	77.09549131862876
60.26654863022695	88.56318033316765
65.2472958597697	58.607651620225084
71.04597227853846	85.05377179240982
76.9030955819249	87.83461753076742
73.71060748599555	79.60351204561596
79.98543076345204	77.26406063004148
67.31453532267308	90.39638522491232
64.96509588021354	97.5263493226109
73.76501537326888	94.55679591223846
86.55612795998078	79.30910476276819
79.75429445139189	73.91295831475294
95.25807897254113	81.88052548446983
81.43124058116464	82.8173009292235
73.15444577990765	66.17991197184524
76.02331770520962	78.4593763551495
83.54853692173602	84.96077169995225
55.32538888206804	70.46503518642731
58.40363671062265	80.70417614436107
61.57576392871521	70.10671834092811
70.46268021391062	74.66305004074154
68.4664305582961	73.08431972604451
77.7817007982276	88.85386940016733
68.08585541068886	55.67272368485884
74.19844175056018	77.01547037660607
61.258073113863695	88.07565122739383
60.9912503459967	72.2128212082763
71.62690140712914	75.16671460528922
89.12289298912354	87.05265283560738
89.93606510116848	69.81353621952896
73.88243061023249	75.79189383074795
73.09144789755824	68.55540504753051
75.33490849555284	64.42240241109693
88.66055039631524	81.23742945214205
73.53961044855615	67.88015272271535
57.0070500708477	70.36555240458232
81.75286309122633	73.49104630395642
57.837631502217995	82.50615293684295
81.74712638841186	68.89636282697688
57.56874479168357	75.19314149180774
64.22939611614873	68.83907880951355
88.21632283985873	69.78249530520075
72.77917480744051	82.444443680917
65.22456080225616	103.50738805175486
82.38103932128439	88.89880515087653
84.65430447253624	75.53193361794649
59.57632168502562	27.562868527906723
66.90167653701457	-0.5468279919583754
74.04680700603824	12.516879853181466
71.87531116176974	-1.97305571267127
59.03891067725673	16.472408026237172
65.63589448321936	17.282821625221615
56.28223419862044	4.700815375535424
63.69179626274164	9.263942379067403
96.68553046529121	4.273780592606579
76.70406313993344	8.905415223816085
70.31665946236517	17.386029452775485
96.227545149108	12.703569325092062
76.6707245478759	7.766180437490158
81.6143233677858	11.35819744536047
64.74178157441811	16.70625416030302
73.59410819886307	9.426873938432287
96.31379007764039	-1.1120849004015199
74.52936377874663	25.00665176906083
68.08805596508867	15.6747602196818
67.04594711455124	0.5526743907477858
65.27329062648249	8.616939532535653
79.28403124934017	-13.340384126414722
63.11448380694959	15.599337262018526
78.79201001735817	1.7300798550646252
67.45793255102078	15.691506144212713
96.6553251522053	8.943403911686284
74.4846242807933	10.054651640183465
77.00257636604285	24.72052487883868
75.71550442727583	21.015253635784518
87.09450142873226	22.040033696053804
82.7800301628711	18.54870902808605
73.88442358585992	14.235616547910901
70.46192709294348	11.361100900466079
87.06241729042942	18.681561820801647
87.03661867152422	15.038836196173374
72.56851417731582	9.757208221035773
66.28750825252642	27.733818265393797
76.96874761129236	6.528524972377118
77.31025378874801	18.9275045691071
79.09295401328136	5.066543426885239
68.61543614441842	17.349526282102072
76.74951422888805	-6.992697470383476
82.0136360576736	-8.23373950252451
66.75616535234974	17.169978015323885
84.2472757446404	41.01088705370722
73.34588218122809	21.56901523981221
72.18844767785954	19.09964478405795
90.08602027788532	17.744451421098425
91.91231304472268	10.171965944730445
81.35242159396866	5.635478658891002
66.2995920205252	6.07045117556727
67.91006214592292	-5.194323850998348
85.79257529501302	18.881043757668408
87.79990812557888	23.021541524455085
76.13648029961583	12.809188747257974
65.6736426802369	12.858024224132635
95.78305354726905	6.414101521644783
85.77225175015376	23.100186061021635
90.23914135094272	8.271851277495093
83.85904734056729	29.247076748037223
65.5696101268353	8.924675818431238
70.00880061111091	13.901979656302426
69.05661147530253	21.099693397697393
79.72093978830854	23.9713335881969
62.15167189791393	-1.054686233747077
68.18987535313583	18.375126435065408
76.42078968807137	20.566917439495366
89.03736873789754	24.293347953266313
73.9455145733039	-6.841461353770988
83.3708037599953	-5.376529285239631
77.10669088593363	16.681795963040035
67.02021736782105	21.95050615110962
83.96038425229455	28.996024586980013
79.68606161108568	-14.994309967822904
70.61571203290343	-3.6616020281622816
78.26279541518606	10.42885985715619
63.55210782713169	0.7351167788453008
80.45225975478972	4.068107310941021
72.83428296730816	24.224870885757042
68.74654090188511	18.619805888620846
86.70902100624028	10.939759834929466
58.569821071822034	25.227561132686567
77.20784980889555	19.011195627065543
70.93382486239385	29.22225983527325
91.44982150215938	16.063948420095013
50.237054680299536	24.805334506893736
81.67679565874623	13.455324078576332
72.50489549631442	-1.8889098138955092
90.35436112788727	32.16957145018171
59.98081580372742	25.510435209990547
88.0191206698218	9.820173376152633
62.897458763194706	19.004239071890233
83.89567030408361	17.47579677651773
90.76955295278705	7.28924098237966
76.33159585867384	15.5738209663836
61.620285323291604	-4.475582912871975
74.95423166823629	3.448555526319499
76.40163696402085	14.890595103116697
59.66787646205451	-6.5830722170655775
64.0565293347378	3.494505618992916
84.07166689271344	6.379936657390813
75.29256289481916	1.9508707881735
75.27082596842341	21.39386986668816
60.37715030415555	15.59593952137238
76.89822641362326	14.795262122709808
87.07300025863739	21.448518372588754
46.59082142476536	11.730615326843271
52.786282746321476	43.848169772715195
70.86321190769989	-2.7484728479961156
74.6920259744679	4.822453296355887
73.38685176969524	13.943038878278152
80.66437057063045	8.72298693361402
69.49019583229122	20.912742947681032
75.61962276981396	8.298790164438858
78.25549148884497	11.253350722980318
52.19756335664955	3.196273968070429
80.56467822753751	1.1477760998414865
86.90738375917692	23.232079192118313
84.02067072000871	25.768776811487662
68.2241372235657	19.508191568666376
66.42061986247651	21.447241520553234
71.45465873597482	-10.038017641949494
76.16018053208673	6.022319293232391
66.26718188905001	23.708939966976942
73.17333438477105	15.118997446543894
65.8147726155022	0.258769753466332
55.61367200682946	-1.0776703167036121
75.86038357663926	23.840753392310365
80.15406829975784	24.691079122604027
80.79716433236797	8.922781558947436
93.54816634874031	23.88464793220087
73.81757785699881	16.000068267292622
77.9639395779535	10.946857148907021
93.86013098595757	12.291238512583671
68.21921350717818	36.41396826345702
58.74496759320031	19.80839781370404
88.52743625394639	28.480827223722052
83.0801336706613	0.8146391435496323
74.29228371244318	8.915939128141446
71.82871083667625	22.503544027966658
72.47905379752576	-12.222968376734194
68.44928791262744	8.729512899385163
70.82823206615241	16.49140263710168
61.52571372940039	21.687879675730414
69.94201331164294	16.378648683131857
70.57732679667247	25.37469093992553
76.07590052674061	7.480768727067156
71.21801207691759	33.604064321198834
54.14193002951685	14.534798920065152
72.18625928678762	-4.101498146873711
73.27357823263769	19.660905259322888
88.5892038647507	5.4438116641755885
69.85074092087211	1.6066986065349393
77.80035650781646	6.350762330081977
64.26019148773962	27.234234967686074
78.46289458241374	8.180420890507893
86.44468362514415	15.399405108292196
80.46522665351598	2.5224087289019135
86.41983950462543	1.1212400814228527
70.68758553758411	4.354811599434327
71.4295635396536	21.637154926892126
76.1625213493329	1.285622838121716
84.66148584947781	8.12823849033126
78.56709971617369	22.92534360205328
74.871069250481	6.3044948208342975
88.46261173688322	33.04696098758635
73.00475826793469	21.06141836944183
80.92282718481407	18.9989784851671
74.57114686652908	5.94812001624363
68.62485717920943	-6.352082254866236
67.85208575868988	9.949328257994782
62.70950202380189	14.84308777894836
76.71989849107122	9.170667823713728
74.03579535363939	-3.905377829130499
64.84620406839842	11.139888300361433
83.47273503840836	12.6376582344956
62.827496945701455	20.58135688901649
75.7365838974457	12.133925678513705
72.47913117002284	7.719171298657416
71.85697425898056	7.8293927024134256
66.11917436573005	15.65320006630206
67.34282917499546	5.529822396661589
66.11867461105837	8.344448183774578
74.15721297529588	37.11860992364552
73.89396001367622	6.973921697442999
69.75567263257129	8.983687736592817
65.25382325692388	13.028090358551232
79.13758107699341	0.9319623443105396
57.82525838702709	21.575613965888806
78.64115393080398	15.044830287784018
82.82923512857059	37.33462840664187
82.84664764654525	10.297359117813746
78.35610081732078	17.16982603983509
66.58951171158947	9.483793937228121
76.54202473285929	8.171761632124062
65.11839189895355	-3.9948336924201886
70.06144803443308	10.344331196377357
81.43961633280057	25.089718186291208
70.92427873852581	14.254854426454912
68.94255784323607	5.113179148015009
62.70072236624453	-8.21977619032715
60.84281773466211	10.091736345924533
82.0590815797424	4.600237651405653
85.18781758643183	15.618142085575487
71.46652407021818	10.07566442029902
63.154413348756776	15.412280909666716
68.54594590009532	18.051087466640915
62.392896629901514	-11.525350527746735
70.81965888328476	24.635603674868566
75.77123473331149	-6.7098629337829365
81.33071699260996	7.503842936391023
66.352947306174	-6.623856542954648
60.171194159254526	10.25929216737882
65.61701653425231	7.710495312716403
81.96826257109022	12.504125792259222
69.69063247959213	10.880122794471307
79.18016731452	28.68779246323899
49.251168257252615	-1.5895012646559934
68.15964110086989	8.045878562462924
67.02660953983408	14.967928876439991
67.43714628307792	-0.38129704404209086
70.96113029594332	7.362849807751849
81.86618363786621	30.904333785835707
79.80333670846046	18.317108269110303
70.77114081412351	22.033749852881606
76.76530040920424	7.560542702867844
55.58207257753026	15.401958076720657
73.23682389343466	9.829466536892786
93.7283531481793	29.86231496176996
67.77377350215812	21.07504253036611
83.70888729400657	14.730621977168473
91.75421671584844	33.3246173630982
55.02982135980825	7.394842795751781
71.6363212361569	4.506227230529241
65.67161936404439	7.3387197934629835
62.17939116561542	-0.7025015713510339
63.624461944304045	10.410526464143672
86.08799403560502	0.08755330976629772
73.39460522863901	4.166964720194437
94.85062147028765	0.04565245657312467
73.61528199327509	12.160768218970734
66.61783452435843	3.084328496026915
87.82203312302917	23.33535737970911
73.88343240240474	17.617567050168706
68.04064128839791	21.220853153027367
57.92850019478796	26.668955199058388
85.15003350053716	-0.3006124895716642
79.25310300184847	-2.8980330256171367
80.7493642056545	4.925255862400592
63.08334496651665	2.3813394923327227
67.23116625384127	-7.1918601832342794
65.86635773978556	14.809242813897042
81.54254121770349	16.17559815062848
81.8273713358072	27.987213360152793
52.74453740657209	9.565117528662181
68.61322575365143	30.745402465630743
67.99318992293834	2.1056144776482206
76.02585153023276	31.036418489717967
51.139359759439856	18.706425288311536
77.2213419956673	24.79452236929395
78.84639319278895	7.800965276153665
84.44636032553146	2.7143919693275294
63.39037891410977	25.17885746111719
70.00433137841803	-10.757078617713248
65.68276268432426	15.813913042019873
85.66155430288659	23.129090289553993
71.68036660525759	16.322079668152206
69.97873683147397	12.511777539199919
74.00964610824732	12.586710306445307
63.75393949289166	14.230898392471405
82.04117442981106	20.454268781336687
83.67235023377145	29.898039986262194
68.05775677769357	3.91851778290426
82.49865008468244	2.512268722670928
72.49120142212503	14.753585609076596
73.78994009924789	17.016618663046863
68.92385276735408	18.599862546333497
74.82765056097368	32.75709235635921
85.20853236396283	0.19231318430342093
69.59461142530951	-0.022274584010157028
60.92490357104283	4.2919284267012
59.7003846679205	12.622450698551045
67.8976064490031	13.911364066855874
72.40042016614206	31.74471794921372
83.0919044297112	11.804429961090841
73.94878388695346	6.343724144631843
85.65404164065957	29.510576780323984
75.54061061134958	10.548347376006376
90.81662117520729	22.284175237794415
71.57236033436061	23.17166304123039
82.4156686028332	-6.1361677776323305
54.479852310232346	4.134161868038949
77.49694639619139	27.104474830818504
62.6980541279611	12.839427747725122
79.13768920160153	3.6751245221112887
81.32673180480901	2.6545595824542243
83.41618777541936	13.498521111527793
72.21919085003184	18.208263899919416
64.19074581765346	-2.602986475813676
86.58171408985018	16.014852552202612
73.05705202971623	3.3204974105421208
80.55420889041254	8.248482264564682
68.24650817665682	28.177359370136532
87.55647772054006	27.919287350992274
46.055102424441955	6.428314010719464
70.35014300771041	20.263639269157245
69.36961293188944	19.9012359573099
82.83375540724708	15.744352614745502
79.24136706271737	13.168133431404236
62.1181789149529	21.15628577720716
87.14848791967606	5.809516740938895
67.02053371832686	0.6217120518100128
72.50460750494796	-2.456702043706379
106.13023966395463	-9.951789178630335
82.27461514947267	23.159856963700218
101.28515739359568	8.106513458216176
63.742864182264725	14.018056651019432
78.1304523613721	22.13443964874179
99.47432984014775	17.529450614338963
85.00182704265265	17.735336017451225
78.32261920462842	20.516055643221403
68.66792224086139	5.791256174195801
80.70187530232651	4.649074581692063
77.34694679224168	17.050731370740518
69.3530563286268	-5.116439375231781
60.29429074283339	10.44819925631737
60.74157148073847	8.426102863876917
68.42452565521414	21.266483653112232
79.85516135415654	9.94741250375623
79.39744123548874	25.572019215754516
66.66520951459815	32.81222878469317
68.16469930518474	14.062444300972837
57.382976525963684	7.745877607458793
66.9525600271573	16.00858265641643
65.60886011439361	-3.1293404116669734
69.2425927804829	1.9938840845445984
65.88110526881535	6.2572728533807975
76.17801031641518	26.793140361356212
77.02579186526862	-2.563712377640643
95.72506838013658	20.153349290605355
71.85952914416323	2.0257265074814264
69.96365837697498	6.648225532283093
77.98675512225364	3.60318098108481
85.4809583386891	6.286635811268434
90.73586514908584	12.23608291808551
59.5589024069949	31.686670192672942
73.33711722047684	14.253197449038584
73.23092208400139	3.0404157261460707
76.39609780552472	6.256981863175008
74.9757080760253	18.650730012966562
58.1748717858848	4.887584411043808
60.40001577743948	12.177531827675475
60.25985320955914	-0.2753480697363031
60.979280032629944	11.786947688288386
58.734812006487026	9.643793435240667
79.24695976227183	7.525624342105872
80.2634706854029	12.541811598657814
83.30469838830064	12.860122346626348
72.67328328062618	10.873318532509353
72.7056524463499	20.730963575918935
78.81093711933536	27.26480522753784
64.76813044778454	16.206763677111976
82.07041305481836	12.31772974970486
76.15961547284518	5.174494209918368
83.22815123689054	16.59149734322586
80.134393044634	2.662222456936764
75.98023268077415	-4.461555684802921
83.56665150649863	7.413278838228915
46.47905306904339	4.972963854249718
82.79209569535776	19.428431200422516
63.52448134651474	17.153968485622755
86.66365303340167	-2.6872350867629002
82.64936912788846	28.2380095918002
62.631890709987566	10.083278638766103
71.08654055610045	2.6917219524081695
82.82534335047498	-9.94263336288325
68.6546509003491	-6.82113954818686
65.96253131390742	5.0964899832167925
63.609401306860605	24.93050049064206
75.97566743375658	14.615440633472637
69.75606638380476	-7.433020024135779
75.45090075613217	14.84696662497669
74.41708906199219	11.632417377745417
72.81977769899355	-3.9759023298334704
72.07863444457244	-0.7662311860217503
63.752664793300994	14.402056513380131
88.69463025774706	14.342814043062008
79.83870166717591	12.75548056024503
83.51767841971231	0.43982204741443454
77.44229015309527	25.62056309256316
77.01344855298487	28.268871288967308
80.20796432656005	18.719336124253868
65.25820854140295	-6.797954814175242
75.4573345514667	3.6513206639175566
64.36383338160842	6.201130246271258
69.87663559193948	13.442208337317412
68.28268183971562	30.87366147719735
76.8123260404923	13.195818194754056
75.55388110666448	16.542156441347757
73.93457704101965	18.928999991922414
68.41233516351559	10.301611493795372
62.165617579435704	5.122646930166981
62.72504302908382	-8.958741805414355
65.98465730782688	4.834446961707267
87.70170897476619	12.984047772814833
73.00717519698848	4.012451235024036
67.76441456876361	-5.20856654333523
73.07765303743072	22.257137208685744
73.19805117816048	0.4874016859326211
71.90313083235176	6.003153164677322
70.4152802903927	-8.624920911850033
73.22152258448433	8.513212469336713
80.25808265164241	16.318821047074888
77.6975183295674	9.09468096137575
60.98469936736048	-1.0859742471768303
78.57102945999841	9.20526942942404
69.75250986716479	9.937417267958875
80.225433347754	9.202006808902805
61.147070621003465	2.0965000768597104
92.46008474612455	17.18167768091991
74.86238512365841	13.465763070675573
82.1634964875708	4.241941570276233
89.85485818512778	21.407284363153593
64.40512583456236	20.301203156769528
66.73370886589552	-5.757717989394113
84.85826697117588	11.790898739008194
70.28001016168358	7.254838675594202
79.32468902707869	15.301102510106936
63.28607183091393	12.378449814083282
67.90218388276153	13.574003590397226
77.52868591896679	-3.2505331373364736
53.71107313829834	-0.39457523865255695
78.71715135886372	7.214192485249524
87.39577977054323	38.248643623899596
60.55304015647449	11.993907657252025
72.57377112000714	20.734570812138948
50.40535837485065	25.05936163951219
97.99044408842462	10.294835515753606
41.66419949138448	20.473549885814897
57.56798426812959	11.619907119840898
78.68491161917004	7.4985853968061456
80.73895465910893	9.316240962845962
87.2889271243813	23.79549167569595
93.0785468403432	6.571004881938677
74.94987765951372	14.59777005678958
66.21713829816407	1.0542300197248249
68.15302310349293	17.23164880404793
70.75549187946135	5.772099169145697
79.95266031707838	14.037802296605191
77.0162333502363	27.06572545542501
76.21549051167028	-4.230303972434191
61.43683230055005	15.874721707932316
66.77803099181929	16.38592209357712
80.23770919345864	-1.6887827387827183
75.19423252270391	-5.463060741108027
77.68028242736264	11.254375139581356
72.5695679343599	1.0089713824957904
73.61791206230178	12.613002518791552
76.52076238671617	24.101179890744717
65.97838333576479	2.3697427301963216
69.91055071742441	-1.2870393297805265
73.92510519129931	2.33243688879322
62.268535798824445	8.393809591231344
84.22918229729665	27.263900418607953
67.09825312398723	6.403928273988729
68.09477195956718	9.43231054794396
68.88976101701522	11.505289806808799
93.24099049405675	7.1992831664133226
74.12867240998834	11.508427439416911
73.25761274505368	18.347748787511904
76.87322945736372	20.841605038904504
84.68098095298792	16.990644418230193
63.16977305487863	13.705843295677749
88.78750269677845	8.657858782353811
80.82754273512452	12.15906271057054
71.18701154693831	24.34175015446771
60.20177988304293	5.05970117540046
74.98354063646494	5.668494189400048
72.06294383072915	14.063641233957533
99.25660968351652	5.904231720548677
80.79963915323472	5.435490271798897
80.42450771526384	18.951765057966824
84.89536208899894	6.113793978521492