72.42669876733547	29.310232161349955
93.2589276855418	3.591333442605842
95.36964307573064	67.78626878839675
95.36964307573064	67.78626878839675
90.17267122168568	3.7348744852692204
90.17267122168568	3.7348744852692204
90.17267122168568	3.7348744852692204
92.28338661187452	67.92980983106014
92.28338661187452	67.92980983106014
74.83929780877142	79.60419834124826
74.83929780877142	79.60419834124826
51.35572500968045	37.79224114300023
51.35572500968045	37.79224114300023
51.35572500968045	37.79224114300023
82.41339432245915	63.08913956927753
82.41339432245915	63.08913956927753
84.59505995144929	92.00491194984662
84.59505995144929	92.00491194984662
79.32713933381798	63.23268061194091
79.32713933381798	63.23268061194091
81.22500843324782	35.26510190296739
71.21241432943447	76.41181733749546
71.21241432943447	76.41181733749546
28.11623388285529	71.57758912664994
28.11623388285529	71.57758912664994
28.11623388285529	71.57758912664994
32.56824666967362	60.56018350049449
32.56824666967362	60.56018350049449
25.02997741899918	71.7211301693133
25.02997741899918	71.7211301693133
26.927847993643965	43.753549985124835
26.927847993643965	43.753549985124835
22.227514534273453	29.748023776734243
22.227514534273453	29.748023776734243
22.227514534273453	29.748023776734243
14.760194047185353	5.62980748033123
14.760194047185353	5.62980748033123
16.879778032822486	53.0398476398713
16.879778032822486	53.0398476398713
48.00839610918752	43.05758457614172
48.00839610918752	43.05758457614172
44.922139645331406	43.20112709402005
37.95145755291775	69.12877741713903
37.95145755291775	69.12877741713903
39.84932812756254	41.16119723295056
39.84932812756254	41.16119723295056
34.581408985146204	12.388964419829897
34.581408985146204	12.388964419829897
36.736465877361546	91.65942383436652
36.736465877361546	91.65942383436652
36.736465877361546	91.65942383436652
65.59473532068344	22.610341727791404
65.59473532068344	22.610341727791404
60.894401861312936	8.604814044185852
60.894401861312936	8.604814044185852
62.508478856827324	22.753881295239815
62.508478856827324	22.753881295239815
55.53779528919871	48.68153309357376
55.53779528919871	48.68153309357376
59.706015972101596	79.78077490266075
59.706015972101596	79.78077490266075
59.706015972101596	79.78077490266075
52.16774672142716	90.94172157147956
52.16774672142716	90.94172157147956
54.358279470650636	4.072600241012763
54.358279470650636	4.072600241012763
85.41594878342933	29.36949866729006
85.41594878342933	29.36949866729006
78.51621397938706	20.017988975617136
78.51621397938706	20.017988975617136
78.51621397938706	20.017988975617136
82.32969231957323	29.51303970995343
82.32969231957323	29.51303970995343
75.4299589907459	20.161528543065543
75.4299589907459	20.161528543065543
76.97308722267395	69.58976023455631
76.97308722267395	69.58976023455631
72.0599089477594	62.42171702097136
72.0599089477594	62.42171702097136
72.0599089477594	62.42171702097136
55.15680299178715	40.217496219427176
52.07054652793103	40.361038737305506
53.61367475985909	89.78926747836634
53.61367475985909	89.78926747836634
46.71394143103177	80.43775778669342
46.71394143103177	80.43775778669342
41.44602081340048	51.665524973572744
41.44602081340048	51.665524973572744
43.343889912830306	23.697944789384273
43.343889912830306	23.697944789384273
43.343889912830306	23.697944789384273
72.70766634627493	86.90983411608029
72.70766634627493	86.90983411608029
76.59209197483248	61.125723360409715
76.59209197483248	61.125723360409715
69.62140988241882	87.05337515874366
69.62140988241882	87.05337515874366
64.42443950358883	23.001980855616118
64.42443950358883	23.001980855616118
66.53515489377766	87.19691472619208
66.53515489377766	87.19691472619208
66.53515489377766	87.19691472619208
59.067832931474605	63.07870138021898
59.067832931474605	63.07870138021898
63.448898429921556	87.34045576885545
63.448898429921556	87.34045576885545
92.59095997715887	75.1747262270379
92.59095997715887	75.1747262270379
94.1784311863284	40.678479036844436
94.1784311863284	40.678479036844436
94.1784311863284	40.678479036844436
89.47809920217284	26.672952828453845
89.47809920217284	26.672952828453845
82.01077723986978	2.55473653205083
82.01077723986978	2.55473653205083
84.12149263005863	66.74967187784175
84.12149263005863	66.74967187784175
78.92452225122862	2.6982760994992505
78.92452225122862	2.6982760994992505
81.03523764141747	66.89321144529016
81.03523764141747	66.89321144529016
81.03523764141747	66.89321144529016
11.186167784103088	37.94258671722176
11.186167784103088	37.94258671722176
5.918247166471789	9.170353904101077
5.918247166471789	9.170353904101077
8.099911320246967	38.086126284670165
8.099911320246967	38.086126284670165
2.8319921778306276	9.313894946764457
2.8319921778306276	9.313894946764457
2.8319921778306276	9.313894946764457
5.013656331605817	38.229667327333544
5.013656331605817	38.229667327333544
96.47538560571641	49.39061399615236
96.47538560571641	49.39061399615236
81.86923406913219	35.89852962913107
81.86923406913219	35.89852962913107
83.41236230106026	85.3267583701919
83.41236230106026	85.3267583701919
76.20222960675765	69.44658314772896
76.20222960675765	69.44658314772896
76.20222960675765	69.44658314772896
80.65424239357598	58.42917604635855
80.65424239357598	58.42917604635855
73.11597314290154	69.59012271517736
73.11597314290154	69.59012271517736
75.29763582146177	98.50589509574645
75.29763582146177	98.50589509574645
70.0297181542604	69.73366228262577
70.0297181542604	69.73366228262577
70.0297181542604	69.73366228262577
0.4555718054131489	15.451285305565783
0.4555718054131489	15.451285305565783
4.277918741047595	8.161440853651225
4.277918741047595	8.161440853651225
96.09439183308989	40.92657859722074
96.09439183308989	40.92657859722074
98.20510722327873	6.1215124677967
98.20510722327873	6.1215124677967
98.20510722327873	6.1215124677967
93.00813536923378	41.07011816466915
87.65153027233451	81.14683868927203
20.276786743374	22.210443720279397
20.276786743374	22.210443720279397
21.890863738888395	36.35950949611841
21.890863738888395	36.35950949611841
14.680731044585809	20.479334273655454
14.680731044585809	20.479334273655454
9.980397585215297	6.473806590049901
9.980397585215297	6.473806590049901
11.594474580729688	20.62287384110387
11.594474580729688	20.62287384110387
11.594474580729688	20.62287384110387
4.623792488316034	46.55052711465277
4.623792488316034	46.55052711465277
8.508218116873579	20.76641488376724
8.508218116873579	20.76641488376724
37.863125954869915	1.7631979214991629
37.863125954869915	1.7631979214991629
32.675022696273246	19.92690990733572
32.675022696273246	19.92690990733572
34.785738086462096	84.12184377791168
34.785738086462096	84.12184377791168
27.602211178504387	17.886981521481193
27.602211178504387	17.886981521481193
31.415688043475583	27.38203225581749
31.415688043475583	27.38203225581749
24.515954714648267	18.03052256414456
24.515954714648267	18.03052256414456
24.515954714648267	18.03052256414456
26.05908294657632	67.4587513052054
26.05908294657632	67.4587513052054
11.452931409992098	53.966666938184105
11.452931409992098	53.966666938184105
3.9590036613441617	80.20313767574862
3.9590036613441617	80.20313767574862
6.069719051533002	45.398073021539545
6.069719051533002	45.398073021539545
6.069719051533002	45.398073021539545
1.1565407766184452	38.230031283169566
1.1565407766184452	38.230031283169566
2.6996690085465	87.6582600242304
2.6996690085465	87.6582600242304
94.79993715493414	78.30675033255748
94.79993715493414	78.30675033255748
26.857604992497873	4.603648758834767
26.857604992497873	4.603648758834767
29.039269146273064	33.519424089833784
29.039269146273064	33.519424089833784
29.039269146273064	33.519424089833784
23.780218599305016	86.96229609046225
23.780218599305016	86.96229609046225
25.961882753080193	16.87806847103133
25.961882753080193	16.87806847103133
18.423612027190796	28.039015139850157
18.423612027190796	28.039015139850157
13.510435227491186	20.870973401480178
13.510435227491186	20.870973401480178
13.510435227491186	20.870973401480178
15.621150617680037	85.06590727205614
15.621150617680037	85.06590727205614
44.479418585786966	16.01682516548102
44.479418585786966	16.01682516548102
48.86048260901896	40.27858102933244
48.86048260901896	40.27858102933244
41.36655633558597	66.51505176689696
41.36655633558597	66.51505176689696
43.54822048936116	95.43082414746605
43.54822048936116	95.43082414746605
43.54822048936116	95.43082414746605
38.28029987172986	66.65859133434537
38.28029987172986	66.65859133434537
31.096774438987108	0.4237290779148889
31.096774438987108	0.4237290779148889
33.20748982917595	64.61866442370581
33.20748982917595	64.61866442370581
64.33610643032603	54.63640135997623
64.33610643032603	54.63640135997623
66.44682182051487	19.831336705767153
66.44682182051487	19.831336705767153
66.44682182051487	19.831336705767153
61.24984996646991	54.77994240263961
61.24984996646991	54.77994240263961
54.28803646950455	63.922699014722696
54.28803646950455	63.922699014722696
55.90211346501895	78.07176626577666
55.90211346501895	78.07176626577666
51.20178000564844	64.06623858217111
51.20178000564844	64.06623858217111
51.20178000564844	64.06623858217111
53.09965058029322	36.09865987319759
53.09965058029322	36.09865987319759
35.584613013603764	83.05221134860754
35.584613013603764	83.05221134860754
30.955229793034558	33.76752217499512
30.955229793034558	33.76752217499512
32.542701002204076	98.27127498480166
32.542701002204076	98.27127498480166
25.572018909790422	25.198928258350573
25.572018909790422	25.198928258350573
25.572018909790422	25.198928258350573
29.456444538347966	98.41481602746504
29.456444538347966	98.41481602746504
22.485762445934313	25.34246782579898
22.485762445934313	25.34246782579898
24.383633020579097	96.37488764161051
24.383633020579097	96.37488764161051
55.44130233335779	22.671787543102766
55.44130233335779	22.671787543102766
55.44130233335779	22.671787543102766
48.54156900453047	13.320277851429841
48.54156900453047	13.320277851429841
52.35504586950168	22.815328585766135
52.35504586950168	22.815328585766135
45.464181136122654	95.67892370784236
45.464181136122654	95.67892370784236
47.007309368050706	46.107152448903186
47.007309368050706	46.107152448903186
42.37792614748149	95.82246475050573
42.37792614748149	95.82246475050573
42.37792614748149	95.82246475050573
71.16524535200209	62.05254265872252
71.16524535200209	62.05254265872252
73.06311445143191	34.08496394974901
73.06311445143191	34.08496394974901
68.36278246727636	20.079436266143457
68.36278246727636	20.079436266143457
69.95025367644588	84.58318907594999
69.95025367644588	84.58318907594999
69.95025367644588	84.58318907594999
63.050520347618566	75.23167938427709
63.050520347618566	75.23167938427709
57.782599729987275	46.4594465711564
57.782599729987275	46.4594465711564
59.964263883762456	75.37521895172549
59.964263883762456	75.37521895172549
91.02193319654114	1.672118853217746
91.02193319654114	1.672118853217746
92.91980377118594	72.70453866902928
92.91980377118594	72.70453866902928
92.91980377118594	72.70453866902928
85.94912020355733	98.63219194257817
85.94912020355733	98.63219194257817
80.75214982472733	34.58079763945063
80.75214982472733	34.58079763945063
82.87173381036446	81.9908377989907
82.87173381036446	81.9908377989907
75.4044118480614	57.872621502587684
75.4044118480614	57.872621502587684
75.4044118480614	57.872621502587684
79.78547734650834	82.13437736643911
79.78547734650834	82.13437736643911
62.34138854340523	93.80876587662722
62.34138854340523	93.80876587662722
64.45210393359407	59.003701222418144
64.45210393359407	59.003701222418144
59.538927133894475	51.835659484048165
59.538927133894475	51.835659484048165
52.04500086046149	78.07213022161268
52.04500086046149	78.07213022161268
52.04500086046149	78.07213022161268
75.2273957707456	59.355995344671356
77.12526487017543	31.38841663569783
77.12526487017543	31.38841663569783
77.12526487017543	31.38841663569783
71.85734572775908	2.6161838225771628
71.85734572775908	2.6161838225771628
74.0478770017676	14.747061016895389
74.0478770017676	14.747061016895389
66.50960775109317	25.908007685714217
66.50960775109317	25.908007685714217
98.20581298571898	30.692449751499762
98.20581298571898	30.692449751499762
0.7489412176470366	80.12067996777556
0.7489412176470366	80.12067996777556
0.7489412176470366	80.12067996777556
92.84920788881972	70.76917027610264
92.84920788881972	70.76917027610264
96.66268475379093	80.26422101043893
96.66268475379093	80.26422101043893
89.45255205948834	64.38404283754606
89.45255205948834	64.38404283754606
91.63421768847847	93.29981669333011
91.63421768847847	93.29981669333011
91.63421768847847	93.29981669333011
86.3662970708472	64.52758535542439
86.3662970708472	64.52758535542439
16.792152197214904	10.245206903149443
16.792152197214904	10.245206903149443
20.6056290621861	19.74025616227078
20.6056290621861	19.74025616227078
13.705895733358783	10.38874794581281
13.705895733358783	10.38874794581281
13.705895733358783	10.38874794581281
15.249025440501807	59.81697668687365
15.249025440501807	59.81697668687365
10.33584716558724	52.64893494850367
10.33584716558724	52.64893494850367
3.3740321934069195	61.791693035801714
3.3740321934069195	61.791693035801714
4.988109188921312	75.94075881164072
4.988109188921312	75.94075881164072
89.31100888875075	97.7278359346263
89.31100888875075	97.7278359346263
89.31100888875075	97.7278359346263
90.92508588426514	12.876904660895214
90.92508588426514	12.876904660895214
83.95440231663653	38.80455645922916
83.95440231663653	38.80455645922916
78.75743193780653	73.75316215610162
78.75743193780653	73.75316215610162
80.6286952508915	96.14026900588067
80.6286952508915	96.14026900588067
80.6286952508915	96.14026900588067
73.6580146336928	23.067919328999672
73.6580146336928	23.067919328999672
77.54244026225032	96.2838085733291
77.54244026225032	96.2838085733291
7.897346625031704	77.28059308627597
7.897346625031704	77.28059308627597
2.7003762462017136	13.229198783148425
2.7003762462017136	13.229198783148425
2.7003762462017136	13.229198783148425
4.811091636390554	77.42413412893934
4.811091636390554	77.42413412893934
96.34377114930246	53.305917832536345
96.34377114930246	53.305917832536345
1.7248351725344335	77.56767369638776
1.7248351725344335	77.56767369638776
93.55017686002502	93.54791625370642
93.55017686002502	93.54791625370642
95.09330509195308	43.976144994767246
95.09330509195308	43.976144994767246
95.09330509195308	43.976144994767246
27.789510326578895	48.76058853576776
27.789510326578895	48.76058853576776
20.251241075904456	59.92153372937162
20.251241075904456	59.92153372937162
22.432903754464675	88.83730906037063
22.432903754464675	88.83730906037063
17.164986087263305	60.065076247249955
17.164986087263305	60.065076247249955
17.164986087263305	60.065076247249955
19.346648765823524	88.98084862781904
19.346648765823524	88.98084862781904
12.136516071520939	73.10067193014113
12.136516071520939	73.10067193014113
43.19418538429963	98.39757183163339
43.19418538429963	98.39757183163339
45.37584806285986	28.313344212202473
45.37584806285986	28.313344212202473
45.37584806285986	28.313344212202473
40.10792744522856	98.5411113990818
40.10792744522856	98.5411113990818
42.2895930742187	28.456885254865853
42.2895930742187	28.456885254865853
34.751323823544254	39.61783192368467
34.751323823544254	39.61783192368467
30.130807723208385	72.54824756382139
30.130807723208385	72.54824756382139
31.67393595513644	22.976476304882226
31.67393595513644	22.976476304882226
31.67393595513644	22.976476304882226
14.513640731163715	91.53421885504287
14.513640731163715	91.53421885504287
18.894706229610666	16.795974718894286
18.894706229610666	16.795974718894286
11.427384267307605	91.67775989770624
11.427384267307605	91.67775989770624
13.538099657496446	56.872693768282204
13.538099657496446	56.872693768282204
8.341129278666443	91.82129946515465
8.341129278666443	91.82129946515465
8.341129278666443	91.82129946515465
1.370445711037831	18.748951263488596
1.370445711037831	18.748951263488596
5.228267028465457	43.31952606657061
5.228267028465457	43.31952606657061
34.37032857570278	31.15379504953809
34.37032857570278	31.15379504953809
36.481043965891615	95.34873039532901
36.481043965891615	95.34873039532901
36.481043965891615	95.34873039532901
31.284073587061616	31.297336092201455
31.284073587061616	31.297336092201455
24.313390019433005	57.22498789053541
24.313390019433005	57.22498789053541
25.927467014947407	71.37405661680432
25.927467014947407	71.37405661680432
21.236003626240144	40.58363374694792
21.236003626240144	40.58363374694792
22.850080621754536	54.73270247321685
22.850080621754536	54.73270247321685
22.850080621754536	54.73270247321685
52.204986984535914	35.7294840357338
52.204986984535914	35.7294840357338
47.29180870962136	28.56144229736382
47.29180870962136	28.56144229736382
48.83493694154941	77.98967398885456
48.83493694154941	77.98967398885456
41.93520361272209	68.63816282196669
41.93520361272209	68.63816282196669
41.93520361272209	68.63816282196669
45.7486804776933	78.13321355630299
45.7486804776933	78.13321355630299
38.84894714886598	68.78170386463006
38.84894714886598	68.78170386463006
69.95096091410109	10.154126359653066
69.95096091410109	10.154126359653066
72.06167630428993	74.34906170544399
72.06167630428993	74.34906170544399
64.87814792111726	8.114199449013501
64.87814792111726	8.114199449013501
64.87814792111726	8.114199449013501
68.69162478608847	17.609248708134835
68.69162478608847	17.609248708134835
61.79189145726116	8.25773901646191
61.79189145726116	8.25773901646191
63.33501968918921	57.68597070795267
63.33501968918921	57.68597070795267
58.71450506406829	90.61638487287442
58.71450506406829	90.61638487287442
58.71450506406829	90.61638487287442
15.618324617489108	85.78215666202891
15.618324617489108	85.78215666202891
17.799988771264296	15.697930517812951
17.799988771264296	15.697930517812951
12.532068153633	85.92569917990723
12.532068153633	85.92569917990723
14.429938728277785	57.95811899571876
14.429938728277785	57.95811899571876
14.429938728277785	57.95811899571876
7.45925663586413	83.88576931883775
7.45925663586413	83.88576931883775
2.26228478181917	19.834376490925166
2.26228478181917	19.834376490925166
4.373000172008021	84.02931183671609
4.373000172008021	84.02931183671609
35.475012462028175	25.40173433173909
35.475012462028175	25.40173433173909
37.65667514058839	54.31750671230818
37.65667514058839	54.31750671230818
37.65667514058839	54.31750671230818
30.11840736512891	65.478453381127
30.11840736512891	65.478453381127
25.205229090214353	58.31041164275701
25.205229090214353	58.31041164275701
27.315944480403193	23.50534698854793
27.315944480403193	23.50534698854793
19.84862399331509	98.38713216735988
19.84862399331509	98.38713216735988
19.84862399331509	98.38713216735988
24.238556611995378	6.863992844960448
24.238556611995378	6.863992844960448
53.096826055317266	36.81490926317037
53.096826055317266	36.81490926317037
55.2075414455061	2.009844608961289
55.2075414455061	2.009844608961289
50.01056959146114	36.958450305833736
50.01056959146114	36.958450305833736
50.01056959146114	36.958450305833736
43.03988749904749	62.886100628952725
43.03988749904749	62.886100628952725
44.937756598477314	34.91852191997921
44.937756598477314	34.91852191997921
39.66983745606099	6.146289106858534
39.66983745606099	6.146289106858534
41.85150160983616	35.06206296264259
41.85150160983616	35.06206296264259
41.85150160983616	35.06206296264259
72.95351389985632	75.43448693288055
72.95351389985632	75.43448693288055
65.98283180744266	2.3621387312145004
65.98283180744266	2.3621387312145004
67.59690880295706	16.51120598226846
67.59690880295706	16.51120598226846
62.896575343586555	2.50567829866291
62.896575343586555	2.50567829866291
64.79444591823133	73.5380995896894
64.79444591823133	73.5380995896894
64.79444591823133	73.5380995896894
57.2561766675569	84.69904625850822
57.2561766675569	84.69904625850822
42.65002513097267	71.20696189148693
42.65002513097267	71.20696189148693
44.20202195834902	4.850295446296893
44.20202195834902	4.850295446296893
37.30228715430675	94.49878575462398
37.30228715430675	94.49878575462398
37.30228715430675	94.49878575462398
41.115764019277954	4.993836488960272
41.115764019277954	4.993836488960272
34.216032165665595	94.64232679728735
34.216032165665595	94.64232679728735
28.948111548034298	65.87009398416667
28.948111548034298	65.87009398416667
30.845980647464124	37.902513799978195
30.845980647464124	37.902513799978195
60.20088848546046	18.899298312925076
60.20088848546046	18.899298312925076
60.20088848546046	18.899298312925076
64.05870832767313	43.46987164079212
64.05870832767313	43.46987164079212
57.15897647406077	34.1183619491192
57.15897647406077	34.1183619491192
58.70210470598882	83.54659216539498
58.70210470598882	83.54659216539498
54.072718534989704	34.26190151656761
46.534449284315265	45.42284818538643
46.534449284315265	45.42284818538643
48.43231985896005	17.45526947641292
48.43231985896005	17.45526947641292
48.43231985896005	17.45526947641292
80.05757632999952	57.51887450742029
80.05757632999952	57.51887450742029
81.68052192096222	54.8830465722234
81.68052192096222	54.8830465722234
74.70983982854857	80.8106998457723
74.70983982854857	80.8106998457723
69.5128679745036	16.759304067429806
69.5128679745036	16.759304067429806
69.5128679745036	16.759304067429806
71.62358336469245	80.95423941322072
71.62358336469245	80.95423941322072
66.42661298586245	16.902845110093175
66.42661298586245	16.902845110093175
68.53732837605129	81.09778045588409
68.53732837605129	81.09778045588409
97.67938992328861	68.93204943885159
97.67938992328861	68.93204943885159
92.45581228289878	55.23534216969157
92.45581228289878	55.23534216969157
92.45581228289878	55.23534216969157
94.56652767308762	20.430276040267533
94.56652767308762	20.430276040267533
87.09920718599952	95.31206121907948
87.09920718599952	95.31206121907948
91.48027268444646	20.573815607715943
91.48027268444646	20.573815607715943
84.0129507221434	95.4556007865279
84.0129507221434	95.4556007865279
84.0129507221434	95.4556007865279
86.12366611233224	60.65053613231882
86.12366611233224	60.65053613231882
71.23371952140268	89.27509920053996
71.23371952140268	89.27509920053996
63.70432034139148	83.65115068310791
63.70432034139148	83.65115068310791
65.88598301995171	13.56692306367701
65.88598301995171	13.56692306367701
60.61806387753536	83.79469025055633
60.61806387753536	83.79469025055633
60.61806387753536	83.79469025055633
62.79972803131055	13.710464106340378
62.79972803131055	13.710464106340378
57.53180888889421	83.93823129321972
57.53180888889421	83.93823129321972
86.95766254004697	29.65585284094476
86.95766254004697	29.65585284094476
88.50079077197502	79.08408305722055
88.50079077197502	79.08408305722055
88.50079077197502	79.08408305722055
83.56100818593055	23.270726877603135
83.56100818593055	23.270726877603135
85.74267233970572	52.18649925817223
85.74267233970572	52.18649925817223
78.20440308903129	63.34744740220601
78.20440308903129	63.34744740220601
73.5750183932471	14.06275675337863
73.5750183932471	14.06275675337863
75.11814662517517	63.49098696965442
75.11814662517517	63.49098696965442
75.11814662517517	63.49098696965442
5.544001751542889	9.20860999259443
5.544001751542889	9.20860999259443
9.357480091729043	18.703659251715766
9.357480091729043	18.703659251715766
2.1828217792196263	34.68390180903443
2.1828217792196263	34.68390180903443
4.2935371694084665	98.87883715482535
4.2935371694084665	98.87883715482535
22.03950814854373	73.3034794787446
15.068827531345036	0.2311298018635901
15.068827531345036	0.2311298018635901
16.682904526859428	14.38019852813252
16.682904526859428	14.38019852813252
11.982571067488927	0.37467084452696886
11.982571067488927	0.37467084452696886
13.596648063003318	14.52373809558093
13.596648063003318	14.52373809558093
95.64919765457465	76.24399617572097
95.64919765457465	76.24399617572097
95.64919765457465	76.24399617572097
90.45222580052969	12.192600397378456
90.45222580052969	12.192600397378456
92.57181126138178	59.60264055691852
92.57181126138178	59.60264055691852
85.38828435342408	92.36777830048803
85.38828435342408	92.36777830048803
89.20175974318032	2.8628275596093724
89.20175974318032	2.8628275596093724
82.30202641435301	92.51131786793644
82.30202641435301	92.51131786793644
82.30202641435301	92.51131786793644
14.359695727131703	18.8082177694287
14.359695727131703	18.8082177694287
16.54135988090688	47.72399162521275
16.54135988090688	47.72399162521275
9.003092105447399	58.88493829403156
9.003092105447399	58.88493829403156
13.428499105920853	98.22221675141374
13.428499105920853	98.22221675141374
13.428499105920853	98.22221675141374
6.244970722748185	31.987354494983254
6.244970722748185	31.987354494983254
7.78809895467624	81.41558471125904
7.78809895467624	81.41558471125904
3.158714258892065	32.13089553764662
3.158714258892065	32.13089553764662
31.946034938627612	97.36097344586341
31.946034938627612	97.36097344586341
34.1276990924028	27.27674730164747
34.1276990924028	27.27674730164747
34.1276990924028	27.27674730164747
28.859778474771502	97.5045144885268
28.859778474771502	97.5045144885268
31.050311223994974	10.63539168284502
31.050311223994974	10.63539168284502
25.782392081578635	80.86315886972434
25.782392081578635	80.86315886972434
18.598865173620926	14.628296613293866
18.598865173620926	14.628296613293866
18.598865173620926	14.628296613293866
20.709580563809777	78.82323195908478
20.709580563809777	78.82323195908478
51.838197164959844	68.84097037057018
51.838197164959844	68.84097037057018
53.94891255514869	34.035905716361086
53.94891255514869	34.035905716361086
46.481592068060586	9.917689419958075
46.481592068060586	9.917689419958075
41.825601585931544	10.98768580509823
41.825601585931544	10.98768580509823
41.825601585931544	10.98768580509823
43.368729817859595	60.415916021374024
43.368729817859595	60.415916021374024
36.18520290990189	93.18105376494354
36.18520290990189	93.18105376494354
40.56626693313387	18.442809628794958
40.56626693313387	18.442809628794958
23.12217960524572	30.117198138983078
23.12217960524572	30.117198138983078
23.12217960524572	30.117198138983078
25.23289499543456	94.312133484774
25.23289499543456	94.312133484774
20.035923141389603	30.260739181646457
20.035923141389603	30.260739181646457
13.074109644424238	39.40349579372954
13.074109644424238	39.40349579372954
16.958535272981784	13.619385038058962
16.958535272981784	13.619385038058962
9.98785318056813	39.54703683639292
9.98785318056813	39.54703683639292
9.98785318056813	39.54703683639292
11.885723755212915	11.579456652204437
11.885723755212915	11.579456652204437
42.943393067991614	36.876356553696695
42.943393067991614	36.876356553696695
36.0436597391643	27.524846862023765
36.0436597391643	27.524846862023765
37.586787971092356	76.95307560308461
37.586787971092356	76.95307560308461
37.586787971092356	76.95307560308461
32.9307974889633	78.02307198822477
32.9307974889633	78.02307198822477
34.54487300926274	92.17213923927872
34.54487300926274	92.17213923927872
27.57419239206404	19.099791037612672
27.57419239206404	19.099791037612672
58.986604047559474	66.00088201385562
58.986604047559474	66.00088201385562
58.986604047559474	66.00088201385562
60.529732279487526	16.429110754916458
60.529732279487526	16.429110754916458
53.62999747544525	7.077602538458489
53.62999747544525	7.077602538458489
57.443475815631416	16.57265327279478
57.443475815631416	16.57265327279478
50.55261108225239	89.43624691965604
50.55261108225239	89.43624691965604
45.28469046462109	60.66401410653537
45.28469046462109	60.66401410653537
45.28469046462109	60.66401410653537
47.466354618396274	89.57978796231941
47.466354618396274	89.57978796231941
76.25367529813182	55.809867345751165
76.25367529813182	55.809867345751165
80.42189450581976	86.9091076796232
80.42189450581976	86.9091076796232
73.45121093819115	13.836760953172105
73.45121093819115	13.836760953172105
73.45121093819115	13.836760953172105
75.06528793370553	27.985826729011105
75.06528793370553	27.985826729011105
70.40929892679145	29.05582458936622
70.40929892679145	29.05582458936622
62.871029676117004	40.21677125818505
62.871029676117004	40.21677125818505
65.05269382989219	69.13254363875414
65.05269382989219	69.13254363875414
65.05269382989219	69.13254363875414
49.80800489624588	76.15291563222459
49.80800489624588	76.15291563222459
51.705875470890675	48.185336923251064
51.705875470890675	48.185336923251064
44.73519337847702	74.11298872158503
44.73519337847702	74.11298872158503
39.53822299964702	10.061594418457473
39.53822299964702	10.061594418457473
41.657806985284154	57.47163310278257
41.657806985284154	57.47163310278257
36.46083365602424	92.42024027486998
36.46083365602424	92.42024027486998
36.46083365602424	92.42024027486998
38.571549046213086	57.61517414544595
38.571549046213086	57.61517414544595
67.42981848953497	87.56609056365588
67.42981848953497	87.56609056365588
62.72948503016446	73.56056288005033
62.72948503016446	73.56056288005033
64.62735708002421	45.59298417107681
64.62735708002421	45.59298417107681
64.62735708002421	45.59298417107681
57.08908635413481	56.753930839895624
57.08908635413481	56.753930839895624
61.514493354608256	96.09121077249276
61.514493354608256	96.09121077249276
54.04717434273511	71.97299447608974
54.04717434273511	71.97299447608974
56.157889732923955	37.16792982188067
56.157889732923955	37.16792982188067
87.28650633407403	27.185668233366044
87.28650633407403	27.185668233366044
87.28650633407403	27.185668233366044
80.31582571687534	53.1133200317
80.31582571687534	53.1133200317
82.21369481630516	25.14573984751152
82.21369481630516	25.14573984751152
76.94577419867387	95.37350850960581
76.94577419867387	95.37350850960581
79.13630694789735	8.504384228709078
79.13630694789735	8.504384228709078
79.13630694789735	8.504384228709078
73.868387805481	78.73215289080336
73.868387805481	78.73215289080336
4.294242931848721	24.449774438528408
4.294242931848721	24.449774438528408
5.837371163776776	73.87800465480422
5.837371163776776	73.87800465480422
1.2079864679926127	24.593315481191787
1.2079864679926127	24.593315481191787
1.2079864679926127	24.593315481191787
2.751114699920667	74.02154422225261
2.751114699920667	74.02154422225261
94.56758779196296	7.786681965822134
94.56758779196296	7.786681965822134
89.91159878504887	8.856679826177249
89.91159878504887	8.856679826177249
91.45472554176196	58.28490856723808
91.45472554176196	58.28490856723808
74.57822389691964	84.72600220694133
74.57822389691964	84.72600220694133
74.57822389691964	84.72600220694133
78.39170223710579	94.22105441649258
78.39170223710579	94.22105441649258
71.49196890827848	84.86954324960469
71.49196890827848	84.86954324960469
66.22404829064719	56.09731043648402
66.22404829064719	56.09731043648402
68.12191739007702	28.129731727510503
68.12191739007702	28.129731727510503
61.16010536832661	37.27248833959359
61.16010536832661	37.27248833959359
61.16010536832661	37.27248833959359
65.04453099688415	11.48837758392302
65.04453099688415	11.48837758392302
94.3994388348805	91.48515914643998
94.3994388348805	91.48515914643998
96.01351435517992	6.634227872708903
96.01351435517992	6.634227872708903
91.31318237102437	91.62870166431831
91.31318237102437	91.62870166431831
83.84586040872131	67.51048536791531
83.84586040872131	67.51048536791531
85.95657579891015	32.705420713706225
85.95657579891015	32.705420713706225
81.01679468808064	75.89206600930378
81.01679468808064	75.89206600930378
81.01679468808064	75.89206600930378
82.63087020838007	90.04113178514278
82.63087020838007	90.04113178514278
12.985776571161445	71.03791629808967
12.985776571161445	71.03791629808967
7.788804717116484	6.986523470177072
7.788804717116484	6.986523470177072
9.899520107305335	71.18145734075303
9.899520107305335	71.18145734075303
9.899520107305335	71.18145734075303
4.702549728475333	7.130063037625482
4.702549728475333	7.130063037625482
6.813265118664173	71.32499690820144
6.813265118664173	71.32499690820144
98.63860680615475	87.3052394655201
98.63860680615475	87.3052394655201
30.6962746437185	13.602139367012361
30.6962746437185	13.602139367012361
32.87793879749368	42.51791322279641
32.87793879749368	42.51791322279641
32.87793879749368	42.51791322279641
25.339671022034196	53.678859891615225
25.339671022034196	53.678859891615225
29.791683808852525	42.661452790244816
29.791683808852525	42.661452790244816
22.253414558178076	53.82239945906365
22.253414558178076	53.82239945906365
24.435077236738305	82.73817183963274
24.435077236738305	82.73817183963274
19.49529317547886	26.92481713523028
19.49529317547886	26.92481713523028
19.49529317547886	26.92481713523028
1.9802570840043634	73.87836713542526
1.9802570840043634	73.87836713542526
4.161921237779552	3.7941395159943587
4.161921237779552	3.7941395159943587
97.89400062014825	74.02190817808865
97.89400062014825	74.02190817808865
1.0756662491383904	3.9376820338726954
1.0756662491383904	3.9376820338726954
94.8077456315071	74.16544922075201
94.8077456315071	74.16544922075201
87.90801082746484	64.81393805386413
87.90801082746484	64.81393805386413
87.90801082746484	64.81393805386413
89.46000765484118	97.45727455910402
89.46000765484118	97.45727455910402
21.872419310336596	45.35836258491705
21.872419310336596	45.35836258491705
23.983134700525447	10.553299405922932
23.983134700525447	10.553299405922932
16.515814213437334	85.43508310951994
16.515814213437334	85.43508310951994
16.515814213437334	85.43508310951994
11.815480754066833	71.42955690112933
11.815480754066833	71.42955690112933
13.429557749581225	85.57862267696834
13.429557749581225	85.57862267696834
6.458877132382529	12.506275950517242
6.458877132382529	12.506275950517242
10.316696974595198	37.07684927838429
10.316696974595198	37.07684927838429
39.458758521832515	24.911119736566736
39.458758521832515	24.911119736566736
39.458758521832515	24.911119736566736
41.56947391202136	89.1060536071427
41.56947391202136	89.1060536071427
36.3725020579764	25.054660779230105
36.3725020579764	25.054660779230105
29.401819965562744	50.982311102349094
29.401819965562744	50.982311102349094
33.286247069335246	25.198200346678526
33.286247069335246	25.198200346678526
33.286247069335246	25.198200346678526
26.315563501706634	51.125852145012466
26.315563501706634	51.125852145012466
27.938509092669317	48.49002568503054
27.938509092669317	48.49002568503054
59.563765563708806	88.55363071603792
59.563765563708806	88.55363071603792
52.38023865575109	22.318766984392468
52.38023865575109	22.318766984392468
52.38023865575109	22.318766984392468
53.92336688767915	71.74699720066826
49.293982191894976	22.462308027055848
49.293982191894976	22.462308027055848
49.293982191894976	22.462308027055848
50.83711042382303	71.89053824333163
50.83711042382303	71.89053824333163
43.93737709499571	62.53902707644375
43.93737709499571	62.53902707644375
6.48046125347501	41.998259246996405
6.48046125347501	41.998259246996405
8.59117664366386	7.193194592787323
8.59117664366386	7.193194592787323
8.59117664366386	7.193194592787323
1.4076497357061513	39.95833086114187
1.4076497357061513	39.95833086114187
5.22112512546239	49.453383070693135
5.22112512546239	49.453383070693135
97.32139327185003	40.10187190380525
97.32139327185003	40.10187190380525
92.05347265421874	11.329639090684568
92.05347265421874	11.329639090684568
92.05347265421874	11.329639090684568
94.23513680799392	40.24541294646862
94.23513680799392	40.24541294646862
24.031324607962805	88.69059566843455
24.031324607962805	88.69059566843455
28.483338869996093	77.6731900422791
28.483338869996093	77.6731900422791
20.945068144106685	88.83413671109793
20.945068144106685	88.83413671109793
22.84293871875148	60.866556526909456
22.84293871875148	60.866556526909456
22.84293871875148	60.866556526909456
18.142606734595926	46.861030318518864
18.142606734595926	46.861030318518864
10.675286247507824	22.74281402211585
10.675286247507824	22.74281402211585
12.786001637696664	86.93774936790678
12.786001637696664	86.93774936790678
43.88801245250187	28.310171862929774
43.88801245250187	28.310171862929774
43.88801245250187	28.310171862929774
46.069678081492	57.225945718713824
46.069678081492	57.225945718713824
40.8017574638607	28.453714380808112
40.8017574638607	28.453714380808112
33.618230555903	61.21885064916267
33.618230555903	61.21885064916267
35.72894594609185	26.413784519738627
35.72894594609185	26.413784519738627
30.531974092046887	61.36239169182603
30.531974092046887	61.36239169182603
30.531974092046887	61.36239169182603
32.642689482235724	26.557327037616954
32.642689482235724	26.557327037616954
61.509826045790945	39.723348269576015
61.509826045790945	39.723348269576015
56.80949258642045	25.717820585970472
56.80949258642045	25.717820585970472