64.58886942891516	10.495256414613078
57.68913610008784	1.1437467229401515
57.68913610008784	1.1437467229401515
61.50261296505905	10.638797457276455
61.50261296505905	10.638797457276455
54.602879636231734	1.2872877656035302
54.602879636231734	1.2872877656035302
49.334959018600436	71.51505495248286
49.334959018600436	71.51505495248286
51.23282959324522	43.54747624350934
51.23282959324522	43.54747624350934
40.51110221000358	4.2712796456025135
40.51110221000358	4.2712796456025135
40.51110221000358	4.2712796456025135
42.62181907540739	68.46621351617847
42.62181907540739	68.46621351617847
71.73727631151479	7.655168057898533
71.73727631151479	7.655168057898533
66.54030445746983	42.60377522998594
66.54030445746983	42.60377522998594
68.65101837244372	7.798710575776859
58.097442896714455	82.82403532203722
58.097442896714455	82.82403532203722
60.2081582869033	48.01897066782814
60.2081582869033	48.01897066782814
60.2081582869033	48.01897066782814
91.62056994239873	94.92006016885614
91.62056994239873	94.92006016885614
84.09116928717258	89.2961116514241
84.09116928717258	89.2961116514241
86.2728319657328	19.211884031993193
86.2728319657328	19.211884031993193
81.00491282331646	89.43965121887251
81.00491282331646	89.43965121887251
83.18657550187667	19.35542654987152
83.18657550187667	19.35542654987152
83.18657550187667	19.35542654987152
77.91865635946036	89.58319373675084
77.91865635946036	89.58319373675084
61.042154714618015	17.024287376454087
61.042154714618015	17.024287376454087
59.827163039061816	39.55493379368156
59.827163039061816	39.55493379368156
59.827163039061816	39.55493379368156
52.288895263602335	50.715880462500394
52.288895263602335	50.715880462500394
47.6595090926032	1.4311912888879688
47.6595090926032	1.4311912888879688
49.20263732453126	50.85942150516376
49.20263732453126	50.85942150516376
78.62849392611393	95.57704305288881
78.62849392611393	95.57704305288881
82.44197079108514	6.0720937872251035
82.44197079108514	6.0720937872251035
82.44197079108514	6.0720937872251035
75.26731247857572	22.052336344543757
75.26731247857572	22.052336344543757
77.37802786876456	86.24727021511971
77.37802786876456	86.24727021511971
72.18105601471962	22.195877387207133
72.18105601471962	22.195877387207133
65.21037539752092	48.12352771032612
65.21037539752092	48.12352771032612
65.21037539752092	48.12352771032612
69.09479955086348	22.339416954655544
69.09479955086348	22.339416954655544
98.44970738885982	3.336201467602425
98.44970738885982	3.336201467602425
1.0637843843742263	17.485268718656386
1.0637843843742263	17.485268718656386
95.12400032311479	60.671912539038985
95.12400032311479	60.671912539038985
95.12400032311479	60.671912539038985
88.15331970591609	86.59956581258788
88.15331970591609	86.59956581258788
89.76739375100057	1.7486315884268888
89.76739375100057	1.7486315884268888
85.06706324205997	86.7431053800363
85.06706324205997	86.7431053800363
86.68113876235941	1.8921741063052258
86.68113876235941	1.8921741063052258
13.958658731947928	65.2476015252347
13.958658731947928	65.2476015252347
6.775131823990218	98.01273926880421
6.775131823990218	98.01273926880421
6.775131823990218	98.01273926880421
10.588608688961415	8.507790003140503
10.588608688961415	8.507790003140503
3.6888753601340984	98.15627883625262
3.6888753601340984	98.15627883625262
87.44418790170275	6.176652304938029
87.44418790170275	6.176652304938029
89.62585205547794	35.09242468550712
89.62585205547794	35.09242468550712
89.62585205547794	35.09242468550712
82.08758132958853	46.25337135432595
82.08758132958853	46.25337135432595
86.51298980527694	85.59065128692308
86.51298980527694	85.59065128692308
79.32946289731923	19.35578903049259
79.32946289731923	19.35578903049259
80.87258965403234	68.78401777155342
80.87258965403234	68.78401777155342