68.85343020855737	74.2474305436618
95.66306295461351	21.509146787539752
98.2260752374503	21.674423208892005
89.33091678404698	26.924342225381956
92.23093274348896	82.26360156920158
85.76575911641301	42.45222480080666
85.8899194526891	5.463690718079676
88.86975277116571	8.738893385641568
82.16512706698586	26.119689596449756
82.90121606354923	18.973384711983606
13.672946412400355	3.080092520710209
2.214775676160243	8.164730690203033
2.9774719342834572	49.663741722199276
85.2960779140886	3.8371412643836247
88.31138708957333	38.97276171172712
79.35414846803198	62.71694555675813
82.12113697096453	72.82963416955558
82.91043901543262	63.973958167584286
76.56055417875454	3.9589439779282025
78.99053752986696	57.89764966825829
70.58315035090473	30.978330490521092
74.03301775292589	35.6540838611426
4.769273719983821	86.9003738900876
5.434413952960863	16.033231970843275
97.68544527153955	18.338502637690798
1.3637478199891926	97.30014311299685
2.0821011008709456	24.72362860103241
94.32426382400135	43.813794454130786
97.39278309696087	77.24004525918409
88.79915688879949	6.803523517499968
91.3887734827662	55.6141158553146
22.213715404307067	38.01145254653605
22.346742860816494	83.23802475277317
25.291101797499927	54.6528081653385
18.657424856906417	36.75444141092485
19.154064726795824	86.80030803044684
12.280937184313384	27.094112780021344
14.79960501469376	12.183868083057806
8.210271051341714	9.361023922174915
38.67445465716995	94.8168415366077
40.95367188566139	38.098766868417336
30.772572993115535	2.1584923169266714
24.484769799790467	22.64921182351458
25.203123080672217	49.07269878676511
27.98784877450135	25.615595551845892
57.67089169365458	78.57125522308108
58.37150778363975	39.56453255883332
51.78217234507275	36.741689873165384
52.32315519220362	2.8630805614330948
55.338462892473395	37.998701008776585
46.72709949341543	1.1319711148091487
49.12160846273466	23.210259025357626
43.07325587129852	85.50880702795739
43.410259547903706	41.682788475209804
46.16837945538798	68.58037079904315
75.90463542244592	20.826659352773202
76.44561826957678	85.94805151625586
70.38839560747739	66.03149470510648
70.43273858471886	81.10701877385219
73.42144049864376	67.59732477994825
66.92079248977464	94.92552875655677
67.24005897548324	84.6693005763109
60.57090912831152	34.91051604211565
63.48866375386503	56.67998353821859
63.84340462136681	78.2841746129693
93.40228867945892	69.2283668917165
96.21361868441797	94.41657957325967
89.62428472106592	91.59373688759173
89.81939382092835	19.32604131485788
83.21232266667971	50.07298900169166
86.14781300791486	38.272667600507845
79.31015984722559	10.426891605078909
80.0196430574441	53.6352737545803
82.51170657669455	89.07971314115437
65.62633633640392	33.305701967108476
68.18048002379243	50.255876525141495
59.320795952182266	87.3662118461981
61.87493816435581	5.316384929016165
55.427501728176445	30.93521926333449
57.94617103377177	16.024971615941034
58.58470695561889	94.51251673066425
54.6470697543716	23.005998603839974
84.10839926253249	0.5840394065615948
84.73806658893132	95.85647823232071
78.18420553215748	25.89405332643437
80.82703517402891	72.99527602195882
81.03101286933962	82.94268378775914
74.52149478980725	28.055784425833483
76.6322101799961	92.2507197716244
70.06948200298892	39.07319005198893
72.25114468154914	67.98896390777298
2.8188973350895385	42.148262475484294
5.000561488864716	71.06403485605338
96.95006203741643	50.05574333064505
0.21154355022623994	26.907460510171372
88.63171369415727	16.072939457035847
81.66103160174362	42.00059273058475
84.28612405271845	23.671604323395954
84.59652194297877	30.200271329400934
78.21116567493745	37.32483788474829
80.69435912352463	89.55417245757323
11.12021572510732	35.271794005298275
13.594542053461183	5.2860252395890335
5.249235042637026	58.87243828288087
7.44863491209383	54.218420290948245
1.098753025845673	93.20340610129216
3.5819464744328697	46.43274067411709
95.69995033650214	3.511440609942454
95.95713812928767	11.749478733452591
98.53788612780608	77.34496625751808
29.380565240243524	26.172514051452776
31.51788641677724	40.01276236327616
25.159134459865843	95.78264188465599
25.380846395643232	72.16026222838451
18.552061830402252	27.52959104670472
20.982045181514653	81.4682967370348
14.268550881886517	16.63398813409385
16.964592096447685	62.02583676168322
46.31062986378078	59.807516460880954
48.87364214661756	59.972794357448166
49.192910107541124	49.71656470198733
42.780946577939964	8.195818291302222
45.370564647121626	57.00641062911686
38.320065195673344	35.99811910370853
41.0870536986059	46.11080771650598
32.20076384065088	34.57582859631517
34.79038190983254	83.3864209341298
18.233146750698808	0.5712878688021225
20.689737363371055	4.155308000379634
20.94692515615657	12.39334612388977