44.0550802149024	40.55558818865185
41.625096863789985	85.6168810231068
72.7714521310516	42.064829062090475
66.22645966972607	54.31751044516824
66.91820716426294	32.09568149195639
69.46348078098818	65.83074976102532
62.758856552023296	83.21154449661853
63.149073276533194	37.676154826365796
56.941085967027796	6.102817656695981
59.36220072269192	76.82641853327692
60.10715978991855	52.89521993777488
75.66259801983033	15.18898359216095
78.25221608901201	63.999575929975585
8.917523292483606	51.525027448927446
11.453929788975515	3.0449909042472223
2.709537458193166	19.951688804042664
5.609553417635139	75.29094814786228
97.75416306604929	81.01496252493507
98.41930477424128	10.14781913047579
1.867023841035322	30.516735923519125
94.71224810421968	96.23402616112918
78.72260305377665	28.18559822531664
79.42321766854687	88.17887408585393
81.72017356314984	96.89100904516185
74.79383444797766	38.894184912241506
77.23268639453835	76.04799541632075
71.0690420622744	59.55018084018167
71.46812738223261	96.22989598367806
64.69255291446642	49.88985220927817
67.44180570171736	93.5723326697923
96.8321864462919	7.4295349625207825
0.3685914675688451	57.94949841784057
0.8474941465616666	42.565155409864275
93.12513125148524	93.51574199317417
95.75022370246008	75.18675358598539
88.93030625745243	13.771185742839762
91.36915820401313	50.924996246919
82.59816156210086	19.186381180681966
85.16117089450773	19.351659077249177
16.340855158765333	23.353185368006365
16.7044646217154	28.1724812565062
13.050620999598491	13.54931716965444
13.192518526771167	41.99099418964071
6.9933998127140615	92.63276035850507
9.653966645482072	7.164189731097868
9.804732768103039	18.820971564833275
3.676562817632271	34.18357771890573
5.769539541709568	32.94830343719836
33.776428247640276	90.24916068592064
36.08225126247659	82.17640193419265
29.60820756473739	59.1499203520486
30.12258462552338	75.62599659906888
33.11128653944828	62.11630260516496
26.468741003406475	61.00283103700217
26.814614750674913	0.3919187732186791
20.721919181997315	47.614941231857784
23.134165342213144	36.123438769904546
23.843650027646603	79.33182091940594
6.896199619217933	42.052077524331004
9.645450931253906	85.73455503441522
1.0784305094373918	63.94334773397853
3.659178507955814	30.538835258044017
96.1319247127418	9.221727743835032
98.64172394767388	11.09637528269243
91.6976476416051	85.6693415222738
91.92822964804574	45.26206667975147
94.43803183340773	47.13671569382384
25.298445186311863	61.39447164004185
27.888063255493524	11.205063977856474
19.054984970228254	96.9607137401605
21.555917084926993	16.620259415698676
15.276981011835257	20.326083736035734
17.813387508327178	70.84604719135551
18.052839585431066	13.653874212152418
11.543321505898692	57.76697485022675
14.026514954485888	10.996310898266643
43.92240416439813	57.11448462426626
44.13525045515714	50.2769986790307
37.270991508123	72.78590824235434
40.153270276668394	62.69495943389063
33.21806256604791	21.483029012006188
36.304317554689064	21.339489444557767
29.803669545819936	48.66769342116629
32.37555042410502	32.04807613148264
59.98335381007754	52.66922118713843
62.66165488331221	32.630861662444474
56.12553249264992	28.098647859271384
58.466831364494354	51.886305412110055
58.936863972823936	53.28685906559959
52.37413579581676	0.10933082117908155
54.954883794335174	65.70481834524456
48.37441695121646	46.097078998110824
50.591556961999764	7.873272108891429
31.834921933409234	28.71215556028143
34.35358976378961	13.801907912887977
27.87954754126536	89.77542780595887
30.42482263320556	24.510496075027792
30.682010425991077	32.7485356737529
24.145886560113826	28.216320395364853
26.65568579504591	30.090969409437207
18.26603728219525	68.60185838398334
20.5275173197901	45.4535740882947
50.396802218572425	42.926434848261856
52.49864753809801	24.906265380303637
45.971393742884025	3.5891563908796855
48.51666883482422	37.32422465994861
49.19954625869785	31.887290892987618
42.73437115640694	91.0759141245927
45.11114293482958	47.72399388285786
36.39335786560707	14.276006223900724
38.92976288688403	64.7959696792205
68.69262464028685	65.68757267419797
71.42413728621126	43.93984203199886
71.47734885890102	42.2304709144937
64.9589636591353	4.12846526360394
59.912756452496374	50.73385131899684
60.58676823135162	62.08181421350165
63.13204184807687	95.81688248257058
56.65799962555262	72.79040237564148
56.808764272958626	84.44718420937689
86.81994522369867	11.361720514115344
87.36092659561457	76.48310972716808
90.39397148678094	78.04894127722483
81.87129109177599	71.3332595207488
84.35448749079309	24.562594093573725
78.01347124956331	46.762684717666794
78.820510484928	4.337218343193772
81.56089320151567	64.80459103952886
73.03821428172566	58.08890928305282
75.52140920552783	11.318245331092712
76.04465486176211	11.009424916647173
37.52351051687626	24.6560853381627
38.339418347689225	64.44572377743883
32.07821946549407	34.5817562500592
32.610332241961686	17.48804212457776
35.0935286409788	69.71737964783262
28.814592567887065	73.42320249295472
29.293495246879885	58.03886096019337
23.24514265544376	21.337407487578187
23.457987470987813	14.499923017557574
26.41121500311954	68.12980976865708
56.05878501569456	89.22505018489571
56.75053251023144	67.00322270689881
50.12572416508622	32.31996224144927
50.83520737530473	75.52834291573569
53.23858494007226	80.82173564003331
47.128153655713035	62.6145499463891
47.36760425760196	5.422376967185988
40.86695624873284	32.75058241900947
43.243728027155484	88.39866070205967
43.98868414395221	64.46746063134266
73.61851696563065	20.13249289529796
76.23474082115719	18.588399674360016
67.76527347405694	10.16334532516388
69.99127912985861	54.154643249693635
63.650265839058754	76.35473239857173
66.35517417385327	5.961688790340158
66.71878511201828	10.780983203625036
59.96094783514869	29.87114905672341
62.931912558177	49.93124691053617
90.53971594414952	70.55239196619195
87.97670366131273	70.38711406962476
90.09628764694986	18.79715275394985
81.35189531616751	35.70385065374529
84.03019786461714	15.665491129051338
77.72465748039548	69.72600100814097
78.07053122766392	9.115087269142514
80.62467491505242	26.065258876745617
64.38670919205721	31.993897631172082
64.85674180038679	33.394451284661606
58.33835512540612	94.29244563377185
60.86589302644975	62.59730427534248
61.557640520986624	40.375476797345584
54.90622638949653	56.04690041543366
55.59797240881845	33.82507146222181
49.30130062004509	71.10068615506057
51.87318149833016	54.481070340591884
52.032814741184474	49.35295551286147
82.19476033933053	86.92427365133533
84.72229824037414	55.22913229290597
77.83143350699513	29.092727414982193
78.49657521518712	57.225585495737874
71.60571048180809	31.089179142599125
74.15985269398163	48.0393522254172
74.84273159307023	42.60241993367115
68.30660920240793	38.070204655283106
70.85188281913317	71.80527439956698
1.4994513564932337	92.90051481580562
1.8453265789766413	32.289601076807166
94.45996883572036	39.41416910736949
96.99637385699731	89.93413256268926
90.46025146633501	85.40191728430122
90.57554173194785	65.19827986304006
93.62632528922575	33.19431956538011
85.09477777398746	43.26353299515495
87.87063339715336	36.59132494648658
18.624626555107877	54.2678231277149
19.06805337709257	7.023062339957015
21.88825345271487	15.426378360034361
14.997388719335849	88.28997200689561
17.15244708676616	68.56043142143224
10.63406188700045	30.458427245757434
11.29920359519245	58.59128385129816
4.603446486460896	59.187184875855486
7.051165553254925	79.55610166889882
89.35203581737845	67.29929010836992
91.45388261211899	49.27911916519675
84.85568005331865	63.24117166577966
85.2370267071653	34.490677181777784
87.70248444007088	21.28980360231939
81.57431596481507	36.65240828117689
83.72937285703041	16.922867695713514
74.94063902422157	18.754041526763245
78.94922351384024	54.98139668836569
9.658873694553298	57.58237227606326
10.155512089227757	8.628237420370294
3.6016525076688786	37.66581398969893
5.80105385234064	33.011797472981264
98.58419794738695	18.223354014347343
1.8368093895335076	11.859964904909562
2.0053141782660178	88.94695636614324
94.46919031238876	84.41474256297015
97.05880838157044	34.22533490078479
27.892617423344635	98.83777640575538
28.123199429785274	58.430498612803135
21.76444747287387	15.200379609397919
24.407275639530333	62.301602304922355
17.773598698936826	44.40323555050871
18.057393753282177	2.2865866400513135
91.0551516485959	74.38487561398179
84.58997654630497	34.573498845586876
87.31262207199606	29.61066338963863
70.49820059529178	37.5574892503709
73.02573702112045	5.8623478919415435
66.09939790594825	46.86552523423615
66.3831929602936	4.748876323778766
60.290497391616	51.971901732847776
62.74708652907328	55.55592186442529
63.03088010820368	13.439275904397807
56.59231079225764	22.273212102035362
59.084372836293134	57.71765296382439
88.98026204620538	4.835828165038979
89.21084552786097	63.42855037208673
82.47074544188796	48.94892732789835
85.14018087010426	45.69546298945525
85.74324093494326	92.32258737396694
78.87898198790911	15.831495462075626
81.37991410260786	34.491041137613806
75.28721853393024	81.71406507146787
75.6242236857504	37.88804651872027
6.298398009455344	8.628602851421281
9.18067825321569	97.53765109252767
9.508814809587545	70.49652772603093
2.547001312622182	79.63928433811401
5.145486502037178	12.664982964892749
97.60936411137489	8.132767686504701
98.30111160591177	84.91094020850781
91.68517038099989	33.44278160637748
93.92004610746483	60.64918434465638
24.691774981100973	44.75589067816803
25.321442307499805	41.02832950392714
27.990876260501146	37.774865165484044
21.241909054294798	40.080137307546515
21.951392264513302	83.28851798183294
15.38866408750613	30.11098973741243
17.77430446137707	68.97417135899681
11.238182070714776	64.44195755582372
13.606085253689145	37.87493102512478
14.271226961881144	66.00778910588046
96.38585819680547	10.233777931834572
0.3568229198337982	30.293875785647316
90.48827025277535	84.18910629295478
93.22865296936303	45.65648046450481
86.74574067617553	39.41489406861161
86.96745408716788	15.792512937125183
89.59254653814271	96.4635245299364
83.08302845861033	41.57662516801072
83.69496006932754	71.41885436627155
14.511030444990203	70.60108624374385
17.056305536930402	5.336154512812779
10.608869100751033	30.954987371916147
10.848319702639964	72.76281734314297
13.260564387640823	61.27131340597477
6.751047783323406	6.3844140440491035
7.39845377583379	68.08706102209155
0.4632445899983466	26.875133550637013