15.083658271035688	30.382492616918423
7.900131363077979	63.14762888527298
7.900131363077979	63.14762888527298
38.95780067585667	88.44452878676523
38.95780067585667	88.44452878676523
41.13946482963185	18.360301167334324
41.13946482963185	18.360301167334324
41.13946482963185	18.360301167334324
33.60119410374245	29.5212493113681
33.60119410374245	29.5212493113681
38.05320836577574	18.50384368521265
78.54701750387366	4.672215258482653
71.0796955415706	79.5540004372946
71.0796955415706	79.5540004372946
71.0796955415706	79.5540004372946
66.37936355741505	65.54847275368905
66.37936355741505	65.54847275368905
67.99344055292944	79.69754147995798
67.99344055292944	79.69754147995798
61.03162558074912	88.84029661682611
61.03162558074912	88.84029661682611
49.866472850737736	96.80886228189213
44.59855370832141	68.03662946877147
44.59855370832141	68.03662946877147
37.698818904279136	58.68512125231349
37.698818904279136	58.68512125231349
37.698818904279136	58.68512125231349
41.51229724446529	68.18017198664978
41.51229724446529	68.18017198664978
34.5859581292931	10.183347853729439
34.5859581292931	10.183347853729439
36.200033649592534	24.33241510478341
36.200033649592534	24.33241510478341
67.82529012063202	64.39601866057582
67.82529012063202	64.39601866057582
67.82529012063202	64.39601866057582
60.641763212674306	97.16115640414534
60.641763212674306	97.16115640414534
62.184891444602364	47.58938662042113
62.184891444602364	47.58938662042113
57.55550822403315	97.30469744680872
52.20777172258219	21.596522785160722
83.26544103536088	46.89342121143802
83.26544103536088	46.89342121143802
83.26544103536088	46.89342121143802
85.4471037139211	75.8091935920071
85.4471037139211	75.8091935920071
80.1791830962898	47.0369622541014
80.1791830962898	47.0369622541014
82.07705514614955	19.069383545127888
82.07705514614955	19.069383545127888
75.10637157852094	44.997033868246874
94.96306089827496	83.61661153795704
94.96306089827496	83.61661153795704
94.96306089827496	83.61661153795704
87.4957389359719	59.49839524155404
87.4957389359719	59.49839524155404
89.61532292160904	7.908436876309059
89.61532292160904	7.908436876309059
74.44158422676402	78.64964442934273
74.44158422676402	78.64964442934273
76.55229961695287	43.84457977513364
76.55229961695287	43.84457977513364
76.55229961695287	43.84457977513364
71.3553277629079	78.79318694722105
71.3553277629079	78.79318694722105
64.38464567049425	5.720838745555006
64.38464567049425	5.720838745555006
66.28251624513905	76.75325856136652
66.28251624513905	76.75325856136652
61.01459710272271	47.981025748245855
61.01459710272271	47.981025748245855
63.16965399493805	28.251485162782483
63.16965399493805	28.251485162782483
63.16965399493805	28.251485162782483
92.02792196304497	58.20240158099241
92.02792196304497	58.20240158099241
87.32758997888943	44.19687389738685
87.32758997888943	44.19687389738685
88.94166697440383	58.34594262365577
88.94166697440383	58.34594262365577
78.60093483900366	27.53378142468057
80.79146611301218	39.664660094213765
80.79146611301218	39.664660094213765
12.849136901005833	64.96155852049107
12.849136901005833	64.96155852049107
12.849136901005833	64.96155852049107
5.949402096963558	55.61004882881814
5.949402096963558	55.61004882881814
9.762880437149724	65.10510103836938
9.762880437149724	65.10510103836938
2.8631471083224067	55.7535898714815
2.8631471083224067	55.7535898714815
4.406273865035503	6.181820087757304
4.406273865035503	6.181820087757304
4.406273865035503	6.181820087757304
98.49309706533589	98.01377834938731
98.49309706533589	98.01377834938731
28.89234640535873	94.08608545586495
28.89234640535873	94.08608545586495
30.435474637286795	44.51431567214073
30.435474637286795	44.51431567214073
25.806091416717578	94.2296264985283
25.806091416717578	94.2296264985283
27.349218173430675	44.65785523958915
27.349218173430675	44.65785523958915
27.349218173430675	44.65785523958915
20.449484844603358	35.30634554791622
20.449484844603358	35.30634554791622
15.181565702187019	6.5341127347955466
15.181565702187019	6.5341127347955466
17.079436276831817	77.56653255060708
17.079436276831817	77.56653255060708
0.14085446385143696	23.50189544449625
0.14085446385143696	23.50189544449625
0.14085446385143696	23.50189544449625
4.02528156762394	96.71778321361072
4.02528156762394	96.71778321361072
96.05459799999532	23.64543501194466
96.05459799999532	23.64543501194466
90.85762762116532	58.59404218403208
90.85762762116532	58.59404218403208
92.96834301135416	23.788976054608035
92.96834301135416	23.788976054608035
92.96834301135416	23.788976054608035
85.5010210490511	98.67076123341998
85.5010210490511	98.67076123341998
89.88208654749806	23.932515622056446
89.88208654749806	23.932515622056446
19.9975423083905	62.121470163776515
19.9975423083905	62.121470163776515
21.61161930390489	76.27053889004543
21.61161930390489	76.27053889004543
16.911287319749338	62.265012681654845
16.911287319749338	62.265012681654845
16.911287319749338	62.265012681654845
9.44396535744628	38.14679638525184
9.44396535744628	38.14679638525184
11.55468074763513	3.34173173104276
11.55468074763513	3.34173173104276
6.3577088935901696	38.29033742791521
6.3577088935901696	38.29033742791521
8.46842428377901	3.4852727737061278
8.46842428377901	3.4852727737061278
8.46842428377901	3.4852727737061278
37.61935590167958	73.53464657042275
37.61935590167958	73.53464657042275
32.35143528404829	44.76241375730208
32.35143528404829	44.76241375730208
34.53309943782347	73.67818613787117
34.53309943782347	73.67818613787117
29.265178820192173	44.90595479996546
29.265178820192173	44.90595479996546
29.265178820192173	44.90595479996546
31.44684444918232	73.82172865574951
31.44684444918232	73.82172865574951
23.90857372329291	84.98267532456832
23.90857372329291	84.98267532456832
55.60477895791873	89.76711739035387
55.60477895791873	89.76711739035387
57.47604374621864	13.154224240132931
54.38978875757749	13.297763807581353
46.851518031688094	24.458710476400167
46.851518031688094	24.458710476400167
49.033182185463275	53.37448285696926
49.033182185463275	53.37448285696926
43.76526156783198	24.60225004384859
43.76526156783198	24.60225004384859
43.76526156783198	24.60225004384859
26.88876139820461	51.04334515876678
26.88876139820461	51.04334515876678
30.7111068586241	43.75350218206718
30.7111068586241	43.75350218206718
23.52757995066639	76.51863845042175
23.52757995066639	76.51863845042175
25.63829534085524	41.7135723209977
25.63829534085524	41.7135723209977
38.027662698306194	56.214933694304875
31.056980605892537	82.14258696785377
31.056980605892537	82.14258696785377
34.941406234450085	56.3584762121832
34.941406234450085	56.3584762121832
64.29631407244642	37.35525924991512
64.29631407244642	37.35525924991512
59.10820933863479	55.51896976053672
59.10820933863479	55.51896976053672
61.218924728823644	20.71390363111268
61.218924728823644	20.71390363111268
61.218924728823644	20.71390363111268
54.03539929608089	53.4790413746822
54.03539929608089	53.4790413746822
57.84887616105209	62.974092109018486
57.84887616105209	62.974092109018486
50.94914283222477	53.62258241734556
50.94914283222477	53.62258241734556
52.492271064152824	4.0508126336213515
52.492271064152824	4.0508126336213515
84.1884748235637	8.835254699406907
84.1884748235637	8.835254699406907
84.1884748235637	8.835254699406907
76.69455002534568	35.071725436971434
76.69455002534568	35.071725436971434
78.8052654155345	0.26666078276236027
78.8052654155345	0.26666078276236027
73.89208714061995	92.09861904439236
73.89208714061995	92.09861904439236
75.43521537254802	42.526847785453214
75.43521537254802	42.526847785453214
68.53548056850573	33.17533809378028
68.53548056850573	33.17533809378028
68.53548056850573	33.17533809378028
53.29079458528933	40.195711562465696
53.29079458528933	40.195711562465696
55.47245726384956	69.11148394303478
55.47245726384956	69.11148394303478
50.204536646218266	40.3392511299141
50.204536646218266	40.3392511299141
52.395070870656696	52.4701297994473
52.395070870656696	52.4701297994473
44.8568001447673	63.631076468266116
44.8568001447673	63.631076468266116
44.8568001447673	63.631076468266116
39.94362334506769	56.46303325468118
39.94362334506769	56.46303325468118
42.05433873525654	21.657968600472095
42.05433873525654	21.657968600472095
70.91260670336347	51.60888501868202
70.91260670336347	51.60888501868202
75.29367072659545	75.87064088253344
75.29367072659545	75.87064088253344
67.79974445316248	3.1071116200979643
67.79974445316248	3.1071116200979643
67.79974445316248	3.1071116200979643
69.98140860693766	32.022884000667055
69.98140860693766	32.022884000667055
64.71348798930636	3.250651187546385
64.71348798930636	3.250651187546385
57.52996108134865	36.01578893111589
57.52996108134865	36.01578893111589
59.64067647153749	1.2107242769068076
59.64067647153749	1.2107242769068076
59.64067647153749	1.2107242769068076
90.76929454790253	90.2284626883922