87.12738321471386	100.96874034279018
84.27614838068764	106.85354246697219
69.0353058572292	103.66560127533037
72.84582095573435	96.26237919296489
78.72019984441525	109.28191942697183
83.86325677567372	94.31344927769281
69.59626028287948	101.35002677256507
77.96803115509563	88.75695141117376
86.23720871892624	101.53061727072037
60.28429812106866	83.69576664499886
74.1235198003539	86.90925860646782
72.59546441975614	105.99940952391961
75.01662734320755	99.5081055725481
92.81045295460163	98.72724851442445
76.06946035414879	110.27886382363957
80.26269552796329	98.42243663354272
73.25231216293632	103.69789893981908
79.41874452235253	85.01703186927952
53.82882905687018	98.99623586813696
44.84190121013915	91.04179032688971
87.50383342903751	105.56932595884862
95.4992337712789	103.27855022330304
87.83034074913219	101.4267293318427
68.41315641680674	100.56407388809062
84.8004854369969	101.98275033040623
87.29087590462588	100.65610628900976
69.33032161511333	97.89376508231307
97.22321794205375	102.99162737771951
75.08469328392376	84.95064196795235
83.19889769634122	89.76459154967738
86.1601305600044	114.1231526385887
67.15791829124889	105.65814486218895
76.21695286092942	90.74448990800606
67.37776959704149	89.03290104005634
72.88376783708016	83.24622572899958
85.59857024658206	99.52730919477257
70.51500615882242	103.66460409715137
98.40397111791371	116.07692150670715
81.84325315473772	100.06506611225983
74.40433754746476	82.39555879523972
78.99826763557331	87.45756671857906
101.96571740863817	93.39868232052046
96.58207471617045	95.08760749201494
88.50628825976453	82.35652489642933
84.31544580563128	111.80784732632232
81.55369809753772	93.75823528442544
82.02686862812175	111.1483146844913
76.56082993728643	104.7208236286351
45.81174430878712	64.75682286752672
52.186714285031684	71.78772878975882
52.80274106263139	61.99676031420869
43.08583757035912	64.38562408338967
61.03128208295423	71.35777071856421
68.39521191321113	77.04944599642371
42.15135668535678	67.52153925076271
36.82447698539028	63.66655536404847
47.84791678199898	69.19678246333878
44.959329851348635	68.35536606786613
56.86027969784978	81.03231092698175
44.38773234201525	72.82134744014469
60.619188314432975	48.43003596330765
45.58518432794832	51.873704829911915
50.286348250664645	66.70661363712252
53.162199596900706	53.5983893538016
56.29592257038017	68.73999135880166
51.21037162044536	48.41452592953239
56.485815432787064	54.22836732845108
65.54289364230424	46.31101648524382
48.69079382512817	70.91759170553493
63.399681748165335	55.16675444373657
61.395000999579125	74.9567068227135
35.21682542462217	58.79261835316237
53.4164230199336	62.13258771526834
37.389728385519994	88.65923134073233
75.62996622000105	52.52829593172638
57.59308637334382	79.43287261321885
44.888416698501686	59.713357686803164
73.6023197122294	61.363677767661365
60.948985548309636	70.99639502704304
49.552438177536736	60.42818786473687
58.897152503875205	58.901783523027284
53.32231076023078	78.92347892397308
72.6732962012945	60.72476276934568
46.656120169355454	48.75226624042545
49.6928103423142	68.5833140350604
61.11391908124888	80.83124390907005
55.97046690600493	45.309386414203416
53.045078724362995	62.076676360678334
50.291322080060745	71.42034587253362
33.0841423107535	69.33646968276531
49.757600406262384	62.144594415453085
29.04416093914301	66.03010044967479
58.71988450133718	61.758187466566504
63.059447302691225	64.6043753838885
46.95905849077241	63.33603411577987
57.193273177245196	54.10608561938832
9.468467248616426	6.342822753635573
-2.256373901588992	25.05761484529743
-5.836635377182704	27.75513890158187
19.532080553923635	18.02454428577693
-8.684716238445018	5.108219405060005
14.342858710997316	14.161197049808266
14.696536197239903	19.516631865739473
-7.618295074067598	15.946901960792657
2.68346213859647	4.191215540491758
39.05040638429624	8.245520678683366
-0.6623396274198878	21.764157811983054
15.689563596626172	27.35420016314516
26.013714125349708	19.87946896531446
15.249841656083262	11.291132311861876
24.17149612080626	22.86524919763246
5.44798071851302	4.126646002155605
27.043174437111546	9.463556452805143
10.595304506436063	14.835934260710888
24.10225500978344	15.691254765128253
12.323911481396605	15.756273315463616
31.059412908397533	-12.402009663261788
5.971766653622862	17.961419952388933
9.500645233995666	21.676525369257384
25.85922609915319	25.971271916775542
17.4970766851843	-0.8422716698969115
28.031033803897202	11.370408792203936
14.965140669979125	11.111313971067238
-6.161918627089049	20.217489378191715
3.8042784309917135	12.286686574011858
-4.77234703753391	17.094980348393207
8.399990560244353	6.684054908620474
9.809884340689809	24.341292633961604
13.112075556926431	12.113564590951809
7.698824297603503	12.436704207658341
23.575505951003045	9.454248064741371
27.28696824395085	-10.042078270690341
19.989566719125314	24.376156850787467
17.916012787612544	29.48881145087379
-0.4902331859542617	20.277012589384906
9.77054109680953	-7.615340314536271
4.783022956741289	16.897373834939366
23.67539053919915	11.12258800395752
7.5727739086811185	23.295752719227544
7.570530995091087	2.8447279002217325
9.593857747200802	14.014929207306487
17.511406139414714	26.2456766185029
13.030377733354811	6.913001524754226
3.5008601867961957	-0.06368810602703512
41.39715928822264	48.134795721268276
64.43017719190033	35.191906054222954
61.64881024635193	21.03711114571669
50.9482738014689	56.25763089493301
47.77977784139192	49.20225356316048
39.87653831555365	22.662218169979134
43.050987562200866	45.55147823843693
54.161912110395754	31.726135782099846
55.25519669267689	27.285560884711508
50.491302224155014	42.511907723074806
39.85352231401232	49.00712671802876
55.07163961605232	19.863955494692046
53.111166372125	57.36076284324116
24.174943289675202	51.099959642097915
42.657652827867395	29.48487723927083
47.49107527642576	46.554388637558986
58.658659521636814	47.72036370356826
47.93758628820087	20.24311924909975
45.13659721070704	48.04798208526341
64.0383374878141	36.95925407466226
50.251875696858065	33.69316418904303
51.39844303065434	34.97550639057194
58.31808757060946	52.90128933819683
53.50941780336488	38.67518606494077
52.78046736594132	45.983210260230706
59.637285237864525	40.08507411848871
44.94893147781489	29.67510292111161
63.57043633353379	58.280635138761305
48.17932298976216	44.362138238878835
58.08640611927967	29.567650825684606
56.347790727114074	35.02367211736198
55.30575551645856	31.98383424786613
57.9312504547589	56.09756059590575
65.154040773534	40.47424807534018
54.19477253063601	49.86658706841786
54.70251828576675	30.91194595471414
44.681599793401524	46.06017242137408
45.59051710332494	39.28358803576928
52.65576059826195	38.12419825467265
75.44071335116664	20.14335976134895
56.729363011280526	37.67812642977306
39.088435348595965	33.06182956889012
69.6866539031073	33.10111368135872
59.257103765691205	39.05796113184883
52.00177505851635	45.53377638052022
42.29556850944917	38.362008674596815
48.03257735763215	42.50328548403447
49.815195664613725	41.48308435629931