13.308523267170349	97.86643134889685
87.5922216016266	13.154909465163076
82.0493760003132	9.714430376248945
84.16009139050205	73.90936424682491
79.01633110914685	8.148598826192197
80.71022546369586	69.2336108762034
12.980739592018624	87.69302335724512
5.912502949673756	1.254523679553473
7.801504928870248	89.07184015683083
2.781904983791132	85.32253917825619
4.431454885883746	32.33202715952167
36.81940761504644	14.894641747310333
18.94962770564025	40.24400214796958
13.903421974216268	86.84938820336248
15.650526426240084	47.22502766065356
10.728481031092183	56.84188110853443
12.697300369323317	92.59513943433909
5.770961254151124	34.598315301418744
37.04147390725891	53.05772925767544
38.30967863071982	28.81771172294281
33.423104666935174	70.29498295060529
22.497049657592605	58.28590846983165
26.56771431534933	76.01899732767808
55.425983758671215	6.969915221102955
50.229011904626255	41.91851944276045
52.295384317573635	91.03793071980567
46.85896186163974	84.17870792066627
48.579460527318695	94.90903293670992
43.47117462775665	61.00868677107379
72.71079072492519	62.20910870528182
76.61295501959428	2.8552075771095415
69.66001011807721	94.21306900294177
71.65543376743825	79.61164176999384
64.50737976605875	45.23719729334497
59.48777982097963	41.48789926520025
61.48320494555565	26.88647203225233
44.314041126134626	13.22910829344887
48.22507106582208	36.090311979025714
41.280994759753305	11.663276743392135
43.21433971619127	15.556117289415184
38.34550441851816	23.46359961979091
65.873491920671	96.14880135170444
60.437069464737114	89.28957855256503
55.45294095102125	18.400698304201907
57.37741731201093	39.07843256126086
49.84801665678478	33.45448404382883
81.2604283122802	80.35557502007177
82.96318978706255	25.655690408617154
77.68640204919794	13.668352781747338
79.74390586669702	79.5726592450434
72.59585186531751	45.19821476839453
67.9664686447483	94.91352706999706
69.34996363382206	50.46987063878831
1.3721585648075885	43.906349810069045
3.1281316122796983	86.49709555632423
97.21495333736513	79.32905234273929
90.31522000853782	69.97754412628132
92.07119305600993	13.56828692210659
86.76779805658546	51.935634853989356
88.48829967269432	62.66596134524797
73.4209811727989	30.98842813848628
66.47690634194508	6.561394378067649
70.30812039781287	81.48665473990222
63.275356662046214	26.908572841992193
57.856672872223875	85.47955819513612
59.50622277431648	32.489046176401594
90.67918382792297	37.582307181417725
92.38194530270533	81.88242404517807
87.25592221224672	81.55186677682869
80.11673828153046	30.392528589143915
83.8770035738119	41.59694896577041
76.97727024498458	32.24543927409748
78.51153135667931	98.45856467662414
10.99489030054612	11.080494162860207
3.7758890107952414	11.985212651433162
7.536155778291653	23.189633028059653
0.6718968312575059	45.69854259138329
2.2682351606603555	93.41740021493898
97.68534030212979	43.51507463808035
27.428316529408917	93.66962847755144
22.346636416191767	9.414596753162725
20.315739860252503	91.15560620632904
15.37595579899307	35.34224855149667
96.98507856857971	45.307267419394606
1.3373914206696336	36.616869313990506
95.61045217495425	72.96602866435249
88.28502773982386	77.28948938793575
90.25384707805499	14.042747713740399
85.38501178038187	21.950230044116125
87.11437904150912	15.895658398693964
19.242997117874147	5.913396810179349
12.307789407253662	63.70146786350986
14.063762454725772	7.292212134550095
7.075344646630492	66.78965430538575
11.030719038774373	5.726380584493349
4.068904066594054	14.86913719657644
35.09996906824283	90.52072265682128
37.03331254946583	94.41356172762937
30.098104838845348	53.20163425617484
32.164477251792725	3.321044058005091
26.799003559445172	60.18265976885882
28.927456140530595	90.80780474214801
23.845774552098487	6.552771542544349
52.75725409289517	34.79431684324911
54.63738747664337	40.396527031562364
47.994843415816526	39.283055463399585
51.932479141848866	11.789573590223851
46.425107922328635	40.20951228109132
38.99326329224866	47.95171671489984
42.984110590970744	18.748862249004
25.8592897487912	20.167022578946245
20.502684651891936	60.24374310354912
22.65774301932224	40.51420104287078
15.172685341337552	49.96577659418445
19.509407862543043	59.152009864505125
12.068691686584858	83.67910800934955
14.241487244911744	30.379777051384455
46.50527963779835	49.93092424668513
39.42817440000519	79.27731975524433
34.195728164167065	82.36550472190527
36.28870783867428	81.1302304401979
30.754730832809184	60.904854689817945
32.475229498488126	71.63518118107656
61.830137336484455	52.631964218808484
56.80166879595705	65.66755990169966
58.380271409678286	47.956209372972026
53.546909018583385	87.72410948312935
55.13438022775291	53.227865243365805
48.181435326235835	45.58572519398308
79.29231621170429	69.17325397797018
81.41190019734142	17.58329266229529
74.30819064841835	97.28437225439211
78.3345123289336	0.9419385187078039
71.00022077356988	22.050295903756872
66.05156664164718	82.02183491039033
67.63016925536841	64.31048290644772
50.74480049029275	8.536471732401822
54.60262033250542	33.107046535483825
47.498909308367374	13.808126127580657
49.64510055556434	10.863480728368133
44.35057415158817	32.44593494921499
37.35328774804459	9.728272306301513
41.39734661945644	77.81604672290054
70.19353589464028	27.261229444866462
72.330857071174	41.101479231904804
67.23143829184531	89.41623788001782
59.675431850274286	35.14697492133835
63.85252112862546	49.46132006895953
56.23443304370143	13.686323414036067
87.46060566999768	17.070214776762015
89.2165787174698	59.66095757258728
84.37434920614156	17.213754344210425
86.07711215613888	61.5138697327558
79.10643006372523	87.44152153108976
74.3262792453201	26.500050523741926
75.87827607269644	59.14338702898182
8.264081941846985	57.39916208876239
10.215164089181535	27.72221078706876
2.8453966768096888	16.970148917121268
96.62182051163481	3.273438697531338
98.67932432913389	69.17774516082741
47.22896827628227	35.71482665473953
51.033576545805175	61.99477257532669
44.10723743063298	3.9979484424063445
45.67697292412088	3.071493099929567
40.63076571748193	49.67687915532247
69.76395866927096	54.29604332454081
71.91014844125297	51.35139645011333
66.77525823056102	67.80573731844474
68.45141244378354	63.46053826574269
63.777686245972866	98.10032502338457
56.3192328791181	57.19721501594566
60.381031891856445	91.71519906004295
89.5940422026801	44.270306553003564
91.17264481640133	26.558954549060964
86.47231135703082	12.55342834067037
79.35973173744448	10.039403119018056
81.00928311475205	56.04888962506859
75.98968316967294	52.29959159692387
77.89642086455106	7.547116226484533
10.025038940916097	96.56485463796992
3.0898312302956126	55.352924216085476
4.553142103189037	57.845212583833955
98.51580496721334	87.66570345297599
1.165356344520898	34.675189959026525
95.26991526050293	92.93735784815483
77.87016943464127	20.68727042708864
81.77233077888044	60.33336929891636
74.25179871910257	37.92452559523346
69.22333165379014	50.960121278124646
70.97043610581395	11.335760735415727
66.09273221269255	36.028138252042304
68.07041867115701	54.996501391596105
97.54061824998115	15.789647008066861
0.6513336401699938	79.98458235385777
94.57852064718617	77.94465396800325
87.06685718285661	38.750916553284455
89.22191555028691	19.021374492606117
84.34421165716552	43.71375200923271
86.01150022536966	56.153448142781514
16.1358245817104	77.55750749825071
11.266990759252261	85.46498982862644
13.155991263233796	74.28230630590379
8.038836768223465	57.166855326518515
10.060866203929384	91.21074253481802
2.6290200986344505	98.95294549341158
34.0236945632333	80.42382684215625
35.76193041980882	57.58436148569819
30.67138171114337	89.11422347234539
32.79096569678051	37.52426363188544
25.27930223245095	97.33052474195169
20.410466934777844	6.238005597112443
22.54778811131156	20.078255384150793
5.4584401757102246	53.356834969089604
9.529106308681895	71.08992530215099
1.8844153878429069	85.66961420598012
4.039472280058249	65.94007214530178
97.97553083295264	47.115250048411355
90.41952291616666	91.84598708973189
94.81832560551018	82.53795110586665
24.86283260281629	57.00607008802349
19.31111988126957	70.3504832349303
21.005012760603634	32.43549380972654
16.34902375368954	33.50549167008165
17.83894041292784	84.64309152864763
10.84165253416931	61.92543036094912
41.74855572432704	75.56554842870597
43.868141185179134	23.975588588246023
38.73324949927222	40.42992798136247
40.391667996813126	69.65451930116214
35.23903912000963	20.67864759156534
29.74940509138598	15.528795909931095
31.877857672471407	46.15394235843526
60.753864306689884	42.535066928928494
56.05353084731937	28.529539245322944
57.99574292399066	15.63748460509514
50.74126872766158	83.68178383867152
53.10917191063593	57.11475583275762
48.444312833058596	74.9696488793636
31.541205401871387	52.76542955303437
35.83358642105038	46.87613580417942
28.339658672402436	73.11260654174396
30.335083796978438	58.511180784010996
25.510590001331835	81.49418718313242
18.38914326151217	95.76505714773097
21.759193304498684	53.50486866982516
50.94559782897746	56.41466172153835
52.99423305102826	40.103863371085275
48.25842668507955	93.23791790769812
40.720157434405095	5.39886457651694
44.79969216282507	6.347058248112518
37.81127287951483	65.84450041894819
39.75348495618612	52.952444303505416
70.15488263143607	33.33159241320609
64.94017358649452	2.8499870073653035
66.62519934559526	80.71989424362737
59.982652334338496	79.60642267546457
55.1847672754667	52.23474204061847
57.13584794758628	22.557792214139806
85.96751012934833	3.863394191102305
11.66678036643574	47.71564225582591
6.664917612253219	10.396552379964518
1.5300259263463043	26.850893248295918
3.7471629866996925	87.62708488386158
85.58686776272698	57.18482595880725
87.75079620082053	20.67039018709302
80.81558849020004	78.45845976520857
75.54766787256875	49.68622695208789
77.8002793147153	43.322839317865075
70.66109685921401	91.1635011301803