36.138878506615384	20.455994692424515
21.617336171040275	12.39917079548147
15.211425114557088	11.829612620313505
27.00747977210691	0.438216621498448
21.95511127667297	11.510138395401526
25.007569390384162	6.49971862622964
12.02300373270079	12.35448817028489
2.4769348828609026	-10.307475475675687
6.0235523629137795	4.964440660689669
32.624093570857895	9.353641788257399
18.245025550823105	3.9373679679622366
28.059783868897384	12.67487484542057
20.212040515061638	9.084039695049837
16.47171409835878	8.348464314082456
15.649165606020851	0.05360831013313572
19.41760181308327	15.103835636859674
16.002609021650983	7.04843420756326
25.154290919756683	0.3793329420347753
29.85190131200566	10.269256012944139
12.042508033452073	-3.9915766520711173
23.99711952531853	26.85671054107712
15.196970218381182	0.2189098334659274
22.782034576965774	2.8461146858596686
18.976761752704785	12.810051349933373
19.095943783536782	21.079049169123003
21.931684367075484	25.415281127697952
21.00932255136672	5.292524029035453
38.328697074547215	-1.133950389820873
23.572700819424117	9.828015954071224
18.654604595909035	19.408724803872083
21.93833696479823	0.2576016771527314
19.274800113332752	12.655031615433376
32.474914678365494	6.2291900474477
20.490403598284146	22.388516159243423
14.594843934769314	79.74967651452691
21.627359866962255	81.10446889414847
23.427856767671233	62.821057704368116
30.041402926386848	66.20020512430727
23.807695614081666	92.03269543176916
22.05898320851666	73.96875843617266
35.87164293819916	76.47891887755327
28.1196417397087	88.17567028004542
39.84274012314327	100.5379776217935
8.817359546433494	70.34781215739442
27.849090986328278	94.58903491528862
18.268501227905404	71.34593231092916
14.600480244554394	67.93289790209799
23.593981750167252	77.91880466906656
28.03404695644237	91.24048516448767
24.616834149233807	71.79800756860921
24.73915169289043	91.14682028480624
20.688555020627707	83.95934762100099
21.309950220941637	71.59710525459595
27.08950263779589	82.44507175614076
23.446322928701658	98.16920360686194
21.26468906585285	84.59008357390007
9.128462178660016	80.85705430464164
26.312755767692725	92.5949412242429
8.160088251364071	59.37005425378621
17.611185431273487	86.41279666518389
10.964266107489685	74.2587318157838
25.652589131097105	88.28605774348598
26.434671071341704	84.74982104912961
36.161237049936574	90.03430338631706
25.925849912685138	71.46392350525099
18.78684882127075	99.13669373960798
22.155925793254358	79.43262970263763
24.39950640367309	68.74632987697137
34.82250938527318	83.84593047643652
20.441709320898852	61.95750784133149
14.466288951807094	72.62880222987145
37.809240755089526	75.04847009455091
26.530760755455333	72.27424614419152
37.26973616993861	79.92242752435116
23.956503535516994	79.41202842753289
36.03953077748327	75.01391798202083
27.70970566104096	81.18170180160081
32.135308029909304	85.1992000017471
39.534908914577784	79.09191374762601
34.00167785960927	93.02155680550553
45.51573043011345	96.84225321000957
20.10275336259467	74.51536469562333
15.848801567901258	80.37267461743313
21.829320919908866	87.57337123097895
36.55690576897056	68.44984335367653
43.673965871372886	65.51442559844983
36.88829617110513	80.04145627658662
38.71751538441967	83.64567311497836
18.800455559516948	70.63654426679044
15.182433232976518	80.68187363127342
29.598197244026238	62.907487594863554
23.79541911749044	71.25642441339065
24.62447771391	83.40133427975417
39.32170665839691	78.64119210160884
37.55668644673899	83.11030531107035
51.84289852975331	69.21687718623338
33.49505569455301	90.67008742814788
37.42423679635652	60.63694352375818
21.533816295485067	74.7470077803922
32.3999528452806	69.17560897317996
52.391489632361754	65.25351004036992
19.41542678295351	69.04509871603702
57.12403956767548	4.331335310914744
30.37116074070208	11.839058116292644
39.34940404636422	-8.131132714992113
40.30346271853803	-9.521269799988623
51.23038466529012	4.711823086277261
59.29718415846133	-11.788471460028319
54.497252519067324	7.544093678647547
47.33144916783526	6.50105094996446
45.413580826961265	-4.310932942188927
52.27698313545147	-7.588537290117704
61.81028991272254	0.7686710511604158
61.40818177225731	5.532798438613697
58.69132169297328	11.385907606816264
29.918499223000858	-6.7043016372031365
45.8115593124657	1.245940198934486
41.870686223062656	0.8201393807148882
35.399668064502904	-1.9517540287376072
42.06826892817823	21.6447367392064
40.224197141464884	-17.653469517414862
48.767781630684894	2.044407244448094
55.145650179824614	6.779571904757167
43.93139688108866	-6.926210247235599
25.510613168001274	4.526601226006157
49.79958804328943	9.303672226293317
48.79689559627694	10.823044653241412
41.95758447417971	-8.039018240831421
48.82455109351609	-9.467217806225356
34.409514284375675	18.198325697377342
55.40394370634352	-14.70577680881907
59.09369308045955	2.3385935590479536
58.711087436080014	-10.184281745668027
60.940987723849545	2.0755015928039695
42.80596196389909	-2.2612296227795436
33.453963634379456	-9.689124130737017
30.42276811582129	1.5795863510215522
54.37314473019407	2.8102469702414474