64.0453066409781	82.82396239903376
58.688700068863874	23.90068292363664
58.688700068863874	23.90068292363664
63.069765567310824	48.162438787488064
63.069765567310824	48.162438787488064
55.88623718413816	80.92757505584262
55.88623718413816	80.92757505584262
57.42936689128117	31.35580527211841
57.42936689128117	31.35580527211841
52.799980720282036	81.07111609850598
52.799980720282036	81.07111609850598
62.750850487607394	21.204134134370506
62.750850487607394	21.204134134370506
66.56432882779355	30.69918634392177
66.56432882779355	30.69918634392177
59.38080044462088	63.46432261227631
59.38080044462088	63.46432261227631
61.49151583480972	28.659257958067233
61.49151583480972	28.659257958067233
92.6290010314081	1.8920997080868087
92.6290010314081	1.8920997080868087
77.21545885345402	68.04001307368699
9.627870508949446	15.941102574714982
9.627870508949446	15.941102574714982
11.1709987408775	65.36933279099077
11.1709987408775	65.36933279099077
4.2446581504903484	7.372508658070435
4.2446581504903484	7.372508658070435
8.129085254262852	80.5883964271849
8.129085254262852	80.5883964271849
1.1584031618491974	7.516048225518844
1.1584031618491974	7.516048225518844
94.96143130780423	42.46465539760625
94.96143130780423	42.46465539760625
97.07214669799308	7.659589268182212
97.07214669799308	7.659589268182212
79.91185147402037	76.21733181834286
79.91185147402037	76.21733181834286
83.72532981420652	85.7123810774642
83.72532981420652	85.7123810774642
83.72532981420652	85.7123810774642
68.39160352007212	0.7962362915916901
0.44927135763586434	26.09313471786899
2.3471434074956075	97.12555600889547
2.3471434074956075	97.12555600889547
94.42080429232341	39.12873187597513
94.42080429232341	39.12873187597513
94.42080429232341	39.12873187597513
89.15288367469212	10.356499062854459
89.15288367469212	10.356499062854459
91.33454635325234	39.27227144342355
91.33454635325234	39.27227144342355
86.066627210836	10.500041580732786
86.066627210836	10.500041580732786
88.24828988939623	39.41581396130187
88.24828988939623	39.41581396130187
18.035612044346735	5.645891869518669
18.035612044346735	5.645891869518669
13.122433769432165	97.47785013114868
13.122433769432165	97.47785013114868
15.242017755069309	45.887890290688745
15.242017755069309	45.887890290688745
7.774695792766249	21.769673994285743
7.774695792766249	21.769673994285743
12.15575981599823	46.031431333352124
12.15575981599823	46.031431333352124
4.688440804125087	21.913215036949108
4.688440804125087	21.913215036949108
6.799156194313938	86.10815038274002
6.799156194313938	86.10815038274002
6.799156194313938	86.10815038274002
37.92777279546401	76.12588731901046
37.92777279546401	76.12588731901046
30.71764010116142	60.24571209654751
30.71764010116142	60.24571209654751
32.82835549135026	25.440645967123466
32.82835549135026	25.440645967123466
27.63138511252027	60.389251663995914
27.63138511252027	60.389251663995914
29.74210050270911	25.584185534571876
29.74210050270911	25.584185534571876
72.29874881590828	37.017281966371755
72.29874881590828	37.017281966371755
67.66936412012411	86.73259279275933
67.66936412012411	86.73259279275933
69.21249235205217	37.160823009035134
69.21249235205217	37.160823009035134
98.63834895363485	81.87844455676019
98.63834895363485	81.87844455676019
3.4518258186060438	91.37349529109648
3.4518258186060438	91.37349529109648
3.4518258186060438	91.37349529109648
95.5254852282189	33.37667115817613
95.5254852282189	33.37667115817613
97.42335727807864	5.409092449202618
97.42335727807864	5.409092449202618
92.15543666044735	75.63685963608194
92.15543666044735	75.63685963608194
85.25570333162003	66.28534846919405
85.25570333162003	66.28534846919405