101.82329402573473	8.540516824211881
103.56828894506663	5.7356541425569745
90.21393791418474	-0.16931528004169483
101.21824334039465	-7.3643589745973905
98.23745501238096	-0.8246223817790366
109.0050167295454	8.808821114410355
102.74698026207568	12.490729734192074
104.90489929805764	4.756017517202786
94.23072308119143	12.985015781757053
89.46869467274749	4.207838080349019
87.21934687168591	8.256229413143565
105.49081415804801	1.7610696854573442
100.82915676221933	6.355829971783603
105.864008181231	19.136124909343387
106.5638731003263	-6.065042137699974
75.06485564773725	14.515037942155963
96.22981878176083	-7.271014757527444
96.32404871921023	21.498228358116926
97.0104044122162	8.312278649093926
131.11128616097164	14.405747280001282
96.3723048517509	9.799165522804543
101.90901433196295	22.222167460379467
102.16117431121609	-2.5132947748464964
107.87161718367655	19.23726967394861
102.71377684612347	-11.609061058787828
92.49641488071615	-1.7645265049113625
97.25746419258088	-5.252753895125711
85.57138731748475	8.649710197923373
87.47254043126584	15.42995841727421
107.02784849104086	7.3477375407713765
97.61115715732849	-1.564959792874892
101.97241521476059	4.49744148583144
99.78128548746375	9.29695110843263
103.09722880675899	19.67407135122572
90.98650683859857	-16.64023222419599
89.65892769302782	0.0353361513664483
92.85587248818253	5.514343296301486
87.83597418991808	17.59363338681994
110.51791141910087	5.266641991743831
100.29834940572981	-2.992231056238044
115.8906558750909	4.94909568028635
99.56944212306692	-1.8914181571993627
105.7927866342742	-15.645872375222416
115.83478868494979	12.293241407144514
84.18096912209099	0.17875168622364868
107.14280646676744	-6.894014585657935
115.85066411223099	23.08341519208576
101.56312489402725	2.764708174080862
93.8295459869266	-9.532833872129055
87.11577285170424	-10.889192370275518
79.14959761786726	39.79435251203137
66.76780960393174	17.425500370047388
57.0818555847577	0.40955288119433675
71.8606919739603	39.92200037693759
70.31523243334104	16.418818666924608
74.62170093395846	15.849140028591817
78.79032089160897	8.728278946866645
86.75006942181923	33.22164090235512
74.08475860703419	27.19500006564327
87.31414962115458	4.655247071987066
84.3688075379205	26.531875422873178
81.6421521500604	24.97059321187797
85.22518631935716	23.292333703789083
79.60500632767143	42.00485241445534
77.06050856699476	10.227138012041074
65.60941323391677	40.088706860423244
80.0412459018872	38.22849628914683
74.11890995987211	32.95978935109845
68.00398900065845	34.608688678334815
66.17743892038601	24.556475030098085
57.48416663383192	24.86181785093065
73.43160985661721	39.5437925409969
72.77767336547699	15.744092570250592
71.12829320269582	42.449323509669966
76.99119994995664	8.122723466953875
72.6931917860087	13.945992733122939
57.6404018570875	40.121014587991766
77.55489918528484	27.33092711069275
71.39381096729475	22.40747172879844
79.9176448015105	23.959042925578842
74.48566922359203	8.477631388233998
67.22653127153866	16.95995407151601
75.1561532490472	28.70384474239631
60.46940875331194	33.5823599335993
72.69532337342906	34.23736197826111
70.05244401288566	16.51964475335202
60.39760158322864	28.608095293648333
82.85169277656985	40.39156361245939
85.85082069889236	29.686694082797487
51.051755978920326	17.611790172207918
73.57745759152095	51.83497784922049
65.59644355833115	37.928132214374926
75.60646485814003	27.22593341032203
67.15568318141922	10.353639268689378
70.074746802542	11.233436713621906
103.00100019950159	19.710756968654245
79.04490394291886	8.771365595590066
68.77736866932005	36.39142982115177
66.34302784172448	34.353184781913214
60.82054570572479	27.59497187449436
43.09530515169386	45.83845912234398
12.6958624840933	53.876303185870974
44.860416087524726	65.83696152584558
47.69900456353001	63.98993157094108
36.045991501865046	78.62570825556013
30.581081835059283	63.68350650243137
25.743262896390444	58.6113516497705
23.937245063825237	47.500588174567966
50.0415744934395	61.88836148640226
16.80515067419553	54.334320628344194
51.353965580009756	61.68737338807104
30.124830637931236	48.59665414765274
38.277990544823936	57.85927081318786
36.68550643347578	67.15489842311729
41.79552179475044	32.90082346616147
33.45150466869347	50.44022760102679
13.556965406510233	63.59499226642889
27.935222131496484	57.58241076944399
20.45428761700012	63.32487365896058
36.90001240605184	64.93922206593372
35.833504736122585	62.54383469194943
34.16371575883659	61.71058194796459
19.660700819038148	57.12809733438102
25.425225760525734	62.72047794345072
33.420941566270265	52.09930865918552
36.97517178590105	47.11511409144508
34.69860707894675	53.032617196761045
25.291631461563497	57.71680472101507
42.84330971181548	55.3042018074548
21.853640438275058	67.10033607096983
26.327168070035636	51.18730698873928
38.17711460976012	42.68400732291371
9.827614747804795	58.939361530081364
37.53251767933967	64.0885972721205
36.46590818261649	50.38478493607509
31.479014359670884	64.80159476429665
29.09684079458591	51.927479306729694
21.801540896597654	45.82685389947546
18.28064612043144	44.84309711938393
31.143633554653267	60.40699847419535
41.04421251681907	38.43075759423229
40.892777086754144	68.49707789495005
44.82338906351083	51.57430531880449
22.357586908865603	67.26193049739679
56.562605975993755	72.00293353725498
37.512665292599436	65.61252962172921
15.74710615179	53.245580870337946
25.87332216238581	48.53126082745109
30.601059881866274	61.64275240830594
40.17463140175536	54.01412412762935
76.12971408614705	4.828744206646177
75.68143847254751	-5.652784632281978
82.78802632931978	20.426306787922698
86.8710311307283	4.740679067893033
72.44827158438363	2.679996218645419
75.62807450291096	6.865758657421325
75.73902556975273	11.858381871693592
88.91145676175593	-4.188016882613589
88.51683379586716	22.538117016985904
71.36376410454962	4.839812549221221
84.9742841670573	4.012957957461676
92.29402716383386	9.088895027868073
73.77842886677213	0.15722431773109946
90.42973757982222	8.410377465862826
82.8739346143647	18.053444485394728
96.79831155522571	7.367579550685564
87.38590398500418	2.410266834284309
85.44343560493012	18.223313431644456
74.6395959015673	30.81510140424602
79.1239527206958	8.82800500039924
74.88106937092368	2.9466953561818823
104.44987931615842	14.17233871065263
93.46335120158295	30.512168705729007
72.64352361905895	2.1942128834075483
105.29429779376626	24.75823230130942
95.43973026115823	0.1534542208412759
89.91939118827236	15.712308047525081
91.2609326918267	17.594468370063154
90.79627265509453	10.317947333246478
90.55516349565372	24.312267010604145
85.69878247810712	5.380440925876884
79.42893236590695	6.442510126508686
79.74743884763613	15.323000707978219
101.68079440552303	34.85970030377752
80.29566479415584	15.995053587526318
75.54737538763861	8.179046041218877
94.8254822978146	-1.6812646344512459
89.91889690246641	9.487404944384249
86.80542219774308	8.151349602259186
79.18284758520115	19.265196629367495
104.56771566075263	6.228111190274722
75.00093903874186	7.770425686782623
89.58628597022368	24.628814767680716
101.38369346673049	14.964053393168005
85.85242870356159	29.748660215321692
86.62653012791233	-0.31366720547741167
87.17000293927678	29.421565672053003
98.11426831742853	10.701074385868683
84.94292243338894	13.066703473116293
80.57731073840638	13.623614093741358