69.27160884312138	62.618813447091384
59.01069406675586	78.74259557185844
59.01069406675586	78.74259557185844
61.121409456944704	43.93752944243441
61.121409456944704	43.93752944243441
55.924437602899744	78.88613661452183
55.924437602899744	78.88613661452183
85.2793454408961	59.8829211274687
85.2793454408961	59.8829211274687
85.2793454408961	59.8829211274687
89.16377254466857	34.09880889658317
80.62370931520212	23.738384679245435
80.62370931520212	23.738384679245435
12.75232739156715	13.75612309073082
12.75232739156715	13.75612309073082
14.863042781756	77.95105843652173
14.863042781756	77.95105843652173
14.863042781756	77.95105843652173
9.66607092771104	13.89966413339419
9.66607092771104	13.89966413339419
11.77678631789988	78.09459800397015
1.4803971597411851	62.35796234895561
1.4803971597411851	62.35796234895561
57.45516547674834	22.244572648103215
57.45516547674834	22.244572648103215
61.836230975195285	46.50632851195464
61.836230975195285	46.50632851195464
54.368909012892225	22.388113690766595
54.368909012892225	22.388113690766595
54.368909012892225	22.388113690766595
56.48849447374431	69.79815237509169
56.48849447374431	69.79815237509169
51.291522619699364	5.746758071964154
51.291522619699364	5.746758071964154
44.32083905207075	31.6744098702981
44.32083905207075	31.6744098702981
46.21870962671554	3.706831161324576
46.21870962671554	3.706831161324576
77.27637893949422	29.003729587601875
77.27637893949422	29.003729587601875
77.27637893949422	29.003729587601875
67.2903891468108	19.795760938592327
67.2903891468108	19.795760938592327
68.87786035598032	84.29951522361382
68.87786035598032	84.29951522361382
64.17752837182478	70.29398754000827
64.17752837182478	70.29398754000827
66.0753974712546	42.3264073558198
66.0753974712546	42.3264073558198
94.86271815099015	8.556486739251556
94.86271815099015	8.556486739251556
94.86271815099015	8.556486739251556
90.23333345520598	58.27179756563913
90.23333345520598	58.27179756563913
91.77646168713403	8.700026306699964
91.77646168713403	8.700026306699964
84.885596953755	81.56362290399115
84.885596953755	81.56362290399115
88.69907529394116	91.05867216311248
88.69907529394116	91.05867216311248
81.7993404898989	81.70716247143956
81.7993404898989	81.70716247143956
81.7993404898989	81.70716247143956
13.857009802677585	8.004060897716853
13.857009802677585	8.004060897716853
15.754880377322381	79.03648218874334
15.754880377322381	79.03648218874334
8.784199760123686	5.964133987077286
8.784199760123686	5.964133987077286
12.668623913466261	79.18002323140672
12.668623913466261	79.18002323140672
12.668623913466261	79.18002323140672
5.697941821052607	6.107675029740665
5.697941821052607	6.107675029740665
7.285413030222133	70.61142931476216
7.285413030222133	70.61142931476216
2.656029809652917	21.32673866593478
2.656029809652917	21.32673866593478
84.14099224296346	68.28029014134474
84.14099224296346	68.28029014134474
86.03886281760825	40.31270995715626
82.95260635375213	40.45625099981963
82.95260635375213	40.45625099981963
75.98192426133848	66.38390279815357
75.98192426133848	66.38390279815357
70.79382100274181	84.54761330877517
70.79382100274181	84.54761330877517
72.90453639293067	49.742548654566086
72.90453639293067	49.742548654566086
5.0331544692956935	39.760287066051475
5.0331544692956935	39.760287066051475
7.143869859484533	4.955220936627433
7.143869859484533	4.955220936627433
98.96034295152683	37.720357204981994
98.96034295152683	37.720357204981994
98.96034295152683	37.720357204981994
93.69242233389554	8.94812439186131
93.69242233389554	8.94812439186131
95.87408648767071	37.86389972286032
95.87408648767071	37.86389972286032
88.38016021423773	64.10037046042486
88.38016021423773	64.10037046042486
92.76122571268468	88.36212484906132
92.76122571268468	88.36212484906132
92.76122571268468	88.36212484906132
22.619493680791614	19.313041267271238
22.619493680791614	19.313041267271238
24.730207595765496	83.50797661306216
24.730207595765496	83.50797661306216
19.817030796065886	76.33993487469218
19.817030796065886	76.33993487469218
12.278760070176489	87.50088154351099
12.278760070176489	87.50088154351099
14.460425699166626	17.41665539929504
14.460425699166626	17.41665539929504
14.460425699166626	17.41665539929504
9.20137367698363	70.85952739992351
9.20137367698363	70.85952739992351
11.38303783075881	0.775299780492597
11.38303783075881	0.775299780492597
42.4407071435375	26.072199681984852
42.4407071435375	26.072199681984852
35.540973814710185	16.72068851509697
35.540973814710185	16.72068851509697
35.540973814710185	16.72068851509697
37.08410204663825	66.14892020658772
37.08410204663825	66.14892020658772
32.17092377172368	58.98087846821774
32.17092377172368	58.98087846821774
34.28163916191252	24.175813814008656
34.28163916191252	24.175813814008656
26.787712888479543	50.41228307635822
26.787712888479543	50.41228307635822
26.787712888479543	50.41228307635822
12.18155987668036	36.92019870933693
12.18155987668036	36.92019870933693
13.724688108608415	86.34842745039776
13.724688108608415	86.34842745039776
6.824954779781099	76.99691775872483
6.824954779781099	76.99691775872483
10.638431644752307	86.49196849306114
10.638431644752307	86.49196849306114
3.4549062120095555	20.257104761415697
3.4549062120095555	20.257104761415697
3.4549062120095555	20.257104761415697
5.565621602198395	84.45204158242157
5.565621602198395	84.45204158242157
0.37751686838676946	3.6157506178282013
0.37751686838676946	3.6157506178282013
29.73242618159806	83.61253513077509
29.73242618159806	83.61253513077509
33.61685033494065	57.828424375104504
33.61685033494065	57.828424375104504
33.61685033494065	57.828424375104504
26.646168242526993	83.7560746982235
26.646168242526993	83.7560746982235
28.260245238041385	97.90514342449242
28.260245238041385	97.90514342449242
23.559911778670884	83.89961574088687
23.559911778670884	83.89961574088687
16.349780559583245	68.01943904320896
49.58911255092217	23.232112800485268
51.20318954643656	37.38117857632427
51.20318954643656	37.38117857632427
44.232508929237866	63.30883184987317
44.232508929237866	63.30883184987317
44.232508929237866	63.30883184987317
39.03553707519291	98.25743754674563
39.03553707519291	98.25743754674563
41.14625246538176	63.45237289253655
41.14625246538176	63.45237289253655
33.962724082209085	96.21750916089111
33.962724082209085	96.21750916089111
37.78507101784354	88.92766470897654
37.78507101784354	88.92766470897654
67.21092614421126	34.64528625670159
67.21092614421126	34.64528625670159
67.21092614421126	34.64528625670159
61.94300700179492	5.873054918795869
61.94300700179492	5.873054918795869
64.12466968035514	34.78882877457992
64.12466968035514	34.78882877457992
56.5864004296807	45.949773968183784
56.5864004296807	45.949773968183784
61.03841321649903	34.93236834202834
61.03841321649903	34.93236834202834
61.03841321649903	34.93236834202834
53.8282819974114	19.05219164435043
53.8282819974114	19.05219164435043
55.371408754124495	68.48042038541126
55.371408754124495	68.48042038541126
40.765257217540274	54.98833601838996
40.765257217540274	54.98833601838996
33.22698649165088	66.14928268720878
33.22698649165088	66.14928268720878
35.408652120641015	95.06505506777788
35.408652120641015	95.06505506777788
35.408652120641015	95.06505506777788
30.140731503009714	66.29282372987215
30.140731503009714	66.29282372987215
32.322395656784906	95.20859611044125
32.322395656784906	95.20859611044125
27.054475039153605	66.43636329732058
27.054475039153605	66.43636329732058
56.205406657054176	37.485738569252156
56.205406657054176	37.485738569252156
56.205406657054176	37.485738569252156
58.31612204724301	2.680672439828113
58.31612204724301	2.680672439828113
53.11915019319807	37.62927813670057
53.11915019319807	37.62927813670057
55.22986558338691	2.824213482491492
55.22986558338691	2.824213482491492
47.76254362108385	77.70599866130344
47.76254362108385	77.70599866130344
43.062211636928296	63.70047097769788
43.062211636928296	63.70047097769788
43.062211636928296	63.70047097769788
44.64968284609781	29.204225262719394
44.64968284609781	29.204225262719394
73.79174439333514	17.038494245686877
73.79174439333514	17.038494245686877
78.17280989178208	41.3002501095383
78.17280989178208	41.3002501095383
70.70548792947902	17.1820338131353
70.70548792947902	17.1820338131353
70.70548792947902	17.1820338131353
72.81620331966786	81.37696915892622
72.81620331966786	81.37696915892622
67.61923294083788	17.32557633101362
67.61923294083788	17.32557633101362
60.648550848424215	43.25322665413261
60.648550848424215	43.25322665413261
64.53297647698174	17.469115898462032
64.53297647698174	17.469115898462032
93.89675291042637	80.6810037499431
93.89675291042637	80.6810037499431
93.89675291042637	80.6810037499431
95.79462200985621	52.71342504096958
95.79462200985621	52.71342504096958
90.52670286743987	23.941192227848912
90.52670286743987	23.941192227848912
83.6269680633976	14.589682536175985
83.6269680633976	14.589682536175985
85.17009777054061	64.01791275245178
85.17009777054061	64.01791275245178
85.17009777054061	64.01791275245178
80.54071307475644	14.733223578839354
80.54071307475644	14.733223578839354
82.0838413066845	64.16145231990019
82.0838413066845	64.16145231990019
65.18073535071225	41.95723299357097
65.18073535071225	41.95723299357097
60.26755707579768	34.78919125520099
60.26755707579768	34.78919125520099
61.81068383251079	84.21741999626182
61.81068383251079	84.21741999626182
61.81068383251079	84.21741999626182
54.91095050368347	74.8659103045889
54.91095050368347	74.8659103045889
58.72442884386963	84.36096251414016
58.72442884386963	84.36096251414016
51.82469403982736	75.00945134725227
51.82469403982736	75.00945134725227
82.88236482782101	1.306351248744528
82.88236482782101	1.306351248744528
82.88236482782101	1.306351248744528
85.07289610182953	13.437228443062754
85.07289610182953	13.437228443062754
77.53462685115508	24.59817511188158
77.53462685115508	24.59817511188158
81.70284753405797	55.697416920968564
81.70284753405797	55.697416920968564
74.73216396642935	81.62506724408755
74.73216396642935	81.62506724408755
74.73216396642935	81.62506724408755
76.34624096194376	95.77413597035648
76.34624096194376	95.77413597035648
71.64590897778821	81.76860976196589
71.64590897778821	81.76860976196589
1.504176945895134	12.719524704960852
1.504176945895134	12.719524704960852
3.659233838110477	91.98998411949748
3.659233838110477	91.98998411949748
97.3913161709091	63.2177513063768
97.3913161709091	63.2177513063768
97.3913161709091	63.2177513063768
0.28918527033893326	35.250172597403285
0.28918527033893326	35.250172597403285
92.31850317792528	61.17782439573723
92.31850317792528	61.17782439573723
87.12153132388032	96.12643009260968
87.12153132388032	96.12643009260968
89.23224671406916	61.32136396318564
89.23224671406916	61.32136396318564
21.3608647904342	51.33910237467103
21.3608647904342	51.33910237467103