87.58704469258778	58.97288748330735
82.31912407495648	30.200654670186672
84.509655348965	42.33153333971987
84.509655348965	42.33153333971987
76.97138757350551	53.492480008538685
76.97138757350551	53.492480008538685
76.97138757350551	53.492480008538685
72.34200287772134	4.207790834926263
72.34200287772134	4.207790834926263
73.8851311096494	53.63601957598709
73.8851311096494	53.63601957598709
29.524633533890523	59.68196838588596
29.524633533890523	59.68196838588596
22.598294418718332	1.68514277775065
22.598294418718332	1.68514277775065
17.33037527630199	71.91290996462997
17.33037527630199	71.91290996462997
19.51203943007717	1.828685295628976
19.51203943007717	1.828685295628976
50.56970874285587	27.125583721906274
50.56970874285587	27.125583721906274
39.33325289282306	8.587842235127633
39.33325289282306	8.587842235127633
68.19152086093	38.53875865333755
70.30223772633379	3.7336925239135157
54.808876714130136	22.945662565771435
56.91959210431899	87.14059938677731
56.91959210431899	87.14059938677731
41.74585193425901	58.88180693981098
41.74585193425901	58.88180693981098
34.77517131706031	84.80946021335988
34.77517131706031	84.80946021335988
36.38924683735975	98.95852746441385
36.38924683735975	98.95852746441385
31.688913377989245	84.95300125602324
31.688913377989245	84.95300125602324
33.59565254808232	40.200525885583914
33.59565254808232	40.200525885583914
26.05738329740788	51.361472554402745
26.05738329740788	51.361472554402745
57.753588532033696	56.145914620188286
45.91407114194695	89.98104874889796
75.33992626831466	35.69867177183797
75.33992626831466	35.69867177183797
79.15340460850082	45.1937210309593
79.15340460850082	45.1937210309593
72.25366980445855	35.84221133928639
72.25366980445855	35.84221133928639
73.7967980363866	85.27044008034723
73.7967980363866	85.27044008034723
69.17628341126569	19.200857195698894
69.17628341126569	19.200857195698894
69.17628341126569	19.200857195698894
61.63801416059124	30.36180386451772
61.63801416059124	30.36180386451772
63.535884735236024	2.394225155544211
63.535884735236024	2.394225155544211
95.16113973106056	42.457828711336624
95.16113973106056	42.457828711336624
96.77521672657494	56.606895962390595
89.80453610937624	82.53454776072455
89.80453610937624	82.53454776072455
84.60756425533128	18.48315493281195
84.60756425533128	18.48315493281195
86.71827964552014	82.67809027860287
86.71827964552014	82.67809027860287
81.4947020051303	68.98138153422789
81.4947020051303	68.98138153422789
83.39257257977509	41.01380135003943
83.39257257977509	41.01380135003943
83.39257257977509	41.01380135003943
66.44512217134643	3.734057954964503
66.44512217134643	3.734057954964503
61.248150317301466	38.682662176621996
61.248150317301466	38.682662176621996
63.35886570749031	3.8775975224129127
63.35886570749031	3.8775975224129127
55.89154522040221	78.75938270122487
55.89154522040221	78.75938270122487
60.27261071884916	4.021138565076291
60.27261071884916	4.021138565076291
3.025753034529788	81.73438926507949
4.923623609174573	53.766809080891
4.923623609174573	53.766809080891
98.65570299154328	24.99457626777033
98.65570299154328	24.99457626777033
1.8373671453184524	53.91034864833942
1.8373671453184524	53.91034864833942
1.8373671453184524	53.91034864833942
93.29909936985896	65.07129531715823
93.29909936985896	65.07129531715823
88.66971319885985	15.786606143545827
88.66971319885985	15.786606143545827
90.2217100262362	48.429941173570754
90.2217100262362	48.429941173570754
20.64756662781887	93.1475627212958
20.64756662781887	93.1475627212958
24.461044968005034	3.642613455632099
24.461044968005034	3.642613455632099
17.277516584832366	36.40775119920161