32.61196131332304	-3.1066472702193293
39.52883938523793	-6.037017027959229
34.0886359753484	12.931435943062683
40.877170691339266	9.83677271695603
34.42824715882392	-5.128444068764149
44.696222414708636	6.852969159373342
43.57717239168942	23.751076962396006
56.67519749589002	14.713422042425798
32.78183963436851	6.407813664386557
41.52123432289514	-13.853814145763003
58.42190788245827	0.4386994057425957
76.01512964022567	2.1491882838332814
38.25512799979336	11.804570802128625
38.939969313320525	-10.327228776167058
48.925113095719105	-1.3193003268479497
50.1254904789369	109.55217607059812
54.28718784578098	105.97042592857119
75.78763624964877	91.0624090057086
54.807599514820694	94.2635673841328
46.99542767609422	107.99989292824233
55.03159456997354	98.18930326234846
51.236605606833784	90.15659616038148
33.15172359698099	90.16009088778475
53.20997419394483	98.93050852552564
43.758506837402486	79.46845125986856
62.55100995558318	106.25798243258501
66.12329939474645	114.81642621801768
62.64933526107139	101.58562423943839
35.46684363829607	78.71081390565365
60.934600385905355	83.94282037159249
30.19173901721664	24.14257696577321
15.917989553133632	28.858759473427092
27.53147290504735	46.056066217929654
22.279552220446824	36.33997849717377
15.225959600251857	28.568906775033856
23.87811575605619	33.14578598498302
27.216895192401577	40.8182899109634
26.1745932448285	6.970828957506388
4.884729480024015	39.833852390627236
26.45918540813803	41.576580354976294
21.41270675347493	28.4188346189189
17.724612177359013	15.852915892285957
19.12750442642432	40.30812347671419
41.9535208538099	33.95286098990536
23.60183293144762	50.892911989027255
37.234690330862826	16.210499556436783
40.428094593327	6.791390685420345
41.614368688290654	0.31255519110786345
34.981679539258764	16.010507259772304
42.01318046427025	9.62964212124696
34.42689936158505	11.800564877664844
34.955939639154174	-1.3281965295803335
24.23293220956011	30.89337460927684
26.930302787727776	11.352202647720343
35.2883906099011	-0.7215436274628289
33.71862699649938	21.292376681150234
18.198858483462235	-8.671265219282214
37.53315931985658	-0.19192483899398027
33.0631955750097	4.665878800426096
32.23895523563598	13.569579997270772
34.148544787862896	-15.382134531730104
29.596928855397532	31.41454153412412