86.09853843919886	95.70407846139223
86.09853843919886	95.70407846139223
18.723794910238336	36.7676834923996
18.723794910238336	36.7676834923996
11.540268002280627	69.53282123596911
11.540268002280627	69.53282123596911
13.083396234208681	19.96104997702996
13.083396234208681	19.96104997702996
13.083396234208681	19.96104997702996
8.454011538424517	69.67636080341754
8.454011538424517	69.67636080341754
3.0835176560395254	8.384643894288034
3.0835176560395254	8.384643894288034
5.194233046228376	72.57957924007896
5.194233046228376	72.57957924007896
98.99726119218342	8.52818641216636
98.99726119218342	8.52818641216636
92.02657909976976	34.45583673528536
92.02657909976976	34.45583673528536
93.92444819919959	6.488256551096878
93.92444819919959	6.488256551096878
20.66985539232049	86.93740104593772
15.969523408164935	72.93187336233217
15.969523408164935	72.93187336233217
15.969523408164935	72.93187336233217
17.583600403679327	87.08094061338612
17.583600403679327	87.08094061338612
10.612916836050715	14.008593886935028
10.612916836050715	14.008593886935028
14.78113751895361	45.107834220807064
14.78113751895361	45.107834220807064
7.242868268279171	56.26878088962588
7.242868268279171	56.26878088962588
7.242868268279171	56.26878088962588
9.42453094683939	85.18455474540993
9.42453094683939	85.18455474540993
40.49106885506638	93.69655798543637
40.49106885506638	93.69655798543637
33.591335526239064	84.34504829376344
33.591335526239064	84.34504829376344
37.40481386642522	93.84009902809974
32.04820729431101	34.91681955270261
32.04820729431101	34.91681955270261
27.135029019396445	27.748777814332623
27.135029019396445	27.748777814332623
10.187580086182733	89.4690344192577
10.187580086182733	89.4690344192577
11.775051295352249	54.97278722906424
11.775051295352249	54.97278722906424
7.145666599568084	5.688098055451817
7.145666599568084	5.688098055451817
8.68879483149614	55.11632679651266
8.68879483149614	55.11632679651266
8.68879483149614	55.11632679651266
1.7890615026688224	45.764817104839736
1.7890615026688224	45.764817104839736
95.52114088503752	16.99258576693401
95.52114088503752	16.99258576693401
97.41901145968232	88.02500558274554
97.41901145968232	88.02500558274554
27.782787893126947	52.23689490944156
27.782787893126947	52.23689490944156
27.782787893126947	52.23689490944156
31.66721352168448	26.452782678556023
31.66721352168448	26.452782678556023
24.696531429270827	52.38043447688997
24.696531429270827	52.38043447688997
19.499559575225877	87.32904017376244
19.499559575225877	87.32904017376244
21.610274965414717	52.523975519553346
21.610274965414717	52.523975519553346
21.610274965414717	52.523975519553346
14.142954478326615	28.40576069836529
14.142954478326615	28.40576069836529
18.524019976773555	52.66751656221672
18.524019976773555	52.66751656221672
47.666081524010885	40.501785545184205
47.666081524010885	40.501785545184205
49.25355125796544	6.0055383549907475
49.25355125796544	6.0055383549907475
44.55321927380989	91.00001214660016
39.19661417691063	32.076731195988074
39.19661417691063	32.076731195988074
33.999642322865675	67.02533689286052
33.999642322865675	67.02533689286052
36.11035771305452	32.22027223865144
36.11035771305452	32.22027223865144
65.2612893309551	3.2696460353680683
65.2612893309551	3.2696460353680683
65.2612893309551	3.2696460353680683
59.99336871332379	73.49741322224739
59.99336871332379	73.49741322224739
62.17503286709898	3.413187078031436
62.17503286709898	3.413187078031436
56.90711224946768	73.64095426491076
56.90711224946768	73.64095426491076
59.08877640324286	3.556728120694815
59.08877640324286	3.556728120694815
59.08877640324286	3.556728120694815
51.55050715256842	14.717674789513632