33.19516743262998	62.439054495244214
23.49297121907695	11.114438410992225
17.063270498579204	3.1634808975938764
17.089876284924078	51.8087953388413
20.087446794297264	21.514206158686516
49.51330339587994	66.23182770641156
50.196180819753565	60.794895414665525
43.25210598889974	36.36786312946186
45.96588144392759	48.18992138454951
39.03067520852206	6.97799391309498
41.691239090860144	20.509423285687784
61.6547044372138	18.49572588702423
64.22658384028392	1.8761085973405769
47.75803611084808	48.212023669504326
50.30330972757333	81.9470904633583
41.93139693040429	86.88818906540271
44.290432993145316	77.10605772095462
37.754309127268066	72.57384391778153
38.10905146998479	94.17803499253222
40.574509202890376	80.97715993785889
34.16254419807426	39.45641205195881
64.31562267598697	93.81262537668353
66.49728535454719	23.728397757252623
60.103060491057576	47.63786097406579
62.19603869034984	46.402586692358426
55.61557332244608	26.79484734522467
58.36482463448205	70.47732633052385
58.4712463046466	67.05858262029858
52.44949949955534	79.00244506414577
55.00364318694384	95.95261814696384
82.30104720744109	11.04509619661465
85.29861771681428	79.75050849167482
78.79796675751523	8.078712468283339
78.9043913781097	4.659970233273038
81.54721954476615	51.76119145358251
75.34810230592402	3.40295762244687
75.64963160073603	26.716519814702725
68.75876686735701	0.5801149367789361
71.73860018583362	3.855317604340827
2.332958625718878	26.6599291380846
2.6078836094009787	1.3281768890930232
95.8876675743367	36.58560152519606
98.53936433644145	66.90192755925467
92.02984773212404	12.01502819732902
92.65951505852287	8.287465547873172
94.87665211887625	69.0636586586538
88.26071384439429	17.595500056523463
90.77938167477467	2.6852553595599256
74.52368023609783	42.183683011273146
74.63897050171067	21.980044114797025
68.47532616944673	5.48222953865795
71.12702440676645	35.79855704793153
71.26005333849083	81.0251277789537
65.10527760167518	47.74241801656376
67.47318078464954	21.175391485864825
58.72878697865224	38.08209086087521
61.22085049790269	73.52653024744929
91.01918663309868	7.278552497423319
93.64427760885856	87.94956409023452
93.98128276067871	44.12354406227197
87.78216552183656	94.76531170635128
90.42499368849302	42.86653292666077
81.4056748988136	85.10498307544779
84.41211547885005	38.0255001842571
77.90259739931767	82.13859934711647
78.1597851921032	90.3766374706266
80.67845449769851	75.46639277366307
11.370366012300039	12.63715725864741
13.915641104240251	46.37222700293128
5.180117368906195	46.494028241260914
7.7786025583211895	78.51972539282468
0.6482872230532339	10.575492018889042
4.594793019748813	65.29711495946246
96.09235103208768	71.10394804991442
98.49573007207016	76.39734077421204
89.61830733434846	48.07746646777036
92.17245102173696	65.02764102580339
85.60085277406655	28.635007967633733
88.14612934122171	62.37007623670266
88.4210543249038	37.03832398771108
19.254863366678002	2.650765492681674
15.485728003733309	8.231238827091076
15.618756935457693	53.4578110333282
9.109238855925318	97.57091019618757
11.060319528044896	67.89395889449395
4.9764940300305485	98.33208764209715
7.060603633874523	14.881708546640645
36.89441267564872	79.49415005161124
37.195943445675695	3.807712243867085
39.776692919409065	69.40319976793258
33.40020377160107	59.74287113702906
35.759238359127146	49.96073979258098
26.961634455655037	68.57680880988158
29.515776667828582	85.52698189269964
22.731335079829066	55.97183477976555
25.666826896279165	44.17151190336678
25.906277498168095	85.9793418745936
55.78442804196881	66.66730744830988
58.34744032480559	66.83258386966214
51.66942040697062	33.85869452171775
51.9709511769976	57.17225523875864
45.576724838293025	81.0817184555718
47.935759425819086	71.29958711112373
41.568140348674355	44.85436329396936
41.83419673690816	36.30750623122864
44.2198371107791	75.17068785281303
2.5337559644035963	74.53811912722114
2.932841284361788	12.217834270717535
95.23708417563023	12.813733820059904
97.75575348122555	96.90348764788139
91.2462354016932	42.01658828595574
91.53889905148684	82.11504418924747
86.66119515836544	7.807423181089024
86.980463119289	96.5511935256282
89.52573673601424	31.286261794697122
20.74976250229835	50.36331362941496
20.998081699635573	75.38624693917596
14.089479775359964	82.8196324337539
16.714570751119837	64.49064402656509
10.187316955905835	43.17353356192619
10.639613848553779	78.14387758791744
13.220361847072201	44.73936511198293
7.109929087498018	26.532179418338707
7.3582497600501995	51.55511420331465
37.16545301547952	67.52223979182287
39.62204067772184	71.10626139861535
40.278313790465546	17.024013190406922
33.449529225224566	71.39334348394209
36.37615097101143	76.37791579379416
29.795685603107675	56.77017792187538
30.168163661506032	44.804577148909395
23.144271471617582	72.44160153996346
25.396884388979096	66.07821243052567
54.92029259006308	25.161986929491274
57.43009330021011	27.036637418778586
13.309400682775241	37.67588189132587
15.934491658535125	19.346893484137073
45.670747625593066	70.59318203786711
48.1805483357401	72.46783252715443
48.53528920324187	94.07202360190512
41.999166812579574	89.53980832351708
44.39367578189882	12.61809623406555
37.893027773029694	39.946300210674075
38.629116769593075	32.79999680142288
32.03091421079273	46.76204782679084
34.567320707284644	97.28201275732559
34.94866736113129	68.53151679810875
64.71152763931916	69.42312126830116
67.31001430394912	2.4488184198649336
60.76502184262357	14.701498327727748
61.057684017202256	54.799955706234456
54.530430221988254	33.48284524159555
56.97815223921221	53.85176203463888
50.56618723439609	12.331014148738802
50.6726103797756	8.912271913728503
53.59036500532911	30.681740885046402
83.45077983344818	44.93949683126442
83.72570481713029	19.607743107057882
77.25166111939109	95.58126300012879
79.73485604319325	48.810599048168676
73.03909893446169	49.406498597511046
68.03723618027917	12.087408721649648
70.4849552470732	32.45632403947802
54.16717364025832	90.44901947016221
54.49531019663017	63.407894628450514
57.0494524088037	80.35806918648353
50.38916968186532	13.814387990822475
50.85033369474661	31.999835355347905
44.42950304491212	7.263982655698692
47.294046097775876	30.742824219736704
39.64048510627364	62.10740978503164
41.777806282807354	75.94765809685504
71.70030127906449	71.71114626410207
75.75322874592462	24.014026969665192
68.81802103530413	81.80209654778074
69.03973444629648	58.179715416294314
62.49474346018589	70.43239679937209
64.85377804771197	60.650265454923996
58.291049870704796	7.472735735288524
60.86292927377491	89.85311992081984
61.08464415998222	66.23073878933342
91.10469370617055	75.36037990782101
93.33069936197224	20.35167635713581
86.78570837586166	32.60435774021358
80.43582501439855	71.58934502577246
83.02579448958537	83.18540453022366
76.54288367161283	76.94381813433046
79.11476454989791	60.32420231986176
73.68720921419737	36.68008285925655
66.76973869447346	60.89836354008534
67.03579508270727	52.35150647734463
69.98902409005396	6.981394703659094
0.8405688475097769	38.02404583612796
0.9026490156478224	19.529779532371954
93.63258301321933	6.45070866645814
96.13351512791809	25.11025286678136
89.43775801918653	25.706152416123725
90.11176832282682	37.05411531062855
92.3023010720503	49.18499250494678
85.98789061716539	21.030397570287267
86.74171827984033	79.3143023133194
17.123230428966576	9.956401267513707
19.677374116355068	26.90657435033177
13.132383130244483	39.159255733409545
13.407308113926582	13.827503484417964
16.00579330334159	45.853200635981736
9.859887637189194	94.78559568734094
10.188024193561048	67.74447232084421
3.527741466622664	1.2007896499681894
6.064146487899614	51.72075605571789
35.800402454957556	3.9670446094479273
36.33251523142517	85.87333048396648
38.84231446635726	87.7479780228239
32.35053505293642	98.29128828839652
34.93128452666979	64.88677581246199
25.911967212205344	8.125225961249015
28.891799055466986	11.400430104025864
21.92111843826829	37.328080427144855
24.439786268648668	22.417834254966355
7.7140507464273025	60.51571120361996
8.157477568411997	13.2709489406471
10.693884064903916	63.79091239596689
3.7764135451800156	88.00919307679568
6.250739873533878	58.02342431108643
98.90972510751905	80.2235149351795