35.27888763009168	87.9112730596237
30.89772803684156	101.31692200768946
15.734740058754396	106.42295758117821
39.126336654176995	89.59971818150039
27.495295116632672	77.49073218732013
24.43837678136678	83.17513347328767
28.558834384618685	87.03075883483899
11.256475272227025	24.199987674219464
-8.331923050925079	22.19856980042604
5.603186493400185	34.59277364793205
4.291024506845031	9.871121465341552
8.092315318397919	25.51095681169859
12.891330071655187	39.02677171347034
9.4804509361554	11.508988457842424
42.544504468701206	80.60471763244848
28.38789134085562	94.0520725870828
51.027436527449396	73.54241474854621
44.30852048153981	76.7112237414016
28.976705764454657	69.84900474749733
30.378971752451122	79.30906849884924
27.42523820803077	58.11126376656573
65.0271052389072	59.64346566799062
42.996156758019964	52.80065700280396
48.25233098453953	71.67594235801667
39.68459271618976	53.984271919381285
45.878511425824925	80.579335177159
46.00238588727572	55.962119201429566
51.89864044962063	61.442619006697214
26.09307142348179	58.73110376457494
43.68040978750403	44.69773183735651