49.99155752019626	96.13512195895366
44.72363690256496	67.36288914583298
44.72363690256496	67.36288914583298
46.90529958112518	96.27866300161702
46.90529958112518	96.27866300161702
75.69262026086074	62.50874090983382
75.69262026086074	62.50874090983382
79.86083946854866	93.60798271892081
79.86083946854866	93.60798271892081
72.89015737613501	20.535634517254756
72.89015737613501	20.535634517254756
60.980045578897	52.435400253037784
53.45064492367085	46.81145026039079
53.45064492367085	46.81145026039079
55.63230907744603	75.72722411617484
55.63230907744603	75.72722411617484
86.68997839022474	2.0241225424521367
86.68997839022474	2.0241225424521367
86.68997839022474	2.0241225424521367
79.79024358618246	91.67261432599418
79.79024358618246	91.67261432599418
78.53091040859975	0.1277366744759384
73.30733276820992	85.43102793010098
73.30733276820992	85.43102793010098
3.73318789457763	31.148649477826016
3.73318789457763	31.148649477826016
3.73318789457763	31.148649477826016
5.276316126505685	80.57687969410182
5.276316126505685	80.57687969410182
0.646932905936479	31.292189045274437
0.646932905936479	31.292189045274437
2.1900611378645336	80.72042073676519
2.1900611378645336	80.72042073676519
94.00653422990682	14.485557005119743
94.00653422990682	14.485557005119743
94.00653422990682	14.485557005119743
89.30620077053631	0.48002932151419175
89.30620077053631	0.48002932151419175
90.92914488628405	96.84420286153225
90.92914488628405	96.84420286153225
73.98169595307034	59.564457991242364
70.89543948921421	59.70799903390574
70.89543948921421	59.70799903390574
65.69846911038422	94.6566047307782
65.69846911038422	94.6566047307782
67.80918450057307	59.851540076569115
67.80918450057307	59.851540076569115
60.625657592615354	92.61667782013863
60.625657592615354	92.61667782013863
64.48347743482802	18.18725114800567
64.48347743482802	18.18725114800567
93.8383837976094	98.18403566095255
93.8383837976094	98.18403566095255
85.39552223685403	39.40429575300384
85.39552223685403	39.40429575300384
80.48234396193946	32.23625401463386
80.48234396193946	32.23625401463386
82.0343407893158	64.87958904465879
82.0343407893158	64.87958904465879
12.460197390898479	10.597210592383833
12.460197390898479	10.597210592383833
12.460197390898479	10.597210592383833
7.192276773267193	80.82497777926315
7.192276773267193	80.82497777926315
9.373940927042371	10.7407516350472
9.373940927042371	10.7407516350472
4.106021784626031	80.96851882192654
4.106021784626031	80.96851882192654
6.287685938401209	10.884291202495621
6.287685938401209	10.884291202495621
6.287685938401209	10.884291202495621
97.7494152125118	22.045237871314438
97.7494152125118	22.045237871314438
30.135221081662365	20.301012931095013
30.135221081662365	20.301012931095013
32.316885235437546	49.21678678687906
32.316885235437546	49.21678678687906
24.778615984763103	60.37773493091284
24.778615984763103	60.37773493091284
29.23063024679639	49.36032782954243
29.23063024679639	49.36032782954243
18.614973127714126	43.87992035477376
18.614973127714126	43.87992035477376
1.45467790374141	13.437661429719448
1.45467790374141	13.437661429719448
3.5653932939302497	77.63259677551036
3.5653932939302497	77.63259677551036
3.5653932939302497	77.63259677551036
97.3684214398853	13.581200997167858
97.3684214398853	13.581200997167858
0.47913683007412966	77.77613781817374
0.47913683007412966	77.77613781817374
94.28216497602918	13.724742039831236
94.28216497602918	13.724742039831236
87.31148288361553	39.65239531338014
87.31148288361553	39.65239531338014
87.31148288361553	39.65239531338014
88.92555987912992	53.801462564434104
88.92555987912992	53.801462564434104
21.311365748280462	52.05723909942962