96.36080725604435	88.71868158886694
19.612004069902646	50.41654569391064
21.26155544721021	96.42603219996117
14.228794661873467	41.84795177726609
9.324484982407192	17.895013377430296
12.543768902772737	62.978046016219
68.82893658525516	29.393321846156628
63.569886038287116	82.8361938467851
65.66286276236441	81.60091956507773
58.13346358235322	75.97697104764569
62.514527605585215	1.2387269114971142
78.44244684432527	50.56689126813217
72.84639114553708	48.83578182150822
75.97698911141971	63.76776632280551
6.039234774837355	4.666091982030726
7.963709660612058	25.34382623908968
2.8465566408166967	8.228375259704405
96.35692113697809	3.0785235780701474
97.84683779621639	54.21612491185109
92.83610644658557	33.68193022224056
23.146671307340444	98.60319066644173
18.33104905757206	5.801301879312304
22.321896356294143	75.59844741341647
14.783627105619702	86.75939408223529
10.038952144222698	57.67834380509898
11.626421878177256	23.182096614905536
93.55481260868746	22.890885827342625
97.59887295531426	90.97866171915659
90.49516193117621	71.67974131125342
92.57927153502018	87.22936074058195
87.36456249007864	56.74775680995613
80.2076413684658	39.15821046998803
82.34496254499953	52.99845878181141
14.455843430467976	76.58598609058355
16.61977039334657	40.071548843654355
11.378455562060159	59.94463194699607
4.407774944861464	85.87228374533001
6.119405015092112	14.387503947624532
1.2683069083155902	87.72519590549854
2.7582235675538915	39.86279576406452
32.06878842830878	5.784056208265694
27.54582687790411	52.08062479964297
22.4020665965489	85.31985937901028
24.530517702419367	16.945002877084512
19.04088514901069	11.795151195450265
21.142731943751237	92.77498172749205
52.17379547018505	69.42656718773686
46.73737301425117	62.56734438859747
48.670717970689125	66.46018345940557
41.16792310180785	10.481549383220953
36.33456071071296	50.24944949337828
38.055060851606854	60.9797759846369
20.88589703218585	47.32241224583344
24.965430285390855	48.270605917429016
17.87945792736436	94.40189513702413
19.901488838285246	29.44578234532363
14.731122770585163	14.039702483443502
7.361355358213317	3.287639138281051
11.70694499965213	94.68897722235087
40.46766136825777	12.273742164535191
42.45421642217052	14.457208642623177
37.762753033463255	82.66678724798172
30.26882528481532	9.903257985546256
32.45935803403879	22.03413517986448
27.599391331813987	13.156720848774388
29.541603408485276	0.26466620854658407
58.38213566091058	63.78537299925822
53.770488156022985	79.93089492835904
55.34022217429593	79.00443811066731
48.19216964813139	44.629995109233384
52.644182434949705	33.61258948307793
45.301020808922736	71.50583910394795
47.03038954526494	65.45127040895571
78.2831664826911	18.480474737714115
71.3656959629672	42.6987554185429
73.29904091940516	46.591594489351
68.53662729189661	51.08033310950146
70.37241769840335	41.607020704283954
63.17115359954905	8.941948820355188
48.20139112479981	89.63056856483406
50.063787317651425	29.802569125649022
46.95092506745043	80.30079572706497
39.32396986229307	61.31069573360734
34.659110784715736	79.16558730499835
36.6900102910849	96.424579327047
65.72565016815767	87.67759202023974
67.8452341537948	36.087630704564845
62.64826229974986	71.03623640143731
64.56386859007627	9.49886731996207
57.64639954556733	33.71714652557591
52.440559096074075	85.45064740869923
54.8439366608416	90.74404013299684
84.00373539897551	45.008518743462616
86.09671507348273	43.77324446175525
81.27222127783612	66.75624938566173
83.03706292075654	92.56209994566603
76.1107252807993	34.5652758127457
78.11501605039368	3.178953393546922
73.12202189165944	48.07496833143466
3.326163607034805	17.414971010646138
5.543302142603162	78.1911626462118
0.24877721384194584	0.7736168670586538
2.3417554131342015	98.53834111013633
93.83009047358968	59.34460222020258
88.70406885834602	59.0140449518532
90.87686441667292	5.7147154691030675
75.79181020109586	7.606971159628146
77.52117746222311	1.5524024646359016
72.31533701272986	53.28590187254426
64.92783240946142	76.10363037509848
68.58167603157831	90.72679446195023
61.58438962803474	68.00913329425173
92.8549037563575	86.46854725050841
94.55766523113985	31.76866263905378