23.985177275204016	55.524329246237116
26.095892665392853	20.719263116813075
26.095892665392853	20.719263116813075
57.508304320888286	67.62035409305602
57.508304320888286	67.62035409305602
49.97003507021385	78.78130076187483
49.97003507021385	78.78130076187483
49.97003507021385	78.78130076187483
52.15169774877407	8.697073142443925
52.15169774877407	8.697073142443925
46.928121583599186	94.00036439806897
65.91604585628558	57.325143387859704
61.00286758137101	50.157101649489725
61.00286758137101	50.157101649489725
54.032184013742395	76.08475197260871
54.032184013742395	76.08475197260871
55.65512960470508	73.44892551262677
55.65512960470508	73.44892551262677
50.95479762054953	59.44339782902123
50.95479762054953	59.44339782902123
50.95479762054953	59.44339782902123
76.7268106000153	89.53785528989452
78.83752599020414	54.73279063568544
78.83752599020414	54.73279063568544
71.6273918206866	38.85261246279257
71.6273918206866	38.85261246279257
75.5118189244591	13.068501707121994
75.5118189244591	13.068501707121994
75.5118189244591	13.068501707121994
68.5411353568305	38.996154980670894
68.5411353568305	38.996154980670894
0.6697549084104742	29.013891916941326
0.6697549084104742	29.013891916941326
2.780470298599325	93.20882578751728
2.780470298599325	93.20882578751728
94.31314833629627	69.0906124415442
94.31314833629627	69.0906124415442
94.31314833629627	69.0906124415442
98.69421383474321	93.35236683018066
98.69421383474321	93.35236683018066
91.51068545157054	27.11750457375018
88.43329905837768	10.476150430162683
18.22061826289827	75.70622833837947
18.22061826289827	75.70622833837947
20.402282416673447	5.622002194163525
20.402282416673447	5.622002194163525
15.13436179904216	75.84976938104286
15.13436179904216	75.84976938104286
15.13436179904216	75.84976938104286
17.316027428032296	5.765541761611946
17.316027428032296	5.765541761611946
10.105893258514751	88.88536506393405
10.105893258514751	88.88536506393405
4.837972640883454	60.11313225081336
4.837972640883454	60.11313225081336
7.0196367946586316	89.0289061065974
7.0196367946586316	89.0289061065974
90.77494786101232	96.0492766248529
90.77494786101232	96.0492766248529
90.77494786101232	96.0492766248529
92.95661349000247	25.965050480636947
92.95661349000247	25.965050480636947
85.41834423932802	37.12599862467072
85.41834423932802	37.12599862467072
80.78896101875881	86.84130797584334
80.78896101875881	86.84130797584334
82.33208777547192	37.26953819211914
82.33208777547192	37.26953819211914
82.33208777547192	37.26953819211914
75.1574294629625	53.2497807494378
75.1574294629625	53.2497807494378
79.53849496140944	77.51153513807427
79.53849496140944	77.51153513807427
9.39676145430142	8.462453031499141
9.39676145430142	8.462453031499141
11.50747684449026	72.65738837729006
11.50747684449026	72.65738837729006
6.310504990445298	8.60599259894755
6.310504990445298	8.60599259894755
6.310504990445298	8.60599259894755
98.3398243732466	34.533645872496464
95.01411730750156	91.86935694393303
97.12483269769041	57.06429228972394
97.12483269769041	57.06429228972394
29.253449298840472	47.08202922599437
29.253449298840472	47.08202922599437
29.253449298840472	47.08202922599437
22.282768681641777	73.00968102432832
22.282768681641777	73.00968102432832
23.89684567715618	87.15874975059724
23.89684567715618	87.15874975059724
19.196512217785667	73.15322059177672
19.196512217785667	73.15322059177672
20.8105877380851	87.30228931804564
20.8105877380851	87.30228931804564
13.848775716334696	96.44504593012873
13.848775716334696	96.44504593012873
13.848775716334696	96.44504593012873
45.261187371830125	44.346136906371676
45.261187371830125	44.346136906371676
46.804315603758184	93.77436564743252
46.804315603758184	93.77436564743252
39.90458227493087	84.42285595575959
39.90458227493087	84.42285595575959
43.71805913990206	93.91790669009589
43.71805913990206	93.91790669009589
43.71805913990206	93.91790669009589
36.81832581107474	84.56639699842296
36.81832581107474	84.56639699842296
31.59474817068492	70.869688254048
31.59474817068492	70.869688254048
33.7054620856588	36.06462359983892
33.7054620856588	36.06462359983892
16.545168336901035	5.622364674784596
16.545168336901035	5.622364674784596
20.358645201872243	15.11741540912089
20.358645201872243	15.11741540912089
20.358645201872243	15.11741540912089
13.458911873044924	5.765904242233006
13.458911873044924	5.765904242233006
15.002040104972979	55.194135933723764
15.002040104972979	55.194135933723764