65.2969444090222	46.88019584490241
4.3873759823525935	27.755177644304702
2.4274252395697635	74.21702265703424
35.78205044695144	9.226057517834413
31.24135170565019	89.0924164817134
26.762731657272024	51.46450766662142
23.668313835622836	92.96388117923873
49.95470387587459	40.53441636234726
44.04824733639617	32.27463990971833
46.770892862087265	27.311802978555114
42.49625050901982	98.63130487969339
58.717184803558695	51.84339525668667
54.504622618629305	5.668630854068942
49.848633611715215	6.73862576399414
45.32567206131054	53.035195830586375
16.733460481437426	14.537420874420768
14.977485958750357	70.94667660338055
8.600998286157322	61.286347972477046
40.35928221370624	47.57652373450658
35.85405932941311	60.303301953382146
32.794408651901875	10.092157437292933
82.52571675282543	5.545011311774157
77.81651469800663	8.32437733920451
73.08957545229123	44.6735366895665
5.84786233027006	30.96371245159603
1.3603751616585606	10.12070029796988
95.75759477700431	9.48132556560488
20.489841129867578	39.10168619068038
17.99777761061713	3.657245328891353
13.395000176392792	3.017870596526353
8.880907221436416	32.529544001652766
38.94529826965126	56.73470918888608
42.17345078546509	85.03284369099401
38.16486482063145	48.80548852939156
32.17859387254833	92.60977022823532
26.51158793495884	27.15782227161824
10.796866392982954	32.77764208681411
14.432972824203276	80.97059802138254
8.686152478009074	67.58270821623816
4.313955575010414	26.53605716613588
97.39863191529867	35.06117589975781
21.155335719279705	30.020011438072643
17.980394776155624	0.012504343244597926
48.31971080805257	97.88591875670129
42.28909540751302	27.614674911584377
38.59090880815465	96.91598675598692
57.06445602005505	43.76468802354242
52.14241062490714	53.381541471423304
47.43320857008834	56.16091044928357
42.8925098287871	37.027269413162564
75.08535493330231	91.85757809847011
70.34067849669036	62.77652634611885
66.03056176182974	3.2356104674755146
61.32136118222589	6.014977970120826
93.02643501230001	93.01452484965552
88.74292406378427	82.11892193704465
84.07806498620694	0.9738135084356667
79.57284210191382	13.70059172731123
65.15292811931381	43.725706973806936
60.43485894426168	63.28996966270311
54.54613959567984	21.460402837572456
50.04978383162006	17.402285870197158
81.79033204348734	37.26225200472842
76.99244550940057	9.890571369882316
74.30527436550264	46.71382755604208
69.95081612861553	71.09738613343809
2.3100162114212086	20.70784822718619
97.05311104925035	58.45755975582274
92.45033213981107	57.818185023457744
87.68791998751746	62.30692364360821
20.561495655894173	28.393461984376582
15.66605457187619	86.65562987350489
11.010065564962096	87.72562625864504
6.611262875618571	97.03366076729533
90.73905495080054	92.08843346301477
86.19835473428434	72.95479095167879
81.5867087046117	89.10031140556465
77.09035294055191	85.04219443818936
10.043745967963247	98.06467462748505
7.294494655927273	54.38219711740083
2.9222977529286247	13.335546067298557
24.605908883741094	59.266703567612176
22.07837098269748	90.96184492604154
17.759385652388573	48.205824233649054
49.42898510066951	4.3449518581871835
35.50571246317387	84.41593372420489
33.46594583657137	83.9418368884071
27.798941374196836	18.48989040700498
21.87474764382183	43.79990432687777
54.24496318208795	59.932309287168145
57.34008824139235	43.003874533468874
53.047708697428334	48.89316680710886
47.51373169156322	28.66779105672891
41.421036122885624	75.89081499058297
71.79582653657575	7.624645708606296
75.00624333670794	69.49257205843091
70.58083633623448	30.15529360104873
64.73645996489412	3.401252319878754
60.399738918903594	93.21501904955808
44.55198844520332	53.60826665851683
40.33942626027394	7.433500780684134
34.60147303431307	76.26071726450384
37.58130635278967	79.53591845685078
33.581590458619296	26.523668108997477