78.3216559497333	83.8664219537243
75.24426808132547	67.22506781013682
75.24426808132547	67.22506781013682
68.06074117336776	0.9902070289212832
68.06074117336776	0.9902070289212832
68.06074117336776	0.9902070289212832
71.87421803833897	10.48525628804263
71.87421803833897	10.48525628804263
64.97448470951164	1.1337465963697038
64.97448470951164	1.1337465963697038
96.03215402229034	26.430645022647003
77.19570310988014	0.333586625509684
78.73882986659324	49.76181536657052
78.73882986659324	49.76181536657052
71.55530443385048	82.52695458535499
71.55530443385048	82.52695458535499
75.93636698186751	7.7887089739914535
75.93636698186751	7.7887089739914535
75.93636698186751	7.7887089739914535
5.794636425189408	37.739625392201376
5.794636425189408	37.739625392201376
94.74656646436793	47.02592304694784
98.63099356814043	21.2418108160623
98.63099356814043	21.2418108160623
91.66031000051181	47.1694640896112
91.66031000051181	47.1694640896112
93.5581805751566	19.201883905422736
93.5581805751566	19.201883905422736
93.5581805751566	19.201883905422736
25.61584988793529	44.498782331700035
25.61584988793529	44.498782331700035
18.716116559107974	35.14727411524206
18.716116559107974	35.14727411524206
20.303587768277502	0.6510284002635731
20.303587768277502	0.6510284002635731
15.603254308906989	85.64549924144306
15.603254308906989	85.64549924144306
15.603254308906989	85.64549924144306
17.217331304421382	0.7945679677119827
17.217331304421382	0.7945679677119827
10.246649212007727	26.722219766045928
43.202190574646174	24.051539483349714
36.3024557706039	14.700029791676789
36.3024557706039	14.700029791676789
40.1248012310234	7.41018533976223
40.1248012310234	7.41018533976223
33.22506790219608	97.0586756480893
33.22506790219608	97.0586756480893
27.95714875977974	68.28644283496862
27.95714875977974	68.28644283496862
27.95714875977974	68.28644283496862
30.13881143833996	97.20221521553772
30.13881143833996	97.20221521553772
12.623775346865461	45.15576669094766
12.623775346865461	45.15576669094766
16.791994554553398	76.25500850003465
16.791994554553398	76.25500850003465
9.821312462139744	3.1826588231536403
9.821312462139744	3.1826588231536403
9.821312462139744	3.1826588231536403
11.40878367130926	67.68641458339009
11.40878367130926	67.68641458339009
6.779400450740055	18.401723934562714
6.779400450740055	18.401723934562714
98.24112972485065	29.56267060338154
98.24112972485065	29.56267060338154
1.422793878625835	58.47844298395063
1.422793878625835	58.47844298395063
32.480463191404525	83.77534288544288
32.480463191404525	83.77534288544288
32.480463191404525	83.77534288544288
34.37833376604932	55.807762701254404
34.37833376604932	55.807762701254404
27.407650198420708	81.73541597480332
27.407650198420708	81.73541597480332
22.219548415039	0.8991264854249081
22.219548415039	0.8991264854249081
24.33026380522784	65.09406183121583
24.33026380522784	65.09406183121583
24.33026380522784	65.09406183121583
19.13329195118288	1.0426660528733287
50.102276784693615	95.18851929208913
45.4019433253231	81.18299160848358
45.4019433253231	81.18299160848358
47.29981389996789	53.21541289951006
47.29981389996789	53.21541289951006
39.80588615131995	79.45188216185963
39.80588615131995	79.45188216185963
44.186951649766904	4.713636550496095
44.186951649766904	4.713636550496095
36.7196311626788	79.595423204523
36.7196311626788	79.595423204523
36.7196311626788	79.595423204523
38.83034655286764	44.79035707509896
38.83034655286764	44.79035707509896
69.95896462923268	34.808094011369384
69.95896462923268	34.808094011369384
62.98828253681903	60.7357472849183
62.98828253681903	60.7357472849183
64.88615163624885	32.76816710072982
64.88615163624885	32.76816710072982
64.88615163624885	32.76816710072982
59.627101089280806	86.21103910135828
59.627101089280806	86.21103910135828
61.80876524305598	16.126812957142334
61.80876524305598	16.126812957142334
56.5408446254247	86.35458014402167
56.5408446254247	86.35458014402167
39.66434298058236	13.795673783724903
39.66434298058236	13.795673783724903
41.20747268772538	63.22390547521565
41.20747268772538	63.22390547521565
41.20747268772538	63.22390547521565
36.57808651672625	13.939214826388282
36.57808651672625	13.939214826388282
38.12121474865431	63.36744504266407
38.12121474865431	63.36744504266407
30.91108205435172	47.487266869771204
30.91108205435172	47.487266869771204
26.281698833782507	97.20257917137374
26.281698833782507	97.20257917137374
26.281698833782507	97.20257917137374
27.824827065710558	47.630809387649535
27.824827065710558	47.630809387649535
57.25068219207829	92.34843093537458
57.25068219207829	92.34843093537458
61.06415905704948	2.8434801944959194
61.06415905704948	2.8434801944959194
54.16442720343712	92.49197197803795
54.16442720343712	92.49197197803795
48.896506585805824	63.719739164917286
48.896506585805824	63.719739164917286
48.896506585805824	63.719739164917286
50.803245755898914	18.96726379447795
50.803245755898914	18.96726379447795
43.8325621882703	44.89491706802686
43.8325621882703	44.89491706802686
47.71698781682783	19.11080483714132
47.71698781682783	19.11080483714132
77.07189713003912	0.10758787487324084
77.07189713003912	0.10758787487324084
77.07189713003912	0.10758787487324084
78.68597265033857	14.25665660114216
78.68597265033857	14.25665660114216
73.98564066618302	0.2511289175366086
73.98564066618302	0.2511289175366086
66.51832017909491	75.13291409634857
66.51832017909491	75.13291409634857
68.38958349217987	97.52001947091266
68.38958349217987	97.52001947091266
68.38958349217987	97.52001947091266
63.68925150802432	83.51449178730711
63.68925150802432	83.51449178730711
65.30332850353871	97.66356051357604
65.30332850353871	97.66356051357604
94.65823486632009	78.6603450265229
94.65823486632009	78.6603450265229
89.46126448749008	14.608949248180414
89.46126448749008	14.608949248180414
91.57197987767894	78.80388459397133
91.57197987767894	78.80388459397133
81.31106362609844	94.92766819395337
81.31106362609844	94.92766819395337
66.0663761676671	2.948038712208845
66.0663761676671	2.948038712208845
68.24804032144228	31.863811092777933
68.24804032144228	31.863811092777933
60.709771070767836	43.02475923681172
60.709771070767836	43.02475923681172
60.709771070767836	43.02475923681172
65.16178385758617	32.007353610656274
65.16178385758617	32.007353610656274
57.62351460691171	43.16830027947509
57.62351460691171	43.16830027947509
59.778572974342026	23.438758218796757
59.778572974342026	23.438758218796757
54.86539469942746	16.270717955641732
54.86539469942746	16.270717955641732
54.86539469942746	16.270717955641732
83.65271537916301	81.50079586385853
83.65271537916301	81.50079586385853
85.83437805772324	11.416568244427616
85.83437805772324	11.416568244427616
80.5664589153069	81.64433543130694
80.5664589153069	81.64433543130694
82.74812306908208	11.560109287090995
82.74812306908208	11.560109287090995
77.48020245145078	81.78787647397031
77.48020245145078	81.78787647397031
77.48020245145078	81.78787647397031
70.58933771807176	55.651471596046534
70.58933771807176	55.651471596046534
72.13246594999983	6.079700337107369
72.13246594999983	6.079700337107369
4.544877605495241	52.98079131335031
4.544877605495241	52.98079131335031
6.6555929956840805	18.17572665914123
6.6555929956840805	18.17572665914123
98.18827250859597	93.05751183795319
98.18827250859597	93.05751183795319
98.18827250859597	93.05751183795319
93.48793904922547	79.05198267913268
93.48793904922547	79.05198267913268
95.10201456952491	93.2010514054016
95.10201456952491	93.2010514054016
88.17567545435271	35.204228747696206
88.17567545435271	35.204228747696206
91.98915379453888	44.69927800681754
91.98915379453888	44.69927800681754
91.98915379453888	44.69927800681754
22.131215341776205	32.53354698978504
22.131215341776205	32.53354698978504
24.241930731965045	96.72848233557595
24.241930731965045	96.72848233557595
19.044958877920084	32.6770880324484
19.044958877920084	32.6770880324484
12.074278260721389	58.60473983078235
12.074278260721389	58.60473983078235
15.958703889278933	32.82062907511178
15.958703889278933	32.82062907511178
15.958703889278933	32.82062907511178
8.99689039231357	41.963385687194865
8.99689039231357	41.963385687194865
10.610967387827964	56.112452938248836
10.610967387827964	56.112452938248836
94.93386561244245	77.8995300612344
94.93386561244245	77.8995300612344
87.75033870448473	11.664666329588961
87.75033870448473	11.664666329588961
87.75033870448473	11.664666329588961
89.29346693641278	61.09289802107971
89.29346693641278	61.09289802107971
84.66408371584357	11.808208847467288
84.66408371584357	11.808208847467288
86.20721047255667	61.23643758852813
86.20721047255667	61.23643758852813
79.28087135738448	3.239613455607782
79.28087135738448	3.239613455607782
11.409490908964475	92.2573503918782
11.409490908964475	92.2573503918782
11.409490908964475	92.2573503918782
13.520206299153314	57.45228573766913
13.520206299153314	57.45228573766913
6.336677915980647	90.21742348123864
6.336677915980647	90.21742348123864
10.150154780951855	0.7124742155749364
10.150154780951855	0.7124742155749364
3.250421452124538	90.36096304868705
3.250421452124538	90.36096304868705
3.250421452124538	90.36096304868705
96.9825023097082	61.58873023556637
96.9825023097082	61.58873023556637
0.17303505893166804	73.71960890509956
0.17303505893166804	73.71960890509956
28.96035426345226	39.94968828853132
28.96035426345226	39.94968828853132
33.41236705027059	28.932282662375872
33.41236705027059	28.932282662375872
25.87409779959615	40.093229331194685
25.87409779959615	40.093229331194685
25.87409779959615	40.093229331194685
27.771968374240934	12.125649147006218
27.771968374240934	12.125649147006218
23.071634914870433	97.12012146340066
23.071634914870433	97.12012146340066
15.604315902997278	73.00190664221262
15.604315902997278	73.00190664221262
17.71503129318613	38.19684198800354
17.71503129318613	38.19684198800354
17.71503129318613	38.19684198800354
48.81704210799132	78.56926448302653
48.81704210799132	78.56926448302653
50.998707736981466	8.485036863595637
50.998707736981466	8.485036863595637
45.73078711935017	78.71280552568992
45.73078711935017	78.71280552568992
38.54726021139246	12.47794326925943
38.54726021139246	12.47794326925943