62.12236173073177	65.31656675092705
52.36695394448897	15.70132178418022
52.59753595092961	74.29404546644294
54.81467448649797	36.07023710200858
48.60668717699257	4.496899932338771
51.25838541431228	34.81322596639738
78.59126234138773	80.7661217958298
81.6154386371058	0.11684853213740165
74.89307574202937	51.06743216501738
75.57595464111796	45.63049987327134
78.13896692395475	45.79577924505351
47.52507731438087	35.039587197654896
50.09695819266596	18.419969907971247
43.39233248848611	35.80076316834952
44.09294857847128	95.79404197931672
37.423797256084605	46.03525449469154
38.15988625264798	38.888951085440354
40.56326529263047	44.18234380973798
70.37046707284483	60.1494693982462
71.01787306535522	22.85211785150359
64.36645893386512	38.52354146959166
67.46158251795457	21.595106715892392
61.04075039290511	95.85925401624318
63.93189923211376	68.98340854631365
55.196375496779694	69.10521125985824
57.58201587065064	8.968394356657576
87.7350928733484	63.3246076813823
88.14304531353993	83.21942616341288
90.4932113056177	90.22219000521565
84.36504430557686	6.584794684073151
84.72865376852693	11.404090572572986
78.05950244614024	60.645304563162775
81.01272997827198	15.275192789477245
81.32312934374724	21.803859795482225
74.77813835763665	34.05653970334504
77.11943575426615	57.84419873139867
6.073112887507101	17.854430048056013
8.707072458715265	81.74054645461635
1.9758409681905422	50.47602674896216
4.698486493881629	45.51318981779895
4.7605666620196745	27.018923514042935
98.5902005943196	11.61284365216282
91.90331208103635	94.42384801525432
92.57732238467663	6.771809434544193
95.20241336043651	87.44282102735538
78.52102081545661	41.61622204475469
79.1950311190969	52.96418346404456
72.7653289233842	45.0132259506462
75.11549639067692	52.015989792448984
68.6148483818078	79.34419524427246
69.29772580568142	73.90726295252642
71.67449758410409	30.555339760361665
64.40228619687842	33.16943084165472
67.08058874532804	13.131068366530855
96.7281572826881	34.22631173319939
97.45537915901815	43.864902034984105
90.67093757101863	14.309753446835055
93.33150145335672	27.841185769857777
94.0232489478936	5.61935681664592
87.265411671024	24.709522669744295
89.85502974020567	73.52011648277389
83.38098751768142	50.49363490062983
84.07273501221829	28.271805947417974
14.906544053992498	92.88424745238856
16.955179276043292	76.5734491019355
10.392451099036123	23.395919382300026
10.702848989296434	29.924587863519974
13.478706087677274	23.252379814851615
6.8450291470837765	5.354013060437963
9.425777145602188	70.94950058450345
2.6324669621543775	58.17924865782023
2.9694721139745237	14.353228629857677
32.36872145399736	10.425537211550266
35.30421327044747	97.62521581036646
28.77695800001851	76.30810534572754
30.92314777200052	73.36345994651502
31.19807423089758	48.03170769752345
24.59987167209724	61.993760198106365
27.242699838753698	10.094981418415856
20.61789149360849	74.41171800253639
21.00810821811839	28.876328332283652
6.916330791890231	31.860320212282634
0.3802084012279371	27.328104933894586
2.748111584202304	0.7610784031956412
3.0851167360224503	55.935059850448056
95.47804558177381	86.68200753728183
97.99671488736914	71.77176136510334
91.73551600517399	41.907795312938674
47.21503083012573	90.29638883350145
49.2902718385214	23.63090344908084
30.879512032414272	82.85887316147239
33.229678024492046	89.86163700327516
26.64034406114	87.03879431760723
28.564818946914702	8.716530049881138
22.028696556252406	4.18431477149309
24.66265760267554	68.07042970283847
17.691975510261887	93.99808297638738
18.108796545901704	97.1080062721671
20.254986317883713	94.16336087295458
50.05332097786474	27.91538312292861
52.40348844515748	34.918146964731385
45.92057615196998	28.676560568838177
48.306216525840924	67.53974366563752
41.74348834883375	14.362215421217007
43.88967812081576	11.417568546789537
37.12297224849788	47.29263106135373
39.51748269303207	69.37091749668726
66.78827945196949	34.818081105090634
69.40450183228107	33.27398788415269
63.267463286362	65.42148774926105
65.15646526555851	54.23880422653839
58.77110899751718	61.36337078188575
60.92616588973252	41.633828721207415
54.123987110836424	45.648470505560084
56.394337219094524	5.715293974050503
56.580574773078744	49.23249211235255
86.36117371737815	16.554304734828293
88.65812813676618	25.266441169351175
81.8293435715252	79.63576851245644
84.1440351818098	54.77811309926265
77.76754603400181	45.11778446835914
79.95807878322529	57.24866313789232
71.55069160426308	30.32934248494018
73.82991030796947	72.61126634153486
57.1219119766447	77.13935291768675
59.489813684404105	50.572324911772846
53.04237724822473	76.19115924609117
55.1708283540952	7.816302744165415
48.404123956992265	43.69136525872961
50.674474065250365	3.7581857767901146
44.28911632199408	10.882752332137473
44.546304114779595	19.12079045564761
46.73683538878812	31.251669125180793
76.29571944688021	22.195862879142968
78.64588543895799	29.19862524573078
71.80823227826872	1.3528492503018463
73.93668633456912	31.977992748376092
67.40943106414015	10.66088375895215
69.70638548352817	19.373018718260077
63.321029215486845	26.497586748822382
65.44061320112398	73.90762543314749
95.34536953126957	4.240903972896245
97.63345535520929	29.73793559366999
90.6627747380106	55.66558591678898
91.06186005796879	92.34530106028538
84.1266523473483	51.13337211361589
86.79608630034963	47.879907775172796
79.99390604623858	51.894551034740424
82.0868857207458	50.65927675303306
13.071459409926003	27.92849861652409
15.20878058645972	41.76874692834748
8.424337523245244	12.213598340198436
11.138115928703009	24.035659545716
11.315486362453894	84.33775434548387
4.362541460936824	76.6956157713161
6.641758689428258	19.97754110312574
0.24753235072368163	43.88700284472395
2.3937235979206597	40.94235744551144
85.11141342246903	31.79547065597724
87.62121560783102	33.670119670049594
78.83248029980722	35.501294976314284
75.28505834785487	17.459387179237268
77.5110654788715	61.45068510376702
70.73549101110532	15.110641329367123
73.4137950347699	94.07228180467317
3.7687013975512897	75.06906484240508
6.509084114138961	36.53643901395512
98.6536937625531	42.2604533910279
1.9506481819411239	50.97258687512087
94.18394378483819	86.84764938968506
96.31239489070867	18.47279288775931
89.50134899157923	39.272331333577796
90.11327765186653	69.11456053183863
20.663294589725282	76.84364799683671
22.889300245526965	21.834945921366458