71.21271035860947	15.07389860613806
66.29953355890987	7.90585686776808
68.41024894909872	72.100792213559
68.41024894909872	72.100792213559
60.942926986795655	47.982577392370956
60.942926986795655	47.982577392370956
60.942926986795655	47.982577392370956
65.3239924852426	72.24433178100742
65.3239924852426	72.24433178100742
57.85667199815449	48.12611695981936
57.85667199815449	48.12611695981936
98.35047966103745	34.29449148351928
93.72109644046826	84.00980230990686
93.72109644046826	84.00980230990686
95.26422319718135	34.4380310509677
95.26422319718135	34.4380310509677
25.69007979876402	79.15565259869274
25.69007979876402	79.15565259869274
29.547899640976688	4.726225926559796
29.547899640976688	4.726225926559796
22.577219023777992	30.653879200108697
19.20716750557652	72.91406620279955
12.307434176749206	63.56255651112662
12.307434176749206	63.56255651112662
16.12091251693537	73.05760872067788
16.12091251693537	73.05760872067788
98.24441087209304	0.49870088516616506
98.24441087209304	0.49870088516616506
0.7964076994693846	33.14203739040606
0.7964076994693846	33.14203739040606
95.16702300368522	82.85734674157868
95.16702300368522	82.85734674157868
95.16702300368522	82.85734674157868
87.62875522822574	94.01829488561245
87.62875522822574	94.01829488561245
89.52662432765557	66.05071470142398
89.52662432765557	66.05071470142398
84.82629234350001	52.045187017818435
84.82629234350001	52.045187017818435
86.44036933901441	66.1942542688724
86.44036933901441	66.1942542688724
11.571698061405954	33.4943300374443
13.75336221518113	62.41010389322835
13.75336221518113	62.41010389322835
8.485441597549833	33.63787108010768
8.485441597549833	33.63787108010768
10.38331217219463	5.670292371134171
10.38331217219463	5.670292371134171
10.38331217219463	5.670292371134171
3.4126300797809757	31.597942694253156
3.4126300797809757	31.597942694253156
34.541248156146004	21.615681105738542
34.541248156146004	21.615681105738542
36.65196207111988	85.8106149763145
36.65196207111988	85.8106149763145
29.193510179480075	44.90750644409056
29.193510179480075	44.90750644409056
33.57457567792703	69.16926230794198
33.57457567792703	69.16926230794198
33.57457567792703	69.16926230794198
26.107255190838924	45.051046011538965
26.107255190838924	45.051046011538965
28.217970581027764	10.245981357329883
28.217970581027764	10.245981357329883
23.304793781328165	3.0779396189599018
23.304793781328165	3.0779396189599018
52.09211298584876	68.3080175271767
52.09211298584876	68.3080175271767
52.09211298584876	68.3080175271767
54.27377713962393	97.22378990774578
54.27377713962393	97.22378990774578
49.0501994992341	83.52708116337081
49.0501994992341	83.52708116337081
51.16091488942295	48.72201650916173
51.16091488942295	48.72201650916173
45.96394303537799	83.67062368124915
45.96394303537799	83.67062368124915
45.96394303537799	83.67062368124915
38.99326094296433	10.598274004368136
38.99326094296433	10.598274004368136
40.89113151760912	81.63069382017966
27.82810821295295	18.566839669434156
20.298706082511845	12.942891152002119
20.298706082511845	12.942891152002119
15.669322861942629	62.6582019783897
15.669322861942629	62.6582019783897
15.669322861942629	62.6582019783897
17.212451093870683	13.086432194665498
17.212451093870683	13.086432194665498
10.312716289828408	3.734922502992572
10.312716289828408	3.734922502992572
14.126194630014574	13.229971762113907
14.126194630014574	13.229971762113907
43.26825617725189	1.0642407450813893
43.26825617725189	1.0642407450813893
43.26825617725189	1.0642407450813893
45.37897156744074	65.2591760908723
45.37897156744074	65.2591760908723
40.15539540226587	51.56246734649734
40.15539540226587	51.56246734649734
33.25566059822359	42.21095765482442
33.25566059822359	42.21095765482442
37.06913893840975	51.70600986437567
37.06913893840975	51.70600986437567
37.06913893840975	51.70600986437567
30.16940560958243	42.354498697487784
30.16940560958243	42.354498697487784
31.712532366295537	91.78272891376359
31.712532366295537	91.78272891376359
63.12494402179096	39.683818414791574
63.12494402179096	39.683818414791574
56.154263404592264	65.61147021312551
56.154263404592264	65.61147021312551
57.77720752033999	62.975643753143586
57.77720752033999	62.975643753143586
57.77720752033999	62.975643753143586
53.07687406096949	48.97011459432308
53.07687406096949	48.97011459432308
54.69095105648388	63.11918332059199
54.69095105648388	63.11918332059199
47.72026896407023	89.0468365941409
47.72026896407023	89.0468365941409
78.84888704043526	79.06457205519636
78.84888704043526	79.06457205519636
78.84888704043526	79.06457205519636
80.9596024306241	44.25950740098729
80.9596024306241	44.25950740098729
73.77607552266639	77.0246451445568
73.77607552266639	77.0246451445568
77.63389536487905	2.5952199476388023
77.63389536487905	2.5952199476388023
70.6632132724654	28.522871745972758
70.6632132724654	28.522871745972758
65.46624141842044	63.471477442845206
65.46624141842044	63.471477442845206
65.46624141842044	63.471477442845206
67.57695680860928	28.666411313421168
67.57695680860928	28.666411313421168
50.132869480721126	40.340801298824246
50.132869480721126	40.340801298824246
54.51393350395312	64.60255716267567
54.51393350395312	64.60255716267567
47.33040659599541	97.36769490624518
47.33040659599541	97.36769490624518
47.33040659599541	97.36769490624518
48.882403423371755	31.01102993627011
48.882403423371755	31.01102993627011
44.253020202802546	80.7263407626577
44.253020202802546	80.7263407626577
36.71474947691314	91.88728743147651
36.71474947691314	91.88728743147651
38.89641363068832	21.803059812045603
38.89641363068832	21.803059812045603
38.89641363068832	21.803059812045603
69.95408294346703	47.0999582383229
69.95408294346703	47.0999582383229
72.13574562202724	76.01573209410695