53.63213407922537	90.23887911595003
32.09964195225398	18.749970616008383
34.529625303366394	72.68867778155344
27.372704181753562	55.09912849115541
29.46568238104582	53.86385420944804
24.47268674709662	98.75986914733579
83.865734203398	18.10197452333504
14.220640566179387	98.09875756106696
14.522171336206364	22.41231975332281
16.890074519180722	94.84529174740891
10.504716775924436	2.969859777971222
77.3831762666456	73.64585529407842
79.44067860892973	40.55016175737448
70.7938408280786	70.8230126084105
73.3834574220453	20.63360494622511
4.226136534482745	68.4611527401598
6.664988481043449	6.614963244239037
7.028599419208472	11.434259132738873
0.4747383624346353	40.47183422685254
2.8426430206239495	13.904807696153595
95.44841668191937	37.814269437751804
89.24929796786226	88.45603560661617
91.3777505489477	20.081182055120333
22.309114140653115	98.05977503611652
24.065087188125222	41.65051930715674
17.13874807295303	82.65369517423639
20.012159721265085	89.34764007680859
13.165636489912563	78.28675779241556
15.68430432029294	63.37651309545202
8.837784039370334	52.31563081105898
9.121576143285768	10.198984851031506
11.66685123522597	43.93405312010043
41.376501415939046	46.53502723258304
43.53155830815439	26.80548517190471
36.90674996300917	91.12222470645517
39.44315645950108	42.64218816177495
30.822924464994824	22.560351978843407
33.33272517514185	24.435002468130723
26.39751598930641	82.22307352146123
29.022608440281253	63.89408511427243
12.491979067492398	29.724265014977227
15.365390715804464	36.41820991754942
8.917954279625093	62.03704277665278
11.117355624296854	57.38302625993512
4.57236316297131	69.63570616779793
4.811813764860242	12.443536139024744
97.47079899884542	34.64362528790285
0.634725961724023	97.12918951618862
30.574958148877727	59.322887310933936
33.07589026357647	77.98243298647212
33.14683755194785	42.70327149646525
26.64618954307872	70.03147547307377
29.271280518838605	51.70248854109992
22.282861235528365	12.19992923672063
24.907953686503195	92.87094082953182
18.345224034281067	39.69341258511131
20.402727851780153	6.597717573192426
48.09034712157234	74.1548059525905
52.32951656806158	69.97488479645565
43.52304406914118	6.3758504752220615
46.13926644945276	4.831757254284117
39.541063890652424	18.793808279652076
41.78480821256564	29.215315831680115
35.266421537584975	90.11331018079035
37.5279030503948	66.96502588510171
37.8471695361034	56.70879770485584
67.47700235778183	12.37382996881114
69.50790186415101	29.63282199085978
26.801938142081724	78.26320410976152
28.877179150477403	11.597720200555877
22.296712307358693	90.98998232863708
22.757877795454927	10.17542969316251
24.95727914012669	5.521411701229884
18.731554639724706	7.517864904061786
20.984167557086224	1.154475794624005
50.67607907168775	37.32524027960833
51.11063877343911	6.865374678101296
44.583383503010154	84.54826568867735
46.685231772965665	66.52809622071912
40.335346936287586	6.513080555848084
42.49927537438115	68.99864478413386
37.781204724114055	88.56290747303002
67.59727657499167	87.74513935050233
69.69912336973222	69.7249698825441
62.94128756807758	88.81513573564249
65.45995539845795	73.90489103867895
65.85017212296785	28.36949989321125
58.906095816899075	3.9424676080075747
61.60213555624528	49.33431623559694
54.68466651173634	73.55259544121078
57.21220146235005	41.85745555799638
40.929894237328334	32.710568768462174
41.17821343466556	57.733503553438126
34.70416973692635	34.70702197129407
36.832623793226745	65.3321654693683
30.207815448081533	30.648905003918767
32.89498511676449	92.82564881775899
26.030726169730343	16.334558381082637
26.22583526959277	43.066862808348795
28.55826407077396	83.63941849786823
58.70247247802344	55.780525533628854
60.937348204488366	82.9869267966928
53.895717348488375	45.19374008503362
56.01530133412551	92.60378024457367
49.6565493772141	49.37366124116845
52.21069158938764	66.32383432398652
45.25774668787058	58.68169574981874
45.65683200782877	95.36141089331515
75.08268860941143	41.07903244104019
77.3264314561097	51.50053999306823
70.90559933106024	26.76468729341902
73.29124118014616	65.6278689150034
67.94350467869519	88.91969425335542
68.40466869157648	8.105141617880843