5.906537420055902	77.85642797268267
42.64043267187754	15.60584633596276
50.20530770889686	53.09021558360631
47.92644336162555	72.59375741843324
62.142731054920006	94.40670157277377
76.6073408959816	42.242580512090264
76.51013922727051	90.66189620270124
91.01022197491031	70.35819292179933
33.71902278856444	33.995919553056815
1.641823781312092	20.74744061312468
14.59877829702384	50.01550711594698
53.478863320827486	83.82028008001456
58.90641718131309	8.464399540619777
80.3062332577802	96.51220595139078
46.92535662048874	75.64332676640967
97.4672342441932	52.525402160148175
11.388714378111755	49.93304940797391
47.81719569127008	76.72875051863127
98.64286541888997	11.494179952342305
5.026077777349048	20.062773868986852
4.645084004722527	11.598736994840273
38.966380215108224	97.05419065343702
7.1641047163230205	58.473960939728265
20.0855848502416	55.881608187553994
70.92012612373969	72.8621409597992
37.290930289110996	26.97032698984214
74.41468938422241	55.39888851623291
80.15264261018328	85.57167350762815
79.41690501962506	55.50344703394585
93.91698776726486	35.19974375304393
9.452544896697843	46.756459727138584
14.25965290745302	20.128712342370406
16.600951779297457	43.91637137042404
15.891819975084125	62.49345933798915
23.14629564662817	93.44915862919781
46.37303353415374	89.80854782100218
70.8857103856069	28.358129105572203
47.56177377980015	80.41805560437881
52.01378656661848	69.40064997822337
97.9262809697537	95.9980376735644
94.4362718771221	3.0939995945996874
17.120234413939727	11.810627211979792
26.387870925741414	93.59511184816873
46.084925527426165	38.34280287039437
45.70393027958468	29.87876747146274
65.24135163841514	78.75457037098889
75.6441624667384	91.07246526620807
46.07676269441813	79.6986353403483
87.82103788986542	75.1967797513874
5.511653386728693	67.02395514001867
3.188444587000968	71.45197585652981
22.672654373141675	23.03715134877606
35.026547348799454	5.678094942301622
1.6190649251631117	35.16389984085813
14.008432282614073	49.6652612141653
36.01130989913514	85.34019200944802
35.2667051883436	72.05686072201655
42.59212814825903	67.7333999984333
93.38232644451566	69.6384087019328
34.45578130912763	28.84216908569278
43.696812034584426	61.98133780541933
94.55795909442739	28.60718501891197
53.95807969217009	8.643024322503798
0.5247003480368715	95.85132428162832
15.060257477469841	8.408040255722984
82.25798345389961	68.82780906679928
22.20866436006947	5.567953374223398
33.58701626205999	52.54737040577334
33.2060210142185	44.083335006841715
70.32978010932993	72.51189505801753
29.729903657502536	52.54773436160937
51.165192640547865	73.45595855216199
1.447737086669601	57.793157769597215
68.65433018333269	2.4280313944226464
81.00822315899049	84.06897351273325
95.50830738184524	63.76527023183134
98.45301919974881	96.9655222862482
13.669306893043256	19.77846791580369
26.564182715831915	67.54079924716704
41.09973837004993	79.0975152212617
43.441390123114495	65.67064289116686
65.66598115062793	77.7231940301781
44.90081635215663	81.52277324811855
59.36542471800326	29.358650712220086
71.75479060023925	43.86001208552726
39.91704219487585	72.41936164160697
89.20845523644587	39.971665672791346
2.5268738303105023	89.75219001132035
68.14599719301903	68.88330935112428
82.64607994065884	48.57960459500741
32.32556284672662	85.28968090314591
2.4300265180344907	1.9569758189978175
12.22977580630379	66.6477433792754
60.909258712371575	4.357818212198947
27.56385645687327	15.349356806999433
41.78901422083097	20.377405775089102
54.71049435474954	17.785053022914845
51.69553953569989	44.43490121742288
73.69841715222097	80.10983201270558
86.09665458033518	77.8262981997619