95.63097252873501	67.80980098232064
90.97498352182093	68.8797973674608
92.58906051733533	83.02886609372972
92.58906051733533	83.02886609372972
85.61837694970671	9.956516416848707
85.61837694970671	9.956516416848707
80.7052001500071	2.788476153693685
80.7052001500071	2.788476153693685
82.24832838193515	52.21670636996947
82.24832838193515	52.21670636996947
82.24832838193515	52.21670636996947
20.726828344548352	3.249457495895984
20.726828344548352	3.249457495895984
50.081737657759646	83.24624200884286
50.081737657759646	83.24624200884286
44.89363292394802	2.4099510442494925
44.89363292394802	2.4099510442494925
47.00434831413687	66.6048863900404
47.00434831413687	66.6048863900404
41.80737793530687	2.5534935621278296
41.80737793530687	2.5534935621278296
21.773672538237044	64.41728825928635
21.773672538237044	64.41728825928635
23.671541637666873	36.44970955031283
23.671541637666873	36.44970955031283
16.133270911777473	47.61065621913166
16.133270911777473	47.61065621913166
20.558680862680845	86.9479361517288
20.558680862680845	86.9479361517288
13.091358900377784	62.82971985532578
13.091358900377784	62.82971985532578
13.091358900377784	62.82971985532578
15.202074290566625	28.024656676331656
15.202074290566625	28.024656676331656
10.005103911736622	62.97326089798916
10.005103911736622	62.97326089798916
39.360010274518	43.97004541093603
39.360010274518	43.97004541093603
41.257880849162795	16.002465226747557
41.257880849162795	16.002465226747557
35.99882882697979	69.44533722737603
32.91257383833862	69.58887974525435
32.91257383833862	69.58887974525435
26.012839034296352	60.23736857836647
26.012839034296352	60.23736857836647
27.555967266224418	10.66559879464227
27.555967266224418	10.66559879464227
59.25217250085023	15.450040860427814
59.25217250085023	15.450040860427814
60.79530073277829	64.87827107670361
60.79530073277829	64.87827107670361
53.611772349605616	97.64340734505816
53.611772349605616	97.64340734505816
53.611772349605616	97.64340734505816
48.95578334269153	98.71340520541328
48.95578334269153	98.71340520541328
50.49891157461959	49.141633946474116
50.49891157461959	49.141633946474116
43.599178245792274	39.79012425480119
43.599178245792274	39.79012425480119
47.41265511076348	49.28517498913749
47.41265511076348	49.28517498913749
47.41265511076348	49.28517498913749
76.83851171234615	94.00279653686253
76.83851171234615	94.00279653686253
71.57059109471486	65.23056519895681
71.57059109471486	65.23056519895681
73.47733026480793	20.478089828517493
73.47733026480793	20.478089828517493
66.50664817239428	46.40574162685144
66.50664817239428	46.40574162685144
70.39107380095182	20.621630871180862
70.39107380095182	20.621630871180862
70.39107380095182	20.621630871180862
63.42039170853817	46.549281194299844
63.42039170853817	46.549281194299844
65.03446870405256	60.69834992056878
65.03446870405256	60.69834992056878
50.35736692866704	82.48542704355435
50.35736692866704	82.48542704355435
42.8900479167939	58.36721222236629
40.060979245723296	66.74879138853981
40.060979245723296	66.74879138853981
41.67505476602274	80.89785863959378
41.67505476602274	80.89785863959378
34.704374148824044	7.825510437927725
34.704374148824044	7.825510437927725
65.83299074997412	96.84324884941311
65.83299074997412	96.84324884941311
67.94370614016296	62.03818271998907
67.94370614016296	62.03818271998907
67.94370614016296	62.03818271998907
62.746734286118006	96.98678841686151
62.746734286118006	96.98678841686151
64.86631974697009	45.396828576401575
64.86631974697009	45.396828576401575
57.682792839012386	78.16196484475613
57.682792839012386	78.16196484475613
52.41487222138109	49.38973350685042
52.41487222138109	49.38973350685042