46.104577984660175	75.23079475459804
37.26263110394662	78.77133970315293
30.53140108863685	47.50682147271369
30.77085169052578	89.31464996872555
60.54258056416194	73.42135777745216
63.114459967232065	56.8017404877685
56.587206172018064	35.48463149834455
58.742263064233406	15.755089437666216
59.02605811857875	72.63844200242379
52.48993572791646	68.1062281992507
55.23031844450414	29.573600895585766
70.55517614319025	32.274640867709124
72.56833698344788	83.10342326225948
66.18297924019159	90.22798981760685
68.43559215755312	83.86460218338402
51.896095664530925	66.47967727033968
54.6364783811186	27.947051441889716
45.80340009585333	14.70270120419374
48.26885782875891	1.5018276247353477
41.73273396288166	95.9696123463473
44.38443220020137	27.285938380405923
38.66421616513708	62.543363016508955
38.97461553061235	69.07203002251394
68.77295019059338	2.8240522724879695
71.38030545067164	18.06485276258593
64.79983860755293	97.45711636588209
65.00381482764868	8.404524131682425
67.66438166041668	21.935956454705146
61.11052060364285	50.97353302403377
63.58484693199672	20.987762783109567
56.49887309875527	67.11905200270468
59.13283414517839	32.00516840926502
86.58100281308165	57.75442681743626
88.95777459150429	14.402505100486461
82.421652200842	9.870291297313372
84.93145291098904	11.744940311385728
78.3953290451118	7.212726508212638
80.56812312822372	52.91339407503259
81.02042002087167	87.88373662580888
74.4488232484162	51.49110356763922
76.96749255401154	36.580857395460725
8.17377965418409	89.22769960268029
1.6465258589700884	67.91059061325635
4.227275332703457	34.506078137321836
4.715046607144571	2.33683994309469
97.17005414581904	14.589521326172463
0.2719009405595859	95.56935185821423
92.93088469932981	18.76944100709234
95.07707447131182	15.82479560787983
76.62197168796321	59.97724125152566
79.25593125917139	24.863357658086006
72.50696405296505	27.168628324933525
75.30942693769076	69.14173619272755
75.51340315778653	79.08914543374284
68.93293631466781	59.48140756182404
71.114600468443	88.39717994239314
64.73811279584996	78.73685131148963
67.09714590816107	68.95471996704154
94.66947491234042	57.71544429248582
97.30343595876354	22.601560699046157
90.85599804736921	48.22039503336448
93.36579728230129	50.095044047436836
86.45719683324064	57.52842954201478
86.90949225067362	92.49877209279107
89.47250305829546	92.66404998935828
82.9541193337447	54.56204581368346
85.52599873681483	37.94242852399981
13.983034524951425	46.9067917459202
16.102619985803514	94.31683190546026
9.752735149125442	34.301816240589226
12.315747431962226	34.467095612371395
5.753019254955055	80.28956589273592
7.916944742618702	43.77513012102169
8.280555680783724	48.59442600952153
1.8153820537077683	8.783050716341565
4.342918479536426	76.08790935791221
34.114648828387544	60.19461569142385
36.207627027679806	58.95934140971649
27.427760315104287	44.00562152973031
30.159274436243663	22.257889412316256
23.640887761262995	83.15588523664144
26.265980212237828	64.82689535423769
19.889491064429834	55.166568198549136
22.035680836411853	52.22192132412166
79.11901915881066	91.99662891626706
81.30068183737089	21.912401296836148
72.89329465840868	93.99308064388399
75.19024907779671	3.7052156031919177
68.25504136717622	61.493286656522436
70.75597348187496	80.15283085684565
64.61006634050761	30.085225908204862
66.7739933033862	92.57079161170559
67.12873564610294	15.174981211241324
97.06009923780834	93.15357419223751
0.3570536571963777	2.8657106267603956
92.82979838676742	80.54860016212149
93.21114651582903	51.798105678119605
86.62181255247698	48.975262992451675
89.26464071913344	96.07648273754619
82.67530675578139	93.25364005187825
83.1719466256708	44.2995081466152
85.67287726515458	62.95905234693842
16.400264636764234	31.990236086919317
18.945538253489477	65.72530435598824
10.201145922707127	82.63200225578369
12.347335694689137	79.68735685657117
5.811213304026843	75.15514305339808
8.533858829717941	70.19230759744983
2.0420794162971077	80.73561638780748
2.263791352074497	57.11323525632106
4.445456981064632	86.02900763689016
34.57192672220257	91.7399079955824
36.718117969399536	88.79526112115494
30.37710172816975	11.995351745247998
32.53216157081501	91.26580968456966
23.672477499204867	29.376146480841218
26.395121549680994	24.41331102489297
19.823526252440487	87.02067649150837
21.960847428974215	1.8609262785467044
5.439086651633656	49.90621099300064
5.882514948833308	2.661448730027784
8.03757331626362	81.9319081445644
1.5723982139727064	42.12053137616949
4.232965046740706	55.65196222397725
96.74118415810491	66.19527248954986
96.79439573079466	64.48590137204472
90.45338096477984	86.68599199613779
92.8390213386508	26.549175092937123
23.78812212125279	70.95797770143159
25.960917679579676	17.658645268251536
26.377738715219497	20.768570039246228
19.415925218254134	29.911326651329308
21.94346311929776	97.21618529289995
15.371866346842298	60.8235522347303
17.92600855901583	77.77372531754837
9.323512280191201	24.122100237330063
11.895393158476278	7.502482947646411
41.45427721656837	97.44667670160858
43.57386120220552	45.85671538593368
36.9490528570603	11.173454920484135
39.72490995544114	4.501245396600817
39.91114898464032	48.018446485332795
33.37502659397803	43.4862326821597
35.547822152304924	89.18690024897964
29.038304072772547	34.30000088705399
31.59244776016104	51.25017396987205
59.306672816298104	68.45257531530258
61.83420924212676	36.75743543208818
55.262612469671296	0.36480089870357235
57.382196455308446	47.77483958302867
50.86380978032778	9.672836882568824
51.351581054768886	76.50359868834167
53.69287845139837	1.2912562411803497
47.33412649448696	57.061138712990086
49.515792123477105	85.97691109355918
33.002899941584836	18.23730209697722
33.63256726798367	14.509737972306413
26.78604551184611	3.448858638343301
29.41113648760599	84.11986875593954
22.92822566963345	77.87828236004634
23.149939080625796	54.25590417898982
20.10802559401114	69.47496781518396
49.48953921835235	0.11706529416328626
52.052550025974185	0.28234319073049696
52.63787437513155	80.47925794774392
46.11062057991755	59.16214895831996
48.04396553635551	63.05498802912805
41.60539622040947	71.88892717719553
43.95556221248725	78.89168954378333
37.41057122637667	91.1443709268611
39.98245062944679	74.52475363717745
67.43948789279834	83.48911685909785
69.9581557231787	68.5788721621343
64.51286614701148	78.50454307403079
67.02266538194355	80.37919356331813
58.60640960753307	70.24476662140187
60.752599379515075	67.30012122218935
54.26081996609424	77.84343148776196
56.868173750957524	93.08423197785993
57.4623666955632	57.49625302383743
87.35825590547545	4.614426749837054
89.70842337276817	11.617190591639835
81.06158411670208	41.89004144267582
83.13682512509776	74.22455753347018
76.8312847408761	29.2850674125598
79.30561106922997	98.2992971716356
72.80496306036085	26.627502623459076
74.9068098551014	8.607333155500847
75.20834062512837	31.920893872541743
58.863951756753664	41.2682748619785
61.29393363265111	95.20698055230858
54.97065753274783	83.83728080389994
55.24558251642993	58.50552855490836
48.68285433942276	5.328000310487847
51.166047788009955	57.55733635852774
44.683135494822466	51.315749962634534
45.020142121857575	7.489729934671991
47.51220416589306	42.93417227167599
76.9735351492689	20.5122130743976
79.50994017054585	71.03217652971738
72.99155497078016	32.93017087882762
73.58574791538581	96.34219044959016
66.6860145865585	86.99067928270229
69.390922921353	16.59763567447071
62.455715210732514	74.38570525258626
65.05420040014751	7.411402404150035
65.47102291100228	10.521327175144716
94.79932496265376	41.87279724684417
97.53970767924143	3.3401699431792444
90.99471521791588	15.592851326257017
85.36318513733453	81.00132409985147
85.88642931835385	80.69250516062088
88.35188705125942	67.49163010594754
81.90445061508005	93.11046296505091
84.40538125456384	12.770008640589085
14.857843642491382	7.1329431543465995
15.088425648932022	65.72566831182428
8.534564592158196	94.76324340593794
11.141919852236441	11.004046846465815
4.721087727186989	85.2681941468166
5.022619972428924	9.581756339072449
7.54128780280929	93.67151016689395
0.677028855775142	17.180419730217597
3.381937190569655	45.787374646771056
85.8513078177808	11.617554547475853
86.15283858780778	34.93111526451674
79.52803024266257	0.24785479906719265
82.09104252549936	0.41313122041944517
75.57265585051869	61.311128519959595
77.75432147950883	90.22690090052869
78.03811358342426	48.1102519900713
71.46651828618376	11.717620407116598
74.21576812300478	55.40009791720082
4.9608926855110065	89.86149128468
7.275584295795609	65.0038358714862
0.30490220338195495	90.93148766982016
0.7749362869264842	92.33204132330968
93.13238927566972	91.2185697551469
95.50029393385906	64.65154322444795
88.99964592498992	91.97974572584151
91.0748869333856	25.314263291850825
21.89095730904825	24.496493694108178
22.529493230895376	3.9840388088313823
25.074768322835585	37.71910707790031
18.618461815992966	80.12283512325453
18.90225539512336	38.0061876880121
12.39273879080594	82.11928685087148
14.929145287297848	33.63925030619126
8.366415635075718	79.46172206177074
10.539211193402615	26.162391103805657
10.79640046140309	34.4004292273158
40.630209503177284	0.012870732286389908
43.086797165419604	3.5968923390788596
36.80786256754283	7.302715184200949
37.073918955776634	97.75585959667518
30.12984264970786	73.3288243610416
32.81701526882075	36.50556965009678
26.25428561659862	82.32803993046132
28.852770806013613	15.353738557240042
28.92371956959995	79.07457559201822
12.215719763060223	83.6026621681701
14.778732045897009	83.76793858952236
8.233741059786421	96.02061997260013
10.743541769933453	97.89527046188743
1.9370692710130595	34.29623466543889
4.659714796704157	29.333397734275685
97.15019819238674	73.44649837235002
0.6599974273188132	75.32114738642237
30.112458340031402	69.68408337539485
30.396253394376753	27.567437415367372
32.98586851312851	76.378029753182
26.095003779749486	50.24162340004326
28.587067298999933	85.68606278661734
22.077552169897473	30.799163424691674
22.405685775839412	3.7580400581949394
15.922776433081829	96.51645366230174
18.592210386083174	93.2629907990736
48.34620206882274	11.939487505086964
50.50126043625304	91.20994691962359
50.962425924349276	10.395395759363977
44.231194433824555	78.13087457849483
46.740995143971595	80.00552506778214
40.46205907087986	83.71134938811919
40.728115459113674	75.16449232537848
33.97914825290732	77.469762992226
36.70179230338345	72.50692606106279
66.05670161659474	53.50371057400966
68.61084382876828	70.45388513204269
69.08087643709786	71.85443731031725
62.154537321925666	13.857611702181952
64.73528679565904	79.4531007014624
58.34992905240275	86.57766725680975
60.84199109643825	23.022106643383836
51.9290969273533	61.84181455716054
54.63400526214781	90.44876799849905
37.890532549029864	63.11643531965438