86.17756725950245	81.96709926712371
78.63929653361305	93.12804593594254
78.63929653361305	93.12804593594254
82.80751574130097	25.22728774502953
82.80751574130097	25.22728774502953
75.84570224433561	34.37004435711262
75.84570224433561	34.37004435711262
77.45977923985002	48.51911160816658
77.45977923985002	48.51911160816658
77.45977923985002	48.51911160816658
62.78268041489441	70.30618725593719
1.2611803775076011	21.33894133229362
92.72291112683317	32.499888001112446
92.72291112683317	32.499888001112446
94.90457528060834	61.41566038168153
94.90457528060834	61.41566038168153
94.90457528060834	61.41566038168153
89.63665466297704	32.64342756856085
89.63665466297704	32.64342756856085
82.73692133414973	23.29191787688793
82.73692133414973	23.29191787688793
18.84751958900351	0.8916955335133828
18.84751958900351	0.8916955335133828
13.579598971372224	71.1194627203927
13.579598971372224	71.1194627203927
6.679865642544908	61.767953028719774
6.679865642544908	61.767953028719774
8.222993874472962	12.196184720210535
8.222993874472962	12.196184720210535
3.593609178688788	61.91149407138315
3.593609178688788	61.91149407138315
3.593609178688788	61.91149407138315
5.145606006065135	94.55482910140809
5.145606006065135	94.55482910140809
86.98531225730738	64.11257017635377
86.98531225730738	64.11257017635377
82.28497879793687	50.10704249274822
82.28497879793687	50.10704249274822
83.8990543182363	64.25611121901714
83.8990543182363	64.25611121901714
76.9283737010376	90.18376301735108
73.886458739208	6.40282812876017
73.886458739208	6.40282812876017
5.944128051986688	31.69972655503747
5.944128051986688	31.69972655503747
7.841998626631484	3.732146370848987
7.841998626631484	3.732146370848987
7.841998626631484	3.732146370848987
0.8713180094327877	29.6597996443979
0.8713180094327877	29.6597996443979
4.7557421627753635	3.875688888727324
4.7557421627753635	3.875688888727324
96.78506154557667	29.80333921184631
96.78506154557667	29.80333921184631
98.3991370658761	43.95240793811523
98.3991370658761	43.95240793811523
93.69880508172056	29.94688025450969
93.69880508172056	29.94688025450969
93.69880508172056	29.94688025450969
23.565941645275778	43.11290148646875
23.565941645275778	43.11290148646875
25.67665703546462	8.30783535704471
25.67665703546462	8.30783535704471
20.76348023576501	1.139795093889687
20.76348023576501	1.139795093889687
22.306608467693074	50.568025310165474
22.306608467693074	50.568025310165474
22.306608467693074	50.568025310165474
15.4068736636508	41.21651561849255
15.4068736636508	41.21651561849255
10.13895452123446	12.444282805371882
10.13895452123446	12.444282805371882
12.320618675009637	41.36005518594097
12.320618675009637	41.36005518594097
43.422629489814845	81.73247768096398
43.422629489814845	81.73247768096398
43.422629489814845	81.73247768096398
45.53334488000368	46.92741302675489
45.53334488000368	46.92741302675489
38.349817972045976	79.6925507703244
38.349817972045976	79.6925507703244
27.725292257515413	90.9970384818066
27.725292257515413	90.9970384818066
32.17730504433374	79.97963285565115
32.17730504433374	79.97963285565115
32.17730504433374	79.97963285565115
14.671137548307538	11.148287669595272
14.671137548307538	11.148287669595272
16.852801702082726	40.06406152537933
16.852801702082726	40.06406152537933
11.584881084451428	11.291828712258651
11.584881084451428	11.291828712258651
4.401354176493719	44.05696645582817
4.401354176493719	44.05696645582817
4.401354176493719	44.05696645582817
6.512069566682559	9.251901801619084
6.512069566682559	9.251901801619084
1.315097712637599	44.200506023276574
1.315097712637599	44.200506023276574
3.42581310282645	9.395441369067495
3.42581310282645	9.395441369067495
34.5278253928466	49.7678638640905
34.5278253928466	49.7678638640905