41.93788686839994	50.848424444218495
33.30878627844539	47.551483447537805
27.411198334415264	22.50681180865801
30.905408713677854	42.258092198455145
62.113842673862564	79.21177245846783
54.63765359132617	71.87845282353065
58.43339326540078	15.943293930368666
51.03702154189902	55.54591761917374
45.928735642336996	21.64556997832266
47.658102903464226	15.590999808115455
78.91087984089039	67.6202026616589
49.91106722683091	71.0130793405292
51.640435963173104	64.95850917032202
44.64314955962953	42.240846527408536
48.669471240144794	44.89841131650926
41.2376236596349	52.64061575031777
35.45532893164753	7.392306690176821
39.61467954388717	55.27644368551468
70.35308237095727	90.8295717672528
63.00992074493029	29.722822863337765
65.06742308721442	95.62712932663383
61.803796189607425	35.46857409431439
12.663150745873324	79.57305189686542
4.9829839680262085	62.29232302091294
98.80374930487783	63.671136870068715
1.3912205140473481	29.174889679875253
32.92779103060391	39.08744804860618
35.24248264088852	14.229792635412391
27.943665467317967	67.19856780024307
22.72008782692813	53.501859055868096
24.688905689944292	89.25511738167276
17.540853163779754	54.88067438023883
21.584913510406558	23.96845027205281
78.25142784673564	60.63323161798856
79.93645360583636	39.50313737903565
73.23182790165652	56.88393211462888
95.6160536472392	63.808368425909705
90.63192808395326	91.91948817754658
93.0086998623759	48.56756646059679
85.83404007465154	64.54780901791544
88.05118008543484	26.3240006534811
83.45726829622889	8.899730734865248
13.865386231700015	87.18714265509202
15.887417142620892	22.23102986339152
10.92102877023153	16.772359242526683
12.88097951301437	69.3105127545822
5.786135609109667	33.22670011085808
7.8613780927202965	65.56121472643748
3.036885772288651	88.54421965034396
32.64897992785556	77.77904228680096
34.66214224332814	29.60782468135133
27.620512862543105	90.8146394449071
31.460594038644217	49.95500462049083
24.108565292383915	5.633150902826656
26.166070585097973	71.53745589090776
21.226286523838528	15.724101186505328
4.456208024375701	38.74645259119826
6.540316153004717	54.29607349574176
98.35678924504701	87.0612097640963
3.2766892553977107	93.1375182634223
95.22619127916438	72.12922673801398
96.80479241767065	54.417876209286334
92.01577595424715	10.26130038818937
22.29086495799389	43.32214157739398
24.29515867801818	11.935820633410163
17.21805344022502	41.282214666754406
21.35079826611979	40.52103722084483
14.344643267127923	34.588269764182215
16.313461130144088	70.34152808998688
9.165408603979547	35.96708361333799
40.65763614329465	30.804117913323214
42.706271365345444	14.493319562870141
35.66464050934545	75.70013285121095
37.78422597019755	24.110171535536065
32.94199645886931	80.66296978237418
34.9019457264372	34.201123294429685
27.84257915475558	29.977726955272214
29.79365982687516	0.30077712879354646
61.33909893888001	92.4284373608437
53.995940263282954	31.321689932143624
56.106654178256846	95.51662380271958
44.87019980343899	76.97888231594095
48.68367519319524	86.47393305027725
31.60319732825715	3.967617448965193
33.71391271844599	68.16255279475612
26.56586019228145	33.78810831810724
21.501917269960884	14.96328622121681
23.124862860923567	12.327458286019919
18.01657696136153	77.42711212038378
20.366742953439303	84.42987596218656
49.162932228623156	33.87505868415249
44.54241612828727	66.80547432428922
46.422549512035474	72.40768598781743
38.91088604770591	33.21394709788366
43.1766583301101	77.67934038299624
36.17050333111824	71.74657440154859
38.352166009678456	1.6623467821176816
68.07068331062486	86.47842570834943
69.89760659689827	93.79000701416783
63.29053396743468	25.53695617621657
58.004877634121755	30.334513735597604
59.947091186008	17.442459095369802
52.85224875731826	80.35864350121577
54.9540955520588	62.33847403325754
86.10045081932043	18.786420597026254
88.1224817302413	52.83030780532576
81.39124876450163	21.565788099671565
83.37780529362934	23.749256052974502
78.11875327144634	77.19212805360297
70.93522636348862	10.957265797172484
74.99702242579704	45.47524984126978
58.093916469824805	23.27103051494056
60.12481450097902	40.5300225369892
52.7905229456153	61.63837992203827
48.05471510445162	15.772432983436158
49.47368447531854	3.1891958072239746
44.63145496399032	59.741992578847125
46.54706125431673	97.20462202215693
76.24784283958151	17.5904913208904
78.11023903243313	56.76249335692032
71.37900606669345	25.49797365126613
66.04900823135402	15.220007141901455
68.07103766705994	49.26389582541593
60.97619671358515	13.18008023126189
64.97591260775555	66.19233057911521
94.28647746851041	32.11359102331637
96.60117055400997	7.255935610122575
89.5506711025617	85.24764408471425
91.39533010451672	58.98943649324589
86.5619691886368	98.75733660340323
79.22767615805812	20.865693988452293
81.31178576190209	36.41531489299579
13.866093469355219	12.758079938795074
15.826042736923101	65.29623492606555
8.686860281421811	14.13689526316582
3.5342314046183128	64.16102502878398
5.840054419454623	56.08826480184104
97.78068637255805	51.86486846268358
0.7051627335477195	72.54260419495749
82.63355346405791	72.25139488260955
86.81950986264243	69.78084484397985
80.12375422912584	70.37674439332221
81.72896115397698	2.310706830627041
74.56317143691587	1.5060542016948415
69.9160495502351	84.79115540058413
71.48578209329307	83.86470005810736
1.8939029791941295	63.152111978334126
6.150806666150021	25.40240192491252
97.78990784922647	96.8654433934992
0.6789113036379179	85.6827583955616
94.4375964723515	6.5558414989033
87.44917718904127	66.05328366973897
89.50668100654036	32.957588657820075
22.096463095786664	41.16077443383089
24.03867517245796	28.268718318388128
18.48696245091123	41.61313441572485
11.551756215505701	0.40120399384040484
13.10375156766709	33.04454049908029
8.030940049898222	31.004610638010806
10.008627983577647	49.97297525277956
39.159558126263256	21.022349049496192
29.359807362779012	55.331580014003656
33.38613051850922	57.98914480310439
25.79464969514503	70.85946258942836
10.949046081456917	15.559549726395206
12.900128228791456	84.88259989991654
5.7698128935235	16.93836357555098
9.689712903874213	23.01467355009193
2.931875627004614	42.104837927975346
4.661242888131847	36.050267757768154
98.19821612106804	79.54573199259629
28.517648102056242	28.682095775331643
30.31796560198477	86.34836411511758
25.715186692545483	85.70898938275258
27.089811610955987	58.050228137794676
21.77754949129819	14.202471255928304
14.505336628857556	16.816562337221363
18.85092774551134	9.217897470861256
48.11714962902475	59.06363532153168
49.90859558307507	34.51479884756847
44.48991179325273	93.0857842007124
37.18222454901892	63.83945455179393
41.385916663285066	27.79911561587749
34.07823089426623	97.55278596695902
36.188946284455064	62.74771983753498
67.27322138357864	37.689934180274655
60.2936706957167	80.40248264007442
62.315700131422616	15.44636837315897
57.429127642852926	56.92364107603641
59.09641621105708	69.36333720958523
53.88170716611554	38.88173327895939
38.3354889376572	22.588543080174
39.718983926730964	77.14488664896524
34.98317608556729	31.27894118557809
27.47151262123772	91.08520229564434
31.506702897201265	76.9578718984942
24.323177464458514	10.723009642063717
26.44276145009566	58.13304832638882
57.68666979207352	27.947147841398078
49.90894993951016	96.30026601420504