52.185676953799046	71.7628727163771
45.25059656926776	52.17313362260496
52.426076450135206	60.45449718709484
64.40793815634386	67.98047362867894
39.61570624021424	44.06593804581306
49.101464064044556	76.69591530901732
49.323680674356794	62.578337079911
47.35028562318724	77.93479246862915
29.12776806022367	63.88412800763816
28.783330696971838	46.13614050942186
37.132497851861785	72.56844348808474
22.588971652137037	51.81827520429884
51.94734305718942	53.19865539176857
57.43844875466181	48.493744576401454
54.820335686604324	57.96145668330717
47.761800051853605	65.21361396258021
32.981032475845254	66.67564349352567
39.71730199881381	51.02736474279079
37.10968608543537	85.98496367363929
20.00113739780201	70.67670715742966
30.04196734509271	52.383901668006644
30.540905201611952	67.62887740478453
41.091445370352375	60.628414299981074
26.0344343134652	66.16399541387257
38.22235077434816	60.26702639518195
48.96235269173408	68.83381173316663
36.33277172818627	58.411399911035076
39.98322330722007	62.11578047330073
49.06223546415938	59.11018134225581
17.41261060609955	46.70620680453676
56.9910705912076	62.50580245432219
36.33206600174004	58.72071506890459
49.87700524573226	73.68387078356622
47.0365704151017	60.408928487949225
53.81272109096755	-2.632603331604475
46.23191384816582	12.677646812006358
57.584466735061476	-12.983438057171702
78.61130412877775	7.578799838877286
60.531462492248	11.584672776221623
50.707922713197185	5.0952930145391155
73.0689665733664	11.685607522610601
64.90826590968223	9.600921892853044
46.65770616707247	15.600018631869194
58.04009751051669	-8.060017879135149
69.38374249296254	6.204507792571587
54.682442199899015	-5.683383529481711
66.11836463997012	8.752738899754343
67.13783199952874	8.644037195827453
44.81372510315695	9.53721504918066
59.20677174491454	-4.743024328926598
44.51169668665059	7.322614963415455
58.31174656799638	6.338244135851642
64.19003145499227	13.846381802178165
69.61948583925928	5.171580363861731
58.50174516444773	6.207403308318875
71.14582935010858	15.936119394690603
51.72505139240595	24.101014338288707
54.86408889482873	4.672234442702505
46.39119448448127	-0.8981319224342448
69.01893922170277	-2.850006897557688
42.04578887486085	22.386607055628154
66.63611213893981	16.644206040375305
74.73286763882028	6.115829716425218
68.31502141186093	4.267034448468166
52.13626346110979	15.770897879531136
58.22187146750934	-8.126176132286185
69.72432013313781	6.707572655097749
48.023570807416355	9.180507947548065
83.38830233522098	28.18014790514037
91.04129742359427	32.63669268069121
91.03096581100604	48.44722703269517
101.21836776628119	34.958184864983686
72.01837352575241	26.386410961201932
91.10529263823062	51.97304814143937
109.38844542175646	27.044220815066474
105.97422664870076	32.97495897030127
66.00442866750905	37.873131993197745
97.14162229394202	25.833814789826317
86.83909305776282	29.162148142150105
97.84689801457068	35.280621223084935
102.89872212986994	25.457982923697998
95.90990364640076	22.044081394556855
94.37997255086825	26.800403596410927
82.35473038601754	31.650511435285
95.94540752187591	25.67272775929233
86.696995463551	25.759005803871865
95.53326560241008	23.255433884203196
78.673152661915	35.76353276037105
79.97701896260273	36.17750413897771
84.58840644718003	18.343003426200674
99.39383779144491	50.65581487717244
94.94154938518372	35.353327480352775
105.5856310415732	19.556034536159437
86.43575149612357	49.03892761950934
81.4302745198689	38.30013655346349
92.69029907358814	35.6668614605013
88.12756351479831	37.536396101155155
102.29344104652264	42.4900008800073
104.11135290265533	32.733906481286695
77.82715585079637	21.423675829160178
97.49333665130266	37.54285129823241
91.52600348975234	26.47676579101891
72.60043737676799	79.8343539343959
80.14973372257712	96.54199274370086
111.17041554609216	83.20126227635635
95.81583406759182	91.46318314730621
113.42523686892756	68.3784133315966
81.84495467084852	68.09402470116802
85.72346091061165	77.49323992217053
79.37300845037979	80.47201141125272
93.78325009460558	72.20646273554244
99.88962004767683	82.51960326953584
82.16329938274382	86.71458011111864
81.66506585325168	68.22735160868652
86.94165583221492	73.92474807399826
87.33292403161494	79.34178108081686
73.43954313578536	73.69030785139311
73.37824282139466	88.69861752237104
80.56501371643792	93.75551901185398
87.16065403262992	73.16791274983164
84.42663527019542	91.93340252346496
83.16184876712111	75.11641527911937
90.63088984120542	75.83333270215475
77.00923973906345	76.62952196460472
69.04179380420845	56.79299799758539
83.82744195949044	67.26711762029744
93.11520912370743	69.29330593858072
84.07734555024611	74.5782459232035
80.22510328937	69.08302603466244
94.75365996234606	80.9275337153179
87.54958051899766	67.33201875653165
85.89806285810998	83.89733365108164
94.97768786369122	81.23962139795645
100.62602743092832	89.69166578175634
75.80800643131491	72.29974051377681
88.45874375336172	82.51412451382578
105.15648716669928	70.19212948862707
74.51288319540811	70.55444175686421