83.72005089929394	65.76405296688448
94.81826855963621	60.53415349732298
110.10747575044226	71.7593394935835
103.98331950921582	55.390542341095234
84.04970422693901	69.58870014043084
92.84266535412307	62.696346777684084
83.44527327386487	59.45277472784265
95.41047785004686	45.79572789760769
106.69196054979757	54.937222492042004
105.69932794393354	45.648876233892054
104.27667233854237	47.91495128631
93.78031533108071	60.121669379176886
85.05448299176886	56.2712352413278
102.30734751878059	40.58795029360218
91.76427370500969	52.238454801810384
98.66916048423013	53.454972856507744
96.03578266451657	60.05964120052237
92.98054045381188	68.20512388322757
100.29241392097032	67.94453565036827
82.93852902111827	54.29836541029564
87.4881069618566	45.13099988228203
112.93074567930903	58.7983896317455
93.59181909665813	70.25769450171154
114.80864546093838	45.14405833514509
93.2195945429808	48.34478746008875
102.28964213182832	73.41441267541626
96.59799997689683	44.12918039413688
90.37179665372909	73.57873704504169
100.0888214742475	63.27915552130008
116.37297154930489	56.30449981816222
97.47379145408166	51.73470462858182
94.34900829308901	55.198362662033155
81.95123493365088	48.539480135402236
96.15083574000661	57.143272674096906
89.92290848201222	54.9414733429804
90.84428218428488	60.78994184216955
99.52022340710657	52.26490629274503
102.97342802424733	72.96879974173095
91.43432629338535	64.49970738961596
88.78740790330816	65.09103115653274
92.75076738227298	48.259851568484244
106.94581693603821	66.41370326363136
39.189032279707824	51.41230823853142
42.91160020827434	56.814072194645696
51.153432469019485	68.15779655140616
55.700980264289385	37.99649680255067
39.575034704108354	45.19469849176301
53.62200193047506	48.055688538237476
57.87115057944676	61.66625242471911
59.621341565667024	47.132561109775445
54.878083070764944	32.03949169059642
63.873381914124266	55.07818212013361
35.814916411166365	57.263550252200986
51.099978235942686	45.97318624486901
33.8792158329489	51.666756454147276
47.52061446212697	55.44161220087158
52.43725035030524	51.269573205055245
44.948081762975484	59.06604683362105
44.60572559472387	38.393263720551
49.27421506252416	33.878971681380435
42.32522478968124	46.612111673591215
48.72617487182364	32.52134900466901
57.225724349384194	47.97102393549973
51.20711798266265	51.06394001643521
28.82860417106527	33.37980162358454
40.63942466410899	54.079377485259016
62.264362178251226	48.198443774240495
69.22361606100719	52.28059669724815
65.22026210787197	42.85872136770653
60.30725202546948	46.30198250217994
62.85396705130882	53.557253205217364
53.22701528255725	53.645212896819764
53.01364590834724	66.08794564854611
54.80993954759065	68.1018310704466
65.43842582117702	65.30201875854902
46.31935374777564	47.6503580119214
50.35690289266839	42.293794788117495
45.96269194632543	38.24650801215127
53.196924032374156	70.80499476869105
44.26058363052559	53.13934931331475
50.21010051257303	33.25039185833823
59.19654264454466	45.55949325803836
37.957319757155055	44.89554008592222
62.48584161541028	34.87210455877535
57.35284539382602	38.54786732895842
73.87225454684324	41.18238033936201
82.93986849092359	43.461747486480625
85.98355224394602	53.38564305576639
42.046615445110646	61.99968455975086
81.66312290207956	60.65023860555768
68.61145203665463	52.69666694092055
58.431559501986094	42.04118804845258
66.67365521765177	47.31499359432266
61.42473863678174	36.890589242181186
70.49248373676049	37.749658714696245
53.3369069940947	43.30614839091068
64.25644792043335	35.63122673503139
75.2094298932598	31.60828515773411
63.34529898015886	42.48499768811038
47.88554057331919	45.6083177294459
64.45038346151226	24.350538621342874
56.93964716830001	32.13054210622115
76.91609060603605	26.97948604961891
59.841502987168795	32.065581703409755
68.03622899466775	43.82680981154018
67.8968941151037	57.83163481537041
61.718027105450744	45.584137747146464
61.524147392035616	64.05903238938434
66.7041541183177	37.10065363007367
78.17478817038767	36.045160755999575
78.898063675957	38.83211488491712
62.98451516003551	30.722397074681954
75.07601631042493	42.30610537286508
50.10970218560415	40.38739681079776
64.02055268030294	30.78193461150713
66.69068346939889	50.28883853179593
57.27039000268194	29.65280663981421
71.69331409900155	47.44522341121566
66.69639664845079	50.72186238988758
62.323721837640484	30.362133367927193
69.39707515729297	48.99319895725293
48.14841085986518	60.34220649856624
50.32555668872078	37.233507763364436
64.17449148940752	48.093434516098455
61.84895855772044	38.46001579741344
65.270768073373	54.071879906887986
40.75786571285761	87.39963900268663
30.413664054865666	83.10399072454337
48.094358237578035	64.51183328237103
43.2566199654151	87.30732509192408
46.42323920627311	75.45416199106012
37.11239609868179	65.67802706356792
31.011786751109923	58.475149959633995
48.643479562229345	94.58033608175538
55.56062258355179	68.8703679985731
39.177328726861674	80.91219976916213
43.91389623881162	67.69568560207738
37.4426411365869	92.46363606667025
40.21791217572264	88.58625717336444
11.638926882705096	81.4031684516231
29.621592222658336	53.79481996735733
47.326503590803725	70.12267744716313
32.83247578953394	81.36231146583322
42.45675043928573	76.93273188007957
42.5536487577509	90.72284502804877
49.1521134358191	76.83385135147145
29.751724076402446	74.47417798693476
49.74449169503671	81.79952028132772
45.086647323610116	96.66694424587041
51.32458598445683	77.23237816204531
49.38487298945048	77.30348513528408
54.90580876875364	83.73837499033263
56.66749851967161	93.77361809107325
37.31647457443878	80.72844667744562
35.93818886236999	69.81602029392863
61.25938727171407	85.75538643633763
40.176870911483206	82.78558167236557
40.50229601384906	79.11281137350542
31.773289724705677	74.36037854901346
36.1515094114861	77.04165054122323
31.92105644316169	77.75929025852055
48.08156304210941	86.83044418677024
55.93188922375267	72.80093410931543
48.51214816103251	67.55839974427018
51.49829657671578	76.03855393930975
59.15534040519114	81.93025867970611
44.83884348460919	80.91361980979715
42.04016124739359	80.86833401854445
40.67167520434732	53.88712919571418
33.39982362762187	91.26751316514941