43.73979801153077	20.688415016286125
47.55327635171694	30.183467225837376
30.676774706874607	56.62456086554062
30.676774706874607	56.62456086554062
30.676774706874607	56.62456086554062
32.2199014635877	7.052789606601456
32.2199014635877	7.052789606601456
27.590518243018497	56.768101908204
27.590518243018497	56.768101908204
20.06111758779234	51.144153390771955
20.06111758779234	51.144153390771955
83.80826892454576	82.31722859709376
83.80826892454576	82.31722859709376
83.80826892454576	82.31722859709376
85.70613949919054	54.34964841290529
85.70613949919054	54.34964841290529
80.43822035677421	25.577417074999563
80.43822035677421	25.577417074999563
82.59327872420451	5.8478750143212315
82.59327872420451	5.8478750143212315
77.39630687015956	40.79648218640865
57.36260147308973	3.6602768835671777
57.36260147308973	3.6602768835671777
59.26047204773452	74.69269817459366
59.26047204773452	74.69269817459366
51.72220132184512	85.85364484341248
51.72220132184512	85.85364484341248
47.1016866967242	19.784061958764156
47.1016866967242	19.784061958764156
48.64481492865225	69.212290699825
48.64481492865225	69.212290699825
48.64481492865225	69.212290699825
41.74508012460998	59.860781008152074
41.74508012460998	59.860781008152074
45.55855846479614	69.3558302672734
45.55855846479614	69.3558302672734
74.98441506637882	15.073453290213418
74.98441506637882	15.073453290213418
69.71649444874751	85.30122047709274
69.71649444874751	85.30122047709274
69.71649444874751	85.30122047709274
68.50150277319132	8.831868369535172
68.50150277319132	8.831868369535172
61.601769444364	98.48035720264728
61.601769444364	98.48035720264728
63.144896201077096	48.90858741892309
63.144896201077096	48.90858741892309
94.84110143570292	53.69302948470863
94.84110143570292	53.69302948470863
87.30283218502848	64.85397615352746
87.30283218502848	64.85397615352746
87.30283218502848	64.85397615352746
89.20070275967326	36.88639596933899
89.20070275967326	36.88639596933899
84.50923789575104	6.095974574697536
84.50923789575104	6.095974574697536
86.12331489126545	20.245041825751496
86.12331489126545	20.245041825751496
13.391966265405662	1.3853659061467978
8.19499588657567	36.33397307823421
8.19499588657567	36.33397307823421
8.19499588657567	36.33397307823421
10.30571127676451	1.5289069488101654
10.30571127676451	1.5289069488101654
3.095577107246967	84.64873025113226
3.095577107246967	84.64873025113226
96.898605253202	20.59733594800471
96.898605253202	20.59733594800471
0.009320643390857697	84.79226981858066
0.009320643390857697	84.79226981858066
0.009320643390857697	84.79226981858066
81.5652333155027	96.46665980398375
81.5652333155027	96.46665980398375
85.94629733873468	21.72841566783517
85.94629733873468	21.72841566783517
78.47897537643162	96.61020084664712
78.47897537643162	96.61020084664712
80.58969076662046	61.80513619243804
80.58969076662046	61.80513619243804
75.68538256236916	37.8521992678172
75.68538256236916	37.8521992678172
2.386446778248592	4.225816743482402
2.386446778248592	4.225816743482402
4.568109456808812	33.14159207448141
4.568109456808812	33.14159207448141
98.30019031439247	4.369359261360739
98.30019031439247	4.369359261360739
91.40045698556516	94.01784809447285
91.40045698556516	94.01784809447285
91.40045698556516	94.01784809447285
92.94358521749321	44.446078310748646
92.94358521749321	44.446078310748646
88.00380115623378	87.63272213113125
88.00380115623378	87.63272213113125
90.18546383479399	17.548495986915288
90.18546383479399	17.548495986915288
19.9727859897445	82.77857389513208
19.9727859897445	82.77857389513208
19.9727859897445	82.77857389513208
15.343401293960339	33.49388472151966
15.343401293960339	33.49388472151966
16.886529525888392	82.9221134625805
16.886529525888392	82.9221134625805
9.986796197061077	73.57060377090757
9.986796197061077	73.57060377090757
13.809141657480566	66.280759318993
13.809141657480566	66.280759318993
6.625614749522857	0.04589706256252368
6.625614749522857	0.04589706256252368
6.625614749522857	0.04589706256252368
8.736330139711708	64.24083240835344
8.736330139711708	64.24083240835344
39.864946740861775	54.25856934462387
39.864946740861775	54.25856934462387
32.89426612366308	80.18622114295782
32.89426612366308	80.18622114295782
36.778691752220624	54.40211038728724
36.778691752220624	54.40211038728724
29.80800965980697	80.32976071040623
26.48230259406192	38.66547325705775
26.48230259406192	38.66547325705775
86.27828082530245	57.74906597031931