20.704830973086125	64.86573231579004
30.21638521974769	61.23112449015739
35.94231069230096	64.8758934946255
31.781960261243132	68.38586219726227
28.52343832162963	64.42096395494592
34.364954864138376	83.56432813985577
31.515515888672287	56.95736669227422
10.65023119457149	69.43599605169037
43.988158450256954	71.91444254286353
35.11970118935511	76.24324837485902
36.506104444403995	54.69274450939582
41.35069080023209	76.14850060509879
36.33167371972271	50.05321863717045
42.58551541144131	65.77047764755454
46.7223840939137	62.91553962918361
25.84214197267358	73.24106523114314
46.816284155867585	78.47811809644398
36.489594578038556	59.16804597338044
40.03602085765833	63.5298725859185
33.37936022983707	75.75032802969392
25.603624263351364	60.81027066952434
42.27436671691301	66.74667323859688
50.21759741236677	50.44416801799077
35.517325065594854	64.69315129137841
45.95061279107763	65.67212272553556
50.325707078719816	66.12330028517327
36.52532648258685	55.185961831860226
18.362190156098496	67.7803036796593
49.014582547314234	71.07754114152482
39.025790148808895	46.53197981623276
35.80473546601831	80.46703387883888
44.12166096707662	61.30701818984896
34.6164598534362	62.52432961497499
29.54607953903495	52.21828639407613
25.751120590492157	61.5556009739398
27.485788709504185	75.71272626116819
40.1502020195507	65.94301684538807
31.22126983737442	69.53694806809929
39.20982256442172	67.58270416197492
34.72804714973541	68.30483722383853
36.416922577992146	55.874842956108594
33.98433015375336	73.23739028874095
19.25868893043067	52.433229831600286
38.25013905976681	68.64080451275913
38.055912486942105	71.252579195345
39.18897977955152	60.82467027086902
32.156675092614606	76.24807319707523
49.69055729747836	67.29701842965633
36.62977015762041	46.117907289252116
34.227587130577035	54.769940171627695
47.00065276951122	68.36422400097041
40.0357365016892	59.27616680748836
45.614141284654266	59.83382440152104
47.63464127500549	66.49893446150617
38.899836415379845	79.83081928981427
19.62275109255505	63.029700235956255
26.144445890199606	66.37624747458365
24.892133854041113	68.09019638659485
15.830003256737761	82.65766884555703
23.46670122489106	54.841365714464736
20.277146531230745	83.46225509864152
37.21285863504144	62.60208297264443
17.518378946846862	80.124519918569
25.191961803283643	60.054961482163144
35.87324723103245	79.64979049685145
31.24057961726602	66.25132711774799
30.533507565206907	64.65608443981361
45.688222181323084	67.77385383594671
18.768268510179396	77.51316963809424
24.645720544218165	59.99388060202195
36.50331559945856	54.16103822634291
31.434330020746636	57.694418705148706
36.10182018270356	69.69093924621174
83.48959394985391	0.2899474824799233
102.83856025013911	13.715638920549956
80.0299718565254	-10.892363739156018
78.3629492710858	3.6866385943876123
73.34102306286555	12.947502316836466
75.90746039515665	2.2099297802892854
96.85956954454255	23.67155021160474
76.88432905237279	-4.595139321459738
82.91846914890831	-5.002848435077715
94.02762717842108	1.9036172742232855
70.12525311810896	3.336189166671427
69.06486619910467	14.022728308288896
87.3601965312203	-7.630708805686571
71.94327497431203	21.51559760629843
73.59926806471992	-0.632665777431634
81.90016359887824	14.812726026041506
75.36498604900768	21.229692065677924
96.51839992102286	-8.599966996036127
69.47536970069379	1.9744605580805157
87.28332751372585	14.277041087475046
69.92611758307422	-9.316544357763199
91.55282384024535	10.32969083247195
89.96429245118505	15.913573254340154
86.24174051625896	28.41634889716991
79.78381156226257	17.518480574571402
97.68735150151534	6.261937800778952
79.47752510743307	10.507837932133251
82.36441004451432	8.923715228119816
87.8352370805338	14.536378155497058
79.22691829693234	6.611793585046613
88.48097390542164	0.29764974568548386
82.60109815423445	-6.878614553766208
81.60658033741446	8.524872445878362
68.06212466299331	8.535826212171962
74.58806836842783	28.96619948237953
82.51244991157817	9.013616349428002
94.12866356702794	8.697391152491766
66.7139802636541	18.005241914147096
76.14042440262273	21.224098522504406
77.64633496680894	17.274525763879545
91.05017256426602	10.581700296006565
78.6238611365534	-8.401496905972227
77.68483764557374	20.338552761338708
90.54520862773651	15.934333065564342
73.03540777330923	3.018558537523355
90.66408332102372	0.06629561032427311
82.72213163767687	33.460703412608794
80.94223520983036	2.6953990662083824
88.37248440578352	14.365190557141593
80.81464345354615	17.80184429170599
86.61132607485058	13.296706360670726
92.46470263634575	21.564685962723416
73.28096222091774	7.019564246118255
67.8262795986049	-6.347332682797549
72.26498298260377	1.020604196666607
82.16891886037455	11.462681506330352
83.40969002592219	-12.776840900052783
77.64920761578429	21.921863787936328
82.94128836935128	13.374503900944976
88.17551284095963	6.833846369366849
88.26527620139127	-0.4162136659121414
79.89229211598524	3.654319291767249
91.64567660676366	13.544749679820722
95.02430410171957	1.0823572894824478
96.23759896721187	-11.360277652898688
76.19603001991459	8.095076655092486
79.64130921745922	9.735069613198611
78.75814367433841	-11.057021923434242
86.71179410002806	-10.173570055849925
79.67297555990066	9.165136913233823
82.67098435560557	17.951423333185392
101.3527003476597	10.383582172315066
84.45015535796983	19.462236051864434
7.105025036229172	75.65439078656436
16.70017856303583	79.51125701906624
31.921048610435697	90.44957783288598
31.773777767161928	71.12273722143563
18.80188260455068	73.55281532378545
36.28705346945238	67.96765844734688
20.646257053549487	86.67785942413794
30.742930444149096	69.69325162938568
25.578372769848684	86.91997340835746
22.041981550142154	108.13040202306881
29.576958772276107	84.758003640756
30.134867151914932	78.83842242354945
25.294041347084622	81.39926520793985
13.642063412045648	84.07826820246055
19.752571814099582	67.12442097266629
45.39794921434773	89.00241649587333
8.74473702286129	88.17479131991817
35.64854346624719	72.872391728402
19.127941129141277	67.2509653871035
24.410195648945457	63.08319759685088
31.498965781006742	69.84674374807072
39.53054859761083	89.2528631331227
34.65397240392286	74.43396120105575
35.18501636908043	76.40557007292969
15.958860635732057	86.04493411655676
29.7981401352663	92.79025798620727
30.06015528275351	77.32353027444597
34.3004204343807	87.69426119613155
29.272299228483828	93.8790185671119
19.65180112900076	86.96380343166493
28.394048674568594	73.21124633054022
9.816003626937995	99.52657912183066
33.35738842038826	72.1850061344879
6.764393306650639	71.21939171394045
16.679887313321043	65.38640362349565
33.94934444280552	90.37724013114698
15.621711828481608	90.58977090288897
24.69853402762559	81.78610096468779
34.045258695372816	100.09700867700762
26.93013668150058	75.77549386283692
17.991469905331897	91.40661731459117
22.06865378169403	83.12043781569518
18.871984832920436	84.95327379216383
21.619649099654552	89.95587223031588
31.15818555244205	71.44428720966184
39.04464554677381	83.10395626567471
24.039668701882924	67.54677847352681
12.867955116193508	60.32889318494358
24.10207636132836	70.32088303914935
27.358327478129045	78.58471010430559
9.941219268763295	96.86081799924392
26.837846082680745	83.27400474639379
31.40287749836805	98.97817423776952
45.37147732013206	75.86591685189258
15.435987006644984	80.41469980940052
16.806241116992727	92.83803598941485
27.077311484616427	93.70122493566174
30.40849464045622	90.28468801698162
14.770270943639623	77.1846979105778
15.864731634415534	88.27157253960435
48.351414384148796	78.69103669627654
17.658848270750354	87.4676574690379
34.127489061905706	81.47493582070153
31.063693749260086	76.48603276464029
24.169250235259597	81.73412882575728
16.02668687639934	65.85542768870826
49.01952614056731	82.25395669480008
25.375719549888657	79.35287972150614
23.719768699236674	70.1547753751262
11.718578924241445	76.89591853827842
23.514932286266188	99.54087072939181
19.014465490391917	86.07219629005509
7.518779468163309	90.05629152419661
39.319064223595916	43.983354093799804
33.45458913459013	43.44076005886585
19.42798468734256	49.900287041284486
34.6490495905707	37.82152178622411
26.497273621646542	47.36936154574269
45.99410139369183	28.544644805666696
35.114626603452855	42.52787648397944
28.611865518557593	34.908435244763844
21.247586513339964	40.527321802344545
27.24610295383146	24.564340270197498
34.363965840841416	27.611805301576332
42.255992264428876	36.72138563113977
15.978788441079013	27.273803058194062
20.632071381669192	44.4805046895076
23.15729187283914	34.90943965780679
49.6389205298154	36.67994962967716
40.83037302221505	17.320821179886718
40.55543853065125	37.46166454559333
30.034534110996113	38.34090706021173
31.30215503698506	39.533061068253105
40.70837002053141	36.06753967027043
9.60402958816411	36.628044248053996
25.218638319480494	27.82496146176951
16.83224245766379	27.518168891665212
31.659290334086073	42.54734981386571
34.194670164309315	32.15155621750402
15.098286434090362	54.18621632999435
25.938912607786698	28.404500903382164
29.009408310003046	35.33374961571761
29.53741711555197	33.61082153949819
40.615802815237444	33.72051172079308
43.439709435501086	30.507158004543765
39.727861157464204	36.07279895636871
47.01889904631137	24.05796324163648
19.561118637291084	46.17932215332758
29.033895995881785	28.721439901193826
20.036763701348523	58.39540909429404
23.999429511030343	24.19993243339276
44.52229019463093	10.357789265384952
37.0748505384443	22.615475192072882
21.120130274472487	25.29532227125359
45.06071130211784	42.11523712347754
37.41070277195133	28.753341543806936
51.95529193945376	38.866729694067
38.60304277556214	34.07572004072118
43.80444291715033	42.496485903011944
47.13722361092873	31.11576902628855
18.21720773983791	46.32532039312686
22.462554003459744	36.51593984468942
42.43239945488995	27.293325054032323
48.786545385244224	21.856773430908117
32.47685435434083	60.02914126571407
22.57126525381643	40.51328531528954
44.345312877837706	25.10510817590377
40.5811051131622	38.111105490740776
31.099163526918247	31.36459203931924
38.14472068261378	18.130594613462463
18.455669705934056	37.292805050513834
40.5480662679967	25.879718888740317
10.393873984671142	38.627296172770976
40.849333529876795	43.047470399877255
31.35010325664659	47.648734322249
25.463027414964117	34.58681835248837
22.624171006663943	42.077241067542765
32.743517632298634	45.938930820866304
22.662534139809857	23.908693907980464
27.13605327578789	50.8344656336324
23.062496896768906	30.09384631528053
32.173344459204365	36.76677691904742
32.6370199815306	34.538670732147835
13.320991864322103	40.72534035643502
35.64018681597326	40.657658857303595
28.18740607846817	58.97083352423117
33.51623294430543	45.50208812519369