85.02647970023256	90.6958736083549
86.92435027487734	62.728294899381396
79.95366818246369	88.65594669771534
79.95366818246369	88.65594669771534
12.082287734043684	78.67368363398577
12.082287734043684	78.67368363398577
14.193003124232524	43.868618979776684
14.193003124232524	43.868618979776684
6.734548282162798	2.96550897233778
6.734548282162798	2.96550897233778
11.115613780609749	27.227264836189203
96.83974418519456	70.0008951554643
92.21036096462535	20.716205981851893
92.21036096462535	20.716205981851893
93.7534891965534	70.14443472291272
93.7534891965534	70.14443472291272
86.85375439251114	60.7929250312398
86.85375439251114	60.7929250312398
90.6672327326973	70.28797576557609
90.6672327326973	70.28797576557609
90.6672327326973	70.28797576557609
10.796698700906305	0.26896165828660346
10.796698700906305	0.26896165828660346
10.796698700906305	0.26896165828660346
14.61017704109247	9.764012392622897
14.61017704109247	9.764012392622897
7.710443712265153	0.412501225735024
7.710443712265153	0.412501225735024
9.253571944193208	49.840731442010814
9.253571944193208	49.840731442010814
40.66598212447368	96.7418209430388
40.66598212447368	96.7418209430388
33.69530150727498	23.6694742165877
33.69530150727498	23.6694742165877
33.69530150727498	23.6694742165877
35.31824562302271	21.033646281390812
35.31824562302271	21.033646281390812
30.617913638867158	7.028120073000219
30.617913638867158	7.028120073000219
32.231990634381546	21.177185848839233
32.231990634381546	21.177185848839233
58.500640533306814	2.3175114044494802
58.500640533306814	2.3175114044494802
51.31711510056407	35.082647672804036
51.31711510056407	35.082647672804036
51.31711510056407	35.082647672804036
55.130590490320316	44.57769988235529
55.130590490320316	44.57769988235529
48.20425137514812	85.58087427421998
48.20425137514812	85.58087427421998
43.00727952110316	21.52948144630739
43.00727952110316	21.52948144630739
45.11799638650696	85.72441531688335
45.11799638650696	85.72441531688335
27.673907583403853	97.39880382707148
27.673907583403853	97.39880382707148
27.673907583403853	97.39880382707148
32.05497160663583	22.66056116613785
32.05497160663583	22.66056116613785
24.871444698678125	55.425697434492406
24.871444698678125	55.425697434492406
26.414572930606177	5.853927650768197
26.414572930606177	5.853927650768197
21.794058305485265	38.78434329090492
21.794058305485265	38.78434329090492
21.794058305485265	38.78434329090492
14.255787579595868	49.94528995972374
14.255787579595868	49.94528995972374
16.437451733371045	78.86106234029283
16.437451733371045	78.86106234029283
47.495121046149734	5.157962241785085
47.495121046149734	5.157962241785085
49.67678519992492	34.07373609756913
49.67678519992492	34.07373609756913
49.67678519992492	34.07373609756913
44.40886605750858	5.301503284448463
44.40886605750858	5.301503284448463
37.22533767433592	38.066641028017976
37.22533767433592	38.066641028017976
39.38039604176622	18.337098967339646
39.38039604176622	18.337098967339646
65.08146025764566	83.71071791821981
65.08146025764566	83.71071791821981
65.08146025764566	83.71071791821981
60.452075561861484	34.426028744607386
60.452075561861484	34.426028744607386
61.995203793789535	83.85425896088317
61.995203793789535	83.85425896088317
54.81167688583183	17.619395229237732
54.81167688583183	17.619395229237732
59.20161097972707	25.09625738205326
59.20161097972707	25.09625738205326
59.20161097972707	25.09625738205326
51.73428901742401	0.9780410856502482
51.73428901742401	0.9780410856502482
53.84500440761285	65.17297643144117
53.84500440761285	65.17297643144117
84.97362248397789	55.19071484292655
84.97362248397789	55.19071484292655
78.00294039156424	81.11836516604554
78.00294039156424	81.11836516604554
81.88736602012177	55.334254410374974
81.88736602012177	55.334254410374974
81.88736602012177	55.334254410374974
74.91668392770812	81.26190620870892
74.91668392770812	81.26190620870892
76.78794871600803	4.649013058487973
76.78794871600803	4.649013058487973
71.59097686196307	39.597618755360436
71.59097686196307	39.597618755360436
54.643527928749364	2.3178753602854982
54.643527928749364	2.3178753602854982
54.643527928749364	2.3178753602854982
56.257603449048794	16.46694261133947
56.257603449048794	16.46694261133947
51.557271464893255	2.461414927733919
51.557271464893255	2.461414927733919
53.171346985192685	16.610483654002838
53.171346985192685	16.610483654002838
46.20066636799399	42.53813545233678
46.20066636799399	42.53813545233678
46.20066636799399	42.53813545233678
41.296356688527716	18.58519852771594
41.296356688527716	18.58519852771594
42.83948492045578	68.01342726877678
42.83948492045578	68.01342726877678
72.26534152203845	13.731048816501822
72.26534152203845	13.731048816501822
76.07881691179469	23.226101026053087
76.07881691179469	23.226101026053087
69.17908505818234	13.87459133438016
69.17908505818234	13.87459133438016
69.17908505818234	13.87459133438016
63.91116444055105	84.10235852125948
63.91116444055105	84.10235852125948
66.06622280798135	64.37281646058115
66.06622280798135	64.37281646058115
58.882695900023634	97.1379527289357
58.882695900023634	97.1379527289357
62.696172764994834	7.633004938486955
62.696172764994834	7.633004938486955
92.12202789136256	52.35062648621201
92.12202789136256	52.35062648621201
92.12202789136256	52.35062648621201
93.66515759850557	2.778855227272839
93.66515759850557	2.778855227272839
89.03577142750643	52.494166053660415
89.03577142750643	52.494166053660415
81.49750365204696	63.655112722479245
81.49750365204696	63.655112722479245
83.67916780582213	92.5708865782633
83.67916780582213	92.5708865782633
83.67916780582213	92.5708865782633
78.42011578363913	47.01375857889176
78.42011578363913	47.01375857889176
80.31798635828392	19.046179869918237
80.31798635828392	19.046179869918237
10.672892721065299	0.04296290765016031
10.672892721065299	0.04296290765016031
5.475922342235298	34.99156860452262
5.475922342235298	34.99156860452262
4.544722770594531	15.405569061722614
4.544722770594531	15.405569061722614
96.00645499513504	26.56651573054143
96.00645499513504	26.56651573054143
55.53536552431574	3.4032991125071104
55.53536552431574	3.4032991125071104
55.53536552431574	3.4032991125071104
57.64608238971955	67.59823445829802
57.64608238971955	67.59823445829802
50.17876042741649	43.48001816189502
50.17876042741649	43.48001816189502
54.55982592586343	67.74177402574644
54.55982592586343	67.74177402574644
47.09250396356037	43.6235592045584
47.09250396356037	43.6235592045584
49.20321935374922	8.818493075134356
49.20321935374922	8.818493075134356
49.20321935374922	8.818493075134356
44.01511609515256	26.982205060970898
44.01511609515256	26.982205060970898
73.37002540836384	7.978988098702822
73.37002540836384	7.978988098702822
75.26789450779367	79.01140938972931
75.26789450779367	79.01140938972931
69.99997389016238	50.23917657660863
69.99997389016238	50.23917657660863
69.99997389016238	50.23917657660863
72.18163804393757	79.15494895717772
72.18163804393757	79.15494895717772
66.91371890152122	50.38271614405705
66.91371890152122	50.38271614405705
59.98737978634903	91.3858920111367
59.98737978634903	91.3858920111367
61.601456781863426	6.534960737405623
61.601456781863426	6.534960737405623
93.22671177768795	46.59856576841301
93.22671177768795	46.59856576841301
93.22671177768795	46.59856576841301
95.12458087711778	18.630985584224526
95.12458087711778	18.630985584224526
87.58631310165829	29.791932253043353
87.58631310165829	29.791932253043353
82.95692840587412	79.50724307943094
82.95692840587412	79.50724307943094
84.50005663780219	29.93547329570672
84.50005663780219	29.93547329570672
84.50005663780219	29.93547329570672
77.60032330897486	20.583962128818836
77.60032330897486	20.583962128818836
81.42267024460932	13.294119152119238
81.42267024460932	13.294119152119238
11.848523895762073	58.01174069984429
11.848523895762073	58.01174069984429
6.580606228560702	29.239507886723608
6.580606228560702	29.239507886723608
6.580606228560702	29.239507886723608
8.47847532799053	1.27192770253514
8.47847532799053	1.27192770253514
1.5077932355768753	27.199580976084043
1.5077932355768753	27.199580976084043
5.392220339349367	1.415470220413466
5.392220339349367	1.415470220413466
97.42153677172075	27.343120543532464
97.42153677172075	27.343120543532464
0.009007980890281653	91.846873353339
0.009007980890281653	91.846873353339
0.009007980890281653	91.846873353339
84.40285644430605	78.3547889863177
84.40285644430605	78.3547889863177
76.86458571841665	89.51573565513652
76.86458571841665	89.51573565513652
78.7624577682764	61.548156946163004
78.7624577682764	61.548156946163004
74.0621243089059	47.54262926255747
74.0621243089059	47.54262926255747
74.0621243089059	47.54262926255747
75.67619982920533	61.691696513611426
75.67619982920533	61.691696513611426
68.70551921200664	87.61934831194537
68.70551921200664	87.61934831194537
0.8430044086050031	60.85219153717989
0.8430044086050031	60.85219153717989