21.54161347277521	8.144427653688977
8.895058322538734	84.40502815687167
38.072594251569235	5.09971639483572
32.90222818386915	88.69363505774064
29.452362257062966	84.01788168711913
31.545340456355234	82.78260740541177
24.26425899846631	3.1815921977407315
55.836303896816034	44.95456834625326
57.73417447146082	16.98698816206479
50.47969879991677	85.03128739564117
52.83873338744284	75.24915605119308
64.87335840217706	68.14632634974957
66.93973081512445	18.26573762679478
59.94244441158088	94.5480749838813
63.791395658345245	36.90354497321417
46.79960374789008	83.54827750939353
48.83937037449259	84.02237434519131
41.77113373214772	96.58387319228471
36.69832221437885	94.54394628164515
38.755826031877945	61.448252744941215
31.669853673851453	8.579541964536324
64.1908323843086	36.36872875856209
66.39023372898038	31.714712241844424
59.15349672354787	66.18921962770413
61.113445991115746	19.72737313975965
54.16050108959868	12.085236040806837
58.47061782445928	71.62615191945017
51.38464399121783	18.75744261426024
53.32685754310408	5.865387974032435
82.54873644937604	40.63559880552724
77.68876974715123	31.7581859496521
79.32058245834725	12.337464303419305
72.36763755683018	4.695325729251534
76.56246402607795	84.43988197958595
69.52083317007795	46.646695267926766
71.04622421110942	30.64471438148931
3.7601666366318303	1.8593675499881095
95.39926781970827	73.3224090185748
0.22161475534272357	66.03256309144528
92.23319547203249	26.5300067374959
93.8561395877802	23.894180277513964
89.80321212092008	71.59130104716581
73.11295098049189	42.54959430038606
74.72702650079133	56.698661551440026
69.96461434849773	61.18740164680544
62.84316613346311	75.45827308661895
64.85632697372074	27.287055481169315
57.637325683969856	28.1917724945273
62.115945732348024	65.81968130961927
91.39990480675802	82.09562731257303
93.16474644967842	8.901476397362392
86.10537840278184	4.678080058204923
81.25428177122028	78.01577201607894
83.22309963423646	14.769031817098542
76.5273425255049	15.36493136644092
78.29218416842531	41.17077897601532
10.846491875878453	17.513545497029572
12.779836832316407	21.406384567837662
5.614047115255282	20.601731938905463
7.689288123650953	52.93624802969981
0.7806861993753446	60.36963352427775
95.04487983342662	14.503686585675638
96.96935619441629	35.18142084273459
26.86309854431639	96.99275799115603
31.111135111038948	76.02794164877034
24.069504255038957	38.23475641232611
26.15361385888293	53.784375841654644
18.863663805545713	89.96825729544942
14.110120248700406	77.67210072934903
16.016859418793484	32.91962683412465
72.16012957410324	69.89322711929098
76.4081661408258	48.92841077690529
69.25124501921297	31.338862961722228
71.40630191142832	11.609320901043894
66.13838276901197	81.83708808792322
59.22091224928808	7.055370243966973
61.13652001482945	44.51799968727678
90.24310718027361	0.4918508904626584
94.6862528468586	6.259338975343114
87.40517138896966	25.658325242887027
89.40059503833072	11.056898009939108
85.0993468989184	33.731083994615005
78.20848216553938	7.594679116691216
80.1063512649692	78.62709893250275
12.740477806671938	2.905808777259268
5.388447585196677	57.58395653481006
7.401608425454302	9.412737454145459
2.2755868102106382	9.082181661011049
95.14741685973988	24.4447878150835
97.09849900707442	93.76783651338988
29.537516448914715	90.31424045566528
31.488597121034307	60.63728915397166
24.828314394095923	93.09360943352556
26.619761823361202	68.54477148434738
21.76866371658468	42.8824634422214
14.629478310653473	90.72312377932165
16.722457985160688	89.48784949761429
98.61537433387772	57.33621945505482
3.6505646098412683	43.20889053311964
95.25419288633951	82.81151274670978
97.41811837400316	46.297075499780576
92.4339928107172	74.40819672663243
85.17064854372487	60.237391146459665
87.52081453580264	67.24015498826245
17.733824846626295	19.795262481223055
22.035072986038614	96.12107649654718
14.43472356722613	26.776287993907037
16.536570361966678	8.756118525948818
11.818501186914549	28.32038269005994
4.750264544569681	40.88188153715333
6.736821073697389	43.06534949045628
35.79906526190008	82.96367662489645
38.12262694284793	41.3211260254518
33.369083386002636	29.024969459351404
35.399981417156845	46.28396148140005
28.296271868233767	26.98504107349688
30.469067426560652	72.68571011553178
23.37422352265595	36.60189599659271
54.95513849166893	61.58997548363943
56.87961485265859	82.26771121591334
49.86458978300348	93.11983894550158
53.651462336844766	53.96957523859045
46.64530438742299	48.03680778192783
48.31259295562713	60.47650391547664
43.40828327616086	36.5235669908558
26.354412672782594	2.6625658307911726
28.305493344902185	71.98561452909755
21.254993893453904	50.97732447890419
23.649504337988095	73.05561238945266
18.798404755996614	47.393304347326676
20.793829880572623	32.79187711437876
13.335377988932814	90.8887656317249
44.792131146454736	53.86538067671354
46.97379530022992	82.78115305728264
39.87008575130684	63.48223412459441
41.77682344618496	18.729758754155082
36.78382928745073	63.625773692042834
38.59301390761259	5.507146845577908
31.657804721777147	63.29521789890841
63.07021637727258	11.196308875151367
65.07451009729687	78.80998645595258
57.8466402120977	96.4996001307764
60.22341199052035	53.1476784138266
52.9689363189763	22.191976172188014
57.47416067848438	9.46519942852742
50.2640279841818	92.5850227308495
52.552113808121526	19.08205287640829
81.61435947153917	58.980380010848464
76.56815374011519	6.585766066241363
78.7143435120972	3.641120667028852
71.62836967885575	49.77240988662396