77.97168015981997	60.88535650945058
63.187805308264714	24.30570722559493
93.95281244646473	9.504149748580478
96.14334372047324	21.635026942898705
91.01732063001462	21.304471149764293
92.72008358001194	65.60458653830968
87.49650593962211	51.907877793934695
80.33071622256098	51.1032251650025
82.53898616268104	29.66431198681901
67.7199883353378	23.009713565033287
69.67106900745739	92.33276226333966
74.97446400688185	53.96541285624195
76.84572879518176	76.35251970602101
71.83499597033598	55.81832501641047
73.53775744511834	1.1184404049558427
6.136409605027901	91.53673246993077
98.94615948641909	26.393601977329308
1.8262928701672987	31.995813640857513
95.6736639933638	82.01994340647568
88.70298190095015	8.947595204809614
92.52532736136963	1.657749277680097
17.567973079708178	37.80677838397555
19.06675833439477	72.15948453150563
12.149286339455912	96.37776521233444
15.98050334575362	72.30302557416901
8.82358074892583	54.71347628377099
10.810137278053537	56.89694423707393
69.58736700457145	58.756662404015565
62.07570354024189	19.5629235140818
63.991309830568305	57.02555295739162
59.370795205447386	89.95596859752833
60.87844905558227	8.523779558807561
53.79247669755578	54.65506877840267
85.11620239856828	71.4051116171542
86.9874671868682	93.7922169917183
80.061128071696	35.79539433401292
84.30916463841857	14.830576516412261
76.99260879873647	2.369145004174571
78.95255806630435	54.90729851623009
73.64916306687988	93.27464644811286
5.423040275743141	61.68819230963258
1.919961301032255	58.72180858130128
93.99362218586006	0.7249844483809329
97.86917921896931	90.72576887896122
90.87189281542572	68.00810623604774
92.47709974027687	98.94206867335255
24.889511395772303	46.843159649595506
17.954303685151817	5.631230702926013
19.701408137175637	65.0068701602171
14.4778304967858	51.31016141584213
16.36683395119726	40.127477893119476
9.440494836025069	81.13065228498417
93.23128028417192	21.01144353345119
94.94291035440258	48.5266637357457
89.878967432082	29.701841638855285
91.82117950875329	16.80978552341251
84.87710467789947	91.38275176299388
79.68900141930281	10.546460798400517
81.81745400038824	41.17160724690468
13.821911740477178	68.17787679068714
15.93262713066603	33.37281213647805
8.483042359259542	74.68480694278828
3.6408128479313238	32.23760371441143
5.59189647048082	2.560652412717804
97.67442447554195	26.778933093546595
2.4524269587199994	4.41356309767137
31.64770155386203	89.53846243834866
33.87370868487867	34.52975888766346
28.650131044488834	20.83305014328849
21.652843165730303	97.11538897558997
23.12502410928699	82.82278068187263
18.13202847533779	28.71879561976038
20.10971493380225	47.68715728409922
49.34046243552249	65.67247587977307
44.61352318980711	3.021633754920103
46.37836630794247	28.82748283970947
41.21686883569068	95.6365077915785
42.786602853963615	94.7100524491017
37.71379133619475	92.67012258803221
20.71312935507633	57.0997517856774
22.24739046677105	24.31287718820405
18.895076139466173	33.00327381839319
13.813396026249013	47.74824209400448
6.833845338387067	90.46078760337433
10.594112105883479	2.66521093043073
39.58540900571479	77.84269955487777
41.66951860955875	93.39231898420631
36.4725467555138	29.34092615629372
29.51073325854843	38.48368129316186
33.37742169620939	46.26936090999299
26.22936917004485	11.89491643334412
27.994210812965253	37.700766993348445
58.56410885130283	95.16690361385288
53.748486601534445	2.365013351508493
55.99222944823271	12.786520903536532
48.42735588642835	74.30215313110794
43.45209744337574	85.62837769649397
45.42091678160688	22.381636022298615
76.51405900096377	79.53895517878743
78.67798743905733	43.02451793185824
71.11311092682305	5.540151634644596
66.38617315632263	41.88930950979162
68.17762058558792	17.340473035828413
60.985225082181906	66.89050596564879
65.06475981060187	67.83869816202942
47.93993749320737	69.25685996718661
42.636543968997856	8.624207899069367
44.45459718460801	32.72068586635359
37.22672729940884	50.410299541177395
41.31512914806215	34.57359802652211
34.583899132752386	3.3090768456529513
36.57045418666514	5.492546274170854
65.7834644974888	57.047653767131465
60.542149666202384	76.92073539525822
62.67060372250277	8.545880368547422
57.62439799107877	55.15126789915528
59.50452989961202	60.75347808746852
52.01947222162733	70.20505216356723
83.48509397459756	16.396772022305026
85.24106702206967	58.98751629334526
78.27038640487098	84.9151680916792
82.08386326984218	94.4102188260155
74.81165040740154	97.02430843209359
70.00489527786648	86.43752298349834
71.61897227338088	1.5865917097672741
1.973880111377211	81.58337474749919
5.867174335383048	39.01436880557775
97.92309655409932	14.587335045159124
92.69952038892444	0.8906263007841617
94.61512815446581	38.353255744093964
87.60897168025897	32.420488287431354
91.50226590426482	88.85148234550992
74.53707978015451	85.1415293229367
76.14228670500567	17.075493235456484
71.46855903198004	51.71527999309837
63.9923714246586	44.381958882946215
66.05874236239102	93.50137015999142
60.86177198356102	29.44997585686388
62.75077396275752	18.26729233414123
92.1056803255389	98.2640768470881
86.97965723508028	97.93351957873872
89.07263543437253	96.69824529703136
81.9157143127597	79.10869600663334
85.81787713221382	19.754794878461052
78.89153801704164	60.7579707455407
80.8603558800578	96.51122907134537
13.37918920571778	40.993576337363045
5.805447048465131	20.294103751185304
7.9782426067920165	65.99477279322022
2.736929250720553	85.86785442134696
4.679141327391852	72.97579830590419
96.73506502132308	48.54876454548556
29.156345272266787	78.6649588602627
30.71720921987647	94.52339870403677
23.84408167739403	34.81720345361127
27.59547984944215	62.80652049170358
20.28779260520835	33.56019084278511
15.472168880224995	39.75830205565568
17.63609584310359	3.2438662839414554
0.13879546731072712	16.62762591163472
4.3602262476884075	46.01749660321656
91.48523447580848	47.992210001714696
86.2616583106336	34.29550125733974
88.07084293079548	75.17687588608977
18.381407791550345	41.098134855075976
22.398860876617317	60.54059483042757
15.241939755004482	42.951047015244505
10.071573687304399	27.54496715336438
11.925101284707724	83.5018629004302
5.025367955880407	74.15035320875728
8.90092498898966	65.15113763933756
38.06959232257186	2.6307210635524783
40.1714391173124	83.61055159559425
34.27385264849725	58.56587995671446
29.431623137169016	16.11867525312265
23.134951348395653	53.39429142117638
27.205617481367334	71.12737880380786
56.35654762405295	42.17675407573944
58.351972748628945	27.575326842791522
51.23939312904262	25.061301621139208
46.06015846589424	26.440116945509942
48.14426806973822	41.98973785005344
43.07145655196935	39.949809464198914
44.98706284229576	77.41244185793863
27.50750113261443	57.2264111131302
22.886983557063598	90.15682675326691
24.50106055257799	5.305894004320872
17.35300950162841	69.93145100288696
21.547833020446266	50.67600725322137
14.674705477963826	89.9698105275809
16.271045282581632	38.688669626351555
47.86082737182794	46.89185392714741
40.74824775224161	44.377830180710056
42.32685036596285	26.666479651982417
37.02345684175334	65.03382758386516
31.977251110329345	12.639213639258063
33.46716629435269	63.77681497303901
62.91962868228025	58.13975243722644
67.07897929451988	7.02388648213438
59.8156365027425	91.85308237717658
61.55387088410307	69.01361702071853
56.54313953447225	48.479423806322934
49.37734981741113	47.67476970217578
51.57675116208289	43.020751710243154
82.03135893480763	21.69052722722371
77.37536845267859	22.760525087578824
78.93623387550322	38.61896345613794
71.77044268322715	37.81430935199079
76.1958526341305	77.15158928458791
68.91477117624157	96.55057407691687
70.8835875640428	33.30383387793648
56.02024823467305	11.573709912190099
48.47311038855032	39.51955176725978
52.51717073517712	8.607326183858785
45.53762004731517	51.31987464365855
47.12509125648469	16.82362745346509
42.20304438612183	26.44048090134596
71.2564214540912	83.12370174682204
73.37600543972833	31.533743381577054
68.1435592038902	34.62192834823799
70.0148239921901	57.00903519801705
63.123959258811084	30.872630320093265
57.811697139153296	86.02487343822689
59.82485797941092	37.853657307992215
89.21523872398546	50.71085812550574
93.04645425506821	26.636118487340315
86.10237794899943	2.209084726921682
80.83445733136814	72.43685191380101
82.59929897428854	98.24270247380532
75.62861688187489	25.170352796924327
79.85891773291583	37.775328302255296
9.637368341988125	20.790302871937914
11.792426709418427	1.0607608112595703
6.577717664476881	69.57915688063375
98.64250995385639	28.367227933964262
1.5669863148460688	49.044963666238175
95.39662024714599	33.63888232914309
97.44525546919678	17.32808397869002
59.988339627676076	95.78731614924267
53.00878893981413	39.49986165861252
55.01308118462347	8.113539239413733
49.80724073513022	59.847041597752
52.16627679787124	50.06490877808896
44.71669350167973	91.37690358439919
46.614562601109554	63.40932487542568
78.31076783573538	68.19376694121124
70.80797296685411	12.215132865026625
72.92755547727629	59.62517302456668
68.02324727302496	35.672236099945835
69.84130048863513	59.76871406723006
62.70211508270392	8.609374404330312
95.24083245927262	2.8287708258543764
89.89309595782166	26.12059468899143
84.70499417443995	44.28430667482799
86.75362939649075	27.97350832437491
81.61873771058383	44.427846242276395
83.70284731442781	59.97746714681989
13.676407023362534	69.7247446685537
8.825308916586012	44.06243662642769
10.332962766720899	61.630247587706926
3.3977550561004124	20.418318641037438
7.193496205389994	63.48315974787545
0.23168123320967338	72.62591635995854
84.0047309656749	46.076497980927265
85.81391558583678	86.95786965924738
78.6037828915342	71.07769443678444
83.06466574901576	43.27539214916317
75.94321753398114	57.54626211376171
77.53068874315066	23.05001639878321
72.73280073384893	94.67833576393711