29.145292134370138	92.1218025424503
22.254427400991112	65.98539618931154
22.254427400991112	65.98539618931154
26.06790426596231	75.4804483988628
26.06790426596231	75.4804483988628
55.49376086754499	21.198069946587847
55.49376086754499	21.198069946587847
57.03688909947304	70.62629868764868
57.03688909947304	70.62629868764868
52.12371082455848	63.458256949278706
52.12371082455848	63.458256949278706
50.83812326663607	84.0535364487945
81.89579405462972	10.3504348750718
81.89579405462972	10.3504348750718
84.07745673318995	39.266207255640886
84.07745673318995	39.266207255640886
76.5391874825155	50.4271539244597
76.5391874825155	50.4271539244597
71.90980426194629	1.142464750847283
71.90980426194629	1.142464750847283
73.45293249387434	50.57069496712308
96.39587532705455	89.04673159416988
96.39587532705455	89.04673159416988
89.49614199822724	79.69522190249697
89.49614199822724	79.69522190249697
93.30962033841341	89.1902711616183
93.30962033841341	89.1902711616183
86.12609195524074	22.955408905187817
86.12609195524074	22.955408905187817
88.24567594087787	70.36544906472788
88.24567594087787	70.36544906472788
47.49079289092818	89.31887988193598
47.49079289092818	89.31887988193598
40.52011227372948	16.246533155484894
40.52011227372948	16.246533155484894
42.13418926924388	30.395600406538854
42.13418926924388	30.395600406538854
37.43385580987337	16.390072722933304
37.43385580987337	16.390072722933304
39.04793280538776	30.539141449202223
39.04793280538776	30.539141449202223
61.99087563856798	69.01517660103409
61.99087563856798	69.01517660103409
55.02019502136928	94.94282987458298
55.02019502136928	94.94282987458298
49.82322316732433	30.891434096240477
49.82322316732433	30.891434096240477
51.93393855751317	95.0863694420314
51.93393855751317	95.0863694420314
81.08486870019878	66.13574323874802
81.08486870019878	66.13574323874802
84.89834704038495	75.63079249786936
84.89834704038495	75.63079249786936
77.99861371155764	66.27928428141139
77.99861371155764	66.27928428141139
79.54174194348569	16.707514497687193
79.54174194348569	16.707514497687193
74.91235724770151	66.4228238488598
74.91235724770151	66.4228238488598
67.37408652181212	77.58377051767863
67.37408652181212	77.58377051767863
69.55575215080226	7.499544373462677
69.55575215080226	7.499544373462677
1.9415580199528044	5.755320908458199
1.9415580199528044	5.755320908458199
1.9415580199528044	5.755320908458199
3.4846862518808592	55.183549649519044
95.58495144783859	45.83203995784611
95.58495144783859	45.83203995784611
95.58495144783859	45.83203995784611
90.3170308302073	17.059807144725436
90.3170308302073	17.059807144725436
92.49869645919743	45.975581000509486
92.49869645919743	45.975581000509486
87.23077584156614	17.203348187388816
87.23077584156614	17.203348187388816
89.41243999534132	46.11912056795791
89.41243999534132	46.11912056795791
71.89740242865187	93.07267204336785
66.99309422440055	69.119735118747
66.99309422440055	69.119735118747
60.66094805383402	74.53492908137426
60.66094805383402	74.53492908137426
91.76295886863922	15.907353051612215
91.76295886863922	15.907353051612215
84.57943196068152	48.67249079518173
84.57943196068152	48.67249079518173
86.69014735087035	13.867426140972649
86.69014735087035	13.867426140972649
81.49317697204036	48.816031837845095
81.49317697204036	48.816031837845095
83.60389236222919	14.010967183636017
83.60389236222919	14.010967183636017
78.40692050818424	48.95957140529351
78.40692050818424	48.95957140529351
8.761826870965619	29.95635591824039
8.761826870965619	29.95635591824039
10.375902391265052	44.105424644509306
10.375902391265052	44.105424644509306
5.684439002557791	13.315001774652904