52.239789587842075	10.472206689671854
56.310807126818915	89.99076418936983
68.6292271958985	40.771288527898825
47.60687165421177	36.332829622329136
60.49287888155214	1.8800576151583095
81.92816786459747	22.788283280925885
94.60133027639378	94.17299869420559
61.22045363910231	73.3041180340095
10.873329283610259	61.36887842568563
30.64133264888135	69.83740648268943
95.69286885332909	34.201822168193196
55.172101047666175	36.60266603660927
23.37869561954422	80.2375396614347
36.05185508091062	52.62225359949944
76.82945779813893	95.67397921274195
71.0475159513717	13.211138794452545
82.47021083060366	75.26608136996315
79.00296059412103	66.94558553847995
20.20410608242531	13.015501208458192
24.443274053699582	8.835581527538313
11.82367757102811	96.526963638605
53.79002053390284	31.18819703522416
91.26852049651602	81.22094963636563
3.846181309785	81.77991488122908
89.57031318958478	25.55354372528923
7.376218952060889	96.17708169265934
17.991876071143157	2.6574891674280114
39.42716652940344	23.5657148331956
37.13943211146888	59.85415332948834
54.76124570475797	71.26732826091963
67.64725145688338	36.81455772896375
42.82452812117508	54.521778080240274
55.746008255093656	51.92942532806602
68.06442684895828	2.709949666595015
85.68624044224735	14.123124598026298
88.59547787835776	15.462957397446589
11.03076833661804	36.37118306321417
23.70393074841435	8.755898476493865
10.711853256914605	9.412881360526535
32.714732348650635	45.08781068059428
45.042019537963554	78.08343983287241
59.11676406052042	34.24017708429318
64.53544932555772	74.6691902559343
14.699170268220485	55.35533900090039
63.37865169907331	92.06541383382394
76.26465892641367	57.6126418266531
42.31619513086141	21.977057512156872
61.80040344178716	72.56223300440311
74.72188357570573	69.96988025222885
94.5785714202448	9.589456446724071
96.9290902935427	78.37769040559334
17.66161927702063	54.985800682815544
30.05098663447159	69.48716205612271
95.67010999718012	48.61828139592664
8.988530066259706	98.39880425924068
30.99140620756582	35.07373652973835
48.577745419061735	14.626492206173069
50.95487155391947	33.0600391310748
63.91182606963121	62.3281056338971
76.23911325894413	95.32373478617524
51.9396326290402	13.722136198221184
64.32899998649116	28.223499046743314
14.576070050819725	79.70027900918198
84.8600524911056	40.9765067775949
97.21394399154843	23.6174488959055
20.181348701491295	27.43196043619165
32.53524167714909	10.07290255450225
97.91491443796869	46.39619487350928
18.611967564438483	90.14388589573493
67.29145047050626	27.85396072865846
8.364905335118241	86.05771963720348
28.186118797864136	92.81687805191709
40.5754861553151	8.318239425224276
60.30801366357806	83.92634970244647
26.324075486232637	16.430346132953673
75.61548705258771	82.98264868892308
95.43670199054856	89.74180710363669
63.634427966978315	51.16157443949802
75.98832094263611	33.80251803302359
93.57465867891707	13.355273709458315
7.496140288050605	10.762922432499003
29.729952792232446	67.81604555189595
44.23003553987225	47.512342270994054
10.609708300691846	83.83563311478612
30.342237284169766	60.44374339200832
42.66065440281943	11.224266255322362
62.55281810436662	81.70426318002912
65.46205554047701	83.04409597944941
77.81594999134977	65.68503809776001
97.58395040619095	74.15356762997878
63.635486610638694	38.51798331548254
76.5303609582124	86.2803146468459
26.245318246073346	55.850810209980956
1.945839091384373	73.24921162202689
19.532176827665335	52.80196877367658
31.886071278538076	35.44291089198718
44.77207703066349	0.9901403600313106
84.24246888000656	12.566776359279608
5.099158199760573	51.186352553774825
24.876030160479953	42.86998689974273
27.25315482012274	61.30353382464446
40.13916057224814	26.850761817473636
52.49305354790593	9.491705410999208