34.44529032196433	89.18295249716618
46.46304612211078	77.28377304938729
46.609592677496025	97.49998266083618
18.07519347184833	89.68851693968091
50.93820703374361	84.5841623706109
33.792183269032165	94.7069958925307
46.32113846041483	91.93972941308054
28.491544338486086	100.77703001564771
45.968664565812375	94.73271716091203
29.78060332764791	98.7668275933539
39.44819643595229	113.66576186782476
11.432095713264552	71.26218979387068
45.2136205185615	97.65473043919226
47.191675433589594	107.18715884127917
32.50717400861393	91.29738672786327
42.67680035956205	86.79031286402719
27.145479315412068	94.5550033992795
51.43137224340575	91.7120839160442
21.197173126340264	91.82223817911542
40.503260973332004	109.01553349400713
39.43088087785809	92.25040385179544
33.372685688216336	73.11311654464043
52.58328396905486	108.74240912047141
34.16803182207694	96.64202461009936
56.8113147473114	87.5262319938633
42.53169475868273	107.43532487916605
53.20117107099381	92.5933674911528
51.24362618888341	103.35868648308848
43.19507115994124	102.30383738344675
42.39306900290299	86.50432826421957
62.56795556722825	99.67436302549419
61.516325101278646	88.12437839692068
35.33167962915066	88.3703844429209
35.67171196369228	85.56374403701292
37.798637737990624	106.74494934307964
41.500710349299155	97.2601950779386
53.31503165926874	100.24375563248313
53.27889777671513	77.27668207274822
57.5982264436781	92.74269612762224
16.236953200765715	90.7407251821046
36.70584766233234	106.98981277911805
30.3256737033472	83.34966687359122
41.54566458276786	85.21964602756398
33.568730813957494	106.063371687015
45.7407821502983	95.1593438395583
64.56639030852895	88.55136294545414
34.20452692026047	85.00997857907684
39.762638283672196	105.00276744684672
62.2960015155955	81.21824732894639
77.796753439532	105.38435415950093
95.54602084905162	101.44124204988816
69.9280010782255	95.89306723099598
76.18630435491984	96.66940662795035
66.07268591507179	88.25269898404115
57.17628102865977	95.69659184528427
72.46455910625149	76.45734453381525
64.95960033756991	90.26669963430068
62.16091463634801	99.03434407230067
92.50771710219205	80.53511152292675
81.73492581449803	65.63520799402066
71.24563468900847	79.18332185841189
92.11816592076819	94.21394137113332
56.63223045855974	88.01581680973972
76.86182944249217	103.47463471914041
72.94039785798242	94.806890831416
77.8620717722455	79.4280121180605
79.83471376389107	76.3586481221217
81.02514101054543	82.17143849085627
67.59095306309938	71.47176743776711
79.18627385805993	104.73943797698503
66.2676041318152	90.23597873962167
68.30225629150446	90.05313319604497
68.20441660480253	91.48950177391322
67.17855220244958	74.92214191251995
82.81456952272583	72.79137877358508
47.820973797230266	70.61103086058752
80.30046064101833	97.69733706661874
76.63280107200636	94.31430445274582
70.90308793371766	88.1265778943783
90.00713611519731	97.48205101432109
62.77510556444492	80.62532967647927
70.32609333597185	87.72468330215371
63.93768500506236	82.3945223339839
82.77049363056885	90.61161835503279
76.7461476496589	84.27821287205745
77.2761077674071	83.82008840031949
63.316825690336	79.48372022915711
86.11374137834626	98.3106253343651
65.33683586247989	92.02114066113454
77.84710680457444	89.0366646025857
79.95378217234808	95.52010147391594
70.62590358239851	97.28219050699786
67.2547109384762	72.3762117397918
93.06574433869193	80.86653047188993
58.741959529596166	90.52252612823541
75.12280703099182	90.87202215943282
30.519333453876182	19.896740332595805
60.22615713108074	8.43397316913434
69.46039830037888	24.32651488822968
55.330015161193	14.61810197115441
55.40410168250187	11.124203657994505
60.16524316429635	-0.35365744833577395
45.805012357521676	1.0747591090201318
65.34672938625799	7.390442668923777
54.9763207979258	22.098064453639555
38.88717498377318	23.353061166432823
49.817284310036065	11.933062471207258
62.383394455206805	53.01106765146099
48.0774367589443	33.57592420430936
57.39803320336407	20.696376564009686
56.46751701500123	25.640132113264944
53.18332436696797	6.628740409332588
38.77699425454148	6.9166041536705976
78.15703920272935	10.386516163556156
65.1888775599204	19.0594271751224
49.17388277779422	-8.651355629929188
46.642153244997715	23.602661993611918
68.65845569305962	21.947182914842628
47.52715481829439	1.6566727479514647
61.651572275081925	8.214902073558118
49.153763116567255	18.65280521054619
49.50221270611513	19.3298201062347
63.01281232930182	18.980967527871982
68.02546319686896	12.954757691529307
81.0314955819666	16.008004893999523
38.64711242694671	15.497045418135642
50.60411847462121	30.226949262514886
41.0204170582567	13.381444462463747
64.5846450533622	8.100302052363768
50.74982309427509	11.478621550436706
51.92341820666911	13.919880242768569
76.25066430626458	17.59220874584558
40.95375158194588	21.701284139806596
60.241055682286884	31.368214613282674
48.60302320988563	26.514927818607696
64.29256979167513	17.158913409841297
57.71919788695365	1.4807274071769463
44.8840236786995	26.45943432484049
29.029805723127197	-2.4702100182363083
64.18352270943507	21.71042694398841
60.459513635187484	13.750401115850165
59.437717217547316	31.554802701418403
40.60479841642957	18.515402869783212
60.47855195163487	13.733276238004652
72.94524394756426	86.07119972410564
75.21294179534344	74.759105546912
50.191011903620485	80.99910012098222
77.47692811517209	73.66867735018855
57.78315926779235	93.96741610159715
74.27866593945933	74.36255958198278
63.05461333346142	77.16448299539022
69.15850975532973	57.28091998566566
63.73196340315072	54.46166060147624
75.0366521623355	74.90721946160406
85.65039915699703	83.07419637840786
79.30073971319878	70.32537602916494
82.98748617425518	82.38271272528169
62.43863061866254	58.95096139562607
80.96884926964204	62.87311081527655
85.54599956882214	69.06191892553622
77.59015171965267	72.03046676243639
95.54314010980528	67.83702905901447
59.98812257320123	70.152702868747
73.60188478168685	75.94081234971074
70.71782188603153	74.72370920890052
73.68061479247143	48.12242172421786
52.77665509425002	59.63035245341847
79.75546965753813	78.16881923400969
89.35529446617636	75.92149320682763
69.6801140689872	62.85402404203639
64.63660509020386	47.37697532211063
47.8452198957509	74.956921869471
79.50168405540045	75.22425906609118
75.47520699955635	56.47290528498002
96.75993846251023	69.25649213841194
69.34607852265543	68.91711051632514
59.73054983390427	67.79353074166167
69.09889333888468	64.74676540218304
93.45661714154097	61.56305512097111
87.27103155341169	46.29081882138257
74.65287877436752	59.57918116685359
72.10781419732933	64.25407049850274
88.44392628087078	66.67729856650634
59.99839439197533	65.18388594437842
80.75492943184271	70.34417259878096
65.86780729401627	61.77532078626015
75.59027025241082	69.21965634946785
79.05395689654236	55.09557700906373
75.55771935073541	65.39439545637475
62.06184941081888	73.69787292118683
85.45072724353194	65.28077826599127
71.0899099491018	78.94391909718667