9.074157067245698	62.27091262786457
40.77036230187152	67.05535469365013
40.77036230187152	67.05535469365013
40.77036230187152	67.05535469365013
33.23209305119708	78.21630136246894
33.23209305119708	78.21630136246894
35.12996215062691	50.248722653495435
35.12996215062691	50.248722653495435
30.429630166471355	36.24319496988988
30.429630166471355	36.24319496988988
32.04370716198575	50.3922636961588
24.40823624260022	10.972527530803564
26.51895163278906	75.16746140137953
26.51895163278906	75.16746140137953
21.605774833089463	67.9994211382245
21.605774833089463	67.9994211382245
14.067504107200065	79.16036780704331
14.067504107200065	79.16036780704331
16.258036856423534	91.29124500136156
16.258036856423534	91.29124500136156
16.258036856423534	91.29124500136156
37.329716376518796	8.380174778629295
37.329716376518796	8.380174778629295
38.872844608446854	57.808403519690124
38.872844608446854	57.808403519690124
38.872844608446854	57.808403519690124
33.95966780874724	50.6403632565351
33.95966780874724	50.6403632565351
36.07038319893609	15.835297127111065
36.07038319893609	15.835297127111065
64.90204538069814	96.14090057928853
64.90204538069814	96.14090057928853
60.27266068491397	46.85620993046114
60.27266068491397	46.85620993046114
60.27266068491397	46.85620993046114
61.815788916842024	96.28444014673694
61.815788916842024	96.28444014673694
54.91605558801471	86.93293193027898
54.91605558801471	86.93293193027898
58.729532452985914	96.42798118940031
58.729532452985914	96.42798118940031
84.79420760703037	67.62089455356535
84.79420760703037	67.62089455356535
77.82352551461672	93.54854782711425
77.82352551461672	93.54854782711425
77.82352551461672	93.54854782711425
81.70795114317426	67.7644370714437
81.70795114317426	67.7644370714437
74.73727052597556	93.69208886977763
74.73727052597556	93.69208886977763
76.35134604627501	8.841156120831593
76.35134604627501	8.841156120831593
71.6510125869045	93.83562843722605
71.6510125869045	93.83562843722605
54.49071736293177	63.39336951217173
54.49071736293177	63.39336951217173
54.49071736293177	63.39336951217173
56.07818857210128	28.897123797193228
56.07818857210128	28.897123797193228
51.37785658794574	14.891596113587678
51.37785658794574	14.891596113587678
52.99193358346013	29.040664839856596
52.99193358346013	29.040664839856596
46.02125001583152	54.968315162975586
46.02125001583152	54.968315162975586
46.02125001583152	54.968315162975586
40.82427963700152	89.916922335063
40.82427963700152	89.916922335063
42.93499502719037	55.11185768085392
42.93499502719037	55.11185768085392
72.08592516987598	26.16123147757055
72.08592516987598	26.16123147757055
75.89940351006214	35.65628073669188
75.89940351006214	35.65628073669188
68.99966870601986	26.30477104501896
68.99966870601986	26.30477104501896
68.99966870601986	26.30477104501896
63.731749563603536	96.53253970711324
63.731749563603536	96.53253970711324
65.91341371737872	26.44831208768234
65.91341371737872	26.44831208768234
91.6144764580432	91.82193251377745
91.6144764580432	91.82193251377745
93.4857412463431	15.209037888341566
93.4857412463431	15.209037888341566
88.85635802577389	64.92434871472915
88.85635802577389	64.92434871472915
88.85635802577389	64.92434871472915
81.31808877509944	76.08529538354796
81.31808877509944	76.08529538354796
83.49975145365967	6.001069239332008
83.49975145365967	6.001069239332008
78.23183231124334	76.22883642621134
78.23183231124334	76.22883642621134
80.41349646501851	6.144608806780429
80.41349646501851	6.144608806780429
80.41349646501851	6.144608806780429
12.480034373245497	14.656612046806863
12.480034373245497	14.656612046806863
5.296505990072829	47.42174979037638
5.296505990072829	47.42174979037638
7.40722138026168	12.616685136167296
7.40722138026168	12.616685136167296