35.56749202333325	97.16783727435086
30.210888401648948	38.24455632373876
30.210888401648948	38.24455632373876
61.33950500279903	28.26229473522415
61.33950500279903	28.26229473522415
63.450220392987866	92.45722860580011
63.450220392987866	92.45722860580011
63.450220392987866	92.45722860580011
56.24008769868528	76.5770519081222
56.24008769868528	76.5770519081222
51.04311731985528	12.52565908020961
85.36441353024098	97.98111273880636
68.48791188539866	25.422206378509607
68.48791188539866	25.422206378509607
70.03103864211175	74.85043659478539
70.03103864211175	74.85043659478539
65.41052401699082	8.780852234922122
65.41052401699082	8.780852234922122
66.95365224891889	58.20908097598295
66.95365224891889	58.20908097598295
66.95365224891889	58.20908097598295
56.68386887710506	91.11775976221584
86.03877523988643	72.11454279994776
86.03877523988643	72.11454279994776
89.92320234365894	46.33043204427718
89.92320234365894	46.33043204427718
89.92320234365894	46.33043204427718
82.95251877603033	72.25808384261114
82.95251877603033	72.25808384261114
77.72894261085546	58.56137657345112
77.72894261085546	58.56137657345112
79.62681318550024	30.593796389262653
79.62681318550024	30.593796389262653
72.65613109308659	56.52144671238164
72.65613109308659	56.52144671238164
76.54055672164412	30.737335956711064
76.54055672164412	30.737335956711064
76.54055672164412	30.737335956711064
6.895463084425502	11.734120469657944
6.895463084425502	11.734120469657944
8.509540079939894	25.883189195926864
95.35075620414453	69.97455002966744
97.46147159433337	35.169485375458365
97.46147159433337	35.169485375458365
92.54829331941882	28.001443637088386
92.54829331941882	28.001443637088386
94.09142007613191	77.42967385336418
94.09142007613191	77.42967385336418
94.09142007613191	77.42967385336418
24.51727667771458	23.147295401089227
24.51727667771458	23.147295401089227
19.24935753529825	93.37506258796854
19.24935753529825	93.37506258796854
21.43102021385847	23.290836443752593
21.43102021385847	23.290836443752593
16.207444048683595	9.594127699377632
16.207444048683595	9.594127699377632
16.207444048683595	9.594127699377632
18.318159438872446	73.78906304516855
18.318159438872446	73.78906304516855
11.134632530914724	7.554199313523108
11.134632530914724	7.554199313523108
69.3088007173787	61.78679309595304
69.3088007173787	61.78679309595304
71.49046487115388	90.70256547652212
71.49046487115388	90.70256547652212
63.952195620479436	2.863512145340952
63.952195620479436	2.863512145340952
63.952195620479436	2.863512145340952
68.41307847796102	74.06121133293465
68.41307847796102	74.06121133293465
60.87480775207161	85.22215800175347
60.87480775207161	85.22215800175347
63.0564719058468	15.137930382322558
63.0564719058468	15.137930382322558
57.78855276343046	85.36569756920188
57.78855276343046	85.36569756920188
57.78855276343046	85.36569756920188
86.93061431066778	73.19996802738433
86.93061431066778	73.19996802738433
89.04132970085662	38.39490337317525
85.9550732370005	38.53844294062365
80.73149559661067	24.841734196248684
80.73149559661067	24.841734196248684
80.73149559661067	24.841734196248684
73.83176226778336	15.49022450457577
73.83176226778336	15.49022450457577
75.37489049971143	64.91845472085156
75.37489049971143	64.91845472085156
7.787302155206841	12.819545697094503
7.787302155206841	12.819545697094503
9.898017545395682	77.01447956767046
9.898017545395682	77.01447956767046
2.430697058307579	52.89626474648242
2.430697058307579	52.89626474648242
2.430697058307579	52.89626474648242
96.73923219438537	22.105841876626005
96.73923219438537	22.105841876626005
98.35330918989976	36.254910602894924
98.35330918989976	36.254910602894924
91.38262857270107	62.18256092601392
91.38262857270107	62.18256092601392
95.26705272604364	36.398450170343345
95.26705272604364	36.398450170343345
95.26705272604364	36.398450170343345
25.621960564039988	17.395234683290226
25.621960564039988	17.395234683290226
27.519831138684772	88.42765449910175
27.519831138684772	88.42765449910175
22.251911996268433	59.655421685981075
22.251911996268433	59.655421685981075
15.352177192226158	50.30391199430815
15.352177192226158	50.30391199430815
19.209997034438825	74.87448532217519
19.209997034438825	74.87448532217519
19.209997034438825	74.87448532217519
12.239314942025171	1.802138595724096
12.239314942025171	1.802138595724096
13.853391937539564	15.951205846778068
13.853391937539564	15.951205846778068
98.176291637369	37.73828296976364
98.176291637369	37.73828296976364
90.99276472941129	70.50342071333316
90.99276472941129	70.50342071333316
90.99276472941129	70.50342071333316
92.53589148612438	20.931650929608942
92.53589148612438	20.931650929608942
87.90650826555517	70.64696028078156
87.90650826555517	70.64696028078156
89.45850509293152	4.290296786021457
89.45850509293152	4.290296786021457
82.55877176410421	93.93878561913357
82.55877176410421	93.93878561913357
82.55877176410421	93.93878561913357
14.616441076882905	20.23568552062583
14.616441076882905	20.23568552062583
16.798105230658084	49.15145790119492
16.798105230658084	49.15145790119492
11.530184613026785	20.37922508807425
11.530184613026785	20.37922508807425
13.428055187671582	91.41164490388577
13.428055187671582	91.41164490388577
6.457371620042969	18.339298177434674
6.457371620042969	18.339298177434674
6.457371620042969	18.339298177434674
1.2337954548680905	4.642589433059711
1.2337954548680905	4.642589433059711
3.4154596086432685	33.5583618136288
3.4154596086432685	33.5583618136288
32.20277881316386	98.78844119706055
32.20277881316386	98.78844119706055
36.65479159998219	87.77103409569014
36.65479159998219	87.77103409569014
36.65479159998219	87.77103409569014
29.11652382452271	98.93198223972392
29.11652382452271	98.93198223972392
31.014392923952535	70.96440205553544
31.014392923952535	70.96440205553544
26.314060939796992	56.9588743719299
26.314060939796992	56.9588743719299
18.855607572942212	16.055764364490994
52.09494251471105	70.26843664655235
54.2056579048999	35.463371992343255
54.2056579048999	35.463371992343255
49.00868605085494	70.41197621400075
49.00868605085494	70.41197621400075
49.00868605085494	70.41197621400075
42.03800395844129	96.33962948754966
42.03800395844129	96.33962948754966
43.93587305787111	68.37204930336118
43.93587305787111	68.37204930336118
38.71229689269624	54.67534055898622
38.71229689269624	54.67534055898622
40.82301228288509	19.870275904777138
40.82301228288509	19.870275904777138
40.82301228288509	19.870275904777138
23.378923479781967	31.544665890180205
23.378923479781967	31.544665890180205
18.678591495626414	17.539138206574663
18.678591495626414	17.539138206574663
20.292667015925847	31.688205457628627
20.292667015925847	31.688205457628627
13.321984923512192	57.61585725596257
13.321984923512192	57.61585725596257
17.49020560641509	88.71509906504956
17.49020560641509	88.71509906504956
17.49020560641509	88.71509906504956
9.960803475973982	83.09115054761753
9.960803475973982	83.09115054761753
12.142469104964118	13.006924403401575
12.142469104964118	13.006924403401575
43.20013841774282	38.30382282967887
43.20013841774282	38.30382282967887
36.300403613700546	28.952313138005945
36.300403613700546	28.952313138005945
36.300403613700546	28.952313138005945
40.11388047867174	38.44736239712728
40.11388047867174	38.44736239712728
33.21414862505938	29.095854180669313
33.21414862505938	29.095854180669313