85.66305303818359	95.37249512529247
77.1521266062059	93.47746134133439
79.74806856852094	85.01130957975322
63.06854028001648	72.95834901705605
55.34155691183891	85.50174496011424
51.260094310654026	85.86650619507093
79.52002964240668	79.5842052656488
59.94730404847381	79.72376501152756
76.92894953736838	79.42443477312024
80.08975285927315	67.65834958566565
65.80770331881136	87.5453337242794
68.65119488852557	77.18652405841858
74.2267209800694	87.40261130910511
64.5896001565124	64.98662774732216
91.0253716865624	106.57894671803507
79.16056475949077	97.49598303600632
63.920827974464345	96.08312653088754
74.13061074013322	95.27904385581178
54.54206328720028	59.633528889214844
77.01002651273046	91.35883615886698
77.6022209290669	78.34526680792524
82.60869448981298	85.34540585498354
76.3793626464018	99.29937464041099
84.73164633150358	84.93486363062944
82.80788128065322	73.05168427031685
66.7816668010188	90.43866903122549
81.92841092955824	83.09233483327512
76.27949314363403	71.53158224668935
67.13597144049058	54.19863973720766
79.00261743452256	104.15549815049468
74.84836289556009	75.42943500047616
70.66246874778939	80.84228500248803
65.53253797280817	73.47895264794231
68.43858977683225	76.31190224816464
58.69248288423323	26.804945242984637
63.478321226732795	20.867791539721505
70.8794653500114	10.687470462700334
59.94751648938924	20.36181892662452
61.17086924768754	33.59658904813884
47.029091025750304	3.9452381267751715
48.27636309105748	24.596881762332114
41.357220525059255	9.430515087421691
52.706700676588824	7.241086156387272
59.0699173324571	41.45328252968882
44.63131128742457	13.131521065159937
35.62391252914914	9.74223646384193
33.28975298093147	21.335187706652743
59.07288592250825	20.53128639656192
53.36656185044104	39.52632481927412
45.112142020922605	12.35575717881619
50.63213324798082	20.51669330906575
58.08880753144734	47.05968130176694
60.659266727609904	18.90505029870588
52.42927827347162	25.30866433746513
59.98724225058301	21.366719943117754
51.217917491588544	24.26673710851466
65.00879946469071	8.544624458662156
52.866589139790456	15.51376392910539
50.12621010195862	19.965159494523036
45.83554271330842	8.093573789329403
60.74242046091885	18.970303247638235
51.309745546385265	8.717365541201252
62.16563385388474	44.49955605176446
46.70140195439356	7.983343942621216
50.8060844060062	29.078894461827915
61.77306915339612	22.15284954723601
30.265026805862295	25.23717505405877
34.75626970728857	24.232619214987487
95.18441794511664	36.77499838144455
89.0091693620456	35.20018095327962
90.82028929878173	36.00535362344482
96.57185291861799	34.67879769531786
75.41888894369592	56.16708526291078
79.10499809107394	36.83588044150226
63.556339805226465	47.3256346135491
80.0058805383009	47.86913944204967
61.833464115311116	48.02569072046713
81.29357345369523	50.88787434923103
63.632817227365074	57.595883772799624
76.54182200527781	57.04775855206462
87.0123698205648	39.93192113394485
84.70145168308532	60.83486551596096
80.88023179747114	39.86564144236897
58.25219381321098	43.12070657888194
85.07947926245731	36.3832210826346
85.12722658501588	22.737119265916316
90.67652803281786	48.96233316582164
73.06437427023818	40.70224263357972
82.07383934367705	41.058866998870755
71.57386936405892	57.13590006601169
73.03186748156631	64.37206418160163
76.6093489767131	42.90310779308393
70.02482845138431	41.08467003608367
70.64822867909022	41.68302871237674
94.86107565106518	45.502957522909654
78.06776907004064	53.135571654561346
90.31462073126573	66.87787487359846
77.3258881067814	45.07042077259947
76.35992684083509	46.289194300934994
79.51658441674843	49.4623195762682
74.35856662842359	63.17578335774937
65.34401839445147	38.5062125429058
33.053351156154775	73.99815404070156
34.36545238556063	91.3029320890318
54.01259350811544	76.16037983883274
49.023334409170964	86.95902666188908
73.93110441397911	74.37350484620156
40.65841409965225	79.91685157570201
48.73729787346634	91.67824559150104
40.027734010205	86.28025342762832
57.50936264959356	105.42419248117238
51.93066246532199	90.49250973097864
78.1350436263668	92.50198316897884
56.72235710579926	88.83187360071051
48.56807852543862	54.65266136239031
62.92602330550052	90.23806916692006
49.1872304545327	87.96618304300043
75.43802641780522	101.77322980552374
49.5026868896473	82.60303553642312
52.730995606943694	86.51956877696978
58.30192302709576	78.37666049878013
39.112334249563105	84.33551025023012
44.329647792918465	89.64882028791821
58.19477970443754	86.53891944132997
61.540810643782905	76.59985221771427
38.15608952142422	75.48683572855512
33.23621655984344	92.20133444293091
54.97801469657463	74.70192105716389
53.533897481575806	73.90406598733544
67.30342550353608	105.26515090985507
59.48131349925295	84.2084511084855
56.860130392586086	84.8437772227118
45.07864535589778	88.68318127413396
70.02840569832219	81.07275731054423
55.1224794938404	80.79814157039576
53.29890490181771	100.824537569637
67.45296100345597	88.73515338169295
34.98908173526005	74.27570593994275