66.1071461399506	67.91382203605993
68.21786153013944	33.108757381850836
68.21786153013944	33.108757381850836
61.03433314696678	65.87389512542036
61.03433314696678	65.87389512542036
45.78964568853544	72.89426711889081
45.78964568853544	72.89426711889081
47.97130984231061	2.8100409746748536
47.97130984231061	2.8100409746748536
47.97130984231061	2.8100409746748536
42.70339069989427	73.03780816155417
71.74789769720039	47.50592419328112
2.102804059981765	28.502708706227985
2.102804059981765	28.502708706227985
96.18962726028215	21.334666967858006
96.18962726028215	21.334666967858006
97.77709699423671	85.8384212528795
97.77709699423671	85.8384212528795
97.77709699423671	85.8384212528795
90.80641637703802	12.766071575998488
90.80641637703802	12.766071575998488
72.54642121833689	83.65082312212544
72.54642121833689	83.65082312212544
74.65713660852575	48.84575699270141
74.65713660852575	48.84575699270141
67.47360822535308	81.61089621148588
67.47360822535308	81.61089621148588
71.28708656553923	91.10594547060721
71.28708656553923	91.10594547060721
64.39622183216021	64.96954059268343
64.39622183216021	64.96954059268343
65.9393485888733	15.39776933374427
65.9393485888733	15.39776933374427
65.9393485888733	15.39776933374427
61.30996536830409	65.1130816353468
61.30996536830409	65.1130816353468
90.09728457282468	31.3431595435636
90.09728457282468	31.3431595435636
92.27894872659986	60.25893192413269
92.27894872659986	60.25893192413269
87.01102958418353	31.48669911101201
81.98255956844116	44.52229626911815
76.71464042602483	15.75006345599747
76.71464042602483	15.75006345599747
78.89630310458504	44.66583583656656
78.89630310458504	44.66583583656656
78.89630310458504	44.66583583656656
10.953973892578706	69.96273721327377
10.953973892578706	69.96273721327377
13.135638046353883	98.87850959384286
13.135638046353883	98.87850959384286
5.597367320464485	11.039456262661691
5.597367320464485	11.039456262661691
0.6841905207648761	3.87141452429171
0.6841905207648761	3.87141452429171
0.6841905207648761	3.87141452429171
2.803773031187061	51.28145468383177
2.803773031187061	51.28145468383177
94.33645401931392	27.163238387428763
94.33645401931392	27.163238387428763
98.7175180425459	51.42499425128019
98.7175180425459	51.42499425128019
28.575786010652827	81.37591214470507
28.575786010652827	81.37591214470507
30.686501400841678	46.57084601528103
30.686501400841678	46.57084601528103
30.686501400841678	46.57084601528103
25.489531022011676	81.51945171215348
25.489531022011676	81.51945171215348
18.27939685249413	65.63927501447557
18.27939685249413	65.63927501447557
20.39011224268297	30.83421036026649
20.39011224268297	30.83421036026649
15.193140388638012	65.78281605713894
15.193140388638012	65.78281605713894
15.193140388638012	65.78281605713894
17.30385577882686	30.977749927714896
17.30385577882686	30.977749927714896
75.54897420409212	49.93118222013797
75.54897420409212	49.93118222013797
68.57829211167846	75.85883401847191
65.49203564782235	76.0023750611353
67.39877481791544	31.24989969069596
67.39877481791544	31.24989969069596
67.39877481791544	31.24989969069596
59.86050556724099	42.41084635951477
59.86050556724099	42.41084635951477
91.55671080186681	47.195288425300326
91.55671080186681	47.195288425300326
93.09983903379486	96.62351864157613
93.09983903379486	96.62351864157613
86.20010422975258	87.2720089499032
86.20010422975258	87.2720089499032
90.01358256993875	96.7670596842395
90.01358256993875	96.7670596842395
90.01358256993875	96.7670596842395
83.11384924111144	87.41554999256657
83.11384924111144	87.41554999256657
84.98511402941135	10.802656842345629
84.98511402941135	10.802656842345629
79.71719488699502	81.03042402922496
79.71719488699502	81.03042402922496
10.143048538147772	26.748045576950013
10.143048538147772	26.748045576950013
10.143048538147772	26.748045576950013
13.956526878333927	36.24309483607134
13.956526878333927	36.24309483607134
7.05679354950661	26.89158514439842
7.05679354950661	26.89158514439842
8.599921781434665	76.31981536067421
8.599921781434665	76.31981536067421
3.970537085650501	27.03512618706179
3.970537085650501	27.03512618706179
95.44113643042435	21.41117766962975
95.44113643042435	21.41117766962975
95.44113643042435	21.41117766962975
97.33900700506913	92.44359748544129
97.33900700506913	92.44359748544129
29.964263476108624	33.507202516448665
29.964263476108624	33.507202516448665
31.57834047162302	47.65627124271759
31.57834047162302	47.65627124271759
24.60765837920936	73.58392156583658
24.60765837920936	73.58392156583658
24.60765837920936	73.58392156583658
19.410686525164405	9.532528737923991
19.410686525164405	9.532528737923991
21.52140191535324	73.7274640837149
21.52140191535324	73.7274640837149
16.297824274963418	60.03075533933994
16.297824274963418	60.03075533933994
18.195694849608202	32.06317515515147
18.195694849608202	32.06317515515147
1.2482444411795313	93.78343176007654
1.2482444411795313	93.78343176007654
1.2482444411795313	93.78343176007654
95.05127406234953	29.732035981734036
95.05127406234953	29.732035981734036
97.16198945253838	93.92697132752495
97.16198945253838	93.92697132752495
89.69466749023532	69.8087565063369
89.69466749023532	69.8087565063369
94.07573298868226	94.07051237018833
94.07573298868226	94.07051237018833
94.07573298868226	94.07051237018833
86.61728109704245	53.167400887534455
86.61728109704245	53.167400887534455
88.7279964872313	18.362336233325376
88.7279964872313	18.362336233325376
21.14040814272672	65.26342573435336
21.14040814272672	65.26342573435336
13.602137416837325	76.42437387838714
13.602137416837325	76.42437387838714
13.602137416837325	76.42437387838714
15.783801570612502	6.340147734171194
15.783801570612502	6.340147734171194
10.515882428196173	76.56791492105052
10.515882428196173	76.56791492105052
12.69754658197135	6.483687301619604
12.69754658197135	6.483687301619604
7.473968941581514	91.78697855724464
38.72674587900769	44.81618288600304
33.45882673659135	16.043950072882364
33.45882673659135	16.043950072882364
35.64049089036652	44.959722453451455
35.64049089036652	44.959722453451455
28.102220164477124	56.12066912227028
28.102220164477124	56.12066912227028
28.102220164477124	56.12066912227028
23.472836943907907	6.835981423872815
23.472836943907907	6.835981423872815
25.024833771284268	39.479314978682794
25.024833771284268	39.479314978682794
54.45068889765198	84.19693652640784
54.45068889765198	84.19693652640784
58.26416576262318	93.6919887359591
58.26416576262318	93.6919887359591
58.26416576262318	93.6919887359591
51.080638854665466	27.457125004313646
51.080638854665466	27.457125004313646
53.19135424485432	91.65206035010456
53.19135424485432	91.65206035010456
47.994382390809356	27.60066604697702
47.994382390809356	27.60066604697702
41.02370177361066	53.528317845310966
41.02370177361066	53.528317845310966
44.88152161582333	78.09889264839298
44.88152161582333	78.09889264839298
44.88152161582333	78.09889264839298
28.005019970980996	5.539986288096216
28.005019970980996	5.539986288096216
29.54814820290905	54.96821650437201
29.54814820290905	54.96821650437201
24.63497140320944	47.800173290787065
24.63497140320944	47.800173290787065
17.66428783558083	73.72782656433597
17.66428783558083	73.72782656433597
17.66428783558083	73.72782656433597
19.27836483109523	87.87689529060489
19.27836483109523	87.87689529060489