95.33360320010469	93.63844113848565
89.97699957842039	34.7151616630885
89.97699957842039	34.7151616630885
93.87029380242622	91.14615424595212
93.87029380242622	91.14615424595212
24.2252001652076	72.14293728368403
24.2252001652076	72.14293728368403
19.028229786377597	8.091544455771448
19.028229786377597	8.091544455771448
21.138945176566438	72.28647980156236
21.138945176566438	72.28647980156236
24.633505486619253	54.823227357996075
24.633505486619253	54.823227357996075
17.449978578661543	87.58836510156559
17.449978578661543	87.58836510156559
19.560693968850384	52.783298972141544
19.560693968850384	52.783298972141544
50.69818064066371	26.01614072216111
50.69818064066371	26.01614072216111
52.80889603085256	90.21107606795204
52.80889603085256	90.21107606795204
39.45285767039758	24.263294421633333
68.28451985215963	5.568897873810792
68.28451985215963	5.568897873810792
63.58418786800407	90.56337019020525
63.58418786800407	90.56337019020525
65.1982633883035	5.712437441259202
65.1982633883035	5.712437441259202
58.227581295889856	31.64008923959315
58.227581295889856	31.64008923959315
62.1120069244474	5.855978483922581
62.1120069244474	5.855978483922581
55.141326307248704	31.783630282256524
55.141326307248704	31.783630282256524
57.03919540667853	3.8160515732830036
57.03919540667853	3.8160515732830036
88.09686619467219	29.1129499995603
88.09686619467219	29.1129499995603
81.20599998607821	2.9765451216365233
81.20599998607821	2.9765451216365233
81.20599998607821	2.9765451216365233
57.51845096689148	50.21717720715826
57.51845096689148	50.21717720715826
59.38971427997643	72.60428405693732
59.38971427997643	72.60428405693732
54.76033105940722	23.319593408109935
54.76033105940722	23.319593408109935
56.30345929133528	72.74782362438573
56.30345929133528	72.74782362438573
49.40372596250796	63.396315407927766
49.40372596250796	63.396315407927766
44.135806820091624	34.624082594807085
44.135806820091624	34.624082594807085
46.31746949865184	63.53985497537618
46.31746949865184	63.53985497537618
77.37513881143055	88.83675340165348
77.37513881143055	88.83675340165348
79.27300938607533	60.86917469267996
79.27300938607533	60.86917469267996
72.31119441389501	70.01193130476305
72.31119441389501	70.01193130476305
67.114224035065	5.960537001635506
67.114224035065	5.960537001635506
67.114224035065	5.960537001635506
69.22493942525385	70.15547234742643
69.22493942525385	70.15547234742643
61.757618938165756	46.03725605102341
61.757618938165756	46.03725605102341
66.13868296139773	70.29901191487484
66.13868296139773	70.29901191487484
94.99695240471962	1.2499298082997155
94.99695240471962	1.2499298082997155
96.86821571780459	23.637035182863823
96.86821571780459	23.637035182863823
92.16788373364903	9.631507499258273
92.16788373364903	9.631507499258273
84.70056324656093	84.51329267807023
84.70056324656093	84.51329267807023
86.81127863674976	49.708228023861146
86.81127863674976	49.708228023861146
81.61430678270482	84.6568337207336
10.78969585172316	21.044682430689555
5.521778184521779	91.27244961756888
5.521778184521779	91.27244961756888
7.703440863081998	21.188223473352934
7.703440863081998	21.188223473352934
0.1651716124075584	32.34917014217175
0.1651716124075584	32.34917014217175
84.55902007582334	18.8570842999355
84.55902007582334	18.8570842999355
86.10214830775139	68.28531599142624
86.10214830775139	68.28531599142624
79.17580771736424	10.288490383290943
79.17580771736424	10.288490383290943
79.17580771736424	10.288490383290943
83.34402840026713	41.38773219237794
83.34402840026713	41.38773219237794
75.80575767437773	52.54867886119675
75.80575767437773	52.54867886119675
77.98742182815292	81.4644527169808