30.284276348137293	57.022289761433356
82.62293970913909	67.7159456012275
84.9287627239754	59.64318684949952
78.35716595151993	23.250552316114913
78.80059277350465	75.00579005314205
81.3458693406598	9.74085979742594
74.80087687933425	21.993539705288757
77.3461504960595	55.72860944957264
70.43755004699885	63.16199494415058
70.72134215091428	21.04534603369318
1.714785910757752	80.5296741861483
20.41856224787865	24.185630494115
20.50724672714661	54.33667863160642
23.265368109845838	81.23426095543977
16.720375648520292	93.48694233851754
18.919776993192055	88.8329243465849
12.392523197978054	67.51581535716096
12.587630822625524	94.2481197844271
6.024902645618354	41.070591540006596
8.845101246025708	49.473907560083944
38.62570019032511	16.7957201825597
39.8495604613296	76.48017857908135
33.47307131352161	66.81984994817785
36.00060773935028	35.12471006496345
29.508828325929446	45.66801738010615
29.74827892781838	87.47584735133297
31.94767879727518	82.8218308346153
25.792906010889453	49.53912107222537
28.347048223062988	66.48929267982848
11.44394079187579	44.28507335349926
11.75434015735106	50.81374035950424
5.209349171240473	63.06642174258201
7.6836740243793775	33.080651501657805
1.387002235606015	70.35626619449658
1.6087171218133205	46.73388506301015
3.8169870619333857	25.294973360041617
96.60899827721303	92.72163471515685
0.1720105600498143	92.88691408693902
29.642210138873946	53.68005970340976
30.369430539989047	63.31864852997952
23.62933192923099	48.8390269610061
27.06146066514058	87.08457217934428
20.5076010835817	17.122147273457944
20.924423594436476	20.232070569237667
14.432642705800685	30.775380834810285
16.782808697878465	37.77814467661307
46.776252457721924	97.26247135385323
47.02457165505915	23.285404663614234
49.57871534244764	40.23557922164726
43.10467164470843	17.2090976395032
45.57899797306231	86.223327398579
38.67926316902003	76.87181770690607
38.97192681881368	17.970275085412776
33.80156075111359	2.5641952235326606
36.515337681356385	14.386254953835266
65.92345709204248	92.67366687406204
66.13630043237158	85.83618092882647
59.63565242350246	14.164386380649944
62.31395497195208	93.12602685595598
55.35214147498672	3.268781992824114
58.110262857685946	30.166365791872426
58.34971198435992	71.97419428788429
51.857932570939084	82.51750307824194
54.36773180587116	84.39215356752926
37.952395649125066	30.0186960469729
38.24505782370376	70.1171534254796
31.558169310420496	53.928157788571106
34.103444402360694	87.66322605764003
27.59392779804328	32.77632669571437
27.886589972621966	72.87478259900611
30.866423291098567	76.14998674178297
24.206140564160194	9.606304070906944
24.489934143290586	66.48965811087946
54.625273955091764	55.415660332890944
57.188286237928544	55.58093822945814
57.50755272363715	45.32471004921227
50.94482454662998	91.14718180479176
53.4723624476736	59.452041921577354
47.01605594083098	2.8557684917166286
47.23777082703829	78.23338736023021
40.73712281816916	6.561592812053676
72.38898360033856	95.27051080909352
74.92539009683048	46.79047573962827
75.63487330704898	89.99885788912965
70.42903285755573	42.732357297038014
70.93454132289342	75.9933302055241
64.62013234322347	47.83873527086458
67.20975041240516	96.64932613346426
60.68249514197619	75.33221714404031
60.72683811921765	90.40774121278602
90.54290997009527	89.58997309025833
93.54048047946846	59.2953853853185
86.1795816625449	31.758426853905185
88.30803571884529	62.38357035197943
81.8162548302095	72.92688061755204
83.73186259575087	11.389511536076812
77.27555608890825	53.79323958143104
77.88748474919554	83.63546877969188
80.11349335542714	28.626765229006672
63.59173405330154	76.6720499434606
66.10153476344857	78.54670043274793
57.694146109271415	51.627378304580816
60.36358153748772	48.37391396613772
53.55253268792836	69.1734524119562
55.48587764436632	73.0662914827643
48.76351474928989	25.0168780660742
51.14028652771253	80.66495487390945
80.92088399679697	47.986767496385184
83.4484218978406	16.291627613170782
83.65239811793637	26.239036854186075
77.32025194736984	31.65423229202828
79.20925245135138	20.47154876930563
72.61991848799933	17.648706083637684
75.21840515262929	49.67440175998651
68.5758596165875	48.56093019182372
70.87281403597551	57.27306515113165
98.58703909211258	74.47546649656218
2.1411827795010647	91.4256410545952
94.27692235725196	14.934549142703881
96.78672454261395	16.809199631991206
90.17078479291703	64.34104250507583
90.69402897393635	64.0322220906303
93.2481711861099	80.98239664866334
86.63223291162792	29.51423804653301
88.86710568766296	56.72064078481191
17.732098341635947	85.57982248876287
20.277371958361186	20.314892233046763
13.750118163147185	97.99778176840786
15.967255223500574	59.773974879188465
9.404527046493405	6.596445159552998
10.043061493125569	85.08399027427622
12.269070099357178	30.07528672359101
5.706340447135048	75.89775700395555
8.464461829834262	3.7953408030038545
90.54361573253551	15.160910373961395
90.78306633442445	56.9687403451882
84.22920675286558	86.00631691451684
86.90751077653016	65.96795443939297
80.03438175883277	6.261760664182426
82.59739404166956	6.4270385607496365
82.79250166631702	33.15934298801578
76.40714392306074	40.28390954336314
78.94355041955265	90.80387299868292
9.75075367498197	7.771001537621048
11.905812042412283	87.04145947694272
3.0549965662504164	8.366901086963415
5.875196641872728	16.770215631825806
98.31246846486556	62.59268886262025
1.8134005795642971	81.25223306294347
2.159272851617777	20.64131932394502
94.61428039029224	32.894000707022784
97.1684255528957	49.8441723146259
27.52333191567707	30.840956827572768
30.0863427232989	31.00623472413998
21.217791531455415	84.90146523144745
23.984780034387963	95.0141538442449
17.40431319126925	75.4064159723261
19.603714535941023	70.75239945560843
13.076460740727022	49.43528899096953
13.484414656133506	69.33010894821507
15.958740984487369	39.34433870729086
47.654944743898234	44.128780773076414
41.331667168779994	32.75908102466776
43.89467945161678	32.92436039644993
34.97291521186859	88.52896202126254
37.21665953378181	98.95046957329058
30.645062761326347	62.55783503990597
33.190336378051605	96.2929033089749
16.854817580340136	88.8553891121608
17.182954136711988	61.814265745664066
19.71935915798894	13.334229200983852
13.085682217395442	94.4358624465702
15.302820752963788	56.21205408213586
8.935200200604088	29.766830264981504
9.21899377973448	86.65018282973907
2.6562656027273106	33.47265458531855
5.22814500579743	16.8530372956349
34.79589765933783	90.01233586334621
35.124034215709685	62.971212496849475
37.66930930764988	96.7062807659184
31.142054037220923	75.3891703012795
33.651854747367956	77.26382079056681
25.12030723212966	87.33303274512669
27.603502155931828	40.56236879316658
21.04964257437295	69.5999453624952
23.586049070864856	21.119908817814988
52.994167006335985	0.4073207380417563
53.26022339456979	90.86046367530105
56.036080492950646	84.18825710184764
49.52656388863323	29.301356264707014
52.00088874177213	98.31558602378281
45.047943840255066	90.67344744961504
45.38494899207521	46.8474303720824
38.80448362417145	27.23969102494866
41.340888645448416	77.75965448026844
71.37867538253333	53.31950670146928
71.54717869605089	31.406496687488005
74.14566388546588	63.43219383905177
67.21045617484539	22.22026489238229
69.78233557791553	5.600647602698636
63.19300161456348	2.777803441815744
63.54774395728021	24.381994516566433
57.19786059581709	63.36698180212531
59.29970739055764	45.34681233416709
42.82229106567351	9.467621117366733
43.45195839207234	5.740058467910895
45.60701675950264	85.01051788244752
38.999944130039054	16.757464094066332
41.74032684662672	77.22483826561637
35.27515321955078	37.41346297243641
35.47912943964654	47.36087073823675
29.049428719148796	39.409914700053356
31.594705286303956	73.14498296912228
61.322089707483684	42.176168184318136
61.65909633451879	97.35014815635557
64.16889556945088	0.22479864564290442
57.20708207248551	9.367555257725986
59.98293917086635	2.6953472090576267
53.46455397110064	63.59334303338282
53.65079300029982	8.11054264689983
46.759928266920795	80.97413629376109
49.251990310956295	17.41857715555012
79.08579935273049	82.03101866052072
81.58673146742923	1.6905628608439358
82.12771283934514	66.81195354911164
75.17476941304304	59.16981645015882
77.72891162521658	76.11998953297689
71.16618344820941	22.942459813341422
73.63164118111497	9.74158623388303
64.8517729933245	93.78786635389686
67.60102578057543	38.47034386398108
97.05348669328801	32.83327985295355
0.5987603100132658	66.56834812202247
92.70789557663424	40.4319432440987
95.23543347767786	8.736801885669339
95.53696424770483	32.05036407792518
89.2048180771383	37.46555951576739
91.68801152572551	89.69489556380728
85.21396930320127	66.66841398166322
87.37789626607986	30.153976734734027
68.49710237642819	87.98139426885102
71.27295947480904	81.30918622018265
64.75457279982837	43.20718204450784
67.29097929632029	93.72714549982763
67.5481670891058	2.965183623337763
60.83467278947766	37.130873545181856
63.53958112427216	65.73782846173532
56.68419077268631	71.46184136359315
59.22946586462652	6.196911107877032
86.73971322545286	13.451903212292267
89.62199346921321	3.360951453398638
83.08586960333595	97.82873765022556
85.33848399591244	91.46534854078777
85.55132733624154	84.62786407076716
78.98859915923437	31.450335826346656
81.72011328037374	9.702603708932587
75.26380824874609	52.10633175428682
75.43231008704868	30.193323215520497
5.858166688631346	74.91094476324555
8.350228732666846	11.355385625034579
2.0180825621003153	16.77058106287678
4.536751867695639	1.8603334154833262
96.64588713431661	74.7239300127745
96.85873194986067	67.88644406753893
0.4483500190423423	17.69703640535357
93.1162038484758	23.112231843195772
95.67034606064935	40.06240492601383
26.06072828043885	52.91960869395727
26.69039560683768	49.19204604450144
19.835003780036864	54.916060421574215
22.344804490183908	56.790709435646576
15.817550694969906	35.473598971007675
16.02152691506567	45.42100968723793
18.84172699068797	53.824325707315275
12.057283927473494	24.269178594381184
14.593690423965413	74.78914204970096
72.77559313490649	79.7236660366936
75.38294691976978	94.96446800200653
68.81134867209936	58.57183494383687
71.31228078679811	77.23137914416009
64.4036788625225	84.66476463873802
64.6786038462046	59.333012389746436
67.42785515824056	4.015489899830656
60.643413570241044	73.46034278689658
63.41926919340693	66.78813473822822
92.79191422229985	14.215128878673372
93.09344499232684	37.52869107092921
86.52184821987137	1.1360580127595674
89.04051605025174	85.22581036536612
82.77045004782325	72.1467394994523
83.04537503150536	46.814988725675676
85.59951871889385	63.76516180849374
79.04565913733498	92.80273837782238
81.61753854040509	76.18312108813872
10.039101421963473	53.28706505506255
12.265107077765164	97.27836150437734