91.89110925892416	50.247331139026045
88.27122633525984	50.96151600976532
99.56713889183825	33.17269802886027
82.63304464942249	36.69678983069129
97.26820989569194	36.43938883830902
102.13095189612321	37.76647906844164
101.92223195698486	36.94602371225879
89.23137297184459	52.022812222368536
85.14403092118151	37.822305172477996
81.14193612491783	44.76300906017035
99.87618000385909	48.83059075311345
97.67586714835875	43.715323968595335
87.71132086700848	44.52125504893647
111.0162298032729	43.74496971743138
109.23533983469245	46.75550534366917
108.69030857877713	49.991839584246044
71.50940283958698	52.50691982290267
93.19133537984727	52.29013947887458
96.04918882342898	37.29084616671283
92.33477927829799	50.613086488190824
85.30279449466171	35.9813098597907
77.56029388495908	38.60291044260003
77.13483407734026	46.14948247619605
96.49144694515617	46.255833031647725
99.05896448660279	39.37759352273034
83.71869329117074	34.8805918020569
92.79180278030283	34.32522560236985
79.6288142292371	29.975231194889872
95.58146052753675	63.04377253660981
76.50415163813753	59.564879810322935
96.827495843552	50.4176445060842
84.61652391430272	52.965471067042984
79.16787878166006	29.24381566890051
100.11733751420178	51.401031943682696
62.68330201697495	45.27725541659123
96.08054905964283	47.17859295862358
91.32966658310824	40.61944639959151
84.89909617284896	50.93765419752478
91.42881716680455	47.80587267013473
94.63078966062558	60.507901858613295
106.46802182654287	39.106858548930326
89.65406138701945	61.5765266095769
92.93098611725556	29.658348102368226
86.38023503578394	39.70505738120755
106.66819656541382	44.64377283217697
85.97997865261061	36.6189188124531
107.95145312280164	61.28888683631752
88.45406499758782	45.41808724963048
90.55961300722959	42.4858542321161
78.87627691142664	46.62861800524279
-7.395031357395977	46.74626536913361
-9.623066025600666	66.33878632104877
3.2534180843347476	40.30477459893068
21.177003357894797	68.02357930148452
5.5823375965083155	66.77093213965198
-8.249791218424798	30.618596092280278
-4.3889771942679765	46.316236254380875
3.221425900634563	46.312542601278366
2.4274775786320424	42.88627841168764
9.465775287384197	69.16647022427225
10.585169563906803	59.16567416425427
19.13602771797305	53.177381275257986
-13.388018862681038	58.65309716812753
14.715575395548104	48.94598045628953
-17.489970485885173	40.13778354721147
15.098355613263994	56.05590919065661
-5.604815672549666	64.48904278015597
-5.800494702354385	43.941312959597354
3.7755775177628395	53.40331440129039
0.40386341728633735	55.62131149738341
1.6618406360148068	50.64644870577732
18.70226563959637	53.87924260097794
8.335355647842857	59.31523867492621
2.8881081871634464	46.937793226504056
0.15981055568991742	45.1719730233859
-9.496969761552492	48.789885051315125
9.639987544371706	49.333296444591014
13.62921563151226	65.37232806875318
10.699819120131457	47.49719577788777
-10.44531682637434	53.323988653560505
1.2757487011428905	52.476092595330385
10.748947683817567	48.432087511798265
10.34513515864099	54.346098916222125
-7.539500335921094	61.624337956023936
9.125680076507098	62.65595834119951
11.857128050220028	72.50150154114053
-13.186157387345022	53.24785740507286
8.621608551083312	47.653841179180056
7.563709865561011	41.77353576997614
19.911989645920855	61.27864974903133
26.228209553205723	61.05572805797086
11.315593595232064	41.87518086085092
4.9005120624177625	46.46654186667035
-3.2533771391740736	61.141977110979774
7.392287514987193	55.495081170479935
4.729664952008365	61.17480236942776
19.436716071253553	60.88465418687181
4.792860833164683	58.19633589388915
-4.651021399217717	64.8498229124726
-2.822193157750954	46.440538671542186
30.668456274093007	81.55027609975059
40.16106693647979	99.2092586275124
45.55071981471661	91.3261783552739
58.40644106958605	99.57995947548153
53.149152141011015	99.24267069410963
60.31983459991372	94.398089457105
39.29834589989765	104.43013836145097
37.158791561211245	84.73029144784367
40.541126843382635	86.44501744180057
37.886715872084025	94.58250637256613
39.26115251975395	92.29001966194129
38.696363519776	95.09572860361853
34.47185921532004	81.94647724320184
51.54755291289867	105.26052292128387
43.316720148186995	90.01660293639345
48.15668086212702	100.6794624240623
42.15747589639018	83.91135915633365
18.085823163050176	99.46696932729547
28.732295318488497	102.6009377245077
56.91280582173048	89.20256028630376
42.09962942522098	96.6061512898531
26.41920610155536	94.38125353107948
49.47381098713142	101.31446993382171
28.6326278922785	98.45136842790309
26.06352569573143	97.75808340359289
28.751325328866823	98.87215175973094
48.457037403019	87.11876079640889
36.34866946078986	91.53140998066166
40.5175970007531	96.44035271435612
33.207906759863675	80.61429803203937
60.07054073565694	103.1723974008146
47.46756863377587	110.94271813320087
37.60638502444739	101.83378456953558
27.75153653191086	90.75084777928161
52.85536035706778	104.69466323470243
33.051673659085935	89.08754454185055
37.81766016127467	88.88843264256337
40.400994830291836	98.0501649839748
33.65880965347773	92.42195932898488
9.10069102436978	95.84262860802355
37.173307309961984	96.66273091733383
34.24606064779692	92.30598520660483
35.92578489716926	65.51397068623112
37.599316793819	85.60936969237744
45.13795035495111	86.30276504837096
35.92462899464756	116.76015176641442
40.28530409715404	60.79260220830838
27.298883298667807	80.96768812998393
46.867523356755996	92.99032937809201
31.707557951862032	102.59215427743871
70.74749097458326	58.31357173219165
71.11018035730922	58.70103035854102
67.70368795047666	90.39588501164116
41.114325679566264	53.857240387346025
58.42895323533884	69.47257104303218
71.70432582227077	67.29829238144522
68.94742036747844	79.32864391426699
80.8110310193812	80.8000770129505
55.31172228063829	66.1789971809217
67.93063263441256	66.11846599949916
73.93034524127778	85.77766124249594
54.412467326892404	89.32696311742603
76.33606070780337	61.730557247756785
72.92731091646321	77.91655578874668
85.80612211021838	73.25647919181073
77.28957742612047	76.87753358432198
84.68857616535225	61.30698600567391
55.68310441610399	56.566727246609084
65.51257066924076	60.500962915586726
69.4181898285928	88.07887336591958
38.2444348109656	59.05872444772941
77.02931957891056	71.96478249003786
75.38617988771172	63.14822468867219
66.08282997716671	37.850558852448216
66.03032597622868	57.46824432927329
56.56588990177437	76.73121610312268
74.6234864837403	75.73251713541293
51.61737333164392	50.885773382287994
57.671824781623904	37.96180286442143
78.45394616452356	54.70155135808959
54.03516442357649	55.119903960114925
62.05878608241992	50.928963596146595
63.44793874838321	67.96002492928024
72.6350081513221	66.27654768841974
48.40708252433613	62.9261305735822
64.31016604557514	85.34676856695103
76.62888340232205	65.28255311558324
62.50983833066407	65.85935225432482
58.9270410108392	66.29013717086383
69.54679603945962	75.70554338027637
64.71006551347067	55.03947987537238
69.13136319017586	66.75392289099005
66.87212968089139	54.03996486826131
65.97640069358204	68.41962230946717
62.78343589006718	67.9569996522165
76.90744324883137	66.83904079750138
55.835128530961086	67.2674811701931
53.652632138440026	57.15999892656668
71.42897909584417	56.443917841216354
70.05669443056804	73.92393016049216