29.01540174867095	27.972602434005655
54.32624924004049	39.881611055138556
33.113025073992674	57.13647289973609
56.011627880361345	80.53698693325215
42.345188679216136	8.0605368057135
65.32360589418953	78.39699268775688
85.99620156954155	57.80620732152822
37.29509682872589	68.02576632552457
23.9479270637192	84.29308949295502
46.89087137211438	23.769126120001822
69.5056791241377	89.28628611354536
53.71114022312719	47.97016112978401
78.23268567002863	68.73484722810316
2.1756299784238085	8.210883855149984
87.82845873820216	24.478207022580424
88.46734754126942	65.75121930394022
74.83638419713233	25.135189906613093
97.73498552828606	48.53570098969924
21.677929836681226	87.011739091961
44.94014210599996	16.231546063546975
38.32420088108808	63.76338746141666
36.04533653381677	83.2669322466735
20.41894806510368	57.25233008229431
43.36189237349887	95.72836670934112
68.16723434996061	74.37640242198792
42.626154782940645	65.6601402356588
29.270116422485675	98.71235711412514
59.27242730256247	42.41178860511446
82.21537161095765	80.88782670737622
68.85933325050266	14.940043585842568
87.66953273300308	54.17725765879894
64.31011879497325	74.37676785303891
86.92492654699657	40.89392784658244
73.57775530677493	57.16125101401289
96.5206996151701	95.63728616584474
25.403427984824717	90.92667897250895
11.98530945623169	43.473163629946264
87.62589551820186	63.67267234897126
9.617759154477461	32.82565880249674
3.1614526476348392	75.22938832306592
32.36092705419289	87.20152849936066
77.9186791146114	92.194725119951
56.70545494856358	10.449586964548537
43.322810801763715	93.85649087698242
64.03087938369396	6.12612624096528
86.64568713571728	71.64328623450882
10.588631444112462	11.119321386340669
96.24146020389081	27.38664455377111
73.12149834296487	89.39398176880798
93.79409401831691	68.80319787779428
87.63044968605297	52.305383301655205
11.599999780793029	40.42673436994944
32.27259545614506	19.835949003720785
8.593913557191666	50.29168737820662
94.21126793517685	34.6985912906405
15.103431636724041	6.178586740132284
35.73168433483461	69.51227878037288
58.95842074714522	65.87166649696229
28.096213415449085	30.092541139802673
51.039157723844255	68.56857776684949
44.86664627134699	68.85565837696127
65.57471485327723	80.12529374094414
88.5176591616724	19.60132889277599
75.37446414154653	45.81606277643668
52.050524585309866	97.87599075045826
79.62285506470417	86.63671507590253
66.55060733294967	77.57228599434139
89.45807873476663	84.1879048416066
11.130672934903702	63.59711947537794
86.51407267930333	75.5585900708928
80.63422192616977	16.944128059511286
2.306816126306851	95.35334269328264
24.92162387833017	61.87050268682617
11.574452638108523	78.13782585425662
32.61952784707387	45.58144119027694
11.406305156241016	62.836305985304385
32.10550514272297	90.8908335851082
25.906387903880816	42.53260122918752
48.87593799862087	30.65395082226679
69.51305781696477	77.20274767625654
55.846618615819565	4.726300499147802
22.913799870889665	69.40213721229466
42.805962097221894	40.88213266178644
65.42076984924522	7.399292655329982
57.306044844861695	20.578429380884533
33.91115800025366	8.917518844912964
56.59691304064835	39.15551587323468
77.26950871600039	18.564733457435945
71.38965796286683	58.95026997083947
94.00446571489017	25.46742996438301
68.3747031438172	85.60011816534751
55.02753337881051	2.867441332777952
78.20992828909462	83.15130645583662
6.853204581645341	36.63287076648898
17.5930220370037	5.124744158530662
95.41527225274905	54.24002525812475
86.97241069199367	94.460286825391
10.879880618595688	2.0759041974412433
33.53903134786047	82.66858825973048
20.191861582853782	98.93590995194597
43.09046143879254	23.336422510247072
17.744493922064912	41.35246327596913
40.72291113703831	12.688919158012505
27.295924012996988	81.02029900170068
49.955074742261765	62.612983063989915
78.13046528649507	98.00083177394589
64.77442545082513	32.05305160284214
41.13121793366492	94.36920628189462
64.03868786026692	1.984823653944868
84.71128353561895	80.39403976293117
69.45737460051919	42.41383830080095
92.43579329070752	13.75029418284432
75.88742672702209	13.150262980835874
62.74423318211117	39.36499686449657
83.54098771852433	80.78567889075589
5.497375497791795	18.0782460892848
28.466925592531855	6.199597157579027
15.04880706393883	57.74608181501634
95.62917718716844	34.7589481888737
19.572121495563614	73.23498334070555
6.224950255341968	89.502306508136
34.10767862499659	84.79169931480021
57.05062293339177	24.267735941847015
43.34870935045339	18.930868034526767
93.40815400774879	86.3425970672963
17.377704102488845	74.46394813559053
8.943711137181765	97.89931304139097
31.886655445576938	37.37534966843777
54.78525677673065	60.775862226738866
29.47476216658125	11.652320772242536
13.910453866006204	66.14345230410733
36.88000248553131	54.26480337240156
66.8823133656081	96.96423486339087
53.499669218808236	81.37113877582475
74.57135021411847	97.46007002830746
48.9770605496237	90.45317600905356
71.92000485801887	29.92921263610037
65.74749340552161	30.216293246212157
86.38461469908046	76.76509010020189
10.327559007475646	16.241126727248695
4.155046079763417	16.528207337360485
74.4745014266275	9.66485583598492
89.87917648434824	59.3018376566356
21.041123557709245	96.87315579510945
7.685082246824348	30.92537414879076
28.35767792217638	10.334590257777062
5.246583181483782	55.557030811348106
28.189527489878955	94.03306743839491
14.833489129423974	28.085285792076217
37.45716547689558	76.8175505993689
58.12975967703266	56.22676670835519
34.796953000562674	26.07158986862762
21.66262805110004	35.5014270908225
49.30590434365077	87.98299140147486
72.20450567480448	12.383502484561
59.14112801371323	85.534178216749
82.08407232210841	25.010214843795804