49.56837726137406	-17.428799590118004
60.121454181861246	0.7107681914279683
55.94760406286014	3.2703597258100183
49.649347245367295	-0.55443452726358
61.418774685951256	6.842758327630454
61.83149719272911	5.3638968798419935
55.02549849988033	-4.73184267772139
60.69974264162996	15.25301504025498
63.06790487687698	-5.436944801963512
48.14981695173979	-7.5423279192599075
59.855811705779615	-1.341618712500479
65.41544554939065	8.481705187008686
58.427740955891736	12.372169611773286
56.84350280361503	-0.9713244484440313
52.28404443817761	-9.92143461417095
48.78918854322694	16.737263334073862
71.8121994994914	-16.528773468929018
53.205645764484984	9.511473754634897
68.36909546629425	-6.657274835014672
75.45883340391673	42.278931679691986
75.51948456873325	13.445403391586673
74.9748689018701	23.28083941143735
74.09623531548527	48.87767522375321
74.69631014191948	32.62534946929988
62.759870128842586	55.979032914998285
76.45861738312507	33.73207452520602
67.57059465963975	44.275900780765916
62.531569848771554	37.96316949330504
65.53391841813453	27.537342346331386
81.77290391790828	28.564782258294503
68.18398824522545	35.870001883147005
73.9683028694475	46.010783210767904
75.52607574290906	21.88233615905873
70.2876530709861	33.63178987429238
79.4963834577109	48.50350668808454
63.546653437882995	50.28697527392508
68.39361521567069	32.05499808041562
70.85177219438583	39.62153647970968
24.46513653990784	50.901541069344404
6.783819369344282	62.523718293428786
21.57779322996661	55.931852603798305
4.093933005253637	63.450503080362495
18.26018773538715	56.77884751515538
20.631034284013573	68.0418166245678
10.410485473830603	54.3352852955661
-2.5356303304580123	60.400256244512015
27.942728888304536	59.62973363403662
10.33786206708773	51.81699909576833
-2.738322824066948	68.97938402229187
19.272689968563846	47.751218331532954
14.361424529337022	63.623155949351926
21.16041563044044	65.87878620036125
12.779263121052715	60.720781580188856
3.286287139737098	70.76331799458006
15.974811519423744	58.14564493576241
13.00380083073488	71.8257302579644
23.260438421468848	42.31282741712095
25.03999393314262	-5.061259761365496
43.05527417122195	1.499650795589393
56.96341732510464	3.0192058518580938
47.294205970943565	-15.84228561138165
72.90189386914449	-8.541809023210902
51.645472020613155	-16.311496766642104
48.799504224845876	4.02076671145937
42.86225025154958	-9.786608469170075
46.2181725872011	-13.460354264938823
38.1785868580538	4.0928093276472115
50.397519354019565	-4.7502999273808255
53.46809787089934	10.170475977447266
42.68070669311241	-7.451130859286871
61.40758890148091	10.279050457890172
56.368269799637275	10.48204228860124
46.34238928194242	-16.099477468773127
40.66082891797218	-1.5598908711608077
63.98507335736747	-5.745523139779746
44.57319609176163	-0.39763174202269347
40.71811579403198	19.669613972799866