20.140884456647107	28.42691764219075
9.152747803951526	34.91211094038807
11.290070455700212	48.75235925221145
41.21256397674237	44.51584889467346
43.51838699157868	36.44308866773052
37.03547617360614	30.20150227183733
37.195110891675405	25.07338891932186
30.295376087633127	15.72187775243399
32.61893776858099	73.07932715298934
26.0118651391174	4.8262763150380765
28.690169162781984	83.78791383991421
44.18353017498564	64.57594527327124
46.84409405732374	78.107376121079
30.00306679427457	37.40888901577881
32.69023941338746	0.5856343048339969
32.911951349164845	75.96325317334758
25.94127073196615	2.890906446896478
28.52201873048456	68.48639397096197
21.98589633982227	63.954178692573926
24.34493240256329	54.172047348125844
17.72899117765141	2.703890221210477
48.130387377686404	82.0830368556962
50.7909542104544	95.61446622828899
44.02424833813651	32.48952874285319
46.134963728325346	96.6844640886441
46.40102159177412	88.13760702590339
40.05113675509605	28.12259283624731
42.20619512252635	8.393052250783935
35.616861159174306	5.570208089901044
37.967027151252076	12.572971931703814
67.8983907429575	90.5515649127
69.92928877411171	8.810556934748654
61.300188184157165	5.513617413282931
63.47298374248405	51.21428645531783
56.910254090261915	97.03675673568236
59.60629382960813	43.428606838486694
52.74203488257398	65.93751492659538
55.42920750168687	29.114260215650564
55.6686581035758	70.92209018687737
85.04130165725375	18.349082852107582
87.76394718294485	13.386247396159325
81.6180400415775	62.318642447518535
74.83359845357799	32.763495334584455
77.5207695974759	94.94024062363964
70.61216767320029	3.3736246430026195
73.07762540610587	89.17274958832927
56.76871091952433	31.380551307977548
58.89716350060975	62.00569480605179
59.1188769116021	38.38331367456537
52.79559933648386	27.01361392615671
54.950657703914175	7.28407186547838
48.58303862676943	79.83884804832402
50.67601535084673	78.60357376661666
44.31726339393532	35.373454763211434
44.494635302901166	95.67555103819426
73.95596481106205	73.25359184091587
76.66974174130485	85.07565009600353
70.03606480071134	67.17728334158988
72.16451738179677	97.8024283148791
65.00759626018393	80.21288049969603
67.17152322306254	43.69844325276683
60.54671487791732	9.015181312102325
62.914616585676725	81.44815478140337
92.81937586625222	11.781434796367105
94.96556563823422	8.836787921939624
88.37623019966722	6.01394523627169
90.70866047606337	46.586497975361226
91.01019124609036	69.90006164283203
84.35877711460026	85.5714852609201
86.76215467936778	90.86487798521773
80.3767969361115	97.98944306535013
82.50524951719693	29.614588038639322
13.268109795384795	30.506191033616787
13.693799426472905	16.831220618360607
7.095596867672566	30.793271643728577
9.277261021447744	59.70904549951263
2.6879270580956973	56.88620281384469
5.39283539289021	85.4931562551832
97.5995252094424	72.72290432849996
0.7723192925543276	19.423571895319917
83.02884657943638	91.09123921647523
86.29247347704339	52.24979297357974
79.33065998007802	61.39254958566282
81.95575243105286	43.06356117847402
74.95846455229432	20.345898535560544
75.37528558793414	23.455823306555224
68.67952995441755	24.05172285589759
71.13611909187483	27.63574446269006
1.5087641207677511	74.06273712792026
4.3200941257268015	0.25094833424846663
96.34941203331314	26.17860013258241
98.8858170545901	76.6985635879022
0.30263956544488435	79.80848835889688
92.33195894824618	6.7361401572308255
95.05460299872232	1.7733047012825798
88.22581843348134	56.142632044387824
90.34540241911847	4.55267220392788
21.09939410185805	22.2291703851562
23.813171032100843	34.051230115458814
16.913437703273527	24.699718948570933
17.35686452525822	76.45495816081304
10.811875014362592	88.7076395438908
12.91372180910314	70.6874700759326
6.333254965984438	51.079732204013794
9.055901966890483	46.11689527285058
38.41967692512015	10.328783124331636
38.88084093800143	28.514231964072035
41.07137368722491	40.64511063360522
34.668280228287	81.33946608623934
37.222422440460534	98.28964064427235
30.21626596625371	92.35687318760974
32.73493527184903	77.4466284906462
24.096966086446194	90.93458268021638
26.606765321378266	92.80923169428874
9.934241371846666	30.19773605022223
12.01834950047567	45.74735695476573
5.437885607786874	26.13961760763197
8.142793942581386	54.74657252418544
1.2519292092023628	28.61016764626166
1.5002469313246285	53.63310095602265
4.214023861567423	65.45516068632527
96.3142905327401	56.10364951943738
98.74427388385251	11.04235668498243
29.71998045279939	5.096475209939284
31.94598758381603	49.08777165925408
23.068566321309298	20.76789882802736
25.7734746561038	49.37485226936587
18.89147851817307	6.453552205191228
21.56091247117441	3.200087866748127
14.590230378760758	29.12773966508207
17.28627011810697	74.51958829267144
46.63230936065501	72.30126799186918
47.09347337353629	90.48671683160957
49.14210859558708	74.17591848115649
42.792226709338934	14.160902816285452
44.99162657879574	9.506886299567785
38.59740171530612	33.416348041166
41.07172804365999	3.430577800241792
34.20746762141088	25.939487363565437
34.57994715502419	13.973888065814409
63.98806656571029	92.26129998604118
66.53334018243554	26.99636973032506
60.094772341704456	35.83030592796261
62.29417221116126	31.176289411244948
55.66049527056775	13.277922656831297
56.12165928344903	31.463370021356727
58.33879781901739	92.23956313213735
51.678515092079	25.69588193647628
54.25926456581237	91.29136946054176
37.56013335472094	79.03455937522784
40.01672249217821	82.61857950680535
31.352146045215537	47.46122073034306
33.53381167420567	76.37699311091215
27.157321051182723	66.71666448000865
29.321249489276276	30.202228708294406
22.687572548682777	12.303861953880766
25.445690980952076	39.20144575292909
25.685143058055964	81.00927277372598
55.10212958897539	43.51179098291685
57.81590651921819	55.33385071321946
50.862961617701124	47.691712139051695
46.304525685503286	62.127861475432404
49.02717121119437	57.165024544269194
42.0742263096773	49.52288597010141
44.78800323992011	61.34494570040403
72.25390909871994	53.52441373607356
74.42670465704683	0.2250813028935148
67.83737069369478	96.40223861722558
70.19640528122085	86.62010727277749
63.82878472886115	60.17488345562313
65.8330769736705	28.78856103642435
59.52753658944884	82.84906944029902
61.691463552327434	46.33463366858479
61.87770405674157	89.85183475731675
91.85340915047348	83.90595180705864
94.01733611335209	47.39151603534442
87.61424117919923	88.08587148797854
90.10630469844966	24.530313824982517
83.22430856051893	80.60901228559293
83.69434116884851	82.00956446386749
78.08941687461201	97.06335167870937
80.75885082761336	93.80988586505131
63.88234918277103	21.250980979969505
66.43649287015954	38.20115406278758
57.825127995886604	1.334424168820131
59.86489462248911	1.8085210046179203
53.54161704737088	89.43882125620927
55.696676890016136	69.70927919553094
49.28471188520002	28.188532784845822
51.767908284217135	80.41786735767076
81.2381063878263	41.21101297414152
67.8554607658115	25.617916886575397
70.5515005051577	71.00976698937971
0.9596199158437947	50.29717890960649
3.51376212801734	67.2473534676395
96.11066866907943	8.941708920273621
96.3146448891752	18.88911963650387
89.42378015579617	91.75271328336514
92.0932141087975	88.49924894492203
85.11366342093555	32.2117974047218
87.86291473297153	75.89427491480602
18.253295477546075	88.7514772075345
20.78083337858969	57.05633584910514
21.197654414229508	60.16626062009982
14.617189046325752	40.558522748181026
16.76337881830777	37.613877348968515
10.005543016653132	56.704043202066885
12.479867869792036	26.718274436357643
6.174328960785339	80.77878284023231
8.32051725755239	77.83413744101979
66.44033980035543	2.262927731768446
68.88806034236441	22.63184452481178
61.93511544084735	14.989705950644009
64.7021039437799	25.102393088226513
58.1127685052129	22.279550402558566
60.276696943306455	84.76511315562938
60.782203933429194	19.02608606411548
54.1219212064908	51.4824048684544
56.2858481693694	14.967969096740177
86.23494747675645	59.37677170523464
88.74474818690348	61.251420719307006
81.82727766717957	85.46970140013579
82.09333553062835	76.92284433739508
75.77892507574344	48.768249402735556
77.86303467958741	64.31787030727905