52.334446063972	7.63440577731409
40.175660712961694	51.72576808626963
40.175660712961694	51.72576808626963
42.28637610315053	16.92070343206055
42.28637610315053	16.92070343206055
73.41499565473052	6.938441843545935
73.41499565473052	6.938441843545935
75.52571104491938	71.1333757141219
75.52571104491938	71.1333757141219
68.3421826617467	4.898513457691411
68.3421826617467	4.898513457691411
95.16955407391437	17.59043932906764
80.56340106211519	4.098353486831392
80.56340106211519	4.098353486831392
82.10652929404324	53.52658222789222
82.10652929404324	53.52658222789222
75.20679596521592	44.17507401143427
75.20679596521592	44.17507401143427
79.02027283018712	53.6701232705556
79.02027283018712	53.6701232705556
71.84561451767772	69.65036582787425
98.11426589181794	50.79068990826954
98.11426589181794	50.79068990826954
98.11426589181794	50.79068990826954
2.9986915203754734	25.006579152598967
2.9986915203754734	25.006579152598967
95.02800942796182	50.93423095093292
95.02800942796182	50.93423095093292
96.64208642347623	65.08329820198688
96.64208642347623	65.08329820198688
91.9417529641057	51.077770518381335
91.9417529641057	51.077770518381335
84.73162026980313	35.197593820703425
84.73162026980313	35.197593820703425
84.73162026980313	35.197593820703425
86.34569726531751	49.34666254697235
86.34569726531751	49.34666254697235
18.970953736357004	89.41026757797972
18.970953736357004	89.41026757797972
20.585029256656437	4.5593348290336895
20.585029256656437	4.5593348290336895
8.417376785412781	65.43559232424009
10.528092175601621	30.630527670031015
10.528092175601621	30.630527670031015
3.3534323878772456	46.61077022734967
3.3534323878772456	46.61077022734967
7.166910728063411	56.105819486471
7.166910728063411	56.105819486471
36.59276732964608	1.823441034196053
36.59276732964608	1.823441034196053
31.324846712014786	72.05120969629033
31.324846712014786	72.05120969629033
31.324846712014786	72.05120969629033
33.50651086578997	1.966983552074379
33.50651086578997	1.966983552074379
25.968240139900576	13.127930220893207
25.968240139900576	13.127930220893207
30.420254401933853	2.1105231195227994
30.420254401933853	2.1105231195227994
23.210121707631266	85.2303464218449
23.210121707631266	85.2303464218449
23.210121707631266	85.2303464218449
24.753248464344363	35.658576638120685
24.753248464344363	35.658576638120685
83.56595552308538	69.37871258484391
83.56595552308538	69.37871258484391
76.02768479719597	80.53965925366273
76.02768479719597	80.53965925366273
78.20934895097116	10.455431634231827
78.20934895097116	10.455431634231827
72.94142833333986	80.68319882111115
72.94142833333986	80.68319882111115
72.94142833333986	80.68319882111115
75.12309396232999	10.598972676895196
75.12309396232999	10.598972676895196
69.864041940147	64.04184467752367
69.864041940147	64.04184467752367
0.006103487384320316	51.876115135706115
0.006103487384320316	51.876115135706115
2.1168188775731602	17.071049006282074
2.1168188775731602	17.071049006282074
98.03056388893201	17.214590048945443
90.56324192662895	92.09637522775739
90.56324192662895	92.09637522775739
85.86290846725844	78.09084606893688
85.86290846725844	78.09084606893688
87.45038115164292	43.59460182917334
87.45038115164292	43.59460182917334
17.59244269888023	31.428869336925867
17.59244269888023	31.428869336925867
17.59244269888023	31.428869336925867
21.97350819732718	55.69062667599225
21.97350819732718	55.69062667599225
14.506186235024122	31.572411854804205
14.506186235024122	31.572411854804205
16.61690162521296	95.76734572538017
16.61690162521296	95.76734572538017
11.419929771168013	31.715951422252616
11.419929771168013	31.715951422252616
4.449247678754358	57.64360322058656
4.449247678754358	57.64360322058656
4.449247678754358	57.64360322058656
8.342541902760185	15.07459727866513
8.342541902760185	15.07459727866513
37.697451215971476	95.07138031639705
37.697451215971476	95.07138031639705
39.59532031540132	67.10380160742353
39.59532031540132	67.10380160742353
34.32739969777002	38.33156879430286
34.32739969777002	38.33156879430286
34.32739969777002	38.33156879430286
27.4276663689427	28.980059102629937
27.4276663689427	28.980059102629937
28.970794600870754	78.40828784369077
28.970794600870754	78.40828784369077
24.34140990508658	29.123600145293302
24.34140990508658	29.123600145293302
25.928882589471066	93.62735295509985
25.928882589471066	93.62735295509985
25.928882589471066	93.62735295509985
8.981430705827435	56.34760956002492
8.981430705827435	56.34760956002492
4.0682539061278264	49.179567821654935
4.0682539061278264	49.179567821654935
5.611382138055892	98.60779656271576
5.611382138055892	98.60779656271576
97.71164880922858	89.25628687104285
97.71164880922858	89.25628687104285
2.5251256741997716	98.75133760537915
2.5251256741997716	98.75133760537915
2.5251256741997716	98.75133760537915
94.62539234537246	89.39982643849126
94.62539234537246	89.39982643849126
26.69192877838449	97.91183262894762
26.69192877838449	97.91183262894762
28.873594407374625	27.827605009516706
28.873594407374625	27.827605009516706
21.335325156700186	38.98855167833553
21.335325156700186	38.98855167833553
21.335325156700186	38.98855167833553
25.503542889173154	70.08779201220756
25.503542889173154	70.08779201220756
18.53286227197446	96.01544528575646
18.53286227197446	96.01544528575646
20.14693926748886	11.164512536810431
20.14693926748886	11.164512536810431
15.44660580811835	96.15898632841984
15.44660580811835	96.15898632841984
44.27826946509536	77.46458830538234
44.27826946509536	77.46458830538234
44.27826946509536	77.46458830538234
46.45993214365558	7.380360685951428
46.45993214365558	7.380360685951428
41.192011526024295	77.60812787283075
41.192011526024295	77.60812787283075
43.08988357588404	49.64054916385724
43.08988357588404	49.64054916385724
36.119200008255426	75.56820096219118
36.119200008255426	75.56820096219118
36.119200008255426	75.56820096219118
30.92222962942542	11.516806659063642
64.17043021621264	48.944583754874124
66.28114560640148	14.139519100665042
66.28114560640148	14.139519100665042
58.81382659452833	89.02130280426204
58.81382659452833	89.02130280426204
54.11349313515782	75.01577659587144
54.11349313515782	75.01577659587144
56.011363709802616	47.048196411682966
56.011363709802616	47.048196411682966
56.011363709802616	47.048196411682966
48.47309298391322	58.209143080501796
48.47309298391322	58.209143080501796
52.92510724594649	47.191737454346345
52.92510724594649	47.191737454346345
35.45441265649851	10.220811523287031
35.45441265649851	10.220811523287031
37.56512804668735	74.41574686907795
37.56512804668735	74.41574686907795
37.56512804668735	74.41574686907795
32.36815619264239	10.36435256595041
32.36815619264239	10.36435256595041
25.397474100228735	36.29200436428435
25.397474100228735	36.29200436428435
27.295346150088477	8.324424180095885
27.295346150088477	8.324424180095885
22.02742553245719	78.55219284219017
22.02742553245719	78.55219284219017
24.20908821101741	8.467966697974212
24.20908821101741	8.467966697974212
24.20908821101741	8.467966697974212
55.27562611924439	16.979969938000657
55.27562611924439	16.979969938000657
48.375892790417076	7.628460246327732
48.375892790417076	7.628460246327732
49.91902102234514	57.05668898738856
49.91902102234514	57.05668898738856
45.28963632656097	7.771999813776142
45.28963632656097	7.771999813776142
45.28963632656097	7.771999813776142
46.832764558489025	57.200230030051934
46.832764558489025	57.200230030051934
39.64923765053131	89.9653662984065
39.64923765053131	89.9653662984065
71.27449559678575	31.028971329413874
71.27449559678575	31.028971329413874
72.86196533074032	95.53272561443536
72.86196533074032	95.53272561443536
65.962232001913	86.18121592276245
65.962232001913	86.18121592276245
65.962232001913	86.18121592276245
69.7757088668842	95.67626665709875
69.7757088668842	95.67626665709875
62.87597553805689	86.32475549021086
62.87597553805689	86.32475549021086
57.608056395640546	57.55252415230514
57.608056395640546	57.55252415230514
59.50592697028534	29.584943968116672
59.50592697028534	29.584943968116672
88.86083333306671	10.581728481063553
88.86083333306671	10.581728481063553
88.86083333306671	10.581728481063553
92.75412755707255	67.01272106392716
92.75412755707255	67.01272106392716
85.7834454646589	92.94037433747606
85.7834454646589	92.94037433747606
87.39752246017329	8.089440113315073
87.39752246017329	8.089440113315073
82.69718900080277	93.08391390492449
82.69718900080277	93.08391390492449
82.69718900080277	93.08391390492449
75.22986998892964	68.96569908373642
75.22986998892964	68.96569908373642
77.34058537911848	34.16063442952734
77.34058537911848	34.16063442952734
62.4506387881889	62.78519602253353
62.4506387881889	62.78519602253353
64.03810999735842	28.288950307555034
64.03810999735842	28.288950307555034
64.03810999735842	28.288950307555034
57.06742642972981	54.216602105888974
57.06742642972981	54.216602105888974
51.87045605089981	89.16520780276143
51.87045605089981	89.16520780276143
53.98117144108865	54.36014167333739
53.98117144108865	54.36014167333739
48.78419958704369	89.3087488454248
48.78419958704369	89.3087488454248
50.89491497723254	54.503684191215726
50.89491497723254	54.503684191215726
50.89491497723254	54.503684191215726
80.03697652446986	42.33795169896825
80.03697652446986	42.33795169896825
74.77792597750181	95.78082517481167
74.77792597750181	95.78082517481167
76.95959013127698	25.696597555380762
76.95959013127698	25.696597555380762
69.42131940538759	36.85754422419958
69.42131940538759	36.85754422419958
69.42131940538759	36.85754422419958
73.87333366742088	25.840138598044142
73.87333366742088	25.840138598044142
66.33506441674643	37.00108526686296
66.33506441674643	37.00108526686296
68.51672857052162	65.91685764743205
68.51672857052162	65.91685764743205
0.5743978833003195	91.2137575489243
0.5743978833003195	91.2137575489243
92.36426371378278	75.33357937603144
92.36426371378278	75.33357937603144
92.36426371378278	75.33357937603144
94.54592786755795	5.249354707030444
94.54592786755795	5.249354707030444
89.27800872514162	75.47712189390977
89.27800872514162	75.47712189390977
91.45967287891679	5.392894274478854
91.45967287891679	5.392894274478854
86.1917522612855	75.62066146135818
86.1917522612855	75.62066146135818
86.1917522612855	75.62066146135818
16.617608862868174	21.338284484298185
16.617608862868174	21.338284484298185
18.16073561958127	70.76651322535902
18.16073561958127	70.76651322535902
13.256427415329956	46.813576300738184
13.256427415329956	46.813576300738184
15.367142805518807	12.0085116465291
15.367142805518807	12.0085116465291
15.367142805518807	12.0085116465291
7.899820843215746	86.8902953501261
7.899820843215746	86.8902953501261
3.1994888590601915	72.88476914173549
3.1994888590601915	72.88476914173549
4.813565854574584	87.03383786800443
4.813565854574584	87.03383786800443
86.86611544614593	49.75409299771453
86.86611544614593	49.75409299771453