98.94436915188211	52.402769188198526
2.0550845420709662	17.597704533989447
93.58776257976791	92.47948823758644
93.58776257976791	92.47948823758644
97.96882807821484	17.741244101437857
97.96882807821484	17.741244101437857
90.50150759112674	92.62302928024981
90.50150759112674	92.62302928024981
90.50150759112674	92.62302928024981
92.37277090421169	16.01013613002887
92.37277090421169	16.01013613002887
8.635902791194837	98.99091104775978
10.817566944970027	28.906684903543823
10.817566944970027	28.906684903543823
5.549647802553687	0.1344520904231531
5.549647802553687	0.1344520904231531
5.549647802553687	0.1344520904231531
97.64991299851141	89.78294239875022
97.64991299851141	89.78294239875022
2.463391338697578	0.27799165787156266
2.463391338697578	0.27799165787156266
28.528066492742028	70.47090649725156
21.557382925113416	96.3985582955855
21.557382925113416	96.3985582955855
21.557382925113416	96.3985582955855
23.171459920627807	11.547627021854435
23.171459920627807	11.547627021854435
18.471127936472264	96.54209933824889
18.471127936472264	96.54209933824889
20.085204931986656	11.691166589302846
20.085204931986656	11.691166589302846
49.48445427200949	7.763473695780474
49.48445427200949	7.763473695780474
44.216535129593154	77.99124235787475
44.216535129593154	77.99124235787475
44.216535129593154	77.99124235787475
46.114404229022995	50.02366217368628
46.114404229022995	50.02366217368628
39.1437236118243	75.95131397202023
39.1437236118243	75.95131397202023
43.02814924038183	50.16720321634965
20.88372845312317	47.83606404293222
20.88372845312317	47.83606404293222
23.003310963545342	95.24610567768724
23.003310963545342	95.24610567768724
15.535989001242282	71.12788938128423
15.535989001242282	71.12788938128423
19.917054499689232	95.38964524513565
19.917054499689232	95.38964524513565
12.733527591731525	29.15478298870517
12.733527591731525	29.15478298870517
12.733527591731525	29.15478298870517
14.276655823659578	78.583011729766
14.276655823659578	78.583011729766
9.647272603090363	29.29832255615358
9.647272603090363	29.29832255615358
38.478933309637455	10.603926008331037
38.478933309637455	10.603926008331037
40.589648699826306	74.798859878907
40.589648699826306	74.798859878907
35.3926783209963	10.747467050994416
35.3926783209963	10.747467050994416
35.3926783209963	10.747467050994416
37.50339371118515	74.94240239678534
37.50339371118515	74.94240239678534
30.319866803227434	8.707538665139891
30.319866803227434	8.707538665139891
25.051946185596147	78.93530585201921
25.051946185596147	78.93530585201921
27.233610339371324	8.851079707803258
27.233610339371324	8.851079707803258
27.233610339371324	8.851079707803258
58.29127965215002	34.14797813408055
58.29127965215002	34.14797813408055
60.481812401373496	46.27885680361374
60.481812401373496	46.27885680361374
52.94354315069906	57.439803472432565
52.94354315069906	57.439803472432565
48.31415845491488	8.155114298820147
48.31415845491488	8.155114298820147
49.8572881620579	57.58334303988098
47.05482527733218	15.610236647301916
47.05482527733218	15.610236647301916
75.88648745909423	95.91584009947937
75.88648745909423	95.91584009947937
78.06815013765446	25.831612480048463
78.06815013765446	25.831612480048463
72.80023099523811	96.05937966692778
72.80023099523811	96.05937966692778
72.80023099523811	96.05937966692778
65.9004976664108	86.70786997525487
65.9004976664108	86.70786997525487
69.71397453138201	96.20292070959117
69.71397453138201	96.20292070959117
62.530447623424294	29.96805697794572
62.530447623424294	29.96805697794572
64.64116301361314	94.16299232373665
64.64116301361314	94.16299232373665
49.467422843553166	65.90420282720022
49.467422843553166	65.90420282720022