11.665783939242882	6.609175107455961
6.025385263213238	88.80254159208631
6.025385263213238	88.80254159208631
6.025385263213238	88.80254159208631
1.325051803842726	74.79701538369572
1.325051803842726	74.79701538369572
2.9479973948054106	72.16118744849882
2.9479973948054106	72.16118744849882
94.97731530239176	98.08884072204773
94.97731530239176	98.08884072204773
27.105933378756795	88.1065761831032
32.71121202942835	35.83825908532782
25.81147870060104	26.486749393654893
25.81147870060104	26.486749393654893
29.62495409035729	35.9818001279912
29.62495409035729	35.9818001279912
22.45029725306283	51.962042685309854
22.45029725306283	51.962042685309854
24.56101264325167	17.15697803110077
55.68962924440175	7.174714967371196
55.68962924440175	7.174714967371196
42.306985097601896	90.58161887980506
42.306985097601896	90.58161887980506
25.359534689173223	53.30187548473014
25.359534689173223	53.30187548473014
25.359534689173223	53.30187548473014
26.973611684687615	67.45094273578411
26.973611684687615	67.45094273578411
22.273278225317114	53.44541652739351
22.273278225317114	53.44541652739351
23.887355220831505	67.59448377844748
23.887355220831505	67.59448377844748
16.91667312841785	93.52213557678142
16.91667312841785	93.52213557678142
11.719701274372891	29.470741273653875
11.719701274372891	29.470741273653875
13.839285260010023	76.88078143319395
13.839285260010023	76.88078143319395
42.981346807247355	64.71505041616142
42.981346807247355	64.71505041616142
46.79482514743351	74.21010115049772
29.270567579290603	76.163079170307
29.270567579290603	76.163079170307
33.69597457976405	16.50035762768916
33.69597457976405	16.50035762768916
62.83803612700137	4.33462808587161
62.83803612700137	4.33462808587161
64.38116435892942	53.76285682693244
64.38116435892942	53.76285682693244
59.75177966314526	4.478167653320019
59.75177966314526	4.478167653320019
52.21351041247082	15.639114322138846
52.21351041247082	15.639114322138846
54.39517456624599	44.55488670270794
54.39517456624599	44.55488670270794
49.12725542382965	15.782655364802215
49.12725542382965	15.782655364802215
51.31778669783818	27.91353255912045
51.31778669783818	27.91353255912045
82.37545601061687	53.210432460612694
82.37545601061687	53.210432460612694
75.19192910265916	85.97557020418222
75.19192910265916	85.97557020418222
77.302644492848	51.17050407475817
77.302644492848	51.17050407475817
72.10567263880304	86.11910977163063
72.10567263880304	86.11910977163063
74.21638802899189	51.31404659263651
74.21638802899189	51.31404659263651
74.21638802899189	51.31404659263651
66.74906754190378	27.195830296233495
66.74906754190378	27.195830296233495
52.11630874375973	64.05843148796478
52.11630874375973	64.05843148796478
53.65943845090274	14.486660229025615
53.65943845090274	14.486660229025615
46.47591006773008	47.25179797259513
46.47591006773008	47.25179797259513
50.85697556617703	71.51355383644655
50.85697556617703	71.51355383644655
43.38965507908891	47.39533754004354
73.55160067723497	84.96665715373236
66.58091858482132	11.894307476851345
66.58091858482132	11.894307476851345
68.4787891594661	82.92672876787783
68.4787891594661	82.92672876787783
63.210868541834806	54.15449595475715
63.210868541834806	54.15449595475715
56.31113521300749	44.8029877382992
56.31113521300749	44.8029877382992
57.854261969720596	94.23121647936003
57.854261969720596	94.23121647936003
89.52386289321649	50.37034557911311
89.52386289321649	50.37034557911311
91.13793841351593	64.51941135495213
91.13793841351593	64.51941135495213
84.16725779631723	90.44706462850102
84.16725779631723	90.44706462850102
79.25407952140267	83.27902289013105
79.25407952140267	83.27902289013105