38.7563475606144	46.992134839176394
35.678961167421534	30.350780695588895
35.678961167421534	30.350780695588895
35.678961167421534	30.350780695588895
30.411040549790247	1.5785478824682269
30.411040549790247	1.5785478824682269
23.51130722096293	91.2270381907953
23.51130722096293	91.2270381907953
25.054435452890985	41.65526840707109
25.054435452890985	41.65526840707109
10.448282441091806	28.1631840400498
42.499231493649305	54.55181718058604
37.55944743238986	97.73846100096864
37.55944743238986	97.73846100096864
39.17352295268931	12.887528252022602
39.17352295268931	12.887528252022602
32.20284086027566	38.815181525571504
32.20284086027566	38.815181525571504
32.20284086027566	38.815181525571504
63.33146041185564	28.83291846184193
63.33146041185564	28.83291846184193
62.35591786297341	93.17139337508127
55.181259550464	10.151634457184965
55.181259550464	10.151634457184965
49.91334040804765	80.37940311927925
49.91334040804765	80.37940311927925
49.91334040804765	80.37940311927925
52.09500456182285	10.29517697506329
52.09500456182285	10.29517697506329
34.57996699513339	57.24872697525828
34.57996699513339	57.24872697525828
39.03197978195172	46.231321349102835
39.03197978195172	46.231321349102835
31.49371053127727	57.39226801792166
31.49371053127727	57.39226801792166
31.49371053127727	57.39226801792166
33.675374685052454	86.30804039849075
33.675374685052454	86.30804039849075
28.735590623793012	30.494684218873335
28.735590623793012	30.494684218873335
21.197321373118573	41.65563088769216
54.43665483967245	95.8683031697535
56.61831899344763	25.784075550322598
56.61831899344763	25.784075550322598
51.35039837581633	96.01184568763183
51.35039837581633	96.01184568763183
44.450665046989016	86.66033452074394
44.450665046989016	86.66033452074394
44.450665046989016	86.66033452074394
46.00266187436537	20.303669550768888
46.00266187436537	20.303669550768888
41.08948359945081	13.135627812398905
41.08948359945081	13.135627812398905
43.200198989639645	77.33056168297486
43.200198989639645	77.33056168297486
72.05846695774657	8.281478101184788
72.05846695774657	8.281478101184788
72.05846695774657	8.281478101184788
67.35813497359104	93.2759518927942
67.35813497359104	93.2759518927942
68.97221049389046	8.425019143848157
68.97221049389046	8.425019143848157
62.00152987669177	34.35267241739707
62.00152987669177	34.35267241739707
65.8859555052493	8.568560186511535
65.8859555052493	8.568560186511535
58.67582281094671	91.68838348883362
58.67582281094671	91.68838348883362
58.67582281094671	91.68838348883362
60.78653820113557	56.883318834624546
60.78653820113557	56.883318834624546
91.91515480228564	46.90105577089497
91.91515480228564	46.90105577089497
84.94447418508695	72.82870756922892
84.94447418508695	72.82870756922892
88.82889981364448	47.04459681355834
88.82889981364448	47.04459681355834
88.82889981364448	47.04459681355834
81.85821772123083	72.97224713667732
81.85821772123083	72.97224713667732
83.48116331219352	70.3364206766954
61.62053462885029	25.88863554325048
63.163662860778345	75.31686428431132
63.163662860778345	75.31686428431132
58.53427964020913	26.03217658591386
58.53427964020913	26.03217658591386
60.07740639692222	75.4604053269747
60.07740639692222	75.4604053269747
60.07740639692222	75.4604053269747
53.177673068094904	66.10889563530176
53.177673068094904	66.10889563530176
47.954096902920035	52.412186890926804
47.954096902920035	52.412186890926804
50.06481229310888	17.60712223671772
50.06481229310888	17.60712223671772
79.2068738403462	5.441391219685203
79.2068738403462	5.441391219685203
79.2068738403462	5.441391219685203
83.02035070531741	14.936441954021497
83.02035070531741	14.936441954021497
76.12061737649009	5.5849307871336125
76.12061737649009	5.5849307871336125
70.8526967588588	75.8126994492279
70.8526967588588	75.8126994492279
73.03436238784893	5.728473305011949
73.03436238784893	5.728473305011949
73.03436238784893	5.728473305011949
65.50496025740782	0.10452478757991379
65.50496025740782	0.10452478757991379
69.95697304422616	88.08711768620951
69.95697304422616	88.08711768620951
98.7442937239617	54.3171955944263
98.7442937239617	54.3171955944263
1.6421642986064864	26.34961541023782
1.6421642986064864	26.34961541023782
95.94183083923598	12.344089201847227
95.94183083923598	12.344089201847227
95.94183083923598	12.344089201847227
88.47451035214787	87.22587438065918
88.47451035214787	87.22587438065918
90.58522574233672	52.4208097264501
90.58522574233672	52.4208097264501
85.36164810194688	38.72410098207513
85.36164810194688	38.72410098207513
87.54331373093702	67.63987336264422
87.54331373093702	67.63987336264422
87.54331373093702	67.63987336264422
19.600983043715722	92.93677326413648
19.600983043715722	92.93677326413648
12.417454660543056	26.70191100770599
12.417454660543056	26.70191100770599
14.528170050731896	90.89684487828195
14.528170050731896	90.89684487828195
9.331198196686936	26.84545057515441
9.331198196686936	26.84545057515441
9.331198196686936	26.84545057515441
11.441913586875787	91.04038592094533
11.441913586875787	91.04038592094533
3.983461695235966	50.137275913506414
3.983461695235966	50.137275913506414
88.30636139506541	71.924353036492
88.30636139506541	71.924353036492
89.9204383905798	86.07342028754596
89.9204383905798	86.07342028754596
82.94975629816615	13.001073561094856
82.94975629816615	13.001073561094856
82.94975629816615	13.001073561094856
87.11797550585408	44.10031389496689
87.11797550585408	44.10031389496689
79.57970625517964	55.261260563785704
79.57970625517964	55.261260563785704
81.76137040895482	84.1770329443548
81.76137040895482	84.1770329443548
76.537792768565	70.48032567519479
76.537792768565	70.48032567519479
6.892700606561328	51.477108712926714
6.892700606561328	51.477108712926714
6.892700606561328	51.477108712926714
10.777126235118862	25.69299795725614
10.777126235118862	25.69299795725614
3.8064441427052076	51.62064828037512
92.53666077089139	84.529327066608
92.53666077089139	84.529327066608
92.53666077089139	84.529327066608
94.08865759826773	18.172662096632944
94.08865759826773	18.172662096632944
26.7848613576786	22.9571041624185
26.7848613576786	22.9571041624185
28.327989589606656	72.3853343786943
28.327989589606656	72.3853343786943
21.428257735994297	63.033824687021365
21.428257735994297	63.033824687021365
21.428257735994297	63.033824687021365
16.160337118363	34.2615918739007
16.160337118363	34.2615918739007
18.058207693007784	6.294013164927174
18.058207693007784	6.294013164927174
11.08752560059413	32.22166348804616
11.08752560059413	32.22166348804616
14.945345442806799	56.79223976634313
14.945345442806799	56.79223976634313
14.945345442806799	56.79223976634313
44.37120056917451	2.509861314068171
44.37120056917451	2.509861314068171
39.10328142675817	72.73762850094751
39.10328142675817	72.73762850094751
41.2849441053184	2.6534008815165917
41.2849441053184	2.6534008815165917
33.74667632985892	13.814347550335407
33.74667632985892	13.814347550335407
37.91489553754685	44.913587884207445
37.91489553754685	44.913587884207445
37.91489553754685	44.913587884207445
30.944213445133194	70.84124115775634
30.944213445133194	70.84124115775634
32.55829044064759	84.99030840881031
32.55829044064759	84.99030840881031
17.89005726071036	89.99249034554502
17.89005726071036	89.99249034554502
10.422736773622258	65.87427552435697
10.422736773622258	65.87427552435697
10.422736773622258	65.87427552435697
12.533452163811099	31.0692108701479
12.533452163811099	31.0692108701479
7.33648030976615	66.01781656702035
7.33648030976615	66.01781656702035
9.44719569995499	31.21275043759631
9.44719569995499	31.21275043759631
2.2636687919972807	63.977888181165824
2.2636687919972807	63.977888181165824
33.36568108201743	5.350312151403786
33.36568108201743	5.350312151403786
33.36568108201743	5.350312151403786
35.47639647220628	69.54524602197975
35.47639647220628	69.54524602197975
30.279424618161322	5.493851718852196
30.279424618161322	5.493851718852196
32.390140008350166	69.68878706464311
32.390140008350166	69.68878706464311
24.92281952126206	45.57057224345507
24.92281952126206	45.57057224345507
24.92281952126206	45.57057224345507
20.222487537106506	31.565044559849518
20.222487537106506	31.565044559849518
22.1203581117513	3.5974643756610503
22.1203581117513	3.5974643756610503
50.907677316271894	68.8275437590928
50.907677316271894	68.8275437590928
55.36855869853851	41.02524147147153
55.36855869853851	41.02524147147153
47.830290923079026	52.18618814029035
47.830290923079026	52.18618814029035
47.830290923079026	52.18618814029035
50.011953601639256	81.10196199607441
50.011953601639256	81.10196199607441
44.74403298400796	52.329730658168685
44.74403298400796	52.329730658168685
37.8443011303956	42.978219491280804
37.8443011303956	42.978219491280804
41.65777652015185	52.47327022561709
41.65777652015185	52.47327022561709
41.65777652015185	52.47327022561709
70.77323375625924	90.66222624255212
70.77323375625924	90.66222624255212
72.95489791003443	20.577998623121214
72.95489791003443	20.577998623121214
67.68697729240313	90.80576581000054
67.68697729240313	90.80576581000054
60.78724543879077	81.4542561183276
60.78724543879077	81.4542561183276
62.33037367071883	31.882484859388452
62.33037367071883	31.882484859388452
62.33037367071883	31.882484859388452
57.7009874997197	81.59779716099099
57.7009874997197	81.59779716099099
59.24411573164776	32.02602590205182
59.24411573164776	32.02602590205182
42.08382050767503	1.5837684522124538
42.08382050767503	1.5837684522124538
37.39235711896778	69.79334558235605
37.39235711896778	69.79334558235605
37.39235711896778	69.79334558235605
39.006434114482175	83.94241430862498
39.006434114482175	83.94241430862498
32.03575054685356	10.870064631743956
32.03575054685356	10.870064631743956
35.920177650626066	84.08595387607339
35.920177650626066	84.08595387607339
28.94949555821241	11.013605674407335
28.94949555821241	11.013605674407335
28.94949555821241	11.013605674407335
60.078113634577434	1.031342610677762
60.078113634577434	1.031342610677762
61.949378422877345	23.418449460456817
61.949378422877345	23.418449460456817
54.97869485524873	49.34610125879076
54.97869485524873	49.34610125879076
58.863121959021235	23.561989027905238