29.475874995533346	78.62594638440258
16.62534214998616	45.939137646569975
18.762663326519878	59.77938743360832
49.01329487914885	28.501752234358634
51.62951725946044	26.95765901342069
51.67386171191686	42.033183082166396
45.217555205074234	84.43691112752062
47.74509310611785	52.741771244306214
39.346573047388986	9.037553929888247
41.74108201670822	31.115841840436737
35.43554163248656	85.17635171952637
58.715491092701896	79.82636979382558
61.145474443814294	34.76507548415567
54.609352053152	30.23286168098258
55.3188352633705	73.44124235526901
38.66404850473549	76.25995633870079
41.43103700766803	86.37264495149823
41.980885499817276	35.70913897830012
35.48023749094815	63.037344430123596
38.0964613464747	61.49325120918565
29.706809883194115	1.0041401837317823
25.609539439092526	33.62573688463793
25.848990040981455	75.43356538064978
28.846560550354642	45.13897767570996
58.423181799343325	2.513381057170405
58.78679273750836	7.332675470455283
52.649754191589295	39.480175335563644
54.831418345364476	68.39594919134768
55.43447988541843	16.023073575859378
48.99591056947239	24.85701124871188
51.31947225042025	82.21446064926724
45.013930390983646	37.27497052835687
47.19559601997378	66.19074290892596
74.62602749698046	26.509791689598924
77.26885566363691	73.6110129099084
70.86576072948404	15.305371312972433
73.19818953066523	55.87792405206196
73.5174574915888	45.62169587181609
67.19417991647056	34.25199612340744
69.57095169489321	89.90007440645763
61.145827325034425	96.55054560122215
93.61359741323174	27.049102037538127
94.163445905381	75.38559753955496
96.47813899088055	50.52794212636118
90.0129653638046	10.71656535796626
90.67810559678165	38.84942343872194
84.11537741977448	84.67189371908647
86.71386260918948	17.6975923458652
79.77865489856899	75.48566339919572
80.443796606761	4.6185214799513945
82.98907022348624	38.35358974902032
66.59147125763673	49.41034185596224
69.09240337233547	68.06988605628545
60.20611351438045	56.53490841130959
62.93762763551983	34.78717629389552
56.428109555987454	78.90027693196987
57.18193721866238	38.18418167500199
59.55870899708502	93.83225995805219
51.16019188878607	50.12804411884918
53.68772831461474	18.432902760419825
83.131322107094	29.580733935643163
85.68546431926752	46.53090849367618
79.09613035591548	43.70806433279329
79.58390015514163	11.538826138566142
81.96954052901259	50.40200923536548
75.52210409283322	76.0208435696838
76.13403275312051	6.863072767944643
69.65999053059626	82.83659118580057
71.9924208069924	24.40914540010507
2.8794399462413964	87.31221431235555
3.509107272640238	83.58465313811466
6.151936914511653	31.68587435842415
98.38523104219377	67.56093687298835
98.7311047894622	6.95002165877494
92.59406624354314	39.097522999098246
95.15707705116498	39.26280089566546
95.27236879199278	19.059163474404293
88.84266954670998	11.108205961005945
91.72494831525538	1.017255677327273
20.368224607806106	53.49881851276467
22.807076554366798	90.6526290168439
16.944964467344807	97.46837810817564
19.463632297725173	82.55813193599714
12.776745259656868	66.36913629908864
13.44188696784887	94.50199437984432
6.994449056454539	21.12082723894769
9.087427255746794	19.885552957240336
91.66322102833746	81.29699062293483
94.19962752482937	32.8169540782546
94.61645003568414	35.92687884924929
87.93843011784918	2.9529865508749733
90.42162356643638	55.18232407412984
83.93871274846384	48.94073767823663
84.28458649573228	87.32982246402322
78.14754794981322	20.47732380434654
80.73716601899488	69.28791614216118
80.9943538117804	77.52595426567132
11.766082685416558	61.63266207439791
14.355699279383263	11.443254412212534
7.775235386694465	90.83551654029375
7.881657056859014	87.41677430528344
1.5761166726373594	42.477282709158104
3.9617570465083	81.34046433074249
4.46726403663105	15.60143723922858
97.17946084330598	36.09215674581649
0.5207597151504184	59.87981577387012
30.381173068054533	74.13757172008815
31.0817891580397	35.130847580625435
24.38603204930815	35.7267471299678
26.913569950351775	4.031607246753398
27.58758025399207	15.379570141258215
20.741057022639545	4.3186878568651865
23.614468670951602	11.012632759437379
14.887812055850878	93.3495402867311
17.415349956894495	61.6544004035167
46.841206558477175	7.372021951241754
49.38648017520242	41.10709022031068
50.04275328794613	86.02484348731721
43.56870959020692	62.998361905173155
46.1494590639403	29.59384942923864
39.57786229148484	92.201216371069
39.65767965051947	40.13715969481126
33.11268718919392	52.38983960267407
35.7998598083068	15.5665834165143
36.2344180348432	84.10671929022223
19.845687664441993	78.37857621091328
22.399829876615527	95.32874781851639
13.797333597790896	41.67712273829808
16.812642773275627	76.81274466085655
10.320861884639836	87.35605345121421
10.631261250115104	93.88472045721919
12.972558646744595	18.672379485272817
6.489646353557096	12.430793089379627
8.946236966229332	16.014814696172095
36.60725044967664	34.92658863432274
39.09044389826384	87.15592320714767
33.92894790122702	54.96494815901669
34.301427434840335	42.99934738605071
27.783040759859666	4.897343210375901
30.248498492765236	90.69646815570256
23.721244697551235	69.3793591662786
24.235620283122266	85.85543541329888
26.81636828164069	52.450922937364375
56.57923003504351	53.34252593234183
59.15997803356192	19.93801345640733
52.189297416363225	45.86566525474127
52.473089520278656	3.74901929471379
45.90149274782319	66.35638476132918
48.473373626108284	49.73676894686049
41.99046133292078	43.495182550967286
42.22104333936142	3.0879062332300107
44.721975454060164	21.747451908768188
74.52917870948949	37.714577497276395
77.27843002152545	81.39705648257556
68.43648461602685	84.93760143113045
71.01723261454526	51.53308895519594
64.49884593956459	13.431084779521138
67.07072681784967	95.81146748983748
60.17099348902236	86.45995779816455
62.423604931168924	80.09656868872678
62.66305553305786	22.90439718473864
40.98866882934371	21.973811664810732
43.27675465328345	47.47084328558448
43.58715401875872	53.99951029158946
37.450115472839656	86.14700868148286
39.622911031166545	32.84767772351777
33.02470847236621	46.80972874888573
33.37058221963464	85.19881648510224
63.239865643202016	82.67167724506939
66.21969896167862	85.94687843741633
66.27291053436838	84.23750731991117
60.17134637024248	49.24542644001609
62.73435717786432	49.4107043365833
55.80801806269213	90.41388020366296
56.45542257998754	53.116528656920345
49.94590597567013	97.22962781977974
52.32267922930773	53.877706102829926
52.60647133322317	11.761058667587495
82.6265208794115	20.890699786075086
85.15405730524017	88.19555842764572
78.60906631912958	1.4482398107235
78.8662541119151	9.686277934233637
71.96651930787283	0.3347682425607218
74.54727025682115	65.9302557666262
68.03775217728878	11.043356404700539
70.58302579401403	44.778424673769464
70.88455803925596	68.09198686602531
1.611943935650656	37.12317208122116
3.6960535394946192	52.6727915105497
96.22200984175541	29.646309928405646
98.43027978187548	8.207398225437114
92.21342535213675	92.4189547668032
94.38622091046363	39.11962233362315
85.58861700699153	57.73569430135365
88.14275921916506	74.68586590895677
71.7008172760741	70.66709394715296
74.24609089279934	5.4021622162218925
74.48554296990324	47.20999218744871
68.00263067671574	40.96840579155551
70.97359539974406	61.02850364536826
62.051832635210815	17.633106745395835
64.96071866531605	56.187470902964584
58.28269727226612	23.21357860459028
59.03652493494104	81.49748482283738
61.7946448424253	9.395068621885686
89.28715648757002	50.21985109880265
92.0807493016325	9.977852677632574
92.63946786444498	41.52945299339856
86.3694018620165	28.450380652269793
87.15870390648459	19.594706125513444
80.79995194957318	75.36458564689326
83.061433462383	52.21630282641958
76.53417819195403	30.89919383699564
76.76476019839467	89.49191751925835
79.32777248123146	89.65719541582557
10.179318713902246	21.699846548294435
12.822146880558702	68.80106776860391
3.8028295660942537	12.03951791739093
6.144126962723734	35.827175470229605
98.6523475493029	46.37048573580222
2.587837890538053	34.570164334618404
2.933711637806491	72.959249120405
94.85660787522829	3.305644628964214
97.2245095829877	75.73861809826526
27.712446352708405	2.9619748174492604
30.23111418308878	87.05172717005581
23.774809151461117	30.45545669062499
24.431080788989867	75.37320848241657
17.85061689630107	55.76547061049777
20.103228338447625	49.40208150106
13.487287113535745	96.9339258493596
16.06803806248408	63.529413373425086
16.378435952744393	70.05808037943007
73.62140751799751	5.704671668630096
76.24649849375737	86.37568326144128
67.29812994287927	93.33497192022143
70.2424888795627	64.74975533278676
63.77731525248676	24.938378564391837
64.1054518088586	96.89725372268016
66.64185683013557	48.417220128429854
59.91949393505913	0.36780376130983705
62.633270865301924	12.189863491612455
90.14351970134322	19.44485412081273
92.68879479328344	53.17992386509662
85.72698129631807	62.32268195239465
88.23678053125015	64.19732949125206
81.80708128596736	56.246371977853705
82.08200626964947	30.914621204077086
84.66275574338285	96.51010872814258