61.20835033199943	34.17151449726916
66.61965834645264	14.936759833242595
62.21585846409145	40.919238962334674
64.17303016158468	24.150980252537472
63.825354176373786	29.964845821581132
52.28480505786824	38.619432026093136
49.00267723091617	39.32936645666938
54.911825658237824	24.75647721969095
66.38293914781292	16.801223636331972
58.72489970462049	46.92275006783319
58.80272906889802	37.175045240321126
36.01785960909786	36.909111853908534
34.218456575260895	35.72337369491911
61.45408630504249	26.31008919698137
42.23739836764365	38.10424283440442
59.23319949946327	12.64486165735038
69.32705751211606	20.13854257575216
76.19082338412143	12.300751621083753
57.18217908765647	24.84586961869796
62.447276415336574	48.27721120214849
68.22605502229608	12.161630389356606
61.26296027889731	44.330830092736036
64.4038511502473	54.971220952431196
68.76857668736267	44.42540899718281
51.37571236558407	18.863119623928732
52.82747020704332	24.211235677136546
72.700965822705	41.777648164906225
56.94627776022472	28.08310359698738
58.73221479502935	21.92458724763099
57.457310830959	47.20132979100451
65.12690728309992	45.005161295757496
53.98215242242189	9.931920449253106
62.665942529228815	9.749404502080374
47.32116440737547	42.22778612559093
62.23984927878641	10.47265594169657
66.571798314256	26.220102017175776
68.08742459418032	35.1081117148897
59.04069746529966	31.01248444188778
49.191736524715594	28.524207402378597
63.12976877151611	16.587426753679622
46.433429054163085	30.249124472624857
64.34443243754185	29.45229429404458
31.819086162917365	83.70235969253676
40.24442753131119	83.62176078422785
30.540160785938653	96.5698496326477
35.339567788758124	60.304450942287616
50.82448096072952	66.35922941706495
42.53009900362751	90.13901829201048
43.095669202375404	73.96327883104914
43.941269351829746	92.67213416909216
48.939441796029534	79.61704099184547
44.58704775681645	97.10982522025134
38.70603198193761	76.9264230172824
36.345129096073926	76.84751957283603
37.95000815349914	85.80640955794264
41.862357985853386	79.84775674842784
28.684377863736778	83.5143295407829
35.49222651235982	78.66782553472179
53.09731155554455	79.14231475383058
36.06657556840069	92.01683882432452
34.24758751523443	84.98470651648965
27.587691222233993	77.20405421290567
57.7861756686918	88.00424895267187
65.19263277427264	66.89713581311493
34.59838005530956	78.46425034657577
43.955306806611645	96.35035314145088
42.71789885897665	94.6811433465956
43.55400128023634	74.5927040427228
41.483263678111996	78.36148167230076
54.566296262616525	82.24636775422587
36.80897649851016	84.45839663036269
45.045418337579214	81.40575376665436
42.3940382376134	78.86651000239773
38.56607807007857	79.50100291333867
40.68075872926635	104.29188614382781
45.35575816886805	88.81655674693808
36.712485858875766	78.09921476445112
63.586215756303076	54.89936458880349
44.17181631698182	69.62494824501753
56.705950501457636	97.93138326847162
53.459611186713225	78.56633067642035
56.671458668811674	82.32632812866756
37.42317377559664	86.0728098075162
56.1497157415868	76.67121531362191
35.01133007580908	82.31229415315954
47.166551424760385	89.55607994637309
36.10383082831276	89.58278174485065
35.13193020860017	82.23975746936321
30.654493400060197	76.24963783575389
48.93089853106594	87.9552665193603
55.428339554029016	79.57115618341817
30.22876712988035	93.23512431409519
52.75010890606826	79.62929646953853
44.37569948301916	99.92544067772319
40.829562946276866	104.7645506528961
49.04769321061957	76.49502447232057
36.57411448364352	98.08689229327095
41.81277127126481	97.75806427407768
38.94342887193262	94.34203216331639
41.809869983179304	110.9900079721338
51.99824219130258	86.57316468596224
43.6264761397337	89.60624699821538
25.913831982357586	100.09436086858551
48.6747529383604	97.34369581798735
35.458137835657574	86.21150531604125
43.05202962584102	93.56149899876316
52.16147557967753	81.46748709424418
30.9533017691561	97.8519094546796
30.60880069830157	83.32092592029122
33.78203711288529	87.39315903891487
47.394210469753034	99.7481686695878
43.606604687763834	93.09089597667231
54.55897231908549	93.36817379100152
45.89519349211118	115.846254959624
26.588140559842603	71.29653727232105
43.96160932091048	86.99992485147344
41.805924358586985	82.83414839462554
44.21510752068609	76.70319420957951
28.86218397156577	84.980749859895
47.29790605461158	74.85417601871397
17.906412415129193	83.4982621791043
19.906910528309137	64.06880445183688
59.00607378172319	86.30516312431418
34.68402800611914	89.88210236680179
32.59133428630651	78.76714762094386
39.49989637929664	97.24694620255376
82.20533813368579	54.635298374305066
82.05317852897244	44.77435273284094
73.79289676991893	50.07856680070799
88.53888971525265	47.78884066184023
80.47348204737621	29.53094742954218
69.52076093037996	44.8638892101701
80.38915338945993	49.07329415892191
77.7558498145379	38.21550936335023
74.62824957778264	42.65223050725314
78.94146253620559	33.407211736098105
67.89431776987797	33.859480585641634
93.31559373322212	51.515668986121646
83.14756283249176	58.56692042959719
80.76138677541995	40.93041923889365
68.24200535425427	44.25105148040337
83.84819967830845	37.3284024226556
86.74486487700099	49.389734243539486
64.60012571127183	39.51768169197643
77.76314946272882	34.032973966214335
75.09996780105175	42.8320306090703
70.39821699443641	38.05400473753637
87.54705050412768	21.214606546969858
82.392640207224	28.839248298158005
71.77008651414589	25.784442531428326
72.21831415229047	58.37166208527441
78.4439717464198	47.92319578095587
74.6655943959632	38.802645149729656
66.64463168395646	51.039775573209994
87.79695035760246	25.964413645312014
87.37718642020769	52.11705011312837
74.46508832834503	31.4179195947561
86.24818855951824	34.162411744596945
98.5042077871329	41.888904770269626
73.39122716001856	44.69729977356002
87.97386761102564	19.857799583853282
75.11847762977357	41.91313299323401
71.91883638897471	41.005642568884106
83.86522680182868	33.21891021064178
87.9074881905201	41.1593798713009
76.30954446624457	29.591932186450922
85.83104298491183	34.15312669409549
79.88822349230271	39.47094768070468
85.97052038885319	32.862875210684855
96.93497260713336	39.241591522916835