53.10418605512038	75.92467995969459
82.2462476023577	63.758948942662066
82.2462476023577	63.758948942662066
84.35696299254654	28.953884288452983
84.35696299254654	28.953884288452983
79.15999113850158	63.90248851011048
79.15999113850158	63.90248851011048
81.27070652869043	29.0974238559014
81.27070652869043	29.0974238559014
81.27070652869043	29.0974238559014
76.07373467464546	64.0460310279888
75.53310765916464	60.71010750635769
75.53310765916464	60.71010750635769
70.26518704153335	31.937874693237006
70.26518704153335	31.937874693237006
70.26518704153335	31.937874693237006
63.36545371270603	22.58636500156409
63.36545371270603	22.58636500156409
67.17893057767724	32.081415735900386
67.17893057767724	32.081415735900386
60.27919724884992	22.72990604422746
86.30839802110121	61.0624016286109
86.30839802110121	61.0624016286109
86.30839802110121	61.0624016286109
87.8515247778143	11.490631844886687
87.8515247778143	11.490631844886687
83.2221415572451	61.205942671274265
83.2221415572451	61.205942671274265
84.76526978917315	11.634171412335107
84.76526978917315	11.634171412335107
77.87440505579413	84.49776800962627
77.87440505579413	84.49776800962627
77.87440505579413	84.49776800962627
9.932074368572826	10.794666435903574
9.932074368572826	10.794666435903574
12.113737047133045	39.71043881647267
12.113737047133045	39.71043881647267
6.845816429501747	10.938206003351985
6.845816429501747	10.938206003351985
8.743688479361502	81.97062729437847
8.743688479361502	81.97062729437847
95.57603453290288	43.84688478958488
97.68674992309172	9.041818660160839
97.68674992309172	9.041818660160839
27.518412104853777	89.3474221123383
27.518412104853777	89.3474221123383
31.97042489167211	78.33001648618284
31.97042489167211	78.33001648618284
24.43215711621263	89.49096315500167
24.43215711621263	89.49096315500167
26.330026215642455	61.523382970813195
26.330026215642455	61.523382970813195
26.330026215642455	61.523382970813195
21.6296942314869	47.5178567624226
21.6296942314869	47.5178567624226
14.16237226918384	23.39964046601959
14.16237226918384	23.39964046601959
16.273087659372692	87.59457581181051
16.273087659372692	87.59457581181051
1.108217559975964	42.55088965380828
1.108217559975964	42.55088965380828
1.108217559975964	42.55088965380828
3.218932950164815	7.745824999599198
3.218932950164815	7.745824999599198
97.02196109611985	42.69443069647165
97.02196109611985	42.69443069647165
90.0512790037062	68.6220824948056
90.0512790037062	68.6220824948056
91.94915105356594	40.654502310617126
91.94915105356594	40.654502310617126
86.68123043593465	11.882269497496443
86.68123043593465	11.882269497496443
86.68123043593465	11.882269497496443
88.86289311449488	40.79804335328049
88.86289311449488	40.79804335328049
18.694556771471888	22.10364680545795
18.694556771471888	22.10364680545795
13.994223312101374	8.098119121852399
13.994223312101374	8.098119121852399
15.608300307615766	22.24718637290637
15.608300307615766	22.24718637290637
12.805837422890049	79.2740799803273
5.26756817221561	90.43502664914612
5.26756817221561	90.43502664914612
7.4492323259907876	20.350799029715212
7.4492323259907876	20.350799029715212
38.51577023421778	28.862803744956608
38.51577023421778	28.862803744956608
31.616036905390466	19.51129405328369
31.616036905390466	19.51129405328369
31.616036905390466	19.51129405328369
35.42951377036166	29.006343312405026
35.42951377036166	29.006343312405026
28.529780441534346	19.654833620732102
28.529780441534346	19.654833620732102
30.07290867346241	69.08306531222284
30.07290867346241	69.08306531222284
25.1597318737628	61.91502209863791
25.1597318737628	61.91502209863791
54.51463823654417	42.911805136369836
54.51463823654417	42.911805136369836
54.51463823654417	42.911805136369836
56.102107970498736	8.415559421391329
56.102107970498736	8.415559421391329
51.472724749929526	58.13087172299387
51.472724749929526	58.13087172299387
53.015852981857584	8.559100464054698
53.015852981857584	8.559100464054698
46.11611817781531	98.20759077238178
46.11611817781531	98.20759077238178
46.11611817781531	98.20759077238178
40.84820051061393	69.4353579592611
40.84820051061393	69.4353579592611
42.746069610043754	41.46777777507263
42.746069610043754	41.46777777507263
25.79862067683005	4.188034379997698
25.79862067683005	4.188034379997698
29.691914900835876	60.61902843807627
29.691914900835876	60.61902843807627
29.691914900835876	60.61902843807627
22.721231333207264	86.54668023641021
22.721231333207264	86.54668023641021
17.524260954377276	22.495284458067715
17.524260954377276	22.495284458067715
19.634976344566113	86.69021980385864
19.634976344566113	86.69021980385864
12.167654382263054	62.572006457885536
12.167654382263054	62.572006457885536
16.548719880709992	86.833760846522
16.548719880709992	86.833760846522
16.548719880709992	86.833760846522
45.66417564160245	26.022715388242062
45.66417564160245	26.022715388242062
47.27825263711684	40.17178411451099
47.27825263711684	40.17178411451099
42.57792065296129	26.1662579061204
42.57792065296129	26.1662579061204
35.11059869065823	2.0480416097173864
35.11059869065823	2.0480416097173864
35.11059869065823	2.0480416097173864
37.221314080847065	66.24297695550831
37.221314080847065	66.24297695550831
32.02434370201708	2.1915811771658067
32.02434370201708	2.1915811771658067
34.135059092205914	66.38651652295673
34.135059092205914	66.38651652295673
63.27712063944324	54.220785505924205
63.27712063944324	54.220785505924205
63.27712063944324	54.220785505924205
58.018068617260234	8.663658981767634
58.018068617260234	8.663658981767634
60.19973277103542	37.57943136233672
60.19973277103542	37.57943136233672
54.93181362861908	8.807198549216043
54.93181362861908	8.807198549216043
57.113477782394256	37.72297240500009
57.113477782394256	37.72297240500009