25.713570370591654	41.0241770068469
14.888755987617166	19.42076538379763
32.19734163557496	9.52573965872568
21.592341937778272	2.5493938078859495
33.21497711552689	-12.985830469593107
24.666840282339248	11.774721089487745
46.888270497861356	13.14002010913477
40.6671675177482	28.26940980500865
28.603676842157896	0.07519303502627572
36.482267429255955	11.369916694067545
27.544601702368105	-6.753477026665596
38.307018406141346	16.919743663311678
33.151976782173996	9.149239946491507
39.36753033777615	0.30297259436649426
34.412414032865414	5.314848324755694
46.73094030680026	11.263344933383845
54.24925056660982	9.543304571250024
29.765185287770475	9.632131417187095
34.039244505392965	16.792202190152153
35.41669953718917	-3.3943064045254374
44.69994271104265	8.291181663887095
15.824195006451557	2.2576933606091156
40.77398600867879	7.45507990280243
39.717889866310905	21.94568412376803
25.25072309447973	-5.127165684762241
28.332898713342985	18.370116696770005
48.99293470313931	-12.886382173509976
40.97970527001184	12.716189662127404
41.949765721286866	-5.839505271604944
26.427406436565064	9.756364424199688
44.51944791062396	13.664389911923113
22.353964873149366	6.048634893847796
30.954742424899425	38.791654278563314
17.282060320853585	13.176335396426364
45.90870475429839	-14.788590162850987
30.448110132935675	7.135545805256231
25.68315527886213	15.48208590939322
18.091439180585382	6.642714651336476
32.154517124303084	7.417912639644364
33.151034982649676	1.7756438492186364
45.93875847766894	0.06020249810524625
33.494758480438634	4.8370777821964115
37.795443665638444	2.676045062785711
55.54688377899168	-3.4965972221849473
42.85929094048394	8.107649889897088
38.83547853841797	13.799251339557653
37.781902151195915	-0.5604414598249221
29.6645611139057	4.192330618530027
22.98061880526312	9.431329456014893
20.887846690048306	24.161502326852798
29.14706100432582	8.556254071647901
43.22436799998346	-2.9318813195997553
24.73569408474004	33.026671647556306
26.560685620826426	-4.930171527055347
50.78025486543805	9.32087186195664
31.86707763965438	12.827572493371807
34.97324305873502	0.10320539317067912
47.39462165303588	26.460735289762855
34.56233912056003	8.501811808552521
22.193277657377635	6.339125894246054
34.619035954687135	10.328973586762245
43.79507456140842	23.790173253389845
38.57811657663706	23.546948292217813
51.44677293239724	14.030459284119683
30.336941700619626	-8.580836706267995
29.313033344664895	13.568242826937329
28.784727672131993	19.293041330019506
38.459786894353165	26.87836533239272
42.284814059875856	5.021290756237038
50.64678822916274	21.79108545612127
26.91538276863294	-0.0327751141436714
29.214064183559717	22.546667595459972
40.313601083984665	15.131520615385341
23.306052947872242	9.803614015748852
47.19643996389247	20.487184231758633
26.513523896496615	-5.722313687641458
30.949080486357413	-5.886121047531892
20.428365967596232	7.8965194452524425
49.418891505344206	9.708418569018733
50.394173405092474	7.486427577260357
32.45110161413522	10.63845096005163
33.91892618912501	13.301658102814566
28.93531109695564	0.08429044032018318
49.33102231419158	20.12457841068664
24.618297155027044	17.19398414118844
31.245267003543688	9.142964918607182
21.25609769815709	16.491304768858065
43.149960160375585	3.744607445090355
27.01697891390164	16.94337497577484
24.27579329945302	11.511231837114149
41.224051351104166	9.810882117979876
35.97198788429751	2.695861836652564
24.73065664350709	14.407601807532703
41.93237037948891	10.302880762749066
44.5890662506721	18.612727139156053
17.914865607668705	28.370945740442046
39.85350560049707	14.415249253167783
40.40812731377528	-3.8252657422065504
26.067956253784235	12.26008763727615
22.880169930116786	10.515451625233464
41.76530113768308	12.063910886246692
30.303178851318364	1.9969072540330624
37.42220045434431	22.181340633696315
30.104345224621106	22.748069800143007
23.169031746442013	1.4362719695406154
49.618332246351954	10.68373554150438
46.27629383417556	10.273694853144272
43.439409346003245	2.942316108249666
43.16112490117345	9.613530844677959
40.55015691477689	4.934148464209978
23.960350202959226	17.774302914048043
26.51322941786018	5.331758541857619
7.025910401854805	-6.482650297617248
49.26588350818133	10.462167634938167
34.70090560930054	22.424399696284866
56.315115079916225	9.73883824384864
9.291296708565557	14.880333166884249
32.212136033680956	12.5458764437255
28.563890422639034	-5.0994305902768335
42.065556389646815	15.778197622267518
20.89815503103003	11.493413260384331
30.49383321214645	4.580192407944146
32.937217988158324	9.454004466480924
43.22346195038192	-0.5100728961038872
48.678456845988315	10.73383495922858
23.24370175942866	12.263385105019127
19.41277227534639	24.313233100360662
35.24832601090635	35.12756228151739
36.734480141662154	3.2976665384722175
36.676719907694384	13.182658433549435
23.24250718761178	23.488616179380514
25.391091297425717	14.721063188296773
25.457126082299432	-0.14427280644467722
34.09652802575292	11.573374716047311
54.04357673823664	19.857682085680842
23.48137910004658	17.288749573323287
33.01739463404378	4.587202200087023
32.918155509611516	25.906978684434527
51.24192440994838	8.541544671207243
23.919270311027393	21.99984660018007
33.88165474453965	11.74942654599817
40.321925226499594	12.43950323336287
30.782982863027314	4.309787341634014
50.059006574095655	17.138756489205484
26.05751912083219	20.5950853921355
43.80695625330977	24.142016276767304
27.39203032771425	14.93557752903438
49.28363935630876	-16.45007421466133
35.24306417133418	-1.526196696900442
40.080871603007836	13.594415720164172
38.945326021646636	-6.39200994024255
50.037510331040345	9.278173045862633
55.28106419906814	10.505946815513457
36.56093932042242	7.18905197027775
39.5835923648894	-5.489468847843069
37.26964523757383	10.68356381742707
45.69712501180174	11.584876525867093
24.077708226985152	0.42025268295262386
30.512117497466548	10.862802642279906
30.79722348353062	-0.5477213905187899
34.80887212847018	11.715633279748916
39.8486934228968	8.147722981463216
16.031879083862187	10.948790230069964
43.42610085798957	-1.2691400574251812
22.909712555744093	-3.226762664574572
41.72157233860538	22.950461815228778
31.415484660108817	9.869840590552325
35.5792465771226	15.959206857684944
30.643662427197313	-8.321123368340423
40.8170931548265	14.900289595250936
43.141690555072756	-3.34342975810131
32.194292823320126	2.28170722607275
38.97725598909506	10.059837282429475
44.668959524192815	11.52854859536847
23.24844122644214	-10.938989925045
40.28382256322014	25.453577768509266
44.54300605066671	-5.473035742786937
30.634084983212418	9.955299693582356
39.88005172641765	7.237720640079733
32.950830994799276	20.871168321971815
41.48554110492299	12.998227887293712
48.275924722224644	10.287202773111524
44.1299935324892	16.82966000162162
45.189172180867544	11.979958518958691
29.708008344373585	13.111579539124282
42.740620205469384	15.689927184274026
35.60338887598838	-15.161379360741346
37.10910420107014	15.304639128089384
34.077031236155555	5.382964810432832
37.30353074206799	-6.994218605480654
37.71394912240561	13.35267120962514
24.314810673717503	18.1246906543176
24.01288544812048	17.16791906647811
27.710210625722866	-9.086629798847373
51.07981153864532	19.365274821557918
31.49555537618787	10.904524196515162
23.040993620975723	-14.36588881957844
32.691978501341374	2.4679053841703213
39.47148383849326	-5.124056891067061
47.37712854497978	7.77241105612906
42.889513352798744	10.249170363660028
32.94608725663742	18.326501103355056
30.654340509272117	13.559905578781821
37.08326313994355	29.656997606794526
33.188366538905875	18.356667922224563
30.41536540321789	9.810618951920326
33.596559417004016	4.1071887892414845
38.02463802452971	5.512853554278967
23.4758032871255	2.1649115763021207
32.1832505373176	-8.426771502600651
37.108565496793176	15.05546564465237
45.37698898130704	13.158533305479102
57.99454578755551	-12.279617367588159
22.679317068885187	-1.9654318282139993
35.746430238721175	14.104422586314433
22.679082371480877	-0.44284743500882406
23.184589718149656	10.802246481352512
32.66386597254782	26.844586171616655
25.132032986320787	5.455705099602445
24.44497493065135	-0.6955185660702963
36.967640641207055	-2.1956729137913715
25.615321068750383	11.733140599404102
32.93710520890216	21.330185252121982
31.029867923224135	-0.5729846733083281
28.125482283721176	17.451164477282127
48.67850310389968	8.143864420891443
44.14863783979276	21.266897749624206
37.06834036253776	13.86414602698171
32.15393175572522	9.613329349627463
46.568193471548746	20.749707976191225
38.26710827706759	20.060494015265665
52.46740310836407	11.288818813931355
29.004053271483937	-5.452497080390918
36.42259959515426	9.968711410514748
25.432612072816298	3.17433978212455
15.769949428394707	10.332755362242175
34.09156021292364	9.682361434825179
25.85222666956475	1.605591658983375
31.390475960110688	-12.560017375372148
32.611304341638686	25.514904296585872
36.958311479968785	26.165606810092765
22.144593124231996	12.857748965217327
26.078956677982752	22.3950401873297
26.502324329416332	9.265205425934052
19.99312326682879	33.81690088204863
30.59533848825071	-14.189207770348474
33.5685625694792	8.44572837318721
47.52548258093945	-1.0823048117009861
33.28513367329255	5.545127518229995
40.403135997939714	-2.4789707142269624
33.25866948261492	-5.001641615932527
20.953144730258128	-4.504076855911999
34.25531605049765	10.176484617105803
51.71891279903989	1.839936668861374
47.04430043333135	12.858612312795351
32.67864509364801	10.752982175293269
23.981744368882573	8.531405416436169
19.891314338539082	-7.753594038725662
43.28856352601668	14.093934699853264
44.54677129746386	12.508498867327383
55.44176299450264	25.99527831107442
21.72098567926991	-8.193190741888436
43.14391256484883	2.72497438734354
44.746322220939575	26.41101330945938
37.64849898538285	17.359004898409616
24.160345247782285	18.078291167596582
31.040588449901755	-2.367575479001893
32.6552978768946	26.711290971930005
31.082939761795796	8.725903998157854
54.70852247873816	15.171719528446964
41.41040392298305	4.0670670526700965
48.9180719579715	10.324940241121695
49.377835418340375	-10.510893132422748
49.56168026135181	-6.689932756813086
47.31841455989234	1.2192108374650745
42.803035545122015	-4.0297018092838535
35.4042724614749	16.462671981552887
48.585832944174285	4.925628558335116
35.86572277450875	20.767301061047274
26.943473439401615	5.024902601121182
24.322783214439216	31.2611209373324
42.822660402469744	4.241827559022078
33.9028446577824	5.318882769166118
27.98315816384674	9.034038212322328
33.91503530680527	-9.528693958759671
31.36511109944567	9.839777138218459
28.567315317662544	4.4727019968008275
16.881617086339876	-1.1080404212821993
38.514775774060425	7.645320088698716
27.963671143757153	16.060320466485773
44.29297833724235	22.51236314943619
39.77150036838549	10.804635462345132
46.386058576978016	24.595449009971958
43.62328827409635	-4.387207335475024
18.1054119965934	2.6993720833459456
32.04438668228896	8.373127917172026
36.69060540478468	15.193789167223722
26.687253729345333	5.839145631374209
28.120326219558507	4.912961792196095
51.891889354863096	-1.124947713755331
60.45713155639881	12.777864092975332
24.95424430488506	-5.474163156954026
41.32107347744758	6.868774986331218
33.760894718212526	14.801178667691659
30.408345919711095	9.282849308694436
24.538002275792532	10.98122964040963
41.79559504520133	4.916001461857381
22.106817376471874	18.558107134474156
41.46034855093947	17.06630451792504
40.876604906331146	10.412735300350075
34.32328936322858	10.265074659874324
44.321862637382594	7.142955541880944
35.8127417166395	-5.784127069781684
7.959123756081613	16.179399309924545
35.07748212589407	-0.6038718554683555
15.851403311821418	-3.2551780660293677
46.58282915758041	16.13614174709929
21.11117849694626	3.5559532898466726
26.62957654868503	12.483824303266726
32.426357653042885	1.1297891045496993
24.872637132288418	10.245540824805115
24.057246632698494	3.134687716229119
24.559173575296526	-0.5118717811722782
26.18199706284892	23.93822597207813
53.85963379485308	12.814272797492077
31.848927639757637	10.98163638476764
31.935890079923315	-1.1575753743415493
24.963561421443565	8.641218825771443
31.528396849215717	19.406329025649427
47.45173905019476	4.443743201528793
24.47143782800901	10.406890688604285
30.554184156940938	1.1139248272217692
25.018612530949788	6.293602337244323
37.98483181260932	18.37630142366349
24.222358599623313	4.68829664427125
41.27382690951823	-1.6807895766242442
37.98613733039893	-2.6833801920365037
38.635461636607666	13.02083887791058
33.753318126571365	0.5756207880235102
42.15106860178199	-9.978469555098794
41.3637154409872	3.0261013517202695
27.42854872992792	2.7672596696534386
19.293650739745175	5.671796488311632
49.48871328774726	11.139161186905671
49.3239245131138	13.976135835033773
46.44747902897464	17.75933572495945
7.487603553607283	19.165768585073387
34.939422729938585	24.923269333466504
43.38521828048322	16.528282058906264
39.892650899870766	0.4074714302241098
21.580005981873	-8.235002172600705
57.70284159546265	8.101836257161361
33.508149916507584	-2.965667509036617
21.155429572894658	-13.749613999319742
23.66917132424897	16.552009110494105
29.423820874097398	5.651425172643944
20.320230366396025	11.493785505315214
23.524616232030933	4.745054666182861
31.047074065142176	23.84850662455359
27.389289155136687	5.430102869075284
24.28174617986216	-6.814561133114491
39.85710956240139	-16.445324812707117
54.69735499953576	1.2475182530033964
48.11746530913207	3.8928752922259555
30.364646729683123	-0.37618612672491025
42.91744557718095	-0.8471532310613714
34.98914110778989	-1.653078629834848
18.104852967365094	7.1067035197362864
39.18959834635479	15.362982774436503
37.72657467811379	21.982523779508337
49.07026002250866	21.247445454450684
29.083201974101016	6.019837910114751
27.8318248837774	10.256146390872171
43.982398723901476	-0.39107769851234764
50.187275921055054	5.568567143029292
33.32767310603216	-4.610238877161793
42.58664596679289	28.308658672756394
46.93386757124172	-5.102978764084616
38.32040901632647	10.045489748849864
41.791521209268836	-6.815122088754334
41.31504244785516	20.615257828482918
30.81678706963718	15.75004219145345
33.18241921415509	2.2237021545967615
15.721525495811264	13.050754135770653
28.44473535783681	15.546218751243032
38.415970719209525	1.0911345435002842
44.06654919842876	2.7092301641106538
38.62627709067057	12.393175869306702
22.58263592752273	5.960830870075775
49.097213838768866	18.445777480088637
19.028077125466574	14.957747389836754
44.48347120969838	-4.775580541027464
27.403794404857045	0.7185514840966256
39.341313005943896	4.021606695658595
53.04858897691765	9.932752653794845
30.26403707391655	17.226093722688987
25.64009080397932	16.554898434556833
34.369919740575	-9.44576328148844
21.587815998173312	-6.916708075694174
38.8091908063477	13.270124957003755
16.618125191734002	14.937805013958203
39.18431011461743	11.253915679432055
44.233079167183334	4.766773353541366
40.27484260712405	0.6438040600328332
31.190519248485646	2.956632097248291
21.8620200125061	-0.8307018729241289
28.737140720249336	15.271149190288577
25.812212612710546	11.625450748484644
38.193172764850345	8.473782090706976
36.00121084010324	6.427616458612673
33.74976516607946	10.834158119263218
33.24496754173959	6.6886365078353895
47.30468149398523	16.752884530037534
29.757212383551646	15.403702153191292
39.09151532665182	8.638568934711214
50.55748357787381	-9.127294874372677
19.120198085182672	0.8900079590895089
18.146508025094686	11.623156637608695
38.25936662157721	17.423271176533298
28.885092090917205	7.700106417681381
26.617427120579237	4.677596380846086
46.775094245604976	-2.0582897027851264
46.08835396941289	24.883895068360424
38.09480845737492	8.783400877915424
53.889046963727324	9.080961102437634
50.84418810849059	5.604911605556014
64.83872113891381	93.50584055386402
66.76494261536243	74.95970849014117
55.688174006931256	85.06872644046534
61.10715370298043	90.45079201952144
60.26371598165552	89.85369027751733
55.27772754630957	79.89887766544933
62.59070394874314	83.06639876791466
71.22035853762401	92.2895016433478
65.65409489816214	76.05623333742545
62.928594296692935	91.00612087035132
46.19694794382675	94.61025077263088
52.94143842869775	79.527850801878
67.17946081146307	78.49701411898313
40.56348540041881	86.76255332339069
48.68262587083852	97.32674576155185
40.01051885235429	92.20742356436745
37.53573264957558	91.11303317656387
69.34893402313533	74.8101546546624
55.4806081268824	87.58936657808582
48.26223986210865	74.19880801152279
64.05668124663661	91.24748516235242
67.67491608107915	69.28137116286842
60.930764898396916	78.56326179542596
58.16727807328927	86.93238864900178
50.09394717646949	67.1769068898507
61.00840493801674	64.63116425466258
67.96477340715977	85.05126003858356
50.53918930050173	76.05415354265678
52.770709011990625	66.90966575230938
55.657754099371644	81.0100121184905
58.6441606097823	86.35075710719659
36.959183234580244	62.83657844030777
52.81879210251069	74.20223567693017
39.89451740970326	68.4336411266631
54.83360995538928	74.11739821562284
42.62229369516547	71.52381583225372
64.34376719643069	77.60254101455952
61.40325478656577	88.64675867640051
52.00074962808149	85.50694329535384
51.47911799244807	90.78401065489659
45.566334496876436	85.52356497172147
48.00870660333712	94.81285134644045
70.05935349028633	85.39639804072888
49.640875837876074	78.50650353875605
47.65759475101903	87.75076947673902
77.50075572058459	69.86717105502653
52.80955657445288	78.46319095936362
37.88526597972672	82.6285049609681
55.27070307014529	69.91181487033388
56.58719717262561	88.2938384962636
34.0922433886814	99.64775442191498
55.53021467922173	106.01085534603912
72.88539434171994	92.81827920575012
52.12848365197236	77.86879790902839
46.13815828385579	79.99559838593488
55.73544730867216	81.2683114655517
67.20554493861943	87.37228116273975
55.06263296894371	87.16802560288558
38.77190274344637	78.3315036896176
47.70471936581074	84.61994485142189
67.52983827365935	83.21711183591614
70.18840899595571	87.50746484211871
62.842870621984055	84.10836048473666
33.22952696039347	80.77920781560782
60.41549546210377	83.43548800255861
43.15035399184202	98.77084671422968
57.69671967406987	86.8892282508753
42.87421660007195	83.46594417214074
47.93310690491919	78.64153436124998
49.69005167996062	87.22644827687515
58.497564490769754	94.05952983550955
69.70669409198689	101.49740654998763
65.13734168841813	80.20680637310083
60.966807291824736	77.57104518505743
57.58304937101882	79.38694829374515
45.84754399599423	77.97158675098325
67.03488713595537	93.90761037961992
51.854146311113226	62.0815803896178
47.77062975423878	83.08813376383445
48.84863508464542	90.98479992447722
45.75828714903132	76.9431240048217
36.20798607110909	87.21086137321811
65.25670093188423	69.19289611322986
50.168697846790266	84.66243487707621
53.35218189270997	81.86082407409246
38.65179595092163	86.50602358585631
32.5061229990328	80.48880376159647
57.38640475804254	71.87084177105237
48.538210016513275	93.56576815281997
73.8464320550188	77.1822950772176
54.607932041198254	95.39478661945368
45.69374864635234	93.01639379295497
61.878153093999806	99.36094576583969
47.12418872757139	74.59391350783275
56.55677177557818	62.64521784247371
69.07604698707524	85.37466311299431
45.889958801435036	65.13505969789283
48.00908885063143	76.87918661782817
59.64282053167708	73.83598595009606
49.942004342975096	79.86117701964004
57.72674047512971	85.48609118930538
52.603457648928774	77.26207281544802
48.55649770649126	96.66659204974682
39.62597942535083	88.74609738173619
58.132934033989436	82.5221047382997
50.119276132126544	79.69392020074629
58.917927006584534	96.39063575772619
55.04254354738061	92.33893922189571
29.57764636384646	87.87941021120875
45.591966559809826	78.72159896170909
51.25928753414761	91.29554534133355
47.802194455857524	65.87750272141253
54.884872124460024	72.93162748009169
44.139524063150205	90.69796049980587
55.48044426231995	63.8427642447531
61.615469294609326	79.1142542009471
60.03733800078386	83.27744740184065
64.39350038179987	86.97148397768609
42.681700247169005	81.92810234051768
52.26478556064603	75.64260964759627
62.66629222352632	79.14345489864264
63.1797485590155	76.6806525481791
55.07791954799644	78.4346395892355
45.48294661580931	66.60296292578501
58.88384746500737	78.57032708215101
59.15165724945929	104.82139757578038
42.73339148547213	80.29460286194855
56.75884156529276	78.567365447541
42.08986042706736	74.32670444256782
46.2161920941052	63.077566623567456
58.05820563438586	102.24337712510803
51.40925061980618	75.23604258422154
64.92548393404465	73.72452409749565
56.6261965269127	82.18558390503372
55.62745116011336	82.4247170387653
46.12241861020885	86.63198655687196
52.8948198715815	89.79862618376087
60.33356520872225	95.77056283719429
53.38856739932532	73.63992554695065
38.16812206121035	78.58190351805814
48.87458509571939	86.7966957393371
63.5503544946333	88.69199303167687
52.88001345087846	85.6677917628393
53.567751375636554	97.52081806068973
51.963256788138416	82.4585754205617
54.262770654669715	79.86993927019698
43.21525891845464	105.49696748249931
54.42636528299724	75.85190015438666
42.66132747106328	68.01437742551438
44.76597981884758	77.45318226996721
67.72836973640868	80.20774545788686
51.69789003662077	100.45823566375697
46.41428863898953	80.32599620490325
54.53328672313852	69.40130341047684
55.66231574313993	66.73057190714289
58.144074820844835	89.83657465726682
55.86277017640675	79.76178223573409
47.9821981356147	95.14950402245776
36.50803652165873	95.58403578251166
60.43418730180657	83.41066315708764
57.69298116986945	63.55506917701385
44.21701416295241	68.2423760239408
41.73540848711086	86.49084553261979
51.08744656516968	79.62909968518028
66.97594895749506	86.68969405861337
45.54200860489061	82.72634695523905
69.94810112072282	68.3649150115467
58.39452200538854	94.5980970006024
38.67569563629424	74.44922345736913
43.91266021989726	88.93973667045638
38.40953914249884	68.34832773471777
38.86240258375106	65.7172000637114
43.194941038967954	79.74702230431404
63.06775898032791	83.18009228782431
57.14769030371701	82.89977989152874
32.943810032696035	81.0264523393638
46.77568703154769	80.67749118963026
56.764906129645674	75.13694894933063
35.94660847728264	62.69977156577252
50.19804375250243	89.008089302634
58.32125842794041	83.41552769283894
61.58111679871011	72.01621619329276
56.70772557009414	90.75647791291698
39.82021372515264	94.08196691413443
55.52584508357962	88.96768063358147
53.045812166687476	81.33185573151316
47.50272765536366	92.28096422272242
44.392604704661466	73.90249154983917
49.65189507977759	95.75849276286645
40.46816125734236	80.1537250697139
62.3975337568471	82.71180796455764
52.163936198058074	84.25069066008052
56.8986783099151	86.15294938162793
62.956493775719636	69.81612512977063
49.723434281577276	90.8000918474506
54.382714453122816	82.02509281295916
60.847738539731814	87.2115869201262
59.69984262869988	81.74699377710365
60.988057693169445	78.67131992445834
68.19199904612783	72.88356900139537
62.200013352134896	73.43411829169413
45.98274629623365	93.86314091059826
50.294144083695066	76.86256572933546
50.86911986170925	68.10297162844564
37.32124046991552	85.20104031713016
44.938290406937	106.63753546472621
47.570700780945906	75.1744414494037
61.006631879311676	92.45067362013597
45.45007369908149	101.8901974795874
46.9691696173317	83.38817920338974
56.68710852250121	72.36862403856382
45.28650855388888	95.86751180328945
66.67048184870401	98.28265041824636
41.39891161002509	86.22730938812438
48.82455620839595	81.92980145604176
44.144648999409156	82.62367420682082
36.59658843435684	95.66508770038513
58.14131858549686	82.86067413193618
56.476043925553135	65.16154020575581
50.46824504307944	78.56970289835543
42.37395580307515	60.50669500039075
38.510165829951255	64.03160101604543
43.93427493561268	73.79403159925182
72.7285968164799	91.82930461383914
46.19092639950773	81.92329018121713
51.92720123349021	100.81292204986265
50.090748740873074	72.46619346270094
45.26096925062893	75.90506115150455
49.518848299887665	90.58703320473433
49.42607024848818	85.57919863703353
61.707403876546145	78.11950520842386
52.11984494602787	86.90456796153761
59.4424397105684	86.06987957394345
63.152662865295966	77.47998833777547
39.73004678239351	91.89447053782445
54.41193211031565	73.4516714058461
54.46377077023866	85.71365946637755
62.915276191973774	82.17945434158898
75.9941941642484	87.47092906895361
52.7476422406838	55.01392692433454
43.567635499548125	84.44268721265388
52.8210112385979	74.14165484994267
58.1502407252291	108.43217030979676
58.92551071284431	83.60415991939634
40.87001915526694	71.30751548944856
61.78591799995255	103.72349891965317
40.70626086140197	82.67083763517594
64.30924027731263	76.26310159231699
63.78204849450568	77.05929464003336
43.37451180637733	105.66145274760122
40.53557405420185	90.60993409346729
51.87810280230211	95.19512467098662
73.63870182070377	92.93326810411709
71.03623092727588	71.92248865175719
54.611846573528325	83.47932699809468
48.1800396096385	71.45067230982791
54.530527576152345	93.02274795668538
34.12468429994652	93.7241504204186
56.91849678688845	79.64348188408363
60.449792083043754	108.24416607752865
41.556398153493504	74.62483541048876
61.464944552172476	75.7255898791741
50.50585064200584	82.36521938728292
59.59405942522059	82.9978096844596
39.242620946462154	96.51612078842348
48.53074313345142	67.86021970820849
43.64187926689731	78.94548851459261
54.70752648235512	82.85856294887897
62.10404883922001	84.57478164876362
45.28009292963074	78.79382948456339
53.06660090204209	88.5592745284676
63.13902713834142	83.21633769174805
38.19221373494331	79.9175270531943
59.57901323127708	76.88219049335828
59.662679169544205	82.48267062756095
57.53221221575488	72.92159772320187
58.785872233191924	81.78231594442671
46.59929063937048	83.4128616806566
43.962663738406576	89.52040985132214
62.882737729360805	61.99443482527296
44.04464980301289	98.79118823459706
51.666766495114466	72.8982619512857
60.304452463177306	81.369909493366
44.909949424856414	76.34721552020108
59.86310738081807	89.88572618335051
63.87928471035524	78.6450357636388
55.431951113687994	73.2851333448117
56.337240610374025	103.3193023065235
43.46072784437628	67.7855286028831
52.22985108587678	75.91627171359524
66.3629547180058	85.7945726381672
56.374762357038044	97.38936428785752
34.866738871167094	82.72562618497908
57.103533805178174	91.03846932905769
38.46501790390392	68.89519126686352
51.47646252550115	53.2403011560384
40.486170576168526	92.47407159389316
55.5732461925169	77.01262997977054
47.817387143460785	86.20808837735345
57.63324694515996	109.90525364818993
41.8082657348781	67.34917101317937
51.41883513620204	78.65560392167032
44.49800700202772	79.25747387098043
77.01058838586638	99.81772319031253
40.01103552534866	80.89537875889539
58.410466927062636	96.0619095001976
49.477257017496406	79.64252622993415
40.14620778133678	68.00394745564378
60.63760291059822	74.68719434863284
49.953987686015694	98.23029494757165
58.548134200139025	94.46821329405704
54.906375162773905	80.67328522313957
44.537697838712596	91.40261379184737
59.96815199726119	77.40196283818801
53.33235230863451	76.09514634125507
53.12344108736063	71.69653375019806
65.08894956161568	90.81386113427396
37.32790236642439	95.87883205964563
44.02822620928151	71.22430102604392
51.108521161301255	91.59600404155057
52.95919741339645	91.01976252019828
49.10733725405685	69.50800010369734
49.33774917328802	104.04951785055617
60.503146802255586	89.78271740830644
54.33444607144237	98.54365320455788
27.483357593782507	85.5480770898777
53.11032554153573	80.56797710839878
66.39687078385947	78.92915773464414
62.433105307759405	84.88203738546615
49.207067206982735	72.57456904043329
50.840105575655315	81.95907366044152
52.83127998988757	83.82309431626369
45.31207658024463	75.03392426949877
72.61099108538588	72.40904390393203
46.60681350348833	85.52580616766288
49.49873229651014	81.59657335646884
48.370127288775436	90.21566752991417
41.9191066019018	82.70357157234272
49.500250166564115	97.23135448006599
48.884135676295394	91.1168141974654
56.402541694383096	88.21022430970069
62.28491383779085	80.72352303342944
63.722719367454495	65.1157635602062
45.63009058981335	96.82607714611044
61.005974384917664	78.46576398741075
45.7450369487964	96.04463556231161
32.39146179102148	86.67427957612348
59.17239322568948	79.41404113837774
50.970701408602565	80.50880847276814
59.280445238452515	87.9997170617736
61.42519858518376	77.32850833995359
31.89357603304873	82.25096734952504
47.17284811391157	70.37175608807748
78.60033124344653	71.21752481546704
38.34053269820711	77.75670687416107
40.895888779379774	88.29118551558973
47.67887393902002	84.87960752427871
39.098371145120076	80.59308923094424
61.47155186575836	83.50830196362399
62.70877679825365	89.94263820960002
57.14321907368266	69.92498350439824
49.29188451613766	71.1948287474701
48.439343684248826	85.8734128109278
45.69776445156255	84.81855968468561
61.50784353488386	88.87361985807372
55.87704578040751	77.64562918633304
47.346394138734	83.16357381312814
46.523566941189	76.80863708252316
41.48919447130159	93.57814066613442
43.13241077316002	81.01481693219176
52.50657438943508	71.06979859722495
68.0015435946263	81.77046325170213
55.39848816159967	101.27426024744479
51.177829291312484	74.16694694142447
53.44080565325094	89.03644892799149
57.166637500973934	80.74084166938208
52.57809595347199	91.68860132305355
57.734319412272924	76.78883270297915
42.24634202481255	72.74760577168743
74.60101693568704	87.7080124900511
62.06554149322719	82.69385195563298
55.83026080940751	85.54226354249505
45.43650492072409	90.1704539971802
47.500130635062426	74.88119114879305
47.61667731767615	71.97014266467922
52.24512943834974	79.79069369755082
51.765760281802706	71.26484513133776
24.52639416987789	90.43789228631925
36.079055762287894	65.49034305478071
56.49247982167575	80.15121982782003
47.36202658926237	87.82988364116639
47.366055351163894	82.31033309073747
62.18496112420917	81.01110062616237
52.42791483731559	104.94415699465429
52.26675404597316	74.78175069033382
54.87560722561324	85.9306269746821
63.04166223104189	88.45956332516812
33.50783120388318	76.4278561579345
50.68948974943035	70.28756853808841
49.81420295873562	80.24762971505847
51.391984857025996	79.82925939984064
57.8173336508833	99.12489321858837
51.6697861112073	85.8995208713148
52.002748887647115	68.59588640740107
59.805608944997566	87.15994803399342
66.29497764916206	84.3577420310445
43.01245333511922	82.21616041828536
65.85063396944655	85.6851118633063
62.88586571376747	95.92406695101702
52.68367643685333	93.35956624814561
47.727166494297464	67.2363892578947
44.70397165298925	74.47683373845697
62.741931896831076	81.42579893324806
63.44094433415826	72.16599812094236
45.70478696976368	91.51300662678528
53.85337469600289	82.42079563488586
75.17222013903753	66.47499238038026
48.44074304468257	107.80388439695768
47.53699191837771	85.9265977559883
51.163907332921326	93.62755155439417
50.21132235961123	82.32052683671999
67.80378349068984	102.00941369618957
37.555841137022796	95.94042895659516
45.609955620539566	76.43386491216299
61.16233339256887	79.65752427014591
61.968219357940555	85.40204735010401
92.73479500978087	78.96164009520743
104.18919066671786	83.56921605252553
104.33461467674944	83.20204103104238
88.96300368358726	82.30479422985732
94.12468761381542	79.19933164538091
112.08168683509011	95.71530004220097
95.9395036468734	73.87535595895531
103.46621392487856	86.76876295992227
112.16560890743065	91.8938338265813
101.9975131712708	89.71414274761212
87.02994626793068	90.77572998591397
107.3442371320453	98.41939314198858
99.35417112062602	90.03180312436395
96.47130224825058	91.34681060886963
102.87494710222684	68.40786179653198
78.61244766628691	81.62477058171126
81.90817185598587	86.30296475162794
110.23774045612124	60.86582438809921
86.1192575216438	75.56276604052758
117.34044124725688	76.32388291067676
103.80002518462142	106.17333454735584
95.40567253939604	78.31235398534696
104.65062566173064	84.23132842216079
101.43210139017445	69.75476640230704
107.55559363679349	81.68030426663738
90.18317853302443	79.66325697701447
92.92414324115619	96.37048285297146
104.49714740295053	93.20637229443311
85.7935843655844	70.49991333698775
99.71430088786848	67.67072969776552
98.47501803171912	86.40016282345782
89.28405635933223	100.72272194370684
90.17264453993788	88.6914852638181
95.94436482779003	89.61541661775334
99.80069325218956	93.71783037417975
86.53810917831682	70.23940028362264
97.89015853262116	81.91265626483472
77.91816109289378	81.18404952684719
81.71799838944507	86.35275010308733
104.78475803411035	99.61280199465043
115.07723792850462	82.27989085430846
85.4790279672783	93.4182975851068
91.65208681200531	72.97154511365159
106.97089339205546	94.17987058628125
90.77277679141451	98.16390963198648
102.26939759651295	71.78693855911581
95.23464706696052	94.96659773988594
92.1593408920368	82.32888594405121
89.02726016253199	69.26171815246359
98.29762972812861	83.03796529662388
99.741391768097	83.02692846952527
85.13762956640869	76.08022640228712
85.90054123201406	82.59182106453638
106.84865268055228	98.88579167917136
87.09384596973682	94.83368016718894
88.1641091424626	88.07031695163735
80.3191380960836	103.95019560046161
105.03552684101983	69.27415446954844
81.52315331720573	86.7529451064084
105.67016343492497	78.47216509095472
100.2628939228847	76.24397515719795
114.71175770565124	70.32946380912844
103.69496664507678	81.90861145071227
89.19337462757733	83.98183631674733
99.00160606584348	82.65176791384663
95.65295160928258	78.65948538431829
98.31605107471665	96.3953079319738
97.29503443876226	82.41617880181393
84.38736100190924	76.124856783045
107.0973431221192	76.69257149918859
88.76203259449535	99.46171790351441
101.68116060862788	81.56404280656751
90.68362743814012	74.91618272831073
101.39200049768988	94.74527657358851
105.94218811963981	58.508800721263725
89.10894897660748	81.59257099263507
107.12166006361127	78.88611624300692
98.9230266332573	86.93415488365211
81.73480073488798	90.94934604898906
98.68409766111938	87.76591176957258
87.97737026667149	102.56033843098011
86.69955696531603	60.5420810025486
92.66528222443901	70.7495029490472
81.32379967606352	104.4708440634136
103.45659838795376	71.52605973425982
91.48404038388388	76.71572353007484
88.46414047046353	92.11548155221175
106.08696307374284	78.752662172049
92.47735389748284	82.99045885343627
109.39557485040424	84.28110209534343
91.28494269434478	106.98271757752738
106.25833618394248	79.24488036019065
86.75576916992578	60.965471235790694
112.9637829533361	89.45646213116288
112.7870089177528	77.62990875054221
91.14071898228157	90.24076340555908
81.02561731229176	73.53706398550989
102.75338009853688	90.38064647375812
88.59701982587431	79.6340471279885
100.93239122337118	72.77694897331547
81.38915574862153	93.49298736547324
94.99549421316348	95.31629913544879
75.58323251174242	91.40830566165315
111.90804096979244	84.35721993318703
106.43115607163072	79.5879898646587
84.34768930346617	86.35998636345809
87.2937064477031	70.83337330703058
104.43260635436619	91.06223258817987
84.01526208688688	77.97830009889192
96.67210372465235	70.87838724109154
92.84001549427833	57.56323567180327
101.43189392141174	93.59547221845988
113.2070119654705	73.50154754354618
90.16845702442163	90.29969765045385
94.5771491754365	77.25957500324685
95.02220578974065	82.43937949256444
95.23665236766924	85.16930185197022
77.20510634478632	100.79183127372889
97.33971285259886	99.02558532769734
105.77231686364271	92.74830082772372
95.79942857222579	78.1459939769708
83.14862549879952	79.59385292935303
94.39268121191198	65.71261302989438
97.99177876392686	95.26409183507502
82.26373921619262	65.72883544408293
111.92489289701703	97.07160775679245
92.55999285585881	95.54577043235689
101.06205580334932	72.77826245458745
94.00477420114468	69.73697225968355
105.15393668000512	95.36463299028739
100.55819893889456	74.87213245871693
100.15919675460006	91.64614784337195
98.98913988186939	83.3716465691774
103.42074455077666	75.02093796802774
90.34494504300287	97.48474397241371
90.05925307211363	76.20593020102288
100.73811386988666	75.79748954944502
101.58789746042407	79.30960898247274
93.21948645097271	84.36274408303409
98.58284974897852	96.4988100748238
102.09284187625488	93.39977248043385
91.44543507136301	89.305222861808
96.84500427617193	88.38161818995816
92.91839630955073	86.31059316154243
94.9656034473957	81.5724227256876
106.14798741628312	95.18519611746919
93.66005042693028	87.63482330678245
105.88999399892418	98.67258318086621
89.35936792417226	89.93940820384928
87.99207865339311	70.87307069192968
91.91441604029991	82.8297429523003
80.87000510928092	90.64528203340484
110.90478564996953	96.65225595066617
91.31126772363136	91.0876904716682
90.70732218711525	70.97401294533533
95.9655844441359	79.97373901891764
102.88496548623282	90.299087613298
93.53855218491614	78.9677847303543
96.73314137660793	90.30108223371725
102.69498049808614	93.0180469701961
88.78598796416071	93.78283786887287
74.0006401240557	94.8753441294312
115.29262948098082	91.45421763409938
84.31028085070577	79.02114001201384
111.731191813693	74.0241250592633
92.40629252125734	77.93417999758697
99.63225130291312	104.3652939998747
96.65680064095228	87.83920597348681
92.71342430562557	80.68802992358316
88.06877415762771	95.00966179253139
87.77181844942207	66.57012615516548
117.48952671818932	67.60552373046275
87.95673519003988	92.77263835751222
118.8139905101367	96.29104946353101
93.6804584254032	78.39635314926986
75.58683333942251	79.47350872232023
83.83969696822254	75.80916956840284
81.92554933111795	94.1304465106382
113.57784160809341	65.98866935720129
96.08522174914722	71.39496360885606
89.55442899948501	86.52131894302295
105.38534242135215	100.51904306502203
83.58161813428131	89.6102694988013
100.79525490478716	77.13271936884648
95.65763054133866	73.57361520582481
97.16631584315037	80.15040858281468
96.83356581001264	91.52397039575322
93.36768018247247	97.15250890988617
111.40540364192654	85.48572808119961
105.38425640846849	88.27832353818685
86.08361063735747	81.3276654285897
103.56514503933715	77.2142627348981
84.50802500507606	84.05777752846743
94.91747155818129	74.5438941356843
92.41710319832468	86.55794921732627
92.4917233176949	80.04158570285686
90.2503644008962	85.36731847686099
106.1590788129763	77.76443368026386
92.79462244961401	81.80936949034492
79.50980364402541	98.47466275730163
87.55650744861369	87.8487876838978
85.90496036868245	91.46215883931157
92.90654697549225	85.631636394346
102.95940543442673	71.2869504815237
84.89776433052388	88.70286001098378
93.34822721272184	76.21662222781725
94.66650833134551	68.14006566280217
92.38422834378981	76.86755429395075
112.51988680453717	62.212309802028244
100.48151675490023	82.7991958387119
88.9968636243998	97.24028899701517
103.4035430690475	94.52322601280378
108.73019366313304	66.87308742500434
93.33084630657773	90.12008466491537
110.2782066080955	83.65824112908355
95.99497237708759	79.96750740252041
75.09838578504367	79.22847055656626
99.00806508935122	68.14637722805243
104.10360569182333	74.43671631046739
92.40017301268858	78.90188896036425
93.64970704710636	82.92821024763651
98.32378996468205	91.88472015965986
103.6347913793363	79.40598032402067
116.71752145464443	73.78957860769071
83.6472942471436	74.15926983020789
86.58900388762798	75.60018829807296
103.24035697487956	82.89932057525151
95.4878402285684	79.24013378010268
90.50552372405346	82.49601641329134
95.18855844144119	84.22974798109105
89.8547347767781	91.67757398354324
115.36373662990314	69.37942746133561
92.52905386079445	83.41839306918811
98.72548495473337	90.51135480500814
102.3244623266714	95.02507824169183
110.64112262098517	72.1214984924985
97.45809172384092	81.32085728501909
88.58059982247009	92.93452429885582
85.11145258049943	73.11787942227252
101.03261768733785	99.90377617808937
95.02856411335436	71.27225713764759
80.85328930468665	88.68966196274667
84.01138772341902	80.83905366776106
82.9463459678387	92.63938934491081
86.548043584596	92.11896916324466
88.81512706722751	69.33120248743242
89.2815212059868	69.92788044854365
93.01133875860066	103.764888767827
97.78632037488458	86.19866943796505
107.98265817995237	90.68858393321301
117.13721489767912	82.02844795586105
93.5170545412357	84.38525214881307
106.2672442292133	84.94402987095978
79.39070212158225	83.10521372263263
98.76246942027113	90.72529866036773
91.4054126120347	73.66791591600746
88.78771226638032	95.72202072162162
92.12603643080703	75.36409917883708
109.77197433006131	74.95568950735228
90.16327746987469	75.38410834822331
113.42491914548364	103.4027606375156
84.72195560748892	83.43582548467434
104.87717341929684	77.99139288103387
75.37457563111421	76.68956208188382
95.44134434676408	76.0972342587724
93.34789378479448	86.53697980545031
106.8626835041156	95.26173259256099
71.39861942345408	102.34366923627094
107.26395311474235	79.72547281132353
102.0153627214521	82.11442432859357
96.69024272360014	75.58448432291584
102.91514107838967	84.89361742074337
118.13427115368691	67.8974811360445
109.3539200540396	73.89305723404709
78.22146586266832	92.16117712654432
100.96864256980258	92.03858277567625
99.3985543117512	85.3339111239965
100.25057019069914	70.60772808602921
103.94852683298237	68.27693073964495
105.28395987825475	77.96844595657605
72.53105276598825	75.21752236518341
100.0978538993597	96.47359345738899
95.66742240543137	71.49334330599444
113.84330771247866	95.94442851922798
115.07656437448038	90.64816342791529
84.2376434380715	88.59829257179987
78.49769099511984	87.43467961923966
90.75647688854235	94.80190708471477
97.98449520905594	83.67683554891349
111.10146896276925	109.52334070727724
95.87992177352822	88.4983164618494
93.68123793990009	86.28870976732048
77.10228462016316	80.26439476398492
94.33438305029729	106.43152199551074
92.78013490158628	84.09286941229664
92.13287839713894	97.43035488765183
109.71454956114484	88.83626962841433
85.72338450068825	69.56396260052966
91.21790281361393	81.06264682133249
86.35718543317182	83.12648914241602
81.94831753443401	85.6445489303522
116.83843663805801	92.04640979899273
95.94792881513693	99.41022330322835
104.84203370004954	76.25201680595076
107.714628757075	104.3978119905239
105.21192677470576	91.41004089575196
99.42307989358467	86.86806924437892
97.21841030772092	76.3041728555844
92.92773609801148	83.40466376264054
112.9069963375113	83.17991499179541
97.34204032366186	97.02981003782506
105.84465825180219	84.67004807101159
74.98393519478113	81.48816794053745
104.19799947772488	88.15709466052697
99.51310195925613	88.49582512670762
92.88641306776081	96.10885841500803
87.54713396361521	83.66626334129604
116.26080476321783	86.16727719894217
92.94437876471058	79.44426331835541
82.7602383675585	86.29167477417948
83.15510420911963	90.30668419195867
86.33010919916464	102.4986250722121
111.65931894238437	88.23649060439915
95.04039031413726	95.70926064835072
96.88778035081161	89.89824585593247
96.90379062773698	91.26826685604036
96.99551267142064	82.80283241838464
92.96771192287017	94.55611196671325
104.5213281656877	67.46597592753002
91.18947761171448	85.4602224401218
88.08049944781968	78.25426422906718
97.65341815290874	79.14844341099759
124.8219650915224	112.61925131864437
88.63806202307762	89.32924698586423
87.98704482760658	88.67411002540517
96.5423089067142	89.39287500523423
97.33159540709035	75.35241249746389
98.76927898929482	77.07472618229691
84.9204206294928	96.59026726093214
93.3589377819831	82.28690459870654
88.15672381507245	79.04512768187213
112.76067438876701	92.48912374291648
106.56247207469832	65.58970601868938
94.3698759008333	70.00555701003987
97.03939242638374	91.43337214812937
106.95781643884303	86.14150144889614
94.20084103304096	75.6974729307246
108.37773939567305	68.50568641968269
111.47808602769896	86.88666218684894
92.22344176780159	88.3500351723124
88.12905452887227	90.69009654889351
99.10659865424711	73.83945068561539
94.83689585495493	80.06765153709611
89.21289301050547	107.1151526054004
110.31112799877602	80.07946846775306
69.27266413648941	88.55922882707426
97.8651107350716	67.7650132433296
99.10006800213442	69.60314522929997
121.29318770424592	91.72010119118737
87.1277801795361	85.86512743295926
96.11687891529064	94.05863088751939
85.44035277523089	78.97130992252603
97.09793890612019	74.3298477398481
103.02088217341482	79.94738586869322
120.3127836706746	90.25915943973176
87.03383924801045	80.38110081244537
107.59405233320601	84.85689118734653
94.53294188879521	93.60153887827266
84.9775866517516	81.4704514694238
116.70068627033028	69.63425705090549
66.91539252726173	89.19907686360082
97.49260113843675	82.04303055862536
96.9945984831465	63.44232357971946
104.50576832544634	82.14926833154068
97.93081406871939	88.13040670141297
88.92953500728437	67.76121974115756
86.38101010466971	86.15786509590244
112.41033281800227	89.45328508668587
93.23458358151642	77.4969422475394
103.02717514388684	87.35644240737936
111.39630755931734	80.1903185381588
100.61147098780276	77.77409500566934
111.43167411435407	101.57807703109323
107.7578455186593	89.74192756701115
93.49557953567157	81.29064352748236
98.51891125256995	73.64653879914665
92.01455704983519	81.58433612015914
89.65726489481777	97.28669672834062
115.28118995867165	86.82735170322393
99.44025501618901	80.13704649926346
113.70914637728042	86.68033442791116
98.11994803898624	71.63267858156159
93.84295239494351	77.1927147571092
120.02961750687786	90.86951028814485
85.85909509629775	76.75113949195645
92.38244396101385	87.89094939539213
94.59671625009044	95.7385977826408
81.58826007374563	97.1882741448296
105.22018360794698	76.67381513148634
99.9109368515392	77.17722878177378
100.91837668543037	89.71333350259881
101.81638114770026	87.95541379014344
92.6070784607098	75.75052171335241
91.5845409834413	78.86323473648483
113.17767652160545	82.64348283612117
90.70182252722358	77.08590705246303
90.9101868439217	81.53768540990245
100.12100143471879	87.67878247338302
82.2722858555815	86.49001031425138
104.20472608537092	91.96736693955279
97.11388481077657	103.33011458606705
87.62679741899291	88.30359663688405
100.6097143369757	94.60657508608243
109.50205587396685	90.92100193750694
98.98236328767018	96.82362659921942
87.11571518584192	90.61786386558094
96.49260294594828	74.50326630504031
107.69052999308634	75.72880560068701
87.19956669344393	85.28628240584969
105.55727994648217	100.47567834151107
117.14281703974567	89.52112463232717
119.44927017521823	78.25399871600615
68.50700376914325	65.89601693615181
90.75713201489903	83.60227748719484
90.147935557616	87.41410755150808
84.84037728337786	74.37334399502544
38.12250481565189	12.920822323003886
20.218041443798477	50.293273039337194
37.7309698120802	24.262243862228452
24.014125788798307	15.497950581817136
20.932209607606474	23.1320102965816
48.90971594591397	32.42171689723488
33.95528598204585	27.772714449225827
29.76959244645867	21.380550622483497
24.64422527400534	30.842168454449492
27.046761819136144	31.24053976640762
36.42316804951585	26.8759096105417
52.63528244251455	20.075224943415417
38.753624260734156	10.01471518832716
17.806161237517692	25.682775787444196
32.6180740147813	1.7527425440247981
22.015885985280434	22.055365391958865
18.847023181834338	8.930174662411579
29.20628591321745	26.586829234996195
-9.27689075745461	19.327269831532146
21.96405453326878	12.40543442289938
35.04035437466686	21.49193786839513
32.094038646501666	46.43109210870251
32.2412347294662	26.123011404446796
29.78532849042266	31.406304378760254
37.990251153403854	29.73343757786042
28.996557075125526	21.22186907837696
29.90619960588032	32.986613297898224
47.62319439811469	27.261447163507285
39.51540421969373	13.846947833436076
31.718320116565174	23.399804393749665
38.473273897562244	23.58855822934946
22.404958510071122	28.04451466776878
15.57986358185964	24.201974409717316
43.96137196211619	7.592725442887588
36.93881235018592	16.14753454063201
21.846400695481204	13.57359914907609
28.095353341696438	33.54743612367558
23.76259962046163	15.829991473704219
23.03492419218959	19.67888972485344
25.36663013508026	38.50011555195736
23.301602204926265	2.878517870363609
34.34004330233077	17.93809971610049
28.459852995189213	21.301026524783417
29.866969504950557	3.9816774625422724
46.513341287548755	19.040316494559182
32.29261944944719	13.470463993168169
23.181153996484568	35.487264462618654
45.32170602109325	35.07064089109189
13.9370066293213	22.50445356817599
35.91413291927266	30.87733424348658
42.03547992097623	35.02583011212794
19.176040926603083	31.754528348904543
25.488617394994627	40.46957303633354
26.818710523949676	30.176970176177452
21.039343443874	16.578396862805985
22.701773413466395	32.97185388622036
18.214493360321875	15.534544447150461
17.073055097819555	23.081277726174136
17.096432730967287	12.332570984119739
30.224740465289237	43.0306284449661
41.88578954515255	36.40330902190077
23.34454751128144	13.891519873785885
12.195246252068841	13.621372421438405
26.639766774038915	24.395672749626137
31.766803858490977	17.16993791655434
42.66410972383055	7.868325166145711
40.76384105058169	6.210840765106521
31.80702759352043	10.361329192289988
22.967759313056973	20.727903130484748
33.84239114787643	38.06893660118649
23.90821964097769	23.900765694469086
26.273781758538437	37.24059048136189
29.81522087235122	14.756568987760456
17.024770496942203	22.738590098640618
25.753062891862378	12.99730855409225
21.952635773403944	51.37518438466002
30.721713516065027	24.482236667283416
28.161355495202617	25.48504609909211
7.520545109228156	10.968211514068964
30.872473149599315	8.519235746943178
26.661590495659546	10.572530694224474
31.524756840565534	32.46567936972119
44.0347178191674	0.6057155924790081
33.515396710638726	26.67178461785931
45.0260448295755	28.229285498062062
23.926641422289062	19.70420331750582
17.296123873813904	20.251711691202992
37.918383083234076	29.31315518206408
30.275638975327503	30.768967013069982
27.13884696580758	20.350547666911098
35.49593470292474	22.042942927790623
23.16821542366212	25.032739269234902
29.135235804070305	24.365124127313166
17.206776450605823	26.801995706544133
28.54268439784728	6.789865644817951
41.21840831378211	24.64022961659773
30.898731207045593	22.186658259796673
20.913004091742817	24.286842589254775
17.68549572557124	27.790778405317564
17.383592631616594	19.08243601268242
29.277646653687466	22.20036581555203
40.61389040390857	45.638607623411026
15.362793175529141	23.809467406635775
31.908784364452433	21.46639637508157
34.62733545297848	16.221237060254886
14.571407722149234	25.83428208916272
31.97493464378141	16.71014470457972
15.274556967871138	20.700065706207216
34.2099879380313	14.347334255653108
33.51179211679729	23.03325118601608
33.70638692179439	45.93163082060566
17.90734797958737	30.892657718152634
40.55845505754337	12.876080955564762
22.282689292847706	22.26563615090177
49.11268644425073	31.844447990474066
18.222027927939873	37.036410424440234
24.120191914000007	38.613471388596864
38.57520951157237	30.606444973728834
18.320386799518396	21.416941656561736
32.33776591016317	40.47990091804212
45.78279867312877	19.361361169425074
29.540267275899843	18.854117072886726
19.44801104162204	15.83318728543944
23.654429141497697	33.199929587473484
19.722581093002145	25.32365106105062
20.32415711182074	29.724058661555386
22.770483354819437	38.0179259657552
32.79948539327646	8.732361065626382
32.82629650026781	22.383678127287084
33.87548310843676	34.25027214019266
15.718372569385854	13.857583780789428
6.7286112764001125	10.542449849708927
29.48678695604935	20.255857759977875
44.93233603854399	17.920692086593
26.883233951489085	14.590376313366923
25.140547379757958	20.752169280696627
25.54838894877643	31.21101015527564
23.483726914071994	23.99463005812109
36.40611141975616	31.772519205585276
23.312358698110668	39.70828218405241
16.496963206764036	36.46546633477473
15.216891354636454	18.555971645657195
4.3854818444265575	14.766665914986671
30.037503082398363	23.033190976822706
18.457565106900276	25.32672881656825
30.610449180991406	22.949803900603
18.920686371591533	38.00273987291206
30.66195700446932	15.293615314874124
36.93737747585794	10.981619264504257
10.334212366003936	26.824597627491542
28.96999448926388	27.530373091593788
18.178806838184308	32.96781901871047
27.097004948710367	13.616774525962033
19.98420634038233	39.99615042747177
7.751307858650964	16.410218882408905
38.55732627980342	9.887175108681957
28.401844382232433	27.57017269598521
28.63529700286057	26.480962494398174
39.02050635059795	24.63985152915361
44.351042309362306	27.0721285129206
29.35556482545608	36.20825723716136
0.4364264905831021	21.445692804394803
34.14453135251798	26.600153380134973
27.481335537835477	24.050966854426154
20.68339521861781	17.552930695569607
44.96263677783213	3.1957145573335453
25.05977203614328	14.562860519684795
58.741533407394314	2.6864095172941553
29.76312531872704	15.548809844822792
3.7219521533664164	24.937134486303677
35.892329354826934	12.101826684050332
15.085949141742109	34.837710670921616
19.857900922608486	23.73614725355455
33.917621992481116	25.660829376061933
33.992974406590555	17.71997626470087
49.62307926634661	37.25235801216038
37.73370715757324	19.626708379006505
21.26581344165767	29.55510625299474
25.070172422064473	5.624796201743639
29.762285027847515	24.256691164860026
29.267953181091134	37.38647389870404
29.270384878274207	34.22657192811017
17.75471457197635	28.335728404025737
24.470050054716864	37.37783565439621
38.169538598151846	28.10488907820563
2.180305188657499	26.479045207314744
36.64858255249224	33.703887171964894
21.65249182986383	29.06374833363696
21.64476638361051	15.702530119577881
35.77415163968981	40.071657367721784
9.500242441358154	32.23852433759559
4.374861047276433	18.1417646849533
16.21553650122636	0.7006903591750415
37.90183562311618	16.668015032508475
26.309969965491373	17.863044302923388
24.937777522775097	16.717882387483517
29.556638123837054	8.612231211234516
27.33419703939937	34.967441167497924
26.95015119704585	32.88545713157748
36.12645893706288	20.088192526431804
8.688261165794902	19.457517876802253
34.36964247913725	13.845633391145435
37.89316174335967	22.101911248241088
19.013093972540865	44.412601457807
21.248007412191036	35.342757638869735
19.47602123306771	37.9842505236707
43.79186662405898	38.917081922628626
24.16786465332183	18.60464493821397
30.154942991355085	33.13934331821279
3.300785573818402	24.42747106882223
27.260890608153552	31.297313435266403
26.500369852977254	44.669011792457425
15.178904028618467	33.48420987004759
27.98672137216588	24.38091750683357
39.23256682943831	28.050225676131
34.922542903766356	6.357977416679475
29.651132212881695	28.420739974214865
29.822480888764474	38.710505293222596
20.05127725873288	25.824797721318813
18.74420792830758	31.096980174331357
20.79135719511511	19.391157219015657
27.923623188785797	33.084939856788736
22.544499651397444	26.47470052420318
30.406144850673567	25.096524659911463
27.73478191844727	37.52122187833755
37.9393699947578	21.619545395936854
34.14032975727411	4.415398915950142
14.160195397286149	14.186420578085361
28.37298160216464	27.183717687535
39.10915804772033	15.75261069742842
20.567707208226913	27.098825587825754
28.282285368103206	14.976027219673005
24.27976157220621	35.911122030634026
12.753235456296672	12.49871191427799
18.321494116403386	22.432179114817558
21.19942352960693	39.0783922626659
40.196836013162674	14.820188087679508
40.31142148569554	18.614525607096912
14.15113250228008	28.64672607295345
7.373635381422609	13.569744873303671
28.85738362763374	18.506286348987274
18.475873603854005	13.132809494918495
27.3120871241293	31.58906838789432
-0.7416953854204671	35.77023960029579
28.10544808495154	14.418816920056369
24.707892700718528	20.52469434644995
27.598752930876195	0.6090297851294721
30.690617125044334	26.240902205169704
22.823759436163307	19.303915268041205
38.30391677638563	11.06920988291858
18.083167371409516	18.81136981387646
39.34888161602565	25.776839068972905
22.35263507653006	19.342635579436823
25.359284571416232	3.1076828306993534
34.32583524115837	25.171295520649487
18.311984998859323	28.940490385915524
20.182140448810674	18.957085715605373
34.90984814817911	23.23974640076916
21.40226032041909	11.481329639231236
39.62780752724628	22.242762809478638
40.58869165811345	12.55406791927045
35.04904276207111	16.844768137609933
6.865641693633442	27.221017390013152
17.072015854624713	35.421499642333224
32.198458787037154	31.165045705229147
40.479495192819996	24.205416417124518
38.00310297026119	23.08820948660232
27.603969381595366	13.743027958113464
25.031840499979253	21.20454554748231
32.49391272920215	31.247478812203042
34.93345103175628	12.477937888517936
24.780323631222945	16.668065345780263
24.255939561496593	27.606039989323744
28.86813747241301	24.77383430459009
40.23584959384869	23.390897472990684
28.4607383229349	33.891076677233116
8.4368305767027	21.854866894990398
27.166585131210738	22.353579226270927
50.804606461033245	12.581204745088014
26.382271982369726	31.69590841012912
47.67176390219647	19.68588563653296
23.85034295432285	28.73885077493538
31.468500618475673	25.31086328079629
24.86517877802845	13.713678005554737
30.758007137023768	15.337959180634352
12.524216519390524	19.20478091265934
31.890104846147665	28.43442910070672
52.40264409994687	32.68918003455644
25.31684567018067	15.18971569647035
6.292726999608714	52.84348567395391
31.372456813092683	44.10366124636747
24.28814909231026	7.801402806779381
39.43598140906123	31.092278926892988
23.788996809724726	35.55373748066491
14.04681668568542	29.129655359568467
26.918605282914168	23.89628050588651
25.374248963809254	30.568984734581328
30.609678524835413	41.27189919507711
21.2876382834678	7.187157537523522
38.37371362075082	20.283019318528247
22.669014578921644	32.78929313951059
33.06608033588708	14.388191231910119
19.942461632787918	25.89355593537237
40.9803284712971	35.16944902403071
17.080362487906662	5.781180897788488
24.317411083035342	27.69468493528226
30.004388601950517	18.43781773948051
37.335002505671746	28.191733604093557
19.620113798739606	17.558845411017046
21.170525105989558	28.712234165938536
25.93819488239626	10.095137740970355
15.251874258073135	44.87264408664706
23.445160919663326	36.268437910856676
9.96075174873209	12.598375403973188
28.76706810783172	19.042927685072243
32.682361333674244	36.89853648439701
19.98373707983935	26.08273161364026
21.93405149642897	22.279431108710977
46.17151543518022	18.401668883129148
16.89765288038834	35.15800125402196
22.618265332082427	4.2598862611050485
12.532289827350654	31.49272116610596
37.12408590296349	13.093524320266848
33.787514703104414	17.1862041267243
27.965143219048407	18.348938592680934
4.784334670590926	22.184826890922817
35.515273045404236	35.64404475682594
19.36295549739827	31.020380639277672
27.66560771105888	25.603074366032022
47.89241407152495	26.100228119278874
32.62541289093039	6.858476293194229
35.39349839222517	23.952072535722287
25.937130871224195	2.31939577371827
31.656376117661893	23.682264953512245
31.385020558525337	21.627777380667016
31.174852274705632	44.34376932259056
20.939166434848623	27.379900700045212
21.027066165932	12.25733944012281
20.27399540194883	30.402158378323207
32.808983551765756	41.95613052161301
45.4081261982266	19.7812962180292
42.23502909801399	40.25313456190166
17.121586827150658	10.079921959169798
31.282180354276655	27.34332877258422
42.14825919238258	17.641451714953362
34.19093545880916	24.255670338179105
34.0155832861287	6.892321421000659
14.698518637169357	18.107391126210857
41.560922362667576	39.304506125853926
14.559157303840465	18.986292018029538
9.60870125101708	26.53447754375038
47.21993808002466	18.77787965667551
32.16080473035986	14.156656716006752
35.86937285324483	29.23340622199445
24.728100873611496	8.804107811566311
32.938536867438536	12.18037432921044
24.037769014277814	26.795945323306544
10.269255782223745	20.908044374731627
32.25972009815054	31.001531075180473
20.134778401107596	15.689084586058632
32.93022130528063	12.600390561427089
20.19904530373768	41.63885562273249
48.42513650059745	29.78818305179153
9.09631772522042	27.44789267751522
28.90690891218754	18.922618057182575
41.963634823597886	32.80599621881928
21.13235283639454	23.32354830049434
27.49076052248844	28.477611347869782
18.705844660454943	25.648623969412487
37.448996043772055	26.802610256632708
46.63242014953661	18.005340515395318
7.583326111087882	25.79891474069621
30.108217180652595	35.14577073620203
20.114614391954685	9.404509395585018
22.104685881185166	22.309656142661392
34.830242203404836	35.439763189070334
45.90977434144618	42.81857873729324
32.04756955277583	30.371256659795534
15.938196330049735	14.987617804404795
42.24366148403241	32.43948127687156
34.808365615700886	27.25810455362344
22.948699809399407	22.256789053072787
34.89529701186804	20.778635995905457
27.644731769024677	39.529982531962
20.334819429758443	15.42010264262766
3.8617394095049526	13.369045528524497
35.283978748164	19.377384003353455
18.867201746436628	13.734061040470026
30.06762008975669	21.233622831800112
12.32784602131386	15.793491717206933
34.99189749767373	26.28069493816929
29.83741508807669	13.154237437164356
29.848389207681187	4.174885498966724
36.62449397712298	25.61179575289884
14.175987976086908	19.14824989998216
29.918927378712215	13.20246181171453
13.179042341105278	11.096789423878572
29.57395586650048	18.455357405453213
27.803800503387357	18.89150398387018
8.331307051786268	12.14783119454955
19.017185520466054	28.93202085915275
7.497793718007863	21.666204995836374
59.54409920728549	10.802865511029234
28.461037297733768	22.10927671105548
32.30233988869431	33.39713929712504
37.253364805094755	31.340468839054694
30.44032816884422	32.33140110042205
26.539977317554712	10.519363247894129
28.206286224822243	20.55295264449733
27.69742161922062	30.176557922775437
7.363129565712573	18.519682290394556
34.27290038695284	26.534673219483928
40.46696124489769	26.867733081052744
21.87812925665033	27.124941347625448
12.91021198876392	28.718362221594475
24.25644040503095	24.725624702857317
20.85445716646308	13.864805948617784
55.410682472242684	39.252744210569944
36.287957855249275	25.486317824405056
29.01535231723707	19.997662026990774
7.182441449693755	19.208688666795137
28.720124505480868	3.802199817747713
4.938012410117182	19.926396328122866
24.54059708633782	-3.337462955971816
21.71900674387608	25.06387296431631
33.31164245394895	36.16928466577807
11.463325347261542	22.86233265597249
21.65329511522279	21.67080236404213
22.288822179045265	24.939564275178675