57.839455464091806	-10.34940233899113
74.76827115383679	12.068619205357823
62.52973160162981	4.7667163973425355
59.85902769331475	9.138233622433596
37.07389639554232	0.3277336408847642
56.72867652337318	8.2525399057859
32.986019598310556	5.090328704099553
64.23750824642863	11.630560407753485
64.70866296560231	-5.805952873456995
67.87787008864288	18.418420255161063
63.9199982943065	-0.3535689132058879
53.33934085000706	10.506846120993453
58.82569346049255	-4.220336933658045
65.28929591809957	-7.516790431355105
66.59079293207874	0.23847376650741214
60.998475256624516	8.884948364117163
74.70182715363286	4.662034978461153
68.69594520068	14.249376308663827
43.76328195671256	-4.3045484327302965
72.2565107038782	14.840072158196039
69.54877961484222	13.258456239513784
36.66936350130041	-1.1920586056555136
63.57251519065014	-3.7824093878598397
60.1013437208916	12.725662283509347
41.79467766810367	10.761856849218939
48.05429282068503	14.284690728861817
46.55219648619641	10.65276344995036
44.60132092518414	14.45330879981511
50.032850907029896	9.312447515535274
49.46110369071967	-0.4576155384924121
71.27232213316809	-3.0468502410800475
66.4822491103403	1.0318820436915224
78.33524972201992	1.8424680647626426
56.67790276191676	-3.3614563134967472
58.26158065647029	0.2226732826994322
68.4366217889746	-3.6535128722597268
65.21106959775013	-2.7806720321066436
57.69171655778507	1.4283013332225871
44.56796985131731	13.328838211391469
50.407673663556096	4.320139722352641
49.581657124967876	6.157208672809749
61.045762183019065	3.174760620008403
51.47680602771617	4.5480949956881265
56.75277354565386	4.637193457686959
68.62333111035743	21.989120394637574
53.22958752063852	17.85980008679308
63.6686463220691	-2.4219232939973994
65.05992293698326	-6.686499788466929
68.25407201901955	3.1072678044382442
60.585233049068876	-7.459165166846164
68.12348792502766	-2.688163239917192
60.85433108404744	1.5958799477748968
63.761917022642635	26.352233322545473
67.21178245698525	9.36719608727709
52.46377665110565	4.322803468472844
49.67420896942483	-11.666989556358212
77.94279201466048	8.434249570555592
48.28064881089014	11.94570967965481
81.27483735104579	-8.772336999586283
46.07046616155042	7.790922484744938
75.73088456820409	2.0204945055405497
51.52120868638848	18.71519213191707
79.8892648726142	4.025895781058567
61.50885678498907	-15.874382088750364
73.09849821316396	-0.30172350727829045
64.47141337335073	-12.340683719311793
79.72013177870778	5.994947287162178
80.89571269398486	6.2253751352736435
59.51122207096838	18.54061960979155
65.73999484733889	4.034748949398766
57.57889031905576	13.199085611690112
30.217892253612217	5.474329940397777
71.23564334747023	4.355139293452377
72.00375405697966	2.6535693312180513
67.23938950048081	4.388744336053005
53.705071699561536	-0.5956344634820203
59.28119897093135	-3.4520675830919156
62.646626355123026	9.983917049989717
48.761751095501154	5.883196240507562
59.425357683646254	20.71655483111186
31.900532788280614	2.9340982822475263
45.15140802851566	23.17034961425304
57.362720386893926	10.20849748360471
52.57000266690698	12.907368872190666
71.07110427964278	-3.365690311504654
66.81419799369192	19.355526280661927
59.54730339681502	-11.14979228014908
70.08590040760458	-5.5725087387622985
63.51514255642384	-2.813115658786666
75.99136219887221	-4.958699206252994
58.84648261005878	25.02450977873697
79.53285854362824	15.99275725909195
54.168793103119334	7.643309035681167
59.560652720740805	15.13031229310187
57.96217601305749	-2.788483230211245
66.63424916581752	25.596211630066144
64.17472786315838	3.4773941995651985
53.54287957765933	11.426872154428594
66.36717334892114	-3.7406242706102546
56.84378392435097	27.142059970034353
63.31053449785449	7.186423187567799
81.39119267463012	-7.670265916666626
49.25422857917122	14.293768682524655
68.84871352872912	-0.5800332448078676
67.03504444685284	4.7117859898216174
53.92067230061089	22.044629537179368
36.728275461917434	-8.233405365063142
67.21373544981664	6.6399073111485745
56.65398541382885	8.988017306009356
43.912312790191265	9.62388619416523
58.38452686763543	3.344365577793381
51.91460478806591	3.221619697702341
69.67614477395763	-10.243689173132882
54.316776460611976	8.972921225717979
69.45061413392126	4.982584439343676
71.5938638376406	-2.9995370544762343
31.052486482027383	9.230403530760308
42.125441187146215	-10.059271794977933
69.06330366315316	17.22280676229179
47.088766555321875	12.06680828749132
48.93697902621662	4.280071636632066
62.077467710140695	2.8796103340001915
68.04826790561486	3.7458839688798093
66.48205138963766	0.9506036432096785
63.377241677796405	5.978744795014627
63.86549657821762	-14.759176573732459
46.616055663528456	7.66211115481628
53.15805268747723	6.53947577922433
66.00932657041531	9.053349556990472
55.171032576191415	2.7018296753768465
68.83117661906107	-3.607623425675559
63.88455695244343	7.658414130975224
56.110288771609476	13.252184955376812
75.14761155455949	8.28969926139376
67.67895720221158	-1.2589168367725119
50.128232427629655	18.054929082736585
48.953316756005535	0.7810522480727098
50.01161294086529	7.302016615764742
81.38547042367404	-3.7560852721488267
56.08309380314502	16.339017957219177
75.65146852081996	11.616924844646892
67.73672752669796	23.933510046640002
52.345342123884954	5.862168199303687
70.05624005920727	9.68642069397307
59.09806721007945	1.577063194552688
54.260453885869914	-1.283224977898418
71.97241490922485	13.727129115564406
53.90186926679834	10.696027106945234
64.22178512160443	22.148938747662754
61.877311932351276	-6.599307780003446
57.11748532525102	6.711136984505297
56.71602884580448	19.760284811824825
63.759088153637855	3.0331754122535157
54.52073680385401	12.601284225986385
63.109273012738335	-2.0591215925717004
53.17763448835087	2.3906965151368476
66.29176539598875	-5.745307239116849
61.624029703449864	-6.723694404572274
49.83921171189209	-3.8740667867317278
70.42404340385463	1.6864108428457696
60.21859470593876	2.2349898700705735
38.66150536734894	10.00558776392177
69.68629923022927	-3.5102024361104256
58.09835703565975	3.393421678551616
67.06879303119322	15.979675258249111
58.188089074826124	5.748351931570828
41.9662376433355	-12.574992351411948
52.53377335873828	11.828555032888993
68.17906588873198	12.143896826548772
73.88715900353414	1.9728287781911495
46.821982248574805	17.106239964393133
74.84279586044244	10.617194843829177
70.72657404451739	5.453051502238458
51.61942398117146	15.920196235826602
66.9243300027709	8.490517576400077
32.71853865137423	-0.9316584003941566
54.891689980933826	9.158473218254597
72.36999958487598	7.56308764992772
61.451843527502035	1.407941046241513
39.206512950852996	6.26133812676406
61.16385420971989	10.267621637891326
58.48645070321641	4.290537586916772
41.816708710345054	11.035161531248276
73.4597289599692	4.7509116883934395
65.33301962744954	7.595330411768158
63.046152969197564	1.1261164863025068
74.68445133962368	6.5657907536922435
65.92548986917463	2.616295494638641
81.73247944643695	-2.7093771935238253
55.59833869007293	-9.596695962441148
65.575127584226	-25.36665721066972
49.49805143139866	9.067265534064898
53.97853122733642	-15.542854021190943
52.90688615982138	-7.482100152662852
62.45745545192396	6.020283191234885
60.214536492785754	13.412024777992395
52.21527750816466	-2.9624234813873347
63.667167103419054	-1.4624491137403606
57.22569118286642	12.400587290705271
48.13578425244626	0.9576732447067409
75.35265711329944	-10.92414723641991
57.82863741030638	15.116572587661919
31.988512309844793	12.584875672054746
72.9504098721039	1.053509775360543
57.70329915163736	18.060220011546967
59.325737963238595	-0.7103660911273462
56.149039864479036	4.237909960070408
52.94640694547168	8.205594745070279
48.568757286088285	-2.0873546144323614
61.553213802504104	4.235143439514981
43.76158401754842	0.5727651927605768
67.09025664025906	13.366027153224023
42.053079770162384	2.683899178235861
72.45820521258611	-3.1786288756899648
70.57067458236432	-15.950163206301378
49.21005824076356	10.429662297382722
41.0909889459914	10.313367368734763
63.66430678061023	25.43741090838065
58.43946128881167	-11.942026007871908
47.949701226834996	2.9513446980005207
54.79543583645986	-4.888819511577557
50.59439395290501	0.6848187658681164
47.62122332373923	18.3762788169946
61.985862261930514	12.386236978811251
59.05993315501033	3.134091887981014
46.835725037799484	19.643067542464458
60.522564757080495	2.563160901620786
51.94460165648041	-0.777894021551889
76.24758389887084	18.03701567720389
54.03216068414643	-9.373158609043292
56.55258119662746	7.961487718588215
49.748404321626886	8.991036678471659
47.70352364469295	21.269496003170154
61.10672026354494	11.373086254443516
41.07439061780613	14.717118824844155
65.20176494891605	-4.912091780632487
48.59838837743765	12.779093472726359
79.9571184509931	21.385005974038222
70.12452060678467	6.406326202985648
50.52665558484401	-0.3598588406729677
56.217747513601886	5.024909727680813
55.81845343628439	11.605574124336577
60.91732070913095	-4.800680470368345
72.86725554028769	4.749411585589665
72.53031344768056	22.594859495076115
65.7346675147799	-7.335340572474481
49.957115510196	0.08757687086024912
65.37582329800648	12.85187333522056
44.466872321686644	-14.392729350975108
70.584713795139	-4.621179086385551
45.20901903355511	-1.7083091013598137
67.02467288155658	7.2977062931650085
65.2518563415689	-1.7618137168761363
53.44669982478504	8.963228478212619
45.99956536911456	19.4138987779586
51.30062616308272	1.7807683318322813
62.38303587359684	8.404179454931613
53.2685356903436	10.917347722845525
67.12564501349915	2.3010945664192066
58.79929349851105	-8.860281804989997
51.20999135965761	-0.8660620585013179
67.97245322714353	7.671536673178787
46.8853608497517	-17.70189359888907
58.246626589032545	0.32943620456825684
50.597430749390156	13.75355423662809
49.648608959860795	-8.823871497142864
77.27322555272926	-2.4073713788353235
42.80878317624109	24.422011563858987
51.96224774096675	1.9464412330240615
65.0385110338738	4.415481115275
71.47544366861463	11.860723065415488
53.27233384514925	22.592993272401685
73.98704310863833	-0.6722545949019327
67.57339732976405	11.03704891816432
68.8194323374317	14.179448978201526
53.69155550822717	-0.5683515626440991
45.76688304241371	6.195271543874155
56.01879725906051	3.1178351053708258
69.63280237563316	-9.880395485969048
73.00296954816164	11.376111666158582
67.87511308973316	12.655847424077475
59.6282930001517	-2.9058105218576076
50.47885658064331	-3.292927036484727
64.38121738025369	8.775373972281294
69.08649615560176	12.915723797608143
72.33248466892124	-3.505766742146454
48.20834010501145	39.76849118127383
53.30805157215919	3.053000263788811
54.252302367882905	-5.303904782286031
48.82969997654348	6.574769757869449
43.732396509114565	6.160284445525183
41.03815081350109	2.2730553593008884
69.12130483265874	-1.0956219909430054
53.55987378956904	8.243945978954969
43.1006606307486	4.953001854308299
77.50061918293042	0.49624013928088395
45.623355660510946	11.588425499600977
56.6432927163232	3.951026882873959
49.06317519739265	4.54745437292075
62.179718498909395	-2.827146928303102
53.33237864580937	5.916676133503123
67.87244596148416	6.20242276618937
65.9787522356253	21.453477186478054
45.10451363998533	13.95718014386445
58.01172568301727	-1.9310675319400987
63.72894095902372	9.017657398295583
44.60311374736004	2.698511568000518
48.973571742180795	9.631641393054416
51.797699692900096	-9.994233300675049
68.26793782333415	15.874928005146247
66.18166836009834	-8.487836955504717
72.348421125701	7.3537793154953395
75.22117972601825	-17.74632909689599
64.25379970575877	13.516137500233372
56.62118237389906	24.186156354835973
59.908878653051474	5.127153696076361
45.92939524581148	6.565229566155177
66.26776339703714	-15.131492350211529
58.4555288686305	7.315317207923313
35.49808587818836	12.898805222129262
67.20951875764514	12.192177550777249
51.44550950877505	-5.750791560516868
56.7344959911673	10.176784487583191
74.67583320885045	25.766967742099077
70.28998033666457	10.737354431866994
65.58678328108316	-14.623191984603595
90.20889679795889	30.008552622698666
63.67649076373139	19.783954964257426
51.66323316854312	8.23531140863285
69.0786374428874	0.006656938561033776
73.187446472432	7.028749224899531
40.20194920646434	5.924982608447958
49.386038532136034	6.597274421266418
59.96115789243039	28.996361898974868
45.05601268355382	-0.45153715993989163
73.5909998515744	14.077111896693912
64.57678882101453	-4.274585827735457
65.71870328379325	-8.788906528992392
67.46748873064455	-3.4877810376950826
39.86568082637092	7.783971758203968
51.47821198166938	2.0320175606592774
62.40738439000756	0.3417283919452032
60.205023068013126	7.692444797915718
75.42009165390553	0.5988036925704101
59.6448018231789	-9.266634811035777
39.14132917709634	-13.039657918743993
48.259042801552425	0.7924297027371319
46.88904769661036	4.442752405706073
75.2652423814309	15.016688634019564
63.52480820178455	8.925350252959356
47.68502189472684	13.765777088524635
49.24695392741896	9.865308085860864
54.05547686151919	6.193911229636833
50.70522831277009	-6.6856083751862165
75.26230342309438	3.001877600371638
56.90939248214351	23.56294004529643
63.85416196865673	23.092319653586486
45.156694760759976	14.60491805699372
47.76498138381649	-20.614974685700723
56.8747820304145	7.753293553819255
59.94103193462139	21.09540251475815
67.19451410286658	16.615331353612106
78.74384828948158	10.582468861987113
46.85339194105667	1.616092021922607
59.16963524999627	-4.344194745526048
67.45124526780614	-0.30369766430478684
58.743059535073414	10.91400747753673
73.53078881187169	6.309909664076544
80.4568269049715	6.286000831210079
62.97309518433965	2.441424048922094
61.575757662695636	8.389152310270026
57.781797423168406	-4.551530257141881
41.51729933116689	3.754552389359995
52.23633107024606	-2.6855324640735034
45.12188441380242	0.3560690921429419
61.54665499526969	2.9488011376078456
82.22006958815899	-3.0151446447657193
60.55053146932922	5.3685247896844865
53.19755679165327	3.605203683918064
73.08000944891282	-13.743101568203551
67.47711728959837	2.8000656684501055
45.30821658997529	-3.852279193976745
71.33592178383525	10.201388657359864
69.09368555627637	13.859385907959332
56.226860110064244	5.148656183631325
65.62963483939998	17.915123295553336
56.13495338902759	2.948102990157233
47.4422370083214	17.337201772209234
49.57619807714407	-5.816753878652138
54.364240495282196	-2.902179718658556
57.81180080836264	2.4684152232882246
66.76284692868231	30.865530377403054
70.67547748500054	-8.72834831449698
44.494656688099056	16.621175116543654
69.41464808961784	0.5186835575712028
67.78052706760106	18.080767087499556
43.08095941610165	16.608326430136664
58.32889870800754	-13.756659168650222
59.48939942063573	18.589227491888387
43.885739311372944	3.6168139603106972
56.20900781436541	14.735216276064914
67.77660407636944	-0.22870094514548533
65.61775292383678	18.10027005382175
51.21592092039671	17.038639755899794
67.78484978912154	10.405152437913104
72.53610835134306	4.277538621358078
60.05892123112849	2.6912010866981024
50.563088826893186	15.123702989898941
80.2942049305745	-3.9199310610030196
63.71626846047142	4.211309245815399
78.47948988338659	13.369433672068695
65.20460745672507	3.561444567249761
46.58624849940022	-2.026357170360418
59.49010368145574	11.715486034923158
54.054438130584515	14.717680314425614
50.94258881005892	-0.6228003235011563
57.341586259561716	8.143746176370641
62.283745279437106	25.621668964540717
55.56831239412052	-11.55407876396586
56.52728304367363	19.049354306737534
64.15466161804412	1.8335368888131254
67.94660002565358	-3.7824266732482847
76.16482491185235	11.325029854598654
70.35377241158196	9.39985997217375
49.08879742066042	-20.45369329874363
56.93047782141331	4.302413434214291
50.57864891056836	6.68948514818875
45.912016745860726	17.89841286014218
55.4476271092537	-10.372460522026769
79.99958142737133	-12.504176499104569
79.37843779831255	11.247668186374234
57.89801018641694	-4.987853798950377
62.79749894906691	-5.03599534329012
67.78476571576645	1.7034362797265516
78.04041261703632	15.646292608883687
54.18793858636106	1.6561746912348316
75.9071770093383	19.28161975940399
58.046842658760895	10.176002207205045
85.0968428863328	-1.2453158918231502
72.35389084182053	13.767485575443052
86.38153038871357	-1.906672031466659
56.46178751894615	2.1393990151515414
81.46142480600304	-0.7450327624334561
61.15386624380809	-10.467615435126637
62.029405412902	5.435461290887697
48.534726490081866	8.147435321387476
63.19452071986599	-7.9012798165833065
52.92789979709136	4.153617264605087
54.281489406255155	-15.591378201586279
67.50656421959184	6.144911860906632
34.353984269320975	20.315979117331423
80.91009775416762	5.207929386086243
53.44061380973941	9.174756035186366
56.792741514214384	-3.3110605051914384
60.393838779631466	-4.428127515421066
68.39798845258467	11.210835851818434
68.63358676088897	13.609316662168867
61.152125602357216	9.082710340229426
74.14344162480515	10.537310198064127
88.20222593311522	-2.837520108141378
69.3391263655105	11.330345217440561
58.01677299013047	18.9320749224967
85.4164472765308	16.978612475996027
57.50841389153954	-12.7271545337428
61.82133416139614	9.859733714752146
52.26899134991725	-6.788011303484039
83.77277566781197	10.10234026561084
75.57621467106424	19.910779019528242
59.00255277047245	25.800032492213838
76.9216382654494	11.677914201212982
74.60275814664942	2.3756077984208495
70.51570309576942	-2.4642412681488874
67.14569991417807	-3.9062489130040685
79.58169575377019	-0.7869391044135483
68.1850781345065	20.861456307767497
68.08717052086675	0.6651258231712021
68.56261527685103	23.230983144777262
61.14601549694604	4.536007778537341
61.59274791888236	-0.8382795127918863
80.11219337408996	2.7160862693125463
59.50892150009124	-9.403652726091869
68.08712204396566	-4.892540527815692
73.88131190969436	-12.023237585316215
50.97000436132888	6.045787068967358
78.04472340645852	4.561732410203228
87.5628565510152	35.034046343348344
43.6384225403618	1.0043437580479981
60.80751251551298	18.643858411294346
81.90800788352468	12.921869921214526
79.66847170311118	-2.715445523133866
87.88217096238654	17.033816807233876
66.21621717524204	-2.1368027175408324
65.39090380684728	-1.1039779231072089
53.66392482746134	10.014549592969338
45.34115547200406	5.492841519405259
72.98999297088888	22.49746620485395
61.71502668370722	8.252530569125655
60.10919745062913	8.597647630559642
81.66794228901449	2.6870507585016967
75.13095959949794	9.520814209469942
69.50813661525422	13.877174504187073
86.18231264145298	4.427274754667634
45.40396493954587	15.74338968210082
54.894347787646126	7.7226609153315815
71.64201506718769	17.209589679677435
76.31609262397743	2.537624519820371
68.94423579040796	10.573962881747363
62.75879947507362	13.982226662829051
45.85503792622477	1.07613498700906
62.007835738426046	3.616543165774095
48.951515175836946	14.388249105617197
76.6345959954288	-12.695356382288187
71.81141406768381	22.589255265072836
71.33782803947312	0.9811826308918885
55.57528175851104	7.020548919076412
52.28056005765812	13.888346471030752
85.16239062064392	20.6179982605519
60.444211368525814	12.902878953462746
77.72756067681252	18.589203543889262
83.70496900733481	-3.68497130635388
90.79819864938783	13.453016863949266
59.053776197697516	-8.583338131364918
70.85222739627483	3.6208670645906373
65.77162381927721	8.522859564173386
65.38788627686328	16.446455817092104
75.19248736116319	11.204561698807266
65.02439945673771	0.7493128451880207
43.46542151196739	16.789450328789496
53.077160041637	7.9278376460756235
77.58273195692186	19.58803068939396
54.79802184080521	1.3427039783243284
71.47239006672334	5.347090087510051
78.87169541318767	18.309927662385743
53.98702715384363	-0.9117756405673516
57.92795130843915	12.04998782797724
71.69893152092196	9.077066912858424
65.1261253635614	-12.74943160132137
69.7789033932199	6.201524048952567
57.31917813952095	15.728086764328252
77.89742524493033	18.27653618136884
77.57338150803723	11.894142296737654
58.09786392575088	15.66009615375107
59.4401938534883	-2.7539476269339893
63.96659858546107	10.063480620889536
66.3881423447274	1.8973973163199842
59.90399753483267	-2.301898826544072
57.372564330462126	1.9593445932355347
68.23048408782748	2.8351485423285836
67.82706634127518	12.223118656401303
66.4366819692347	7.169743304007675
82.13474703341129	22.2100181662424
66.44209509631533	7.536270708740874
92.5750615744216	2.9238135768978384
67.98358758211938	18.238612596332953
66.85735860083611	-2.717173029081538
70.47334137029846	-2.796367148507457
72.9038680808257	7.563545437222253
75.54437792565524	4.290607093502583
63.595095252677	7.370205545021777
56.12519573748017	13.961252622264315
73.30543699963992	18.171964147908234
84.20045743151906	9.375188859607803
72.05869952985724	10.852598023572497
74.96224109425688	4.764545890432027
67.28018832836642	5.2104685153448385
67.67919433579661	14.31285881824759
77.49643066047133	10.372046631936335
68.44526874658827	13.438123385789993
90.3802725753686	2.667825356764372
76.94916936958104	13.61604088665683
70.5111638705966	23.21797669161537
67.56970115733353	-0.23805534348496682
62.950209985117624	13.131958176418518
63.961677656328526	-2.0067766437438035
92.65068704721256	-4.058703250488383
54.059480686724555	5.143162578438001
55.259556065603974	8.908618448218558
71.67892413070484	-14.80272919443785
69.05998876022348	7.1842240325582924
57.11490288061084	4.923099969641604
54.34394585317388	19.684292992108844
68.41670677789456	-2.1301110098820466
60.855835692299614	4.144882875654977
56.76136452462935	5.675174394035603
67.28741479278251	2.873105468786304
82.34625330146415	-4.440936035695161
71.43410662775312	-10.456884688690147
63.579347655368046	-2.477333403899773
76.37182030780075	10.73061368833179
66.98344610383714	-0.27820019190191925
73.64555566919346	8.181395224096441
68.60150063599728	-4.927341398385938
75.59195590455575	5.13199053637352
86.1658578929637	12.061301140756495
60.548317909852045	4.503412486862466
64.25981148533539	2.244488085441502
74.60490027829354	12.05965583078258
67.51492682549703	-7.65705125385656
50.04074914268078	-0.27533095390798845
75.82394899010461	1.2769709918201535
63.79289502891682	-5.388597073141714
57.75654701871968	6.3669810723805895
70.99756182381736	-4.330195328975572
64.2811295361417	-0.4772577900966528
77.93423438016805	-5.44051610398842
79.18543492639283	-3.6474179847996098
81.01228257184619	24.5544557897354
68.67062318642067	-0.7254764177340078
60.62829610921255	14.370340101876417
61.75272315922662	-4.528319657981113
62.80129495221391	9.201148477249747
80.48189855966994	-5.05471913107529
66.74538027725579	-2.8524720885435393
72.78307293778515	1.309944299620616
72.91419115566401	7.741490571730828
56.47061113941429	23.861600358197357
86.13847022522945	-6.6703332717662125
54.68334796015893	20.578521978785883
64.77870633761681	14.039710244889648
56.02121417030949	17.274312131248287
76.44626789568927	1.894245356909983
77.14562935475195	4.835277979004993
75.83354034374753	9.812375307225429
46.54330686473635	7.040786296110017
48.581789871198126	1.8574930038304647
83.64045748731988	-1.4054749736302687
66.15773385372424	-1.859062327579438
64.79266009309525	2.5369822468283596
58.8381561312221	13.513015940537125
70.02857070951754	-4.994535460137831
56.7241103034682	-14.873795337070723
64.15548675551611	14.275926674944227
63.1709660095994	17.741064415339558
81.66873788619147	13.591976172648534
61.60161540229487	-9.048885263292531
65.9209552661947	13.077441866937988
82.01738964715572	9.800281507920122
72.473909497113	7.029367304723624
71.29588683018987	3.1685525972601987
67.20436131230292	1.3970108478298648
75.89748163867166	4.761852470245754
72.88634934543175	18.02940993536142
88.81440560699282	2.3419430513107775
78.11426993991762	-6.397525658690787
63.66757604978193	23.20801154084583
62.173126853422964	-4.086950384437953
72.57685770172729	-8.149692594424389
63.123923976845916	19.79321351684961
73.6603823121412	-16.831883818418078
48.854247513015096	18.12195796850849
66.96922319486033	-1.6113608807137014
88.43208317562178	5.108164261931971
82.42863790262702	1.7811854148271848
63.18841267281829	6.611054263665749
84.7633719345114	11.393856557901007
74.38551441582749	8.053689484403389
47.00820992685751	-4.299760064003266
81.36043296565708	13.741614094626806
69.65436508617222	2.6814446966416257
65.7858585578403	0.06654159784020397
65.96619332615975	6.205411467593834
77.76275810220098	17.305060102758873
73.9515075162755	-6.796847119930138
59.651401453265805	0.31590685037690047
61.256797822822094	-14.454761141895274
62.75319315576367	-5.861039936365932
79.72891881913428	18.623326876327283
70.29265124588781	-12.57653631159229
66.49539504663389	8.917975968681443
68.28487881277213	9.825106196672815
58.81427040539265	9.095944743454833
74.81572316954163	-2.1770393517188404
68.42513489614339	-2.4544775594460315
69.03792298354124	-2.6970515826683705
78.71919547534	12.980905850254258
64.84125537226241	-8.399975907064437
53.0912444492469	-0.6480606617255908
66.57245252839759	4.459278470303383
68.24468596658781	6.511556500412745
74.50186882546527	19.05573671798507
69.96049447169449	23.9215332274107
72.72909258471665	18.27603909199368
73.06026846024302	11.777244445977049
48.676453456337896	7.0991968095383875
81.04994397994165	12.660194325064753
55.34215030030691	8.133308385407268
63.461806786994586	18.090703525060867
66.7836678581521	23.492986676142948
57.421582661420615	9.975395780549366
57.28799902238614	6.354157465139733
71.34703352510255	20.399254439424812
64.59447148930244	-8.991967489261475
66.14674393247694	6.270888051318184
65.07523829731801	12.819299048897633
64.68950968499372	23.38663769288234
94.44271768606507	3.2173637021928
64.91939603422648	13.503568521127345
80.01013149368136	6.409076493563026
51.353786602471814	9.9052048161892
68.24996479400248	15.710640157238343
55.39181690400884	6.712629470276762
46.608083988424596	9.016891436909276
72.65920046891965	1.0737754583020171
61.244151370039305	-6.402291803782289
79.65949990952792	-1.9489985006313573
79.13226929131191	6.849566634506147
79.96627638083022	7.392183348061941
53.24755608943088	-12.159086122437477
47.60191845239534	8.886720849046363
77.0661889710563	5.285369756366456
65.84022545639948	-9.404680200557344
71.00930820141318	-6.83213832657418
60.8604992419541	-1.4156068940466566
73.37802169019827	10.848735026935794
64.49924105953002	3.0811829716322054
63.729166092466365	-1.9054528356956908
83.42344755823974	7.822183852290272
69.32449990635673	-4.539854226887773
83.95993754231998	3.5832751976505897
72.91401916588819	-5.636933695635346
58.66253350940607	-4.512878038687395
75.864154677318	-5.022956437576184
93.83911733703233	5.281136266891749
85.86636307019133	7.745311041310245
74.6381589730966	12.079388970887127
64.15771708429742	4.64874307548506
67.63592537408168	15.797506872123762
80.92994507681922	-5.605512051231045
65.04169426791407	13.090213001506065
60.798081099528595	6.139796128080149
58.8531997818039	-2.5504047472999165
58.67294125051763	2.959542133889314
69.19358438075243	-6.67003744441341
69.87850528583718	7.567735439254546
42.36411924697424	11.797467756216868
51.78459400839812	21.628433538475463
76.32066226165509	-9.973175057976535
45.34772383537393	0.47588079791940174
64.11578306605098	-10.754611778094771
82.76721411599549	-9.538521135406766
44.60429178180232	10.639133756865412
51.7807750366794	-12.138637849757723
52.35246067500432	5.461173224237786
61.437185058784095	0.43373123855648377
30.230731468518513	4.866278657809156
70.3126096384051	4.221814409706647
57.1749575029362	-10.37123811384784
68.63615311637439	6.209755718474607
66.21559032155331	-19.85964165271872
55.4132185937855	9.077423311852824
62.59739604650529	9.316457361776326
63.095805979721675	2.9468006021307387
60.46977469119173	19.377890493090213
70.10354220334877	1.8605951262607698
60.0204963648995	0.949768023243295
55.40702706453382	5.576436341906845
61.96119092194291	18.539713512531108
63.233331543022175	-2.447760855627271
68.97751694333886	-4.47026923562545
85.73100170784619	24.020111024109788
72.18774960007339	2.632723471784875
69.2048640765327	7.218165794750652
79.14328693949564	0.760049406135602
64.71659727097101	3.4867381438623366
73.48125407386591	3.540149472082293
74.9164596558774	4.989893747800446
63.80308116408224	13.821688114823205
66.23220443646876	6.706410230840517
80.8689263014255	17.204728848519615
68.35336020177243	-2.3225337763787977
67.49574481405779	8.997781714855481
62.403728835849165	2.2498886779808993
59.434961913201214	12.584729271997151
79.96862612136681	8.410823781708338
45.91548151623262	21.857311891080514
49.43081047243168	-1.0913254156319079
78.36024429286148	9.143358813135395
75.3000888274551	9.542785783263186
78.84742587767613	17.109334882247804
71.52129489551265	5.675535122064922
76.98850453409791	16.617825841337833
37.161826962709	15.402594314589452
68.87717661067829	9.626868136912806
62.98800375838421	18.33469441771569
47.85611321692815	-10.532043430397488
65.72457790540938	22.32753392640514
54.718276068507876	8.124888175029419
68.64405908051903	4.033293645218559
66.65172878337654	11.743094147350652
51.93953228660798	5.1330477509742956
59.99703368640973	-9.429238635675116
48.103880625546964	5.396670016794526
59.4008966109421	30.67947386823849
55.731240518943125	-12.13946568176216
67.99717059736054	13.115539264261445
72.85497449688869	2.818313948340911
66.94485364829218	13.022621764050232
65.05412851645958	22.601503768049966
73.258881340943	-0.061677020860824605
56.584069486136194	9.173619010839932
60.185260224369486	17.013474881409447
67.3450945332315	-4.107856597570473
64.16618089207566	5.523319630309696
63.66833178761979	-7.554319761017725
67.66800923025073	-13.509994624925364
67.17494848380922	11.103985881454282
72.84796020112964	2.8616488080631957
59.963704003161205	-5.473069645949405
60.59589143520169	13.111315475924982
61.00924123533909	4.4834091479356175
58.08856941810228	21.357694907594972
70.78885290068874	-3.5046610411216985
62.480628135459014	0.12786479404703233
67.02604575424449	-0.00565901840063443
68.1973156430403	0.8828930607508303
62.101031227198106	13.576910513665423
53.27032184884561	-4.69405796509999
84.60837301030762	-14.531604191214582
79.8831407887124	16.979715903633096
86.72729710331576	-2.473541517702504
67.8222584202614	-8.25787968126748
63.5712673745429	19.097789538853302
86.4876884909677	-16.94210691081505
68.84792259412052	8.75598985951057
78.12188096368453	9.126325016923214
78.98490329884685	-7.157546124848329
79.5759679661699	7.8781190863125365
71.20684712934583	11.355464492314955
85.66273771026994	-2.9029786230733805
81.79077931553918	-13.31871277371552
74.69485288310673	16.30873386753628
68.53989446591758	13.202716208944041
76.94837624332033	-3.895511476382211
61.14228002595171	7.038916671870244
65.44914515215552	6.735377527800473
58.6207955293937	-0.7458919590428543
61.72049862835867	-2.9956193633978554
64.76808445761918	2.2884431715315303
65.93452684509151	8.186367418020417
72.25267690882899	2.1447922573288674
81.91138151744018	3.360813345796651
65.25053126193522	9.923448863348838
43.03160471154274	17.839939329525507
72.71836727654478	-0.056123248981260865
54.49518745315441	-14.756652773850478
68.06902563104582	7.822895165023427
74.12687196947336	4.643916307203766
66.05933190035573	15.336279998209863
58.83411185450791	10.709626635986382
63.72558782084639	13.723321076575903
72.70039825519899	7.1072010001025685
54.23023879475912	5.575874471419171
96.36720140460662	46.18309281646254
98.40466422982739	53.73184847674294
97.69599016258528	65.3162826316806
99.09151302030641	59.34850875286419
108.81323060569132	38.3838065102601
88.26147422844153	42.0815347911965
108.41539802553741	56.182362676836654
77.85519153112932	43.61518560675469
88.97903852480597	60.15731194844881
84.74092785980149	40.35357714264663
89.37796857726364	40.126493250320074
97.67787158573017	52.50115906075333
87.61742405522033	60.72003157998406
99.37476622931688	51.855318075244334
79.62986286096894	66.97694383256757
104.63155418515427	57.26775219778137
101.63490578955296	58.145761439530396
85.76891646949068	71.04987829765432
84.84504075710728	59.52506508345551
100.77659164115508	41.76740716433876
100.03606205847638	36.07844938098216
103.0718616213625	72.35268105604594
93.82728269863392	50.84814359602693
72.00366013022334	48.04045990718543
97.92749705104308	54.92704738397014
80.3020336736983	34.62252056505547
80.69424379357862	78.74259287509696
110.59343734754844	41.18431354301525
104.35031005593129	55.13377457892979
106.68386797160568	67.9643188946778
99.5626364948819	57.02535459957749
87.75377989561262	35.20087920344055
88.2296290387308	51.15819657524953
85.77728484669177	40.07960551760506
102.82579347450525	42.485841070902914
89.43665601951199	49.29831527658841
89.00184326187325	42.12235700206731
106.72828840447032	38.29468834930089
93.51907626802355	55.405514962395785
86.07023374294306	46.36359538394382
97.50321063970557	44.069590614041374
97.80214968988663	45.34509870402769
101.17105095673156	30.824561877628298
104.03941409117118	51.40479255884573
97.83889027177351	55.72913736890348
97.45154747275427	37.75876565571125
89.13524939629512	58.45552641059763
107.94013373784382	44.20341186378147
95.58728029192164	61.14443332526217
93.7493326854482	60.77355491445792
107.21846217198309	28.857883749974675
89.6697943798197	44.14048061068174
97.30101042551163	61.50209558988216
84.53138396644772	37.40476141565894
98.90230175183153	45.73581187587017
112.50450124329973	51.1471185023383
87.61424353566717	44.557139410677635
94.47793652008347	37.304727257685144
103.43007448320503	34.459831731726155
95.21534716433973	48.53712229812876
100.4248119657214	46.44110381454843
104.93678532129584	55.37100396996516
99.96058359748729	50.60833124344808
93.78625852960575	62.53002524685018
74.5909169461965	50.029515678377635
89.78396312796926	41.39436963666438
80.51800555526812	64.5301310949072
105.39370610629321	47.77221818786081
92.64447904532935	43.017730098983264
107.28751128743265	51.84902089697359
99.5552867256351	49.330106426778336
81.59755626630452	45.338494735647856
88.52137577819154	59.829583796881366
104.04204787778399	46.96804615930005
98.48123486764895	53.84436185696307
86.13496717522143	63.4711506536782
81.83516931711054	40.09484487356326
103.37079808843347	49.873504990248954
87.59929781881323	35.8050907380486
88.37352974925759	65.46354866137375
96.69731814514694	38.55667121316429
95.58348335382227	41.43429711171225
96.63769142423813	55.54691552801495
91.45502542693357	39.62194182254129
84.08678329103218	43.008084322798474
105.58558086292163	51.48308325217386
114.50583160792566	40.98841888905954
94.1394712856461	55.48424980595317
81.26976568580889	60.271454771643754
108.48125803277006	56.043653966576805
91.02958656529569	37.52935685419842
84.87388442733163	54.02597498604781
101.40683881412718	37.036111571095375
106.30161039557318	39.75433540663737
96.14249800684917	39.11230090089277
93.6953259032841	42.24646048887468
91.39469899688835	54.92364328740093
86.57107828529675	58.46365787244417
98.95637310258805	57.6844882719041
104.2393896794198	45.43754101774502
79.8578754651985	56.81122040110992
94.32024405796682	40.36026564687931
93.43898236141975	55.52062513346918
97.10026119962517	40.26826212426014
81.5981672450435	37.421507290378145
103.1268790788091	53.35796002810172
109.84254278566793	50.067566567487795
95.21549564815518	60.488614176872844
88.94440888370727	37.93104372876781
102.09488315689224	37.914369971086906
88.66753214752873	53.19290191006701
95.11048155484697	47.3266857910959
105.98551981333605	52.54897064861025
94.75169355804152	48.58849593954814
80.62128746534441	56.63958402773392
99.18846389959978	42.5772818119234
93.55502110360295	44.59236181533391
77.95877249273126	55.22160087517332
86.69582376143025	51.844471509602265
83.84291859378416	63.571901146009026
86.1716834624439	46.80504555770627
102.43371826802189	55.96553315861411
98.5557347394199	52.660380430659664
99.41742971834833	59.01555708362898
105.14820591275972	63.92691613290438
95.67808987273287	57.18088546352174
91.16955311916699	47.3827310332177
97.60483281787818	49.197733527369635
94.96885700541213	45.79400606435988
87.75022981146185	46.47026192487354
108.87134859975845	55.93912411213773
108.6343757594624	52.813896702568016
101.8339193104182	58.38449028255086
94.95315637679342	49.25224685997579
87.41225628307203	31.95788465503946
92.66194907112128	39.52772800934413
96.56771527718321	62.27347760047425
101.4046950589019	48.38905879668549
81.70804243964166	72.59221618688093
87.50652016224647	66.45754500043489
102.19084248984075	39.34666171776471
104.24428426397132	48.17551647210356
110.21781761977071	52.75359395830757
94.2469715801968	51.61221342686851
101.77687171809245	60.093353399902405
87.91722074534056	52.623694656437515
81.90350836897844	43.246872642636376
83.00750215976555	57.29230704642396
113.41836290293352	57.412820220598604
95.18679770175909	41.82825368385116
85.24178366251235	32.81945990660462
96.51598940549503	28.641374125980843
93.0136675364826	52.63350257893038
89.99875404430023	32.95968076745748
111.92379927707464	37.480856288870434
94.74598594519927	44.70094224498513
96.02151941459944	59.42043719320439
93.15435966265268	57.465648123490446
97.4705140537027	37.47936535468229
100.39768410679805	55.008479965583774
106.0928942588821	47.041368059080185
97.14202711507996	44.57415430570542
86.24183117247813	53.068468050736065
112.7876661878224	53.374593779211686
103.98995861975368	55.57085742954579
84.68100304788426	46.64690737281921
103.92212241251258	49.22402231350846
93.83284635361649	61.64466414536528
82.63598293716082	61.66655822612287
82.88091917376578	40.05719563924282
99.076251349175	62.713900917120085
92.91837385288122	53.83800750859674
83.73795643491665	56.29999107277314
87.00974523047205	42.85483776393954
93.39037723622135	55.891934296401864
98.03156666439178	43.93533562248332
78.65684653277484	49.320516992686564
82.96146428991116	60.30101280686105
95.83768835678872	53.94946727730439
105.10961070557056	59.743597031324654
79.79521757781164	67.77998674464793
115.43126041427455	53.93060238033505
82.44211876331144	60.048721167062446
118.92624755230858	71.92184334192555
98.78970905507026	42.61291680325603
95.63773410865092	31.783690232414234
110.01101611909252	54.8251485702206
95.30682630230099	44.734307019055855
94.33083995188495	45.882862669649775
102.16117947073386	45.614694721263426
107.72349390277901	63.57530687655226
112.46092499705892	54.36013050012543
113.36590681250352	56.92072319673891
119.00138796242666	41.73238057779364
83.17160575272754	43.53956317361524
99.36527593283056	57.778159533107434
85.75131001727333	48.81508185484379
112.69076833275214	36.469234163825746
86.99053748942367	50.43391777717648
86.35693043224302	40.63273399957211
101.98148038931178	55.862861291042535
98.1478234627956	41.13936575915306
112.82177918765763	59.27086440667186
98.83156929401748	45.70370350129188
97.13584104732195	57.91641897649449
89.43456418607403	61.394741353330346
99.92528989776804	60.99998947319024
89.76368859235421	52.11768951371387
98.21693487801355	56.05782747744835
94.54618055643849	51.24498221893198
124.30645018003973	58.12721439542888
98.1466880735405	53.81441633252487
88.0747155163073	62.09390551999864
96.05688905617376	58.78029678619903
111.20899106537146	45.96331003302798
92.00314462235008	21.874977584648576
104.78169299515599	52.16784666353125
93.68961376552524	43.69641685901358
98.90407066938266	50.588584138025546
88.84994282404791	56.688058326136286
75.30018689740976	47.41400030084187
98.96919368096295	34.39039608123397
85.5757127742413	50.97503744720756
104.8005988672539	61.42788544659026
107.51212389882413	48.76271305486195
98.46658463403487	65.38564954756265
92.06960525029871	54.35995078140101
97.06788095251281	54.399705944699626
101.51941542598162	62.057817625388495
106.51485904238457	49.483016909280906
90.3007639311635	49.838330389590446
95.68497173281324	52.07652973837268
92.2724441402196	48.2326486273964
103.89527012791065	50.368880716910994
91.52247211263587	60.33973842604183
91.48070490041943	53.02627665703233
98.16049007045699	59.84591744430885
97.03122821417426	42.80073822900111
110.70545989409153	37.65577833209171
113.98079032193053	50.09634248725445
92.65355964392087	44.056806806910444
86.01569867923133	63.527073474872594
98.40409777419114	37.63752002767847
101.3923197241887	36.11932882022226
86.39988111613013	54.754534138453394
91.7253854703823	38.316547979296445
98.82493261703432	54.96443231745869
99.9457852157393	39.88079645527165
99.081141068598	40.43787790737562
92.69289324851978	40.60285484600622
86.46280090171355	55.26821826662266
96.62618661692699	46.31264790252785
84.91920129370055	44.23640997482612
95.36344159023331	40.226731745797494
108.84682015679783	48.494547458028364
108.95355571862436	67.81143788608038
96.8763716997947	55.98687596172392
91.80042167138072	50.03374686191414
103.70331714444637	43.83797979029005
93.25187818704109	41.27180503905795
101.13599165910766	64.31693322562184
95.4362740063804	39.56626338842903
95.46074921036225	38.93823851099098
95.55204980160798	53.307508328724296
96.92776437768903	41.41837467289552
107.05591688969213	32.05287859844288
95.25029559496515	53.18270285155145
106.02840315666991	60.33379649134525
94.74541807353988	57.24425977725022
108.0239570963861	44.925737233464
83.85015772733182	59.24410564956319
91.14400607123173	65.2264542105724
84.99705289328853	56.32591048609411
103.82227584539885	47.91959067984468
84.13152652095741	61.4414569398397
91.19457110990885	58.64638090802471
89.32318480922478	51.51523990587916
105.51132986736619	64.4569263384371
96.82576478636325	63.82459280722559
90.87040663190821	58.01268120006832
108.07530964577485	66.10475831558124
111.70202569093927	45.7369121318098
96.36089003778844	49.411701648653
92.6504989033344	66.01455683181112
83.5881469087785	47.67584550670744
93.35814750696726	42.612661628328276
95.41012103021522	78.83274552771388
92.02839719090562	57.467407959730394
96.70134130659414	45.196669859214204
79.73290526228443	45.15319867274476
106.12887587069805	51.53073558195607
83.3399097072177	24.168684393422257
106.83332458308696	49.178802648114214
80.28908271803492	49.28266665040271
90.78633426347001	53.816589659715675
105.34494116059162	58.767267943237854
99.69541150601778	74.74759778087255
91.10198779655707	38.633252311359165
106.96063508235194	73.99107310715495
79.47617950784668	56.37104256886213
96.30354465886342	47.4728891654213
82.22904765554665	37.122155132001524
94.57613199973088	34.90257632389509
109.04769016419596	49.80515195607151
107.75203291819668	68.58073470989905
97.32272877099783	25.546708854761786
85.65121441036936	47.806480512206036
99.49733086128361	52.76217409325823
100.64227735357629	49.778622588267396
95.40204806808129	58.8529747588152
96.00466793483594	38.53912421128511
103.47424499308765	47.4131813698119
98.33003272341612	55.64050636105488
97.48105155935363	36.86377746166182
106.79358564030274	28.563102709157697
82.7154522315764	65.22890020675266
97.64709266880182	23.46799855759271
97.45216547008725	37.72175330843949
92.14339526749791	57.019759158107405
104.48196342940551	45.830520029936984
93.33835821511725	56.53317800220167
87.30955971599657	47.776422298354
84.80171197125468	38.97484040369841
98.28215399377623	49.1136827221656
91.55942768972578	61.187183787316556
98.07051078928767	65.35063625205281
100.73178555616296	64.58587953078136
86.98610397364581	54.20956659302983
112.88934472851976	34.52837999586765
97.5259346585409	56.67596362174253
80.56079683650528	47.09772806322009
95.57868424918658	52.47668378605037
89.67651306359254	50.844992235631906
106.36027871983899	31.866832635573758
94.59616575348944	46.77082016499428
91.65892448727085	60.6908702400021
109.28793175887989	47.96268876912108
83.26960806720709	36.3443790751339
90.01155936728024	63.76738079734275
100.70766026554611	36.178709072291106
99.57548822740863	50.504478865917406
106.73019829388313	43.71965435402999
111.28932420202165	54.53402000834679
98.13550963587188	60.166378088651435
125.49868014600656	42.284466896003394
83.35931508309602	46.84997402195957
91.09527645163759	46.069662779922176
96.01959082947388	59.28507662766101
84.09551922904075	54.267954280589095
96.83402349340386	49.524838465963214
106.80790754417754	39.26570193073895
83.78330159779078	39.71417399636202
104.36707168178074	51.259484444631
104.51027166653216	62.50558139409924
104.23405641148285	61.85006776672964
98.8094022849395	48.157673327023026
93.424252151503	50.945280873182696
89.25916123165352	52.548051651050066
86.86258901250388	36.98158293174467
118.19667680110618	52.8697586835595
101.77475019739752	41.51796446843463
92.23925334483613	44.656398489142795
113.54146547630063	56.28504827456006
104.67669521517705	47.66924000889984
94.88550933904236	49.595312656964566
89.70276301116836	57.38238186125604
100.13895337166457	24.25232214963583
87.42140273365581	37.24644166931631
100.84732592160852	56.96377712159393
90.1619422746868	43.42697139370221
100.43689246078641	64.47894835486296
99.88083068490417	52.72109352758331
95.50939588392681	50.89622521411664
107.62976758528241	44.24622838612049
107.36860357514138	50.29767974435611
108.47421458523252	52.82173379554177
103.75061945504062	69.33570415168603
110.28661929030393	45.54446601628295
96.50760277728685	54.290341689476975
100.47013340460897	29.688360067705656
83.03393578819768	58.553166536199384
102.81175361907535	58.96049562027687
100.56705311977335	44.85567503665666
104.01465591656326	45.76620370492433
82.2728177653836	52.92271184064914
105.53572072577855	59.31637910264531
106.4837551304922	55.697692569245476
107.3961185730123	69.782397065921
90.44103109835052	57.2950121887815
94.0184957767109	58.84231267408991
112.79209667135957	51.40696222971595
92.43160231461661	66.5300414730106
100.70714565771905	62.08569970493583
101.01061920884732	51.32545951099353
106.9882038652768	35.45595464897622
92.06796484582495	43.5253217789644
99.77398005197821	53.61146042643706
104.2482271041355	58.536932907486865
79.25537144452625	44.18017635216475
99.7615587229012	48.757704107765896
78.06775426007331	51.24918281621066
86.69649736931494	38.15517129324218
94.00824422600884	51.45128859616856
89.78431206575517	53.38853572613798
84.19258866628479	47.37860371933971
74.3670720951353	47.8829576810635
107.53156118419284	41.538677129742275
95.97317099681572	64.91773545041032
91.97806993520662	46.099730004426995
105.87076721267549	30.229181388503157
108.36746082519352	49.725877139236175
91.82144545804768	55.2485513604111
106.16604040003118	48.12426322124185
91.24962417596589	47.346096327132116
85.87250039996334	66.4456379691913
90.53624868036523	48.96840514504224
94.71307145350539	43.316687745966085
102.46712410163937	61.36967487474347
112.90134023367753	42.2209631133536
107.28521394698302	35.19549172926871
90.9709282050158	47.918079823300644
104.81928195437426	42.19473465529597
98.41985135468741	54.47600465818019
103.35475766084872	60.50558774558668
110.19797914985833	56.37082333977445
84.59968574390149	58.91652844359511
28.58762289072028	39.609511759290896
41.96043159750265	30.609779975896735
30.86555279045185	22.781135813217546
38.39161760007104	28.41918182980825
9.457991188214827	21.43774463660386
41.437059966848736	40.910564055139886
36.97805102976711	27.325288943275556
33.45646205897084	38.5217616908384
39.34727623721644	27.583395626185848
39.989704196853566	40.39889696132189
23.790265312895134	31.63166829168756
37.96413659006588	25.4877760115492
43.05282130807781	50.02868987671468
16.55931852817234	33.77382633929023
20.851103235333497	30.46659321082683
29.01885657078358	47.30796037954689
25.234133718382495	52.728000068556405
19.41418798620701	31.105026386421578
6.936534766117834	50.51268172544676
18.390124114960884	37.19151199413844
26.2789372719984	18.235650490238726
27.55364149989083	24.424421444436778
27.453279035474605	46.81665115741393
32.67400596692575	41.11250850815173
30.510604735757035	28.070942498128865
36.35164947790351	26.281067246036116
35.95370869847697	48.11193212029617
39.2995076172872	45.980373908868415
55.06874464473697	35.16293284822896
43.31831500851853	27.011055021974062
25.767807999754837	39.18941064545996
15.787564471348537	35.09396589191779
36.94077406484953	21.30266780085276
26.350395049240525	22.98061251229919
36.23959571082807	37.13913550951794
28.703409798908453	32.62546211726883
38.78146101880091	41.711095469547494
30.289107094859204	49.62138558062003
17.139072540773896	41.569288672397434
29.692794031101553	49.825884436686756
32.69052341430321	30.245117567511908
32.403959151857464	49.747218745503496
41.733899447754425	34.28867144018537
21.325837830698468	39.451615343749395
27.661852491827243	27.387461470505507
15.979784210631118	35.0871370977849
15.282526375449606	47.80170007674527
22.08853867104085	41.04694411326187
17.940210232853836	39.744522780561454
42.54798904477193	35.03937065077945
24.759198986153347	26.65896151692966
38.666311400969946	46.063291049823356
23.056168957865374	33.02882061814069
32.03271442815198	38.331930011661726
13.487417373918774	31.25127645871295
32.0689750176988	39.779947502746154
24.95500429670506	39.63731750383825
38.071883925523906	48.038789088455836
47.48528903835874	30.514498175505707
30.493849452696356	41.98625483065429
20.097177929158285	34.01054017873191
22.56195297381175	39.17477324419721
41.433480533696006	17.86909594118565
42.47598817889603	29.055778227192786
27.901377928432517	29.0092049328304
46.813933006988705	17.587181863917994
29.936087509803997	19.88248714853028
27.863940614201557	44.787206033573966
32.67452196819945	16.53250554054961
28.562529402143177	31.711754105977917
39.089063744516054	39.48039483520155
37.3203928577858	14.221863651845066
33.14946002302133	34.35956203482692
28.209120770013772	20.78255922780084
36.45970166143729	24.533528412622346
38.061042365527726	20.626574067469576
18.262176366766248	25.474072574166506
31.2506733161507	29.875396495910955
23.81091040904751	42.19208486160535
35.83246671168778	43.572076140091184
36.063773370482835	33.88746259312257
27.02860839744295	26.64323875855622
25.858075235163184	26.883769549171284
43.832281424758484	48.07250623857134
40.350123255204245	40.39135574190878
20.045490082521965	47.412848726868596
31.307821609052567	30.30829170082259
46.194545361493894	43.57890526946851
23.043796710262008	31.81424688231495
13.83243828966539	37.95749876689594
42.2819333605938	43.20215755385198
9.13512475099856	34.579100293361634
12.810043068551472	24.96726208418847
38.08024542375092	36.73083108316094
29.425507865588983	40.278445830954716
26.778462736830082	33.2638053687398
14.711087025559841	37.36147448694062
28.44719818878556	38.064554322083545
19.770335366493242	40.581979791637515
30.026167278849112	42.89993262660985
38.31281642429579	33.25602192879748
44.980212901001195	32.381550070342044
30.377085932270614	22.855467506093458
27.372700957776296	54.59483067450764
39.28896912082068	33.639674633108804
0.5894765298425497	26.43652922213158
41.2300519369601	39.412777622729784
35.9880874493835	43.50713234521722
32.40535408041638	37.396808412512186
34.816825099212494	41.07953939440429
14.342876399500057	30.865604734006858
40.00446169684755	34.68023511832946
32.39821785058026	34.0931746353977
45.40029497958749	15.929508831537554
36.99019223610889	18.884495386955344
29.903400245370573	40.74370343945217
29.486646540858917	46.016190217620704
34.901915518344	43.5738458136577
11.48366002961378	51.082895723103874
18.854372707920433	46.240496423127716
33.026708592627884	37.5328893206883
41.80808285861005	35.39520182093218
35.285646024950196	51.70258112063837
22.366877918332897	18.70807682327014
26.319032914497345	31.884320227741807
21.365710079589604	39.91179144450425
6.578079930804808	51.57539608195724
27.224639833865037	34.604274214107114
35.28520121296594	24.046386440386456
20.582815250405545	42.96279705286043
31.8536835274436	33.40941562987967
35.351697040005504	33.52666603556818
27.47423989294549	25.114888844058758
33.63020204167294	33.89807899879002
49.17587262025501	50.05941242071083
27.97020355599703	36.84657773342962
25.872998697172697	35.85602628027359
44.6990316921348	60.9840773783294
26.685804299851757	4.27899984049894
42.59559211034606	39.68299170162888
23.62549936896658	51.21079514829601
41.442477140300156	41.29630078522044
17.69929062098695	22.922864395037188
39.535784075182484	14.602288645644183
34.84677800862681	32.071359558317255
36.26704587021178	25.617264120268523
33.86058057809144	39.05118257594296
27.942007581308168	31.11453444732131
34.27426948322251	34.724938287905786
31.272966981422062	27.018846229499044
31.147104145190582	27.514904870610387
42.920122166564695	12.441935732857804
41.41274683758675	28.479630574187706
30.04018966898748	50.45969081258018
32.95635079769672	14.41800466928862
28.220881337092358	39.36270375122136
34.92348617323042	24.85371520601762
35.85458565227217	31.42876862075145
27.962486189134562	42.7406418429084
18.992859650011486	44.21879015657646
23.816237365625135	26.21203649884918
19.728778849532183	29.248882794744414
35.588032528056864	24.945948310486763
34.446192789929114	19.260305595609275
8.325519107210969	39.94046207814975
56.46981259766156	27.45824508819129
24.69161077507691	52.77683708485502
27.89218851714078	18.947000966171466
34.24800445533404	43.40019866776913
24.317021088973632	10.288737259070416
37.76739166861733	38.432445159877986
36.67613012870866	44.974718654539245
28.94036964749184	38.756285807040584
34.76556925456681	20.12321149934042
35.68655149255124	36.37364548419882
8.037076538778472	37.42764168779358
37.83521089768415	41.126853824917845
31.762109595895264	41.311553816710784
28.331328709373985	31.605287611689675
24.174299854277898	29.67398725477048
21.57563737240101	28.780460652279398
55.10201939891806	26.03084280384285
34.668016683186806	61.31854847081966
13.121200697291897	40.69091160506062
18.794584412609005	30.17211603037702
18.160534267466183	28.852478921870027
15.817872550303015	36.237538265483366
28.88659710894768	34.34837916971685
52.176294461458454	8.113425006307235
19.321381887515972	40.634488964018686
10.176625474920602	19.478750516659076
48.02114549018033	26.811478373841688
34.18600674499791	22.6628152055849
22.8591114590684	33.71093824348383
22.564761449766234	34.2155572355776
23.22709565829973	33.10016163670989
32.53075003715363	26.167455921184498
28.349713909682333	38.784245014364814
22.719060187216957	37.4175193416061
35.0915869818871	32.33903368050461
43.04512749642282	35.31193775659205
37.10116057536929	40.33905574355564
48.169297625522866	36.913305117607244
22.867517880875106	29.96309820283945
24.798415667620198	40.7718391008134
40.01234763674876	34.31116493798764
50.60987621443265	44.23363644548168
44.089222904789395	15.657582191246359
27.588615059332533	22.01382522328182
37.032078081929996	44.40149131911454
27.30419092100417	11.41792348505222
33.01577480338502	44.81458573632206
34.4030558560716	26.75382224429621
34.0061694026165	55.327446387820274
39.50585615175403	30.748308589803685
25.950935392582952	31.95999432185907
43.42508138842262	23.39941448951639
22.247853768623337	25.47846437363739
33.30679011425722	26.40455997135892
27.58368979546907	57.68221274126719
49.12236738013465	31.375800932052137
30.081237734989774	37.15052295739745
40.99182042229012	30.942849087074826
31.414636735071554	29.509845940933978
12.429165537903764	41.35579424087925
51.053058411981084	33.771442246331254
37.06666018321529	39.747079220365606
18.812908042768928	29.00654147132888
30.889059796627627	26.415149606511513
40.657730282960244	41.82927949956715
32.52700654209052	27.10024056858851
24.372755360519378	39.454853464952414
9.132915436857076	17.68831478955988
39.02032607414106	49.40515569685354
16.73814019052004	33.184166490661205
27.479415242181926	45.21514882982314
26.14662486075176	49.29110273798017
17.390007690332077	31.421467107058636
34.06721388215597	28.69029314507742
26.817966254408923	20.99950581187528
37.1262822818093	35.294080956599934
40.10831045791312	42.660427345205534
28.743202199858665	20.36345300716316
20.7426905258448	34.34239790185786
18.872738641647324	46.3025535537118
38.21831394987279	29.315016789141303
10.029869616991316	29.982116877387764
42.612677706638735	36.51665629043089
42.47954998600058	18.877963404173077
27.78505627041277	32.49551910768332
34.28509113143372	43.726045918476785
33.43515577774983	41.10719519293154
23.068260620645958	22.39320409615865
26.182163928315486	37.497229248676575
10.963244034513934	37.864148568592334
23.91951679456712	21.29213938730739
22.740281253986325	33.318102117803356
36.34279869491796	28.917279808318096
30.907285801526438	26.681869052787352
19.060610164581064	43.426014113231595
36.822824925045694	37.07135645234967
22.501527319068828	37.63091415928839
19.561961106331335	16.518888429565077
40.780395351537784	41.314273857573056
28.407635617866426	45.068060135557914
37.06106452623998	37.05266157482741
27.931439452512073	36.00005627042325
31.120085098572677	33.911669306151815
28.853807570773437	38.921946799209934
27.050567548552387	34.75687795560216
31.67437336395463	32.953472596603255
30.216060256055155	21.106235864684002
30.82713166391345	39.64562272274118
31.404769539419526	37.35096197753971
26.66516237154887	34.91229527781539
40.93115170618039	34.36220755611092
49.04206081617047	38.43578927432423
34.072201659029844	46.008194874421804
27.026201929850437	22.422605066672332
35.619166344524686	38.960620175828446
32.97677817007167	33.51430912454873
14.031950003629074	35.366831565858575
29.94711528556118	40.80113426549132
30.834827151530934	36.72291923745027
35.1171346579026	32.165554420238735
38.90279921506012	34.20644721239921
23.36772119947024	50.017905512364194
40.02768754587189	31.21727909633572
37.92118587489329	31.215757240213613
28.250170880322926	39.77625761681941
22.449707504695475	46.55186400061221
32.20749785716243	31.120771452642217
39.92749369402138	29.429197843653352
22.935643930671066	40.50315196780964
19.618481580818553	43.42146308899396
28.981072071023302	25.870702382082044
22.3206978054183	26.39115954488106
31.240052656010803	42.42931980538378
43.070527329035556	33.02476554769597
17.161607578063304	56.4032968709067
38.235708876772144	42.059397579553064
29.196042500556935	32.1345531428475
44.609207542247944	51.596505450344225
25.67430474123754	34.92487232188376
25.432352231850253	28.124780631001112
10.650392450467375	36.10713878671733
37.75132229852613	47.56961315622203
28.497726421545824	32.252631041095675
27.63474521748866	28.216993789383785
23.448356600256776	22.72456414520353
22.265102888353322	30.668840038472972
28.73382702397483	40.82141582914234
25.449899127491527	44.24825092621996
31.87387743389302	14.166071927719855
45.023071159213366	35.940586037527865
11.170920500261655	41.79397767538944
32.96975592855931	33.2921553801666
25.2017069198218	23.954304489255826
20.678041070575276	28.117510803852436
37.14909573028346	39.01420658929126
26.446755082665423	34.9120902399027
23.653395806011925	37.129946564755585
20.824182653379705	42.53525402300803
17.923982749713744	31.739452502029728
29.675572385370156	33.06378384432668
39.67789217030695	26.76687953023354
38.13769155086751	33.761291991897515
38.86315501726672	32.27350367773714
39.138909201372236	41.288119507433734
26.85524122938783	44.7828060259954
43.25177459943384	28.512220345607044
27.77069312310239	30.78557916555644
27.060309398362698	36.38960637216201
19.502505721908612	46.91452069277884
20.63314057306556	25.02701853009522
27.10921490519406	40.38865819986396
12.827896476420197	28.230493922014553
15.74261453390051	19.639286854956993
37.190147497017456	18.83058609988627
29.575728231423373	37.0757036734277
20.187371145797123	14.17605520781973
21.15081528566847	21.32548261666147
32.44628905794303	44.08259665337096
33.25058815924352	31.0067752686809
50.77287275555753	45.43942712270459
28.699621637123535	29.174999352688058
27.80964766963254	27.41421798255577
19.045792662646825	45.361823321769386
45.18802174763237	29.947384295383717
28.42822155771803	31.927448229257074
40.114165110858686	17.484805767258468
37.44159036596204	25.362484292568084
29.93379244563842	41.216140594347266
25.43255526023942	54.14461822361669
20.187543913954357	39.18903964537107
41.04247344121644	33.37035534189393
32.05850730903324	33.51658227746544
34.80727659036809	24.18558943061228
31.543864494616557	42.29705202834224
34.57954898437134	43.52702656788624
25.986605865167277	19.431430432924714
25.59067512358964	20.72811882623425
22.222966486831893	23.497720148322493
25.38869855345673	23.4635166910153
22.819440583169783	39.969324308405355
29.73504233887872	40.671365011157654
5.518307636460168	59.674553111257225
49.67293886472794	35.66302572263846
40.54161802288638	25.617587661531157
35.33080360668781	41.49771333782459
25.57206963102781	31.306787494425155
40.85799098706393	33.59076953844331
31.674506891917943	25.767603775986593
29.489352706737535	34.3267110202998
42.137818534173974	32.24611751395108
48.304509361480356	26.970940645300466
34.30621452624569	11.519569944912028
35.00867386868041	28.69816937106825
45.363601831691504	39.28106080838791
21.33017733809922	35.686673369243444
32.20197267278903	21.334159569321308
31.427515770879925	39.8671259179058
34.54636306938477	32.97040412990935
18.0508571359833	34.268453524470566
17.192819104805096	20.24435296051646
34.376841235199606	35.00846843834729
30.150871296772404	19.77247085739643
49.97730904829178	43.21067053156544
23.577124941086694	26.739966382632954
40.66809357084029	28.579195453739658
35.526378102525754	62.62147855469999
28.183198113594727	16.681413986136988
27.35427442022485	33.53831648250159
35.20593451702158	24.529488088265385
25.230924303587933	33.65360768866518
14.069615056115651	26.240105259359044
30.046614434913803	28.080448918505628
42.28503489736745	26.42521181841971
26.142295339691035	39.810488838179786
36.726149744001155	40.77202989165678
20.04843048169056	57.566468628471625
13.072213357263728	41.45138289360444
20.572385355748523	32.51463567569725
34.977721415702156	38.27866961562135
40.037845910984416	35.16067830159047
40.98297903445277	36.90164386869908
17.46365259725611	31.85786702317257
21.752856572639633	48.30971934863303
39.129484600508086	16.70486187681154
32.59599895320355	13.581096387090835
23.259948379573345	24.760797116716063
18.045349516756367	45.1557507579213
18.466908483734322	30.582032846513467
33.051784338091096	39.362442422173416
23.255394177856086	40.4257685277401
36.498116074353675	23.03906296184657
27.977848281405006	33.16162799964413
30.45876399478211	34.68623504054398
34.99214522545675	33.86642401045239
46.190630803508725	30.189587943917083
41.291139753950915	36.7610798843006
32.062992076546706	25.341344419303084
20.122061301020693	40.795421348836776
34.270366741764235	39.68597994902574
11.763006637904574	30.98164142178993
40.8859938006767	43.33876080522322
52.264130602156996	21.228396972360933
39.28469911488715	35.74735390734071
37.13162225690926	30.34343962198565