60.04942739678482	67.46012417408097
53.11421968616433	26.248195227411493
55.24267226724977	56.87334020070068
46.64904458387342	85.43681993423154
48.99034345571787	10.224477487070207
78.94831283376816	37.84838785974373
81.52906083228658	4.4438753838092175
81.83946019776184	10.972540914599252
75.06388572999566	63.6324986154143
77.68010811030724	62.088405394476354
71.17946010143812	89.41660937108487
89.67925874324831	23.125156438036267
82.71744672149791	32.26791305011936
85.10308709536885	71.13109467170375
15.77726289428874	41.871651004404754
18.331405106462274	58.82182556243777
11.875098599619662	2.2255521325770338
12.522503116915079	63.9282020610494
14.775116034276593	57.564811476396656
8.221254977502758	86.60238804572528
10.784267260339542	86.76766741750745
5.2325545387928205	1.1120805644142555
5.542952429053131	7.6407475704192365
87.56889770949454	20.71569120931185
90.27380604428905	49.32264465065036
83.7199449875152	78.36022121997898
86.11445543204941	1.4385076553125042
77.74254263488038	6.379606257356918
80.36763361064025	87.05061785016812
73.59205914287406	40.71057555098318
73.9024599835643	47.23924255698816
76.66944701128187	57.351929694570664
7.0598292310713955	70.2091334625141
9.587367132115011	38.51399210408474
3.068980457134344	0.4119864531949815
5.321591899280901	93.04859881897215
95.70135990477465	72.96676263604061
98.22002921036997	58.056517939077075
91.2848214997495	16.844587517192632
94.01633562088887	94.09685687499352
24.06971121364327	51.78007772046959
20.229630037542154	92.63971402010084
22.322606761619454	91.40443973839346
15.55590236451652	28.279500777742705
15.884038920888374	1.2383774112459822
18.030228692870384	97.29373201203346
11.5295792087863	25.621935988641983
14.06598570527822	76.14190091917672
44.0860337762516	85.27154056244936
46.223354952785314	0.11179034948770272
37.416882453864915	35.51275602825411
39.65175818032985	62.719157291318055
33.53245682530737	61.296866783924685
36.04225606023946	63.171517273212
36.423605664516025	34.42102131399516
29.665768387646423	53.5111886423085
32.255384981613126	3.321780980123129
15.742494274935826	34.582169033111256
16.23026554937694	2.4129323140990637
9.454691081610756	55.07289001491412
12.062046341689001	70.31369050501208
5.703294384777594	27.08357297682181
5.995956559356279	67.18202888011356
8.452544221598611	70.76605048690602
1.6237596563576315	26.135377830011272
4.4794341137731015	66.39911310508519
33.586021279217256	22.372964308271072
36.370746973046394	97.9158625485668
27.386902565160145	73.01473047713543
30.153891068092705	83.12741908993289
23.44926683912782	1.5082138255261184
24.070065570078356	14.56554783753609
26.641944973148476	96.94593054785244
20.221112848099022	72.21007784820323
22.553543124495178	13.782632062507723
50.0371861741916	71.39230972567553
52.626802768158306	21.20290206349017
46.17936633197893	46.82173639780849
48.644822589669545	33.62086134313515
49.114856673214085	35.02141352140971
42.37475658724107	20.54178900200638
38.38390781330402	49.74464494311717
40.82275975986472	86.8984554471964
68.3507457868026	60.58365717910992
70.61222729961241	37.43537288342129
64.12931500642492	31.193786487528087
66.67458862315016	64.928854756597
60.17394061428104	92.2570602084205
60.51981436154948	31.646146469422042
62.94979623744693	85.58485363496709
56.10327595652433	74.52397135057404
58.604206596008105	93.18351555089727
41.816390905648696	50.77565880330689
44.41487757027866	82.80135595487066
35.96314593886003	40.80651123317279
38.19802166532497	68.01291249623674
31.697373656455845	95.34111794806022
34.366807609457176	92.08765213440216
34.60625821134611	34.89548210562897
28.04352855912398	80.7179523859935
30.65088381920224	95.95875582652138
60.440349883734974	46.49567178753131
60.54677302911448	43.076929552520994
54.21462685854795	48.492124990363195
56.56479285062572	55.49488735695102
49.984327482721966	35.88715096024718
50.27698965730066	75.98560686353892
53.0617153511298	52.52850510383467
46.46351279232945	66.49055760441759
48.68064985268285	28.266749239983245
76.5279038405443	90.6957227916509
79.20620638899393	70.65736326695693
72.67008399833163	66.1251479885689
75.10006734944403	21.06385515411394
68.28014990443639	58.64828878618328
68.51073338609199	18.241010993231036
71.11808717095529	33.48181443375891
64.9012312660016	18.693370975124996
67.14497558791481	29.114877051938077
94.77938476023222	98.38133507362633
97.2891839951643	1.2559855629136525
90.81514029742507	77.22950398076959
93.16530776471782	84.23226782257237
93.41362696205505	10.255202607548325
86.91297747797097	37.58340658415685
89.54693852439408	2.4695229907171763
81.12181267932034	9.119992710266747
83.64048346013062	93.20974653808825
66.81719191276309	18.9414705355013
69.69947215652344	8.85051877660767
70.03647730834359	64.02450169907505
63.27864003147399	83.11466755217343
65.83278224364753	1.0648406349914898
59.55384912098572	4.770664955328537
59.86424701124603	11.299331961333529
53.292650238790564	73.90669742794891
55.855662521627345	74.07197679973108
85.56531122712545	76.67294943699873
85.91118497439389	16.06203717321524
88.27908815736826	88.49500916730133
81.92033620045684	45.26489016389612
84.2971079788795	1.9129684469463226
75.54384705264886	35.60456153299261
78.07138495369247	3.9094201745632557
71.94321647843667	19.27202632863571
72.21813998690381	92.94027407964413
74.7811522697406	93.10555197621134
5.5883555251699235	10.072679039934505
8.133629141895165	43.80774878421839
98.37149962021623	94.28423558130058
1.943380498501321	77.66461829161693