86.8967680001994	13.020337567122976
21.49971092970335	72.05230721289911
18.981043099322985	86.96255190986265
10.236650768540636	4.869249809658095
12.533605187928655	13.58138624418098
5.740295004480846	0.8111328422827943
8.108198187455201	73.24410631158385
37.91540144288453	89.21123190009206
40.59370399133416	69.1728723753981
40.75333723418846	64.04475902288264
34.66064314072582	12.267781481521741
54.08277275872848	81.34722622795393
54.410909315100334	54.306101386242226
48.2472649828364	37.80828828531812
50.659511143052214	26.31678582336488
42.28759834588318	31.25788295019434
44.690975910650714	36.55127567449196
45.37385333452434	31.11434338274592
28.76340807791582	49.00857995970845
31.716637085262512	3.638468186022908
22.79487284551431	59.24307128605048
26.501929515535927	72.15686425539708
20.072228795038182	64.20590674199873
22.45786916890912	4.069091314013033
15.770980655625861	86.88009420188958
16.418385172921276	49.58274265514697
46.31427438283353	95.7009163811466
48.69991475670447	35.564099477945945
49.418266562371265	61.98758644119647
42.75798383543288	94.4439052455354
45.2943903319248	45.96386870085518
36.52339221479756	14.225252159403201
39.379065196998084	54.48898890969207
32.9493659517153	46.53803139629372
33.10013059912131	58.194813230029126
35.83164619547564	36.44708111261506
65.70092814382805	33.91994187258221
65.94924734116528	58.94287518234321
59.82107886590948	74.30547986120071
61.98500435357311	37.79104408948647
62.667884727876654	32.35411032252548
50.553440878892836	91.52099670022672
52.8770025598407	49.87844610078207
82.72854731729652	80.92109723325095
83.48237497997144	40.20500197628308
85.81480525636759	80.77755766580253
77.48723396122506	1.794178861377695
79.90834871688917	72.51778121317359
73.71810007349532	7.374652195787098
74.10831679800522	60.83926252553436
76.52943007845437	32.562863402115305
69.95783330599892	95.17023034394565
72.50310839793912	29.905298613014573
54.172164475651655	37.06921164914841
56.65535792423886	89.29854622197334
50.243395869852655	47.77779981128822
50.296605967327444	46.068428693783076
52.886224036509105	94.87901955638276
46.376705956976735	39.99211871924213
47.024110474272156	2.69476717249952
40.15985152723801	25.203676735823166
42.62530926014358	12.002803156364772
72.3881710135464	12.894406151342237
73.12426001010978	5.748102742091047
70.59672210906616	37.443242625305444
63.13827021742635	95.54013261786653
65.69241242959988	13.490305700684603
66.38415992413677	90.2684782226877
59.83916893802618	3.5211581305505213
62.22480931189713	42.384341227349864
90.17848496992313	2.3945710687922417
92.79470882544966	0.8504778478542965
86.45369405943484	23.05056994716232
86.8261721178332	11.084969174196335
89.57542342986918	54.767448159495515
82.91514217814574	87.22376548861949
83.27875164109581	92.04306137711932
76.95547406597757	80.67336162871067
79.56282785084086	95.91416359402358
79.87322869153108	3.4428306000285653
11.04404288512544	24.229252077036605
4.844924171068334	74.87101972111593
7.16848437680123	33.228469121671274
0.7387836563034837	25.27751308348789
1.4482698169519028	68.48589375777432
3.860514501952773	56.99439129582108
96.24457475225584	5.526232693690765
98.86966720323068	86.19724428650196
80.11303217464014	8.036127737891958
83.10173408856505	93.52643521920298
76.4059769798335	94.12233476854536
77.05338149712891	56.824983221802746
79.6696038774405	55.2808900008648
73.00045403026877	5.522103991454603
73.27537753873591	79.19035174246302
67.12060475235019	45.90764198007309
69.75456284834341	10.793758386633428
69.79003723013658	42.65417764163
1.0318001873172546	28.161437628631166
3.6480225676288347	26.61734440769322
93.75286411422552	31.867261948968213
96.62627723775255	38.56120685154042
90.09015337187529	34.02899157315237
90.44489571459202	55.633182647903055
92.7950617066698	62.635947964920796
85.84211680515273	54.993809390753015
88.41399620822284	38.37419062585442
19.070434816246163	42.68453733105713
21.855160510075294	19.227434096137916
13.00434503391344	39.552875706158616
15.62056741422502	38.00878248522067
8.942548971605008	5.034891662061323
9.634296466141885	81.81306418406443
12.197307273763723	81.97834208063163
5.483812974135585	17.14403200247572
6.16669187322417	11.707098235514724
35.83199907669577	98.23254975446659
38.811832395172374	2.507752422028478
39.11336316519935	25.821313139069364
32.39100027012292	76.77189972237926
34.96287967319305	60.152282432695614
26.59096687602402	65.09338103474003
30.794661940720072	29.05304209882358
22.316325998171532	37.41288293587831
24.65762339480101	61.20054196393194
10.175630719277923	10.719923514183662
3.400057726726697	63.37988121499872
6.131570372651129	41.63214762236969
6.229124922582343	54.998300573610244
98.7905556066363	63.83223972167771
2.6817044458449435	36.956394251748186
92.74220449041512	27.130786249062524
95.77524938158147	28.69661779911926
26.61792701880397	76.52416411783899
26.662268520830473	91.5996881865847
29.30509668748694	39.700909406894176
23.194665403127715	21.493723713249945
25.323117984213138	52.11886721132419
16.516644010077787	87.5198328900906
19.07965629291457	87.6851107866578
12.50805952045911	51.2924762532732
15.071071803295904	51.457755625055356
15.354865382426297	9.341108189812928
45.35717626250309	52.040541156017206
47.92018854533988	52.205817577369444
41.27764300929808	51.092346009206665
41.58804237477335	57.621013015211645
35.096261486137564	68.16432328078426
37.685879555319225	17.9749156185989
30.919173683001333	53.84997813316309
31.229573048476603	60.378645139168086
33.78371526065013	77.3288167467712
63.750553234148725	88.1678304579789
65.5065277568358	31.758574729019127
58.96153529551025	44.0112561120969
61.48907319655387	12.31611475366754
54.970686521573214	73.21410910277778
56.16794100623283	84.25325305805201
49.85353350177784	56.098658123392504
52.460887286641125	71.33945861349045
35.903653602722365	87.52432554816279
32.781924232288034	55.80744733582959
26.20145738916932	36.1997094639108
28.746731005894574	69.93477773297973
22.263820187922036	63.693191337086525
22.583088148845597	53.43696315684065
52.221788090757364	91.3171002345451
55.192752813785674	12.377196613142885
55.423336295441274	70.9699202954056
48.9758998592619	96.58875462972392
51.530042071435446	14.538927712541987
44.61257007649659	38.757208393370775
45.286581855351834	50.105171287875606
38.52874457848224	69.19533714097398
41.12723124311219	2.22103429253776
73.04514988873036	82.38309670205184
66.05673060542013	42.8805388728875
68.7882447265595	21.132808230688394
69.08090690113819	61.23126413398014
62.19004216775917	35.09486073127132
64.82400173896734	98.9809756626167
58.29674794375334	77.66386667319276
60.735599890314035	15.817677177271976
88.61832678475369	11.107069983936196
91.26115642662512	58.208291204245675
84.54766212699698	92.37398112608976
85.2394081463189	70.15215364809286
79.98922619479914	7.810128987255515
80.4769959940253	74.64089226824332
82.56997419331755	73.405616511321
76.22009083185444	13.390603796879876
78.66781137386343	33.75951911470825
60.32799885612768	57.70832733709293
62.69590203910203	31.14130080639399
56.60320647042443	78.36432326503308
56.70962961580394	74.94558103002278
59.671725743383966	12.79057407008639
53.055785993687046	60.322416943171035
53.676584724637586	73.37975095518101
46.501926412128164	89.35999351249966
48.83435521330935	30.932546251589198
78.76571880501477	9.911140707800342
81.18683356067888	80.63474305959625
81.63912897811187	16.605085610372534
75.17395387582096	75.79371031719258
78.07397131047789	32.13296966101219
69.31184326401392	82.60945793330936
71.68861504243657	39.25753621635955
65.37420458755167	11.102941281700035
67.90174248859529	78.40779992327067
68.0525071360013	90.06458028179112
97.90405484388704	22.107231414259992
1.8484123053555195	92.52201482682531
92.06854706799496	77.5682934716242
94.39210727372786	35.92574287217954
87.96240655323011	27.974785358781194
90.10859632521212	25.03013995956867
83.05809834897879	4.021848434160351
85.79848106556648	64.48922113049542
16.53473555740946	16.735511159440414
16.84513492288473	23.264178165445404
19.381539944161677	73.7841416207652
12.898629126189137	67.54255670008695
15.497114315604144	0.5682538516507171
6.717249078243573	84.6145324964496
9.129493763244444	73.12303003449637
2.965850906195464	56.62521545835729
3.0634054561266786	69.99136840959784
5.883605531748979	78.39468295446022
88.10465696162291	19.201931020618982
90.76522231917595	32.73336039321179
82.34009942453213	39.38383011276136
84.94745320939542	54.62463355328922
78.23395890976728	88.79032347513332
78.93457352453748	49.78360081088555
81.53306018916746	81.80929796244934
75.04127930053166	92.35260675280699
75.19204542315262	5.00938858654239
5.8662212220725225	74.74994344402845
8.491312197832405	56.420955036839636
2.0084013798598654	50.1793701161614
2.2478519817487967	91.98719713695829
5.201079513880523	46.617085363272764
97.51419100059726	30.428089726364266
97.868933343314	52.032280801114965
91.35941526378161	96.1453814391893
94.2239583166454	20.624221528012352
94.5343562069057	27.152888534017332
24.99568719028154	4.730929336738954
22.397200525651577	71.70523070996022
22.68099557999694	29.588584749932743
16.127134523223102	58.62616131926137
18.725621187853054	90.65185847082513
10.300496817994269	97.30232819037471
14.601744957406579	74.62814073048386
41.90801609813716	71.93572359388381
44.47989550120729	55.316104828985196
38.369464216848066	37.108919135340976
38.63552060508187	28.56206354781521
41.05663536074598	0.28566442439616135
34.511644374635395	12.538345807473924
37.1101295640504	44.56404295903771
28.277052754000078	31.31969419655669
30.937616636338173	44.85112356914949
91.62045146197799	68.4451932316803
91.81555908662547	95.17749765894645
94.35196558311738	46.69746111426625
87.47883804063494	85.99126586384074
90.0063744664636	54.29612450541138
81.57238150115651	77.73149088642677