89.54383387171568	55.70198719341316
32.23560473212842	77.48044148087543
59.96756697916207	61.113052453804244
55.52442278779205	55.34556289370882
49.84854972996922	6.678511598557572
43.551876465980904	43.954126291396335
29.398020346829668	65.43238447515134
23.82857043438635	13.34658946977481
26.905958302794165	29.987945088577256
21.584826112473127	2.9250833929617297
15.687241118872914	76.88041175408193
73.96249561789926	69.33384490626777
69.12026610657104	26.886643153105872
72.4282359814195	3.120720978956072
56.41198514463159	84.42697712668115
52.63398118623861	7.7923456473414205
46.89602796027774	76.61956213116113
41.202416236343375	61.522299733296634
44.32414708199266	93.23917794562982
76.19772422558432	59.325717761613156
70.35334785424395	32.571675005228215
90.36080182140398	82.84803155824387
86.1925811385011	51.74878974915689
81.98001895357169	5.574025346539154
26.800242395069873	57.97762460729063
17.257680899586102	1.5248936953082233
13.320042223123844	29.018375568483947
16.149110894194436	20.6367978775254
48.03155515801944	68.93844103204292
41.97433544634997	49.02188422089355
37.28287058242775	18.23146135103713
31.695683479087858	98.71545671816232
63.675682292844066	61.38325282392041
57.849043112400274	1.059419695033745
53.76950838398031	0.11122602343816645
56.54536695757611	92.43901797476981
53.0688937692101	39.11794868768592
11.232046500213622	26.828598128358625
7.232330606043237	72.81634778050532
0.5809164745531443	88.4877713985934
95.58119910516781	35.475521050740085
14.690782497683047	14.71945778794423
46.22735448945457	24.632014681460188
42.37840176747523	82.27654469212733
36.03738847667537	5.476635316220391
32.126355586558	81.6154331058585
34.91108275560209	58.15833134615424
66.58068072866809	14.297458970692373
62.19961523022113	89.03570310684096
58.244240838077246	51.09897535251839
52.38213022627021	57.914724443850126
37.99769062546337	20.800258945342403
31.958206629475534	66.31391028647636
28.871950165619413	66.45745280435467
22.610752758639222	36.59348527697505
54.50206709312747	68.11023324524172
48.56013617185589	27.990037537616214
44.90629402495394	13.366873450764466
47.41609325988602	15.24152394005179
43.6203535858114	71.17668283321377
73.95080102226005	86.8349894824914
69.53426261723489	30.712815838858372
65.29509464596062	34.89273699499321
59.353165199903984	93.77254128736772
90.99615886184006	1.2663559458733704
86.57961898159994	44.14418082702539
81.0367748555015	40.70370173811124
97.73661035381824	77.5314476319133
94.17145268618425	93.05933168255295
90.10965662387584	58.541346163240696
84.01696105519824	6.764371572309709
17.42265097525751	54.75719578759665
20.251718171113158	46.375616621423134
8.31464770631014	66.84459927410721
4.0045309714495385	7.3036804450339625
7.108524626202232	72.59035050508383
90.1809582686823	85.04765479030031
84.15921146359103	96.99151575893255
80.63839529798356	28.59492387831791
74.35946217532174	32.300746723440014
77.4457171639629	32.15720715599159
94.33144028547365	50.71668549667406
28.304717363793714	14.476216316691092
16.4119884010172	50.020720087690954
19.365217408363897	4.650608314005419
43.957711618851675	89.13613292231771
46.786778814707304	80.7545537561442
42.86688027957156	74.67824525681822
38.255232774683975	90.82376571070408
32.18914299235125	87.69210556102051
17.716018912276454	20.426591925021388
11.756352275323236	13.876186589897607
7.597000187868643	64.99204959455975
1.5575161918807967	11.50570241090866
33.30693299919636	14.580774834404018
29.573273493259798	52.021667423809994
31.96778246257903	74.09995385914353
28.154304122392876	64.60490312480722
23.108098390968884	12.210290655415083
53.553839043460286	7.6649613586465035
49.492040030721945	72.1469773145492
43.56784925077686	97.45699123442199
39.77210662627232	54.39215012758398
71.45944474066481	75.96148737962038
65.5352510102898	2.271502774708132
60.91473638516888	35.20191841484486
53.97101296032023	72.56035329627775
78.51029559811826	59.75524754688025
75.06042967131208	55.07949270104379
69.1628432024969	30.03482253737896
71.98304180290427	38.4381385574563
68.24938229696768	75.87903114686227
92.01710155640917	38.359809551719394
95.36054581305079	46.454308107781124
89.44522067812409	54.97942684140305
85.36568742491907	54.03123464502242
69.21640618119183	90.11091858651038
64.79986777616666	33.988744942877354
60.534095493762486	88.52335165776476
54.432531329636596	53.531270777869686
86.57216338624711	11.070952055897342
89.4633107502408	83.19510511075286
77.51737168998949	21.448982949687792
72.9145927805502	20.80960821732279
5.956671762444449	63.9831365441099
8.88329350823131	68.96771032917694
2.852678107691755	97.696467959275
98.0924128154103	86.49204610743354
91.60950199743776	80.25045971154034
25.946388538707897	48.82928494484224