111.13746622090518	81.66163329262378
94.39203262814016	91.7795429991789
93.6703532232039	110.71698753320318
81.3384111333295	91.9726656369953
104.25671520615155	89.45579494799024
100.25099450041223	88.4207377665246
95.97745095719674	95.871071656896
98.19033173946212	95.36108247744619
112.2647676138895	98.25715779956236
114.34650390602405	83.8535260933569
111.08148913735991	96.40322858458494
96.64408166444521	106.64340141964952
94.46915881469057	87.6965305631287
92.20280536463976	76.34597173538349
98.40566751634651	100.34922226468969
100.0245254582778	74.76750276498795
97.68402475267045	87.62635750959282
100.92446721625471	95.80458208153493
93.71998113428455	87.6472266264264
116.77118463673864	83.91872265826271
87.46450759939188	106.36074090048697
89.43482819643093	98.09666390975164
107.99429015492976	81.8460678386298
108.12441098150077	93.91761026280058
76.5591149613471	91.68182766205902
8.086260814923905	42.08781711966188
28.085462867244047	35.379021447481335
-4.9645103628880936	24.17490116597516
18.932282973983376	27.273879288409745
11.61078617968884	33.268972443863795
1.8773557084703754	27.827381426363292
26.53884482210675	25.37256591435281
21.194666231717267	39.08077217941496
18.616478240744865	50.09175833957874
13.73651504148753	31.57278529221038
21.466176142624963	25.09984206266253
12.0878021354021	24.26756682627223
10.496098347414511	48.6381138580376
11.390071924736132	19.19832262817751
7.2216274819762365	29.229050990836654
21.688931467454104	34.65128625135144
10.46664546025717	32.91799637621705
24.898657534553983	28.28708306788421
20.705503507722284	30.75700550670884
24.956827069029853	38.557388968001334
30.70980937063191	33.6508527823678
16.071284343500853	33.68721738238472
19.304650348729226	31.55847011753245
13.926124361003323	28.656278373304534
13.092465949411295	31.38224311849449
38.27819727051823	41.9404304442031
35.955093428038474	11.859814184547503
41.489821518748485	20.781069719798495
35.501787256878835	24.07175474029804
41.896925033340736	20.584967197314903
38.77078053626776	31.52699953677383
38.267298810146016	37.189384094424064
42.73100868152458	16.345052529293476
43.82471521660377	37.637695163752994
33.01222304465463	31.450726227582855
42.02826547315555	48.80646850055268
41.577866588873334	24.921423225773054
42.152725251342254	11.474225726793112
30.964560693912574	23.824079371030393
50.80944151655294	27.085340542922868
41.89722592274661	31.68374611915625
45.022924863423256	22.730320790300166
19.030947416278686	22.898306712787196
44.03429770212541	15.990464444746117
43.91278911749625	35.62439574213191
45.64533441135205	38.64444135755738
38.28688578256548	21.790489656426594
47.82942978883321	14.064533979721867
30.60013964940376	36.57904632880067
46.062677710323676	14.94718142766154
39.42655005533519	83.0741633722785
35.67550626476128	84.71053866669568
35.271415122190305	79.38476034583687
23.628944048935757	78.06442110567723
47.675057386766525	79.63497971492758
48.324426578203365	69.6878694185276
29.840140647510882	86.52943192017013
32.419413453846516	76.65579165581227
46.592194849829454	67.66482862307356
47.88617321914048	82.86564299552934
35.81701492210135	75.32361478883196
44.5448875240208	77.798011634014
33.37282907032927	88.35700334430179
41.22956720823955	77.80227680157188
26.26827126013332	62.094274561054576
52.30325801612661	72.74685313255088
38.56410279240337	80.09982643287617
45.47138238564955	75.40477967249029
27.185403816035763	73.89593077883376
49.281181677435285	74.2195544708603
41.096416978802665	74.39707096509386
39.57685700468627	85.88716575082958
35.71679856064792	77.8717025911452
37.70442205275523	70.96943903470716
35.21770640807869	73.32525823184898