24.010660459624624	77.93963180704345
28.521456437792487	82.27072540811702
27.637252998134844	76.43558665742442
31.712566516418804	84.45580887056178
35.72227484187599	87.24329557005052
33.78801679924898	96.77312113906592
15.798130429882798	76.47696849643803
22.65753015202597	67.76757102920003
35.045297496019415	83.80262787045986
31.434315843704688	69.20011672336747
20.855487486660607	71.90036844922047
1.9754794163592173	91.12285399094377
41.738873047113415	68.93314003697321
36.158388522356645	65.23253687796654
25.809305876442473	66.28127805482724
43.59020541933346	86.96908372928748
26.389387196035923	69.94914474330902
35.2813357771446	78.51863952305409
16.53222130069286	81.54187040490842
22.0628322900802	94.08404913731697
31.707504712509035	82.8533652648883
46.74112455844088	100.07972967217431
33.5704817907023	72.66170335216938
29.64887946831893	95.30101476059778
28.53015445926141	71.03103684759195
20.234739607775033	81.3271673262784
28.540213064999264	93.77686127454221
29.200970670042974	101.24797012665508
38.60049487836138	63.82102296764555
11.7198704315668	97.43169991114071
28.87154708761787	86.06130804268825
28.09396086958356	69.53462684221614
34.047047373934284	102.71454812534054
15.495664501841683	63.283853922190275
91.86268040548553	58.489976620568044
76.47279274320172	43.903195723036205
78.18306880990447	16.805116893812645
102.19422985023256	30.610810006114832
92.21515217259387	29.864056687110995
97.2509123394542	36.44610068122093
84.78868290368435	51.26349849426479
92.24668621712297	52.38721604090017
86.0691590757579	22.5102706433924
84.5879722858151	48.360482780313475
95.062672063851	35.97417522798168
83.3929311293932	37.07321215476854
91.5229510424635	40.24365819644441
90.48901947012926	35.690622971238675
84.81617109643315	53.52243118551126
92.60445913271187	28.486849362854745
91.68293601959407	32.75568857639721
75.91205638457708	50.00551437336913
106.19973421711316	42.102726418039765
84.53822001486904	49.97030823331374
109.49515922883438	37.20739680335012
77.9914678961554	34.7238590866324
88.75508268098345	34.8744329716922
74.13350032268228	33.86803291264764
104.25633076173565	28.599500659959286
72.71157872110487	52.95182569807658
90.39312616084075	52.72911548582765
81.532606482454	34.00425635909981
104.04191779520103	36.389852007763345
60.88185000829661	49.4067501002407
85.17379979057677	28.80683940770936
107.60554800609651	21.633689342330534
79.43012142732681	44.548565220473684
101.6624603959559	41.72003231738889
96.58714462699484	88.5922813544243
74.70443218566166	90.24131918936286
73.89986075599197	103.19427387452099
81.21843613444165	112.17831559057913
71.18210881688378	82.96153133449481
63.76873626724769	95.72906521689919
62.66275585689796	83.94708814046167
78.73406727138372	104.32342997057353
61.447565163629505	88.10548727029274
72.88898037707338	111.04651855503661
77.93236034069841	86.77900206336149
83.96836826566312	77.39070220024342
80.23449837106347	97.04317460090947
69.87867740770358	87.15582388481292
68.7982839533227	90.33209813151815
68.21369685457213	84.76992552400145
68.19958935982899	95.9660307462481
75.96821307055626	87.92406610678911
81.00381657633852	106.3472163774438
71.8782192795581	115.1398626197537
73.73194543539722	82.1313859634193
74.59078066165722	99.60740031391138
91.65226160223158	91.69740149458215
52.506659627926865	75.5983208943294
84.6385935146242	96.56727105103649
75.09703330987115	121.211620620444
76.35356571675251	90.71803066487989
72.04720901966522	84.79269000730515
80.75641228675607	89.37774075668456
84.56078619171957	88.8743612650582
78.09856247573998	98.66442504562349
59.70381810397318	91.01606723623112
57.31713687313298	95.96341929310415
62.169330831376726	74.18267488853064
58.766338463544656	67.10051530927329
36.46521730490481	39.961048400814526
55.06389129005175	45.87920686023245
64.25749279476483	58.27353676738589
58.66832521588576	48.96800946374986
48.691609245218054	42.71702196034349
48.57387533962509	59.10923441410415
29.855410894651985	41.411651450138834
57.474182910955165	40.11616644054174
55.71585901510918	52.050375869512294
42.59177605953497	23.49129754631375
24.990323982010427	53.87665425478893
48.22255356158967	48.209143474842435
60.08616136753016	33.3435041805577
58.26627008585209	52.62934414662087
59.151960923470654	43.72687272993791
43.327251972208856	51.36649582843718
40.67753818014867	41.395134533968815
50.49277399873418	51.72552627061139
67.75581627510124	54.03513255452488
40.82912744659942	55.875835861128124
57.01757003135684	48.11686048755973
39.860135139399304	38.0254786882303
42.31184479396933	34.587226734647686
57.24885759900135	50.98256911766339
25.229249010610552	48.81137947739601
51.42178997721852	41.269598672633975
58.903095571029695	47.89983232244043
41.25763362655243	56.596416553953816
25.962636523482594	59.66744658306887
68.9165083865257	59.425514352462656
56.16038069703444	58.79902700776292
40.98298682412647	51.9068880516724
42.24913165739051	62.305303377706
44.80568062902608	55.56288572465068
51.24755217332868	78.32608506240243