56.64519443563062	90.28140156379558
89.8845279021845	45.494073845856924
89.8845279021845	45.494073845856924
82.92271440521914	54.63683045794002
82.92271440521914	54.63683045794002
77.72574255117418	89.58543763002743
77.72574255117418	89.58543763002743
79.83645794136302	54.78037150060339
79.83645794136302	54.78037150060339
79.83645794136302	54.78037150060339
72.36913745427492	30.662156679415343
89.53013844068788	85.67535141295777
93.95554544116133	26.012631345554897
93.95554544116133	26.012631345554897
93.95554544116133	26.012631345554897
86.41727766570186	37.173578014373724
86.41727766570186	37.173578014373724
88.59894034426208	66.08935187015777
88.59894034426208	66.08935187015777
83.33102120184574	37.31711905703709
83.33102120184574	37.31711905703709
10.386826285226949	25.294929082667952
12.506411746079038	72.70496776699305
12.506411746079038	72.70496776699305
12.506411746079038	72.70496776699305
7.309438416819131	8.653574939080467
7.309438416819131	8.653574939080467
0.3387577996204355	34.58122526219945
0.3387577996204355	34.58122526219945
1.952834795134828	48.730293988468375
1.952834795134828	48.730293988468375
86.27573301974931	70.51737111145395
86.27573301974931	70.51737111145395
86.27573301974931	70.51737111145395
87.8898100152637	84.66643836250792
87.8898100152637	84.66643836250792
80.91912792285005	11.594091636056818
80.91912792285005	11.594091636056818
75.9793438615906	54.780735456439416
75.9793438615906	54.780735456439416
77.593420857105	68.92980270749338
74.50716439324889	69.07334375015675
4.862072231245221	50.07012678788867
4.862072231245221	50.07012678788867
4.862072231245221	50.07012678788867
98.66510037720026	85.01873248476113
98.66510037720026	85.01873248476113
1.7758157673891113	50.21366783055205
1.7758157673891113	50.21366783055205
93.60115597966474	66.19390891265574
93.60115597966474	66.19390891265574
97.41463431985089	75.68896112220699
97.41463431985089	75.68896112220699
90.51490099102358	66.33745143053407
90.51490099102358	66.33745143053407
90.51490099102358	66.33745143053407
92.05802922295163	16.76568017159491
92.05802922295163	16.76568017159491
24.754234457577454	21.550122237380464
24.754234457577454	21.550122237380464
17.215963731688056	32.71106890619928
17.215963731688056	32.71106890619928
19.39762936067819	61.626842761983326
19.39762936067819	61.626842761983326
14.457845299418757	5.813486582365924
14.457845299418757	5.813486582365924
14.457845299418757	5.813486582365924
16.000973531346812	55.24171532342675
16.000973531346812	55.24171532342675
9.101240202519495	45.89020563175383
9.101240202519495	45.89020563175383
40.158908040083226	71.18710700846104
40.158908040083226	71.18710700846104
42.34057366907337	1.1028793890301332
42.34057366907337	1.1028793890301332
42.34057366907337	1.1028793890301332
37.072653051442074	71.33064657590947
37.072653051442074	71.33064657590947
39.254317205217255	1.2464204316935121
39.254317205217255	1.2464204316935121
31.724916549991107	94.62247191426147
28.92245514048035	52.649365521682405
11.478364862162271	64.32375255665556
11.478364862162271	64.32375255665556
15.859430360609222	88.58550842050698
15.859430360609222	88.58550842050698
15.859430360609222	88.58550842050698
8.39210987352111	64.46729359931894
8.39210987352111	64.46729359931894
10.502825263709962	29.66222894510986
10.502825263709962	29.66222894510986
5.279247623320124	15.965520200734888
5.279247623320124	15.965520200734888
97.09571924014746	48.730656469089446
97.09571924014746	48.730656469089446
97.09571924014746	48.730656469089446
0.20643463033629683	13.925591814880363
0.20643463033629683	13.925591814880363
31.335054181916295	3.9433302263657484
31.335054181916295	3.9433302263657484
33.445769572105135	68.13826409694171
33.445769572105135	68.13826409694171
28.248797718060175	4.086871269029116
28.248797718060175	4.086871269029116
28.248797718060175	4.086871269029116
21.278114150431563	30.014521592148103
21.278114150431563	30.014521592148103
22.901061216609214	27.37869513216617
22.901061216609214	27.37869513216617
18.200727757238703	13.373167448560618
18.200727757238703	13.373167448560618
20.098598331883487	84.4055887395871
20.098598331883487	84.4055887395871
20.098598331883487	84.4055887395871
48.88591753640408	50.6356666478039
48.88591753640408	50.6356666478039
44.25653284061991	1.3509774741914793
44.25653284061991	1.3509774741914793
45.79966107254797	50.77920621525231
45.79966107254797	50.77920621525231
38.89992774372065	41.42769799879436
38.89992774372065	41.42769799879436
42.75774758593331	65.99827280187635
42.75774758593331	65.99827280187635
42.75774758593331	65.99827280187635
35.787066968734614	91.9259246002103
35.787066968734614	91.9259246002103
37.684936068164454	63.95834441602183
37.684936068164454	63.95834441602183
68.74260538094315	89.25524431751407
68.74260538094315	89.25524431751407
61.84287205211582	79.90373462584117
61.84287205211582	79.90373462584117
61.84287205211582	79.90373462584117
65.65635039230199	89.3987838849625
65.65635039230199	89.3987838849625
58.75661558825971	80.04727419328957
58.75661558825971	80.04727419328957
60.30861241563606	13.690609223314508
60.30861241563606	13.690609223314508
55.679229195066846	63.40592004970208
55.679229195066846	63.40592004970208
55.679229195066846	63.40592004970208
12.583048748487666	58.571691838856566
12.583048748487666	58.571691838856566
14.48091932313245	30.604113129883054
14.48091932313245	30.604113129883054
9.78058586376195	16.5985854462775
9.78058586376195	16.5985854462775
11.394662859276343	30.74765269733146
11.394662859276343	30.74765269733146
4.423980766862688	56.67530449566541
4.423980766862688	56.67530449566541
4.423980766862688	56.67530449566541
98.20040312647285	42.978595751290435
98.20040312647285	42.978595751290435
1.382067280248029	71.8943696070745
1.382067280248029	71.8943696070745
32.43973659302673	97.19126950856673
32.43973659302673	97.19126950856673
34.337607167671514	69.22368932437827
22.1699532212129	31.099946819584673
24.28066861140175	95.2948821653756
16.822216719761943	54.39177068272173
16.822216719761943	54.39177068272173
16.822216719761943	54.39177068272173
21.20328221820888	78.6535280217881
21.20328221820888	78.6535280217881
50.06155018631581	9.60444443999803
50.06155018631581	9.60444443999803
52.172265576504664	73.79937831057399
52.172265576504664	73.79937831057399
47.25908730159009	66.63133657220399
47.25908730159009	66.63133657220399
39.72081805091565	77.79228324102283
39.72081805091565	77.79228324102283
39.72081805091565	77.79228324102283
41.902480729475876	7.708057096806874
41.902480729475876	7.708057096806874
36.67890456430101	93.0113483524319
36.67890456430101	93.0113483524319
38.789619954489844	58.20628222300786
38.789619954489844	58.20628222300786
69.91823655563992	48.22402063449324
69.91823655563992	48.22402063449324
69.91823655563992	48.22402063449324
62.94755593844122	74.15167390804216
62.94755593844122	74.15167390804216
64.84542503787105	46.18409372385368
64.84542503787105	46.18409372385368
59.57750589545472	17.411860910733
59.57750589545472	17.411860910733
61.759170049229894	46.3276332913021
61.759170049229894	46.3276332913021
61.759170049229894	46.3276332913021
54.22976791878879	40.70368477387005
54.22976791878879	40.70368477387005
39.62361638220457	27.211600406848763
39.62361638220457	27.211600406848763
41.16674461413262	76.6398291479096
41.16674461413262	76.6398291479096
34.26701276052027	67.28831945623666
34.26701276052027	67.28831945623666
38.080488150276516	76.78337166578793
38.080488150276516	76.78337166578793
38.080488150276516	76.78337166578793
30.896961242318802	10.548507934142489
30.896961242318802	10.548507934142489
33.007676632507646	74.74344180471844
33.007676632507646	74.74344180471844
27.784100467332763	61.046734535558436
27.784100467332763	61.046734535558436
57.209957068915436	6.764356083283486
57.209957068915436	6.764356083283486
57.209957068915436	6.764356083283486
61.023432458671685	16.25940681761978
61.023432458671685	16.25940681761978
54.12369912984437	6.907897125946854
54.12369912984437	6.907897125946854
55.66682883698738	56.33612586700769
55.66682883698738	56.33612586700769
50.753650562072814	49.1680841286377
50.753650562072814	49.1680841286377
50.753650562072814	49.1680841286377
43.7829669944442	75.09573740218661
43.7829669944442	75.09573740218661
45.40591406062185	72.45990946698971
45.40591406062185	72.45990946698971
77.03117053166133	13.523514497997102
77.03117053166133	13.523514497997102
78.64524605196077	27.672581749051062
78.64524605196077	27.672581749051062
71.67456395954711	53.60023354738501
71.67456395954711	53.60023354738501
71.67456395954711	53.60023354738501
66.47759358071713	88.54883924425746
66.47759358071713	88.54883924425746
68.58830897090596	53.74377311483343
68.58830897090596	53.74377311483343
61.40478058773329	86.50891233361789
61.40478058773329	86.50891233361789
65.2626019051609	12.079485661484943
65.2626019051609	12.079485661484943
65.2626019051609	12.079485661484943
94.6175082679423	92.07627017443181
94.6175082679423	92.07627017443181
89.4205378891123	28.024875871304275
89.4205378891123	28.024875871304275
91.53125327930113	92.2198112170952
91.53125327930113	92.2198112170952
84.06393131699807	68.10159492069218
84.06393131699807	68.10159492069218
84.06393131699807	68.10159492069218
88.44499534023007	92.3633507845436
88.44499534023007	92.3633507845436
81.26146843227235	26.128488528113117
81.26146843227235	26.128488528113117
82.8045966642004	75.5567187443889
82.8045966642004	75.5567187443889
68.20731372306447	45.279737715901796
68.20731372306447	45.279737715901796
60.66904447239004	56.44068438472062
60.66904447239004	56.44068438472062
60.66904447239004	56.44068438472062
62.850708626165215	85.3564567652897
62.850708626165215	85.3564567652897
57.58278800853392	56.58422542738399
57.58278800853392	56.58422542738399
59.7644521623091	85.49999928316804
59.7644521623091	85.49999928316804
54.49653154467781	56.72776647004737
54.49653154467781	56.72776647004737
54.49653154467781	56.72776647004737
83.61198878078521	94.91672101176742
83.61198878078521	94.91672101176742
85.79365293456038	24.832494867551475
85.79365293456038	24.832494867551475
80.5257323169291	95.0602620544308