76.49635618250608	89.14398173395318
66.10241394963113	60.041193127698094
68.11557626510371	11.869975522248463
61.5439780174333	74.47734246407882
64.09812170482179	91.42751554689687
91.63497485199301	48.327822092559536
94.39309475947728	75.22540589160786
87.60865317147775	45.67025730345881
90.39337886530689	22.21315406853959
83.38722239110007	16.280388087091932
83.63554158843729	41.30332139685294
55.12349877360397	12.526958406281134
57.27855861624923	91.79741782081776
50.77790913216514	20.12562179742628
51.39870933833064	33.18295580943625
53.62471499413233	77.17425225875105
83.40531098800182	44.49606635644175
85.99492905718348	93.30665721904143
77.12637786534	48.20188920156384
79.875627702161	91.88436818686301
73.10892330505808	28.75942922621225
76.95787455182244	70.11489921554511
70.04927262754684	77.54828471012306
70.33306620667723	35.431637274880615
1.503880400271574	56.21805875188865
3.685544554046763	85.1338326076727
96.105079186143	65.52609473575392
96.43321574251486	38.48496989404222
98.9784893592401	72.22003816311114
92.44236696857782	67.68782435993806
94.96103627417314	52.77757818775956
86.23437965907242	36.114487190268235
88.72644317832287	71.55892657684231
19.702149747269743	65.61304510179917
21.883812425829962	94.52881748236825
22.54008553857367	40.44657074937479
16.003963147911385	35.9143569462017
18.540369644403295	86.43432040152149
12.021982969422627	48.332314750631724
12.261433571311558	90.14014472185853
5.734179776097557	68.82303425721963
91.09046171744592	58.35174351056155
21.480843937235427	71.20894580329002
23.990643172167513	73.08359481736238
15.246250841385153	89.99029419237279
17.76492014698049	75.08004802019428
11.193321899310067	38.68741348680967
13.74746558669856	55.63758656962774
14.022390570380662	30.30583579585112
7.53947975240812	24.064249399957916
10.279862468995802	84.53162357150795
92.37675503780859	62.32740276996377
94.85108136616246	32.34163400425452
86.1066890353801	49.24833190404996
88.58101536373398	19.26256313834071
82.04489149785672	14.730347859952673
83.88068190436347	5.257035454735169
76.98981717098444	78.12063057681138
79.49074928568318	96.78017330191965
10.289083945664222	30.532197027108623
13.100413950623272	55.720408233436835
13.322128836830577	32.0980271019504
6.80374216184991	92.99602145106064
9.357885849238404	10.94619600909367
2.7951561970162744	56.76866628945819
3.1055570377065127	63.29733329546318
95.10826915894798	40.57967212776466
97.65354277567323	74.31474039683359
28.505089008344004	6.357391529302457
31.02375831393934	90.44714535712396
31.52926530406208	24.708118265610054
24.984274317951495	36.96079817347287
27.467469241753648	89.19013422151276
20.58547162860796	46.26883268212316
23.16622110234133	12.864320206188658
15.982694194383619	45.62945794975816
18.740814101867887	72.52704174880648
46.304273035383986	78.0726612605016
48.78746795918614	31.3019973085415
41.905471821255404	87.3806957691519
44.79662066046406	60.504850299222376
38.41126291720777	67.62941685456974
41.10730265655398	14.021266957374069
34.571178790676726	9.48905315420098
34.84610524957379	83.15729942999444
17.978472200179745	92.81349935866179
20.49714003056012	77.90325466169824
14.031964928269208	38.09187789330333
16.73687326306371	66.6988328098568
16.949719553822725	59.861346864621225
10.440201474290348	4.974446027480602
12.95887225510064	89.06420133051707
6.413879793775097	2.316881238379879
6.742016350146951	74.27575787188314
36.16787295172962	19.993379419608196
38.65106640031682	72.22271399243313
32.33665594543193	44.06812053298858
34.881932512587085	77.8031888020575
35.077040137234555	5.535494704538605
28.17730533319228	95.18398353765072
30.749186211477358	78.56436772318203
24.15985224812531	75.74152356229914
26.758337437540316	8.767220713862905
54.2863234644782	81.45242244577642
56.8404671518667	98.4025955285945
50.384160645024075	41.80632357394872
52.88509275972281	60.465867774271935
53.20435924543143	50.20964106924102
46.60615668663109	64.171692094609
49.17803756491617	47.55207480492534
42.615309387908994	93.37454803571978
43.129684973480025	10.850622807525104
72.91915251322771	60.38754171896495
75.47329472540126	77.33771480178301
68.89282788228255	57.72997545464926
71.07449351127269	86.6457493104333
71.2695996607052	14.37805373769946
64.78668884273266	8.136467341806258
67.50046577297546	19.958527072108865
60.95547478686488	32.211208455186636
63.16374472698494	10.772295277003149
44.380505387264485	81.96586428714573
46.819357333825174	20.119676266439914
40.283231992732965	15.587460988051864
42.87285006191464	64.3980533258665
43.13890645014845	55.85119626312578
36.691468538754116	81.47003059744411
39.156926271659685	68.26915554277076
32.70062124003202	11.672883588124984
33.170655323576554	13.07343724161451
62.96011991289434	62.610354677839396
65.27481152317894	37.75269926464561
58.99587840051712	41.45852358498266
61.079988004361084	57.00814448952615
61.40812456073295	29.96701964781446
54.836527788277486	92.57438658964482
57.4172757867959	59.16987411371029
50.907759182478486	4.282974751784628
51.11173540257425	14.23038399279992
81.11404628265103	56.92981548378924
83.64158418369466	25.234675600574835
77.04338014967936	39.19672810115777
77.31830660857642	13.864975852166188
79.57978664617127	89.71669155647754
73.0081898737158	53.324057023092934
75.4736476066214	40.123183443634545
69.19471300874461	43.8290077639716
69.3809520379438	87.34620737748861
0.1704195776914882	37.88312333849853
2.751167576209899	4.478612337778981
95.23278090122923	65.37660816210418
97.40557645955613	12.077275728924118
97.7071072295831	35.39083792117997
91.15324764802423	64.42841301529364
93.67191695361956	49.518168318330105
87.3663765693979	4.578676722204769
87.39298088052782	53.22399263866715
70.99538191467832	64.28074474560906
73.99295389926645	33.986155565454276
74.09050697398271	47.35230704147987
67.60759468079522	41.11072212080163
63.30634654138291	63.78490958069248
65.82501584697823	48.87466340851398
57.00967475260954	2.0605227983162933
59.67910870561088	97.80705993508815
89.53065641349662	29.849709592342062
92.12027448267828	78.66030193015669
92.21782755739454	92.02645488139726
85.91228569795793	47.08696476048688
88.47529798079472	47.25224265705408
81.92143839923584	76.28981922638272
84.06762817121786	73.3451738271702
75.17246971781454	78.59508989323024
77.46055701696923	5.092120038789018
8.462867897046019	47.79155152977834
10.981537202641343	32.88130535759984
4.489756314005552	43.42461562317246
4.684863938653023	70.15692152565356
6.937478331229507	63.79353241621579
0.4634331582753427	40.767050834071725
3.0530512274570043	89.57764317188635
95.525797432243	68.26053418246241
95.72090505689047	94.99283860972857
26.63453145769931	8.541221963226462
28.656562368620186	42.58511064674092
22.200255861777563	84.98883869209516
22.8742646902029	96.33680158659998
25.055928843978077	26.25257396716907
18.555280835108952	53.58077941899254
21.50850836724069	8.21066617009205
12.48919105277624	50.44911779409403
15.043334740164733	67.39928940169713
97.61025991730709	46.59562225364248
1.0845862456609674	16.609853487933236
1.4748029701708667	70.0744638176805
94.16926111073425	25.134972221555163
96.75001058446762	90.73046122083561
88.43130788477339	93.96218723015991
90.82581832930758	17.04047514070839
91.27811374674056	52.01081769148468
84.8218087151129	94.41454721205388
87.80164055837456	97.68974840440079
17.55348833153189	32.05940853283599
20.5244530545602	52.11950638664873
11.780059248562896	69.02620428644417
14.174569693097098	91.10449219699265
8.081874124419498	39.32751613084671
8.259246033385342	0.6296109306145844
11.25681654275853	69.33502322567475
4.596532340605187	2.7913420300136864
5.261674048797186	30.924198635554408
34.838295297785876	87.29860349222982
38.651773637972035	96.79365275135116
29.809825282043512	1.3341976999060383
32.754185693941906	71.74898111247136
26.04955998976206	89.12977732327954
26.56393705054805	6.605853570299832
28.807679897246324	17.027359647112903
22.174002956652817	98.12899289269926
24.92325426868878	42.81147040278348
52.55766196579121	13.0779298996867
55.44881080499985	85.20208442975718
49.010241489053826	94.03602210260968
49.16100613645983	6.692802461130128
51.82157296922784	20.22423478415285
44.89523385405564	61.227409176017545
47.36955870719455	31.241640410308296
40.86891069832542	58.569844386916806
41.14383568200752	33.23809213792523
25.030030295288412	2.1781968096247093
27.140745685477253	66.37313215541563
20.68443917863463	9.776861675984815
21.358449482274924	21.124823095274675
23.460294801800526	3.1046521521014974
17.04833274741432	60.58390574141638
19.558133457561354	62.458554755488734
10.698449385951205	0.5688915517602992
13.261461668787991	0.7341694483275099
43.29037833520967	92.07891685577921
45.72923028177036	30.232727359858433
46.11057841083197	1.4822314006415969
39.49463866113505	49.0140757489412
41.72064431693673	93.005372198256
35.09583597179151	58.32210878237653
37.64997965918001	75.27228334040956
30.306818033153046	14.165534436494527
32.816618743300076	16.040183450566882
62.82779969404012	41.95471975530535
63.07611741616238	66.9776545402813
56.18525268278336	40.84124818714256
58.695053392930404	42.71589867642988
52.38951300870875	96.77640708030455
54.69533602354506	88.70364832857658
55.227448800012674	71.60993420309514
48.44300721201316	42.05478561494609
51.23660150129059	1.8127871937760074
80.60924505496855	48.23978280943613
83.12791583577884	33.32953663725763
74.29483755051356	20.08518639956166
77.02635019643799	97.33745575736255
70.46362201943082	44.15992603772708
73.00002704070778	94.67988949304686
73.35476938342451	17.28408056779756
66.76543542007246	14.461237882129614
69.31957910746095	31.411412440162646
52.42534027172204	91.4222964523676
54.95287817276566	59.72715509393825
46.137537078396974	12.913014483740548
48.66507497944059	80.2178731253112
42.37727031090056	1.708592631899111