12.277514736860667	70.73249953008819
33.55934865537779	73.97847637725278
34.668819774175915	80.27467339968726
15.132765279253691	81.23636342861062
33.57620223448517	83.44891123220602
14.172732454105965	71.04778244237025
33.4153406461331	92.85337845533135
43.98016491140051	80.95639983370224
25.877204268554788	78.81530357402553
38.430550166764235	71.48890015022022
27.041654006013964	77.88795721058614
33.29288910837526	72.75891756101731
22.938664632077188	57.23353509039414
28.261802459260963	81.07788720446405
23.29857211129766	69.91426032609797
14.989845469055112	61.927031834476054
12.518351005924128	70.22415379572385
16.765839487396917	84.35473486343145
22.264290632593724	75.07660588450005
27.543706987897767	79.770187347131
30.150867126576053	85.08931837735881
12.069917201676368	89.28389763326572
17.557467292407516	69.50005554044114
25.913809506905068	53.210212664010186
9.270188090542142	63.63004869046653
16.309660850280256	66.71526906125679
10.417697707548603	49.31225263383154
27.916725953253327	77.96582026041625
32.114856067941446	67.88401926764386
16.843642303695297	70.24064711141632
-3.502026788258469	74.33063513152898
21.28586909115351	72.52265386329324
26.060502184194103	74.44796963818348
47.97424213931667	74.96171829392637
34.336782013888666	66.74289057295472
25.806033356782457	73.00844656661911
23.518263845226873	71.06492685524708
23.061971510439474	61.363912198532745
25.097553194436106	79.56231828576472
25.496536940987404	99.69638730284615
28.272052217209847	68.57480474611032
32.53678775328675	76.9930133652272
16.534345251179186	80.34932386224047
32.34080185496084	86.71636705345982
24.588705181151283	66.95475356130312
41.01119889246539	81.3010731079392
46.83319873883178	65.23822213768548
32.068792810210105	82.90794354540756
21.335733869997796	53.585165551579365
15.038700773062457	80.60872717470562
17.88386917463972	59.40213736550055
36.3032776023587	71.59319757140464
32.47748216335673	85.0644284865298
24.503191416692513	77.95529552867069
4.096849885183264	80.0462992370975
23.565475936074886	77.5296682073162
47.79108089731059	65.54801939580011
47.11513682365943	79.18959985836233
23.07569601618774	82.11189321860078
5.377525865276006	73.67019527290267
11.634068207084269	66.94454419928316
34.818177656355374	96.82990627807146
32.8604778207469	64.17521169081485
21.270655557440502	67.596808771906
27.316567558679928	75.4628109880345
8.164846655696724	76.24314108134527
19.629114179041572	47.73948157711277
21.389288099490553	68.53600372900486
4.461055497952021	71.00418822637464
43.21265563815341	71.38026501855924
23.73663860383147	75.7203853861422
12.290251568451968	86.91908795988877
17.408319514796144	65.9582576336414
18.641915981202366	77.00699643911635
42.12678358437945	79.95657446522603
26.945264096813812	66.8764623544034
16.672488363014104	71.3935332863469
36.0569567759206	57.080121760628515
33.142086654301636	79.87783901022108
19.28094058907853	66.54655762601158
26.06011796513816	71.53032123863309
40.36099120593278	72.83018133149012
28.573443337168648	86.2519077736673
46.49672411256886	85.06729997850361
16.547108536526814	57.25511121570588
34.59867698199617	73.24094351681298
39.51574367330705	69.54609029670429
2.9879462785009565	71.55191682223045
10.23569002652566	55.941609239530635
-4.6051315445362455	70.08003160000831
21.26257883091285	71.22038001316928
28.45005778753353	67.15710046463832
43.668573128011744	77.02957277107222
33.982452071227954	74.56542676021593
16.556427324609892	55.7345395509668
16.05318408925906	75.61392016447576
25.284428990423013	64.69190044233842
30.516315763142384	72.7900311345955
28.24598261321916	83.47432799778458
35.286572758806486	79.61907299457906
20.309178451029297	56.260922670166394
11.52818902163156	80.0705067854151
17.892363889915313	78.50283831927464
24.25258542852707	91.45027994644572
35.70408932244115	58.318619860015176
18.181552965810784	71.74253636340941
14.209637136038461	83.1956624859899
30.50336559948754	74.69844518474281
20.288718626081042	69.86536165085626
29.252312980093183	91.67668224060884
38.44470239364426	100.99090809410481
35.69219277642516	82.75553466634659
17.635267190986262	79.91099539367173
22.55100684730106	76.4485771856716
14.439554659395723	88.60979122940896
23.48466345665948	63.32544895355562
18.867958682450592	94.85947483424926
25.92793778471809	70.02157801185159
14.48084551840486	71.98132020275132
29.412180292728642	64.10319603577993
32.084876327966796	72.96561460823166
22.19363480597155	72.20802445346926
17.808438382471223	62.859009829065315
29.38092395762201	83.03280503172428
30.093807809873606	77.23670203097464
18.645136161189097	82.23806246178953
26.645413974944578	69.55594288658227
12.998270423827167	77.71127536880185
-3.049103435212416	72.36244227053815
41.220337909863645	73.59590982099938
24.100625106395796	81.195536659975
15.816312675901994	90.39511383888072
19.342856401260068	85.30261500009041
23.22206543865842	80.65821995600791
12.91018945186765	65.04778685022363
16.120734603000507	60.60749427949397
24.692316213262462	70.25414125182319
10.3396445542855	76.61425178418584
27.647446004253347	68.45721459098084
19.204267035175693	57.492127924561636
36.514833467782694	95.90395200242824
20.77839961448988	68.62021396491733
35.73330616292922	75.04735212142431
18.117712863313265	58.22237728535992
4.580265538805879	62.97492894314256
19.910321188118523	62.97171634945633
24.95840773694377	80.12470648213437
29.56789236045399	74.12394885882348
21.432599375065706	64.15903822302822
12.769955006737993	59.86715013826207
5.168693004229805	75.67989242316396
44.31974518864481	52.08785184704477
19.6992054116723	72.38829617082314
14.71170845106583	71.64358140331021
17.375199851057825	77.66247377386566
12.45774326825597	81.84467878832831
34.3609098334726	68.82512594127857
25.019338449774718	88.67370364134017
18.99522437917399	67.74934990674181
21.891319259837893	76.76173845513317
29.026997749532285	99.3493233984918
13.288683877248104	77.20773789671182
20.57386948526085	84.40015013689488
18.982818512037056	86.21206103398275
16.947108775561944	52.160119529731745
13.235340119091207	59.74729072276465
21.524617246659258	63.831913526427
30.595282576136746	78.48699809061446
36.04846536867902	86.31911545435139
30.84248050131608	59.34433744396365
-0.6920230104293594	72.85159185846156
28.527198473155707	60.540473488557325
29.40836509220823	84.56626480162944
16.591340531130047	67.2737268283735
30.56099950405728	70.62490758776612
0.020453537963931012	89.97266863076872
37.76639428126318	83.68952753952028
16.060685297461465	92.2014238191383
16.94303342473688	75.62091104305598
29.720959422741657	81.69290308614342
19.337802758209914	63.117320962896144
20.302123507389673	74.72890696408753
21.672547931658247	62.72360742831549
17.63581448176948	71.42527933869992
26.408145573291854	74.59232505902611
9.064461107704627	75.61592316712175
15.433471995202828	70.71776746419864
21.802335068439152	53.92084980326378
37.79539504553871	76.6921762395292
27.29713344716229	61.80662303891423
19.205701461702553	70.31686102823897
25.877389588544194	61.267468758775344
30.076399628534354	61.64184757232398
33.35597323914812	77.35555068403485
39.2795642807929	79.15591836473462
34.9427380262088	74.51205001210246
36.54071048155141	70.42468500277623
26.71529380640442	77.10064119630728
27.410719786398317	65.62066750813031
8.856346682135124	69.3172133534765
17.766260255035018	81.42455747435245
36.86161586106357	77.92195756551631
25.776520112149903	66.17115475019592
28.702834476789373	59.03892996820829
29.595074808787658	80.57922198954608
26.129301228908837	76.7277126978666
18.61715053520903	56.81928685560304
13.808428171448897	67.56387941160256
26.40368706726526	88.94953516170986
29.809557468914143	57.41448841803685
13.392988706447243	71.81567336176083
16.617108128229333	77.25532753249918
27.81303202997365	67.83086390182926
31.037217869477377	95.9723334547635
22.731099696788334	94.53609450321017
35.404296803719205	49.52499898482935
17.571891398333673	70.7113716455452
18.689829604427352	80.11523192971212
30.175471030853423	71.92207258391925
17.87830216236764	82.54049687254978
31.43891101307512	66.53448573628314
40.70675146353818	76.58392555142899
41.52872227722888	84.59504646812123
29.349432903233975	70.53805960232106
25.040154010141176	83.09904003030815
23.384552370692838	75.10843766685007
25.302903520389904	73.92298727853128
23.647434002973508	72.20985662179217
15.272793430160784	69.42237227624233
20.899705083553275	61.02986841319207
15.999168045594985	85.4971707916237
16.157159187865684	86.54805554635527
29.502203101456075	84.43691123008608
22.999243007199823	56.2096827545744
33.58505421857234	71.33066491232296
32.20632601775357	72.7724286009563
36.38597888189252	77.86861787236595
16.53864136020161	72.08298613644871
45.47115329853392	81.65980647773667
22.875090075392865	72.33505386970828
9.976221962472025	77.4919325186826
37.80543625693198	68.85539554106332
11.910987362557323	78.78859029863483
30.073280960805636	64.26040558818099
2.811753641943117	76.90730646111622
16.21971543183568	62.57661524671089
19.75640403200181	72.5650049963604
17.1523276654372	70.17483422613292
10.047626105179912	62.10994584353663
23.822806054836438	72.77927525115996
22.24013985541132	82.78520932537218
19.15650865387935	74.86546657753074
46.42575490488488	72.46417775281118
9.144118589002616	73.00973758038914
35.254341755851584	59.68371798550192
22.309092473757527	80.81091128190921
12.355673042928993	73.34384595220423
36.490195732667914	63.56495875411531
16.702886154250134	73.81457029342982
35.13074133484541	82.05173861275068
27.305066098437575	71.4485263708306
16.790984506265527	83.68017767982325
37.671886214525784	38.940492752315485
31.254119946685275	73.77743470856541
20.930973279173905	77.35265204804298
23.269729695363026	61.30232047009107
16.14703525614066	58.11624078464277
27.291741354723197	83.66835591160235
18.289030230903855	68.89059984438501
25.3128632516457	81.1051937851384
22.745370188243395	76.06715465335905
24.81457028193205	81.26269064191848
25.216482668491057	79.02830562550294
27.008895295439256	92.42287655169227
33.82808178816616	88.95660075841279
31.43717202758684	82.19203320572946
18.247637026619852	70.50262380041683
33.680731307468335	52.07247830617458
11.014143145240853	58.906280060666305
29.458903833259615	84.55616237080483
26.269669878368404	68.3620559217885
17.48951215540687	75.52403829126803
27.256249873388136	67.23098258228819
21.11631583116931	71.96536702476726
17.70758354733932	86.30740091461912
32.95746277168856	59.81246977911206
32.52363546187858	79.56020989421062
25.47167594895638	63.695829164905746
12.776451510260946	66.45820733374842
10.404770233934611	67.07194011723837
36.53377311749863	68.10956078720004
29.61097058382303	63.99431239835215
16.916125678051444	72.91024001372473
13.796192901639964	71.62369541735247
45.6207830843089	94.05248210346952
32.6833771349777	83.24072609829376
13.057561032770296	80.27521842580181
15.665347169339748	58.247944877552825
24.99948424244351	72.33044013287251
16.620967041490236	71.41703484108008
28.512918233260166	87.56887052750737
30.838685684927547	83.6645432198317
18.46969338973402	73.98095530433814
12.102290454021594	64.68425064606384
24.424571187194836	82.49372440288809
21.47257224422258	89.5084388649056
31.219695433910275	77.19680015231526
19.046344404512173	90.46656055756556
33.867941528622865	66.94555293085122
29.829789992988445	83.20792584493135
30.760122215343795	65.32859059615252
25.09294341031898	78.79588041593001
38.433003882015015	74.07132982892256
8.423678096531173	81.57918970833356
18.72372743400461	82.59046693138193
35.77304307820273	74.27709273156704
33.125865988981296	67.74647710436228
18.657986438852518	62.75334241641366
22.80813975875163	71.9846432377251
31.399911672360766	73.16117825588798
30.993771322777487	72.39013125793994
19.170893916067254	82.81601436293906
34.462606757136975	63.80424596007106
32.81240881928865	75.9952566278975
50.75343021441767	55.03763931525002
7.959293447165415	68.91100897629062
7.477805735630152	66.2263749288843
40.28646196245093	74.6788554839916
22.837250691951052	72.99380205828791
13.590091828617663	81.21495657552587
34.171420961288945	68.2312644860837
19.968146994818422	90.90778364365634
25.956983702841455	70.06677261141454
18.88978528396681	79.06623728271101
21.48281831837498	82.23606105826093
14.43736757350383	58.02217003909607
31.872948658218412	59.98063284424394
28.033502452461143	84.10453099698705
30.413058348819305	59.85331175452621
13.974514623477901	68.01639829897235
29.259584779690456	69.31315268886128
10.798624535192063	60.70820509337334
21.986629717250057	58.83749996485615
18.95128448801123	53.61044202767259
10.681801505619445	64.01902879816468
23.456616309652755	31.11052532343135
44.24181877269514	23.54643930305611
11.265019641013136	37.14056455750712
19.902054115852064	35.75286950813653
15.4905079139308	46.574217660442805
14.35279030318598	38.14922162002334
19.573545255616697	25.76398446082523
25.1441198840437	58.13148149285943
26.581859750411724	21.91482594892487
44.383754154479654	26.96212702411215
14.173798946632335	25.429114024511552
44.20125807021365	39.50092595237304
24.171380778467167	38.76889804956386
23.066075652260672	30.825507289266298
25.53679284528624	12.148096656644842
25.214373290840413	43.07494619036859
7.80804169938957	33.53247574652672
38.58967696546949	38.09007792920761
25.539638760640717	18.163126154460585
26.530862416278236	33.304538007359
34.59736473665596	28.092830737569624
23.765139842794188	20.719325460282242
41.602854817273425	41.37063361345717
4.660987402116074	40.35148939364904
24.035864596330907	20.639410093094714
28.573935229344563	21.609862539320417
21.545399971046724	27.18758171262209
9.588203590424603	30.34229797850709
15.697951805635784	32.856666496788996
35.491703752020655	26.890890955979177
26.70504743074646	27.90252313996164
17.65133071913342	40.06127114858937
11.82543699897063	37.83678731740758
15.166286287227061	44.5400171744042
32.601118598458555	7.631218840884824
12.882822392518426	9.727594966154093
26.575692808065593	15.350014427254445
41.06550752604982	31.521247372816013
11.36447510404338	41.709121334048675
33.70596408466347	35.49639252317159
10.958248851332982	13.55273454733174
21.341732218781964	19.74809465817611
26.698074381409857	35.781741599778094
24.913062658039195	15.114407372859686
18.270928877453745	20.08716790954135
6.539166538174143	36.632797751985095
33.62246560363313	39.69989005985286
36.87742541205085	39.89746873351887
28.792268739631794	47.61398239170944
44.41897649736794	21.732569035175523
23.900523549566806	14.063581347063465
37.98859922640925	29.768035736393703
24.118169949459187	27.367996334595187
25.520533950236764	51.624396495185586
23.786580440568585	37.39503524138607
18.170276230911718	26.341350595142977
13.624617443249932	9.910017832562286
23.495942229758594	31.74923818145765
18.412218763353124	21.648112573655716
23.949954755491103	22.01265191587509
25.264616547381166	20.442923001889184
28.49077471666871	40.651835623870795
17.567634365727688	34.58282108267863
14.456141670155418	25.794873690317885
34.58875671620589	21.341063899477547
12.341627015100826	32.703534011648856
11.206704786381149	9.63787804972678
35.24802896366657	31.258060372603165
45.14600391994429	17.01991596640523
39.66420383335509	31.327014691445957
23.6316698153998	18.914356115906678
13.394188427033415	21.76550683289348
6.663594175304979	44.1114759702785
29.845919410421587	29.919859644201985
14.919290689029129	25.243463513481103
28.788733773055796	21.784253489714583
31.918152645418132	40.32125890648272
35.46347283086696	31.42784567692181
22.292566894104283	38.37543059288194
24.97654230659823	26.37177047097479
39.91015967767587	17.350241904366122
17.796044500743562	37.50132986849137
28.298328245153296	58.093671137892926
24.599473505846127	25.847258773688267
38.59838136666204	41.14792469862837
15.780921022855837	27.036319607840078
29.087191769166544	36.15952024799614
31.58452511753631	22.480249310208933
19.734979609605187	26.91133415749795
31.470913445284342	34.155356639255906
32.35024070384544	30.48984701724526
27.657699144907	32.803942403176556
27.345426211114507	32.77616562575662
30.45401753539445	23.89238119854678
33.86563940079208	39.684860375429786
8.235396314628922	21.37587918480908
20.045425267021884	23.39829605768546
34.541891391848395	16.822817081628365
30.046727268751106	25.518742857290558
9.612859391806401	42.17797008503438
12.393998408393758	16.354341261929747
21.946975134946285	24.700632076021176
12.387208225278044	38.93729606645032
28.557343315781793	20.799436689185093
26.093311875300696	42.89163844414508
21.5464790788512	29.300311553711204
24.892412803419152	37.69441642213153
12.950359813209133	4.0468401992999645
14.468810124876917	16.59024161897214
40.15420839245934	9.500183408978188
23.678084074171963	40.70656663525213
26.025260450135544	10.777773715670886
19.376684287289642	41.464583638683905
45.79376107246847	16.240252387557618
22.25763699595114	32.45607847857933
37.917387704713065	30.854843122912317
6.052967389465081	32.711765488426025
29.361086989801464	28.179121896126706
28.60231133146262	21.584872511287166
21.069959892150784	29.036026714647868
24.56417147148823	33.85798493034247
18.31751423528713	40.37506323249973
25.06868307123145	24.90011690587773
16.322997978966747	34.9846287819143
43.10211041698656	37.43433931280898
32.73668459939904	47.78316572133852
35.17261830352649	34.537716482386095
49.22595175576474	25.177764758363573
22.78808822201289	32.95666097266921
40.80711703807369	22.05064330399994
35.66698977201625	37.2045054566363
21.557425215942352	34.88917930345119
21.7193474341108	31.17658328572755
35.15581045297147	26.840512155495436
52.19632138950397	27.674167202699962
41.017078302937435	25.48711306601398
19.08900833634966	39.20098235036247
39.311785251684604	51.29242807097727
31.998626863268694	26.181183055400847
1.087285267548637	39.13948763919771
23.598052524670713	38.27167907821207
22.26793692730065	3.7034547709069905
29.10504454050119	13.650115619154777
31.389854839982355	18.144190716782568
34.59955040954713	29.513189095080538
20.163294211210598	17.601735774702338
35.05368651299357	27.52176565372591
9.666855661553452	8.981745453101247
7.144070406101477	17.766109683247223
4.419602956977105	18.648921006530706
18.577983067512328	27.36800224330055
39.41307678881027	17.82082040383753
24.14029673030123	16.7330882519869
23.52830242806186	0.4686888139502372
10.72637264672736	22.437874099738067
24.609564207716076	17.948491788922283
35.65435303459732	27.80146177539633
36.64150114628103	28.49535009738033
10.076633091251265	23.659061271584893
13.483676138648194	20.405843818307915
27.136146188593273	31.66313092021168
38.37081235925344	28.16536506706873
11.170664370500779	26.72376496182162
22.883893644514554	21.068801516197983
35.3203256823037	25.3388804073389
32.9446998509307	18.992370109807055
29.774886510130237	24.093011758283694
23.932405360948454	40.19170220776616
12.019596177818157	29.603677523967004
10.922136501749973	36.58617756808206
36.428597158657524	31.68307288265127
19.073263982623494	15.8549260534577
18.127572415246284	33.28469213712787
14.157383159342935	32.72277362356367
31.860630060962002	36.24652780583043
21.22275809226866	41.035621784688075
16.38895136061609	9.242611575472047
25.388764320014676	18.08797409193882
23.84825036823807	29.715775156581877
32.60727336607234	38.092284006792184
23.665598561897568	27.869509964481693
12.096048937533615	22.656099269848173
26.84159889563615	23.79865040626789
10.58927633806064	37.423262721500606
18.372247483355842	39.0850397365907
36.97918688745136	10.62484430678218
16.735286587577328	17.638342100080948
39.29648346655098	30.03881804029465
26.640080507174368	33.263493987375625
14.137039662976093	23.980947627591117
32.87592221021808	25.728987882396893
23.557157589255667	40.167222834576435
20.890472197662383	32.364186375342506
46.44198453730159	22.805637579436656
22.83117516148794	20.264539797955017
13.194430613538957	51.34087402499079
11.70198838265884	30.403175694321085
25.451554187534025	27.361726167706696
29.57831523372545	36.47437847018341
25.32179396582033	19.123408843444068
19.576369584871298	35.48677286635247
37.41927910330912	19.87120402645059
28.084640291817752	31.24972264590237
14.555679559044732	24.368067559783086
11.217508716027316	28.77246033203885
31.3495419727264	32.51256498715524
6.038642018909659	24.42638182145158
30.897954748096677	30.089013020936765
27.156180098480004	29.51488408748891
5.176578189838729	37.44976994504205
31.180037781881037	37.96482476694662
5.796062899552709	29.8020849568583
28.576002494395023	31.287415624698845
17.36646821250248	24.931599667845695
15.519623987855553	34.11619883852684
34.880572652709866	26.738995024680943
46.78209477802115	38.7347525592908
33.27596350585229	50.4161773528982
22.809792943089587	40.60277298761255
17.931820536201066	20.95450488790792
40.97890086201345	27.820121267275383
-0.13725230097496066	12.874792259027634
38.97450811694846	19.963730079221314
21.797330857503695	9.730376950492328
23.292878396121097	31.73360428643468
11.337663873041963	20.977109252675326
31.658909094518094	28.960915959010556
22.296609201285552	38.00794188825353
43.32959663996104	35.38825612877689
26.40041161819935	37.999291367938866
36.89669185121463	32.81430916589571
35.1770813930038	22.989600115936177
36.100555298255316	34.949769131720196
40.14062474971308	21.219209161905788
26.34164251489164	36.906266706461395
39.693371840683554	27.29854499018207
33.5325021644203	19.57543730772676
25.623843490104964	28.27060566626294
30.008304742841446	24.35075060641104
21.16280503094197	15.163472494029966
19.035434876233932	36.26419440197984
23.42076318489197	21.09629085823525
38.344590314749745	33.9095674813786
19.084288351483767	25.124983493719206
33.598368571962176	30.772439340009793
36.959647522506785	3.9560055229287165
25.659666485766042	47.700886913943876
48.322350924725185	26.934450990938114
11.403386824917169	25.753533722406626
39.8959349425472	29.540480075603917
13.741459451645325	32.01504344754684
18.243452373245805	23.319808127847757
18.6445879678025	14.995201220120833
27.085138887064957	30.64435906878054
32.99999157600615	34.73670044166961
14.227183546956029	38.01607271926988
38.84679267309088	37.954369338874706
17.016555251291344	25.20587258113646
23.80461182291799	45.68092748997988
5.966481374147193	40.706323077037354
15.830295781903422	43.843050026948404
3.878372051817685	20.635226413965807
28.10225212958032	29.059699994517185
27.327128214950505	20.14306452128249
26.384077434673646	32.4986874309064
45.50231595310535	23.05505544115685
39.51057458627938	27.382938005934623
25.40460134366535	44.927644468159954
22.7807617319181	21.44053312224227
31.59432039180242	25.93151552132509
21.972992967837893	27.03013802464208
15.037940135142911	12.956870134451247
18.85968251994023	22.207570441748043
21.36676069012332	41.68561893480984
9.54181243568001	24.195992418934978
30.6234558687268	43.32019376580564
30.528921849544545	29.44536778245567
28.679895974307772	29.74763259483603
20.918281905697967	35.30281261609615
15.915821021305662	24.89189387436054
22.098357872055477	8.188258215231194
11.903863242218005	28.044185750453174
19.36499629342368	43.52170295473291
23.59559527926268	22.48061072410878
10.940940249872215	14.794992050834228
24.763037994779303	13.181035449861668
21.310606750904135	30.11576226546813
24.329208128770432	38.223313333755996
32.49419458940142	31.167533720385567
14.152282043881666	39.01835832407184
40.082557299825375	30.213153477709103
16.709109597943748	28.748095055508713
22.66722652848619	35.0783402060241
19.693787828456458	12.803050551241238
25.259254331580156	21.777825135963266
22.69099019647848	33.56037602532389
21.511512432386645	29.87877811268678
26.09868011554025	16.144355605107755
10.432004757955603	12.651272936204023
33.86946165998043	7.685913764525047
24.967144967498427	25.149637800077397
29.10160903723527	21.045093229370522
29.399801776081567	25.644849982354827
26.938407242496503	30.65582829977459
33.97011371715064	25.676957275961684
24.522964357381923	41.11990267155966
30.558478822899378	24.230100630682593
33.220671043015685	23.720289539345966
5.035917283102322	39.34357813976533
26.454498535804753	25.14020824519569
9.008940335960585	34.38274939492682
25.57859066734925	23.16642876005444
22.187449926538445	32.99829850933822
20.263505730783766	32.5250028535615
26.225139751276647	37.00586564395938
19.726773141257766	17.455307980775082
23.767434077751712	27.814136438251893
27.64085840712614	32.94644812923884
28.06152791101968	43.28107832539127
35.6815248213619	39.96738500668209
41.24791313327802	38.34865466449135
25.803765923158306	20.62333181007985
25.87110035325921	19.23736075233846
11.550243139110599	36.80783531715544
43.76010290090443	48.35571872522846
38.47875336948665	16.681505286371284
33.09476793872493	15.46483519439626
10.101733255659422	38.84417828776123
7.293149675843942	36.14878366713627
10.71886778946832	26.93624719124403
20.02553826942301	35.22050724876188
15.86724055731214	26.756000647056425
31.07883096444528	21.75088678362747
36.39309942342641	30.483303375390875
21.982144615299834	25.51573433727803
15.118657010655589	19.219919199969404
24.993030226352445	9.154559183977252
39.61727060925001	24.328067015286607
29.04325957272992	21.855659554592474
26.711759135903286	36.221328537690155
19.773167730243443	27.5222728655794
33.58390786041083	24.256086144927327
23.163849387242344	8.920400304687355
20.319019107832027	26.023625731059802
24.43479159300869	35.467959404114374
85.36619894859378	65.77134859444935
88.74193848344991	48.517324690196844
96.3822053333608	59.19560935431955
79.27593326507	74.94759492556844
90.20807959768761	47.508733708800456
89.49009670455357	58.95020888680801
95.07827638108705	57.23215828474977
103.25993512312884	63.50354275481368
95.80636494729114	67.53509671310206
72.77624099085634	61.42434144423215
99.74918070296485	75.39179402939138
99.06610054595022	48.232837610664824
73.86718373790212	64.44095605431541
85.17691409138283	57.06449530517766
99.05195318502483	43.310013444535
100.41241270536446	61.284534252365944
91.06306162764075	87.75978609442605
98.65202962978955	45.06665511969462
98.08397608759323	48.68834741676871
84.90959073086802	47.88974210616899
92.8974398187588	58.03579959094804
81.74834492581383	61.66708155343677
106.1178971881019	54.903562575074965
103.10613800939188	60.002479960952634
88.44386612810344	50.526035461911675
91.41112497649071	72.1172875226266
90.25120121557575	62.729617246160124
99.2014668819843	65.91104381328117
84.7575928279947	63.93514543398304
114.01309099832844	48.3611085105206
86.78455445896726	65.89804864726412
102.38379231654338	53.89230858740182
91.56436676317254	58.09856724447337
100.41213494484128	31.985394531142585
89.24604796170289	57.2692860338259
96.83122522691045	38.71126126843926
121.08124074839716	65.76218084583114
76.83747070968049	45.23275957849609
91.27136826701756	60.886060691605174
95.55020011080852	40.074479827471734
87.78303273560213	66.48046457561767
90.44724511215264	41.45963233765484
95.15658112700403	42.03101746131634
89.54220371197262	46.99765394939873
91.57984880161425	54.12352249735816
86.19431559541059	65.2918906218088
91.53828426637811	52.265737641231006
104.84517012659548	67.58401435969483
82.21497565676279	61.30732859209613
114.26857432980997	54.8318915133016
88.8197867635046	62.59527816848051
65.45597508522124	68.77990240071226
85.25939045730844	50.3211310379233
98.07777595881207	60.844560064185096
101.08684783133273	51.82795677235268
82.6904649433719	62.65547696513528
110.35791994284124	61.778899330497836
89.21447048799084	71.46585225544544
72.99804075242125	70.31264580387948
88.7394600226279	47.6784053736875
93.4269114870555	77.6263550560865
83.60068065192804	55.443773312862305
85.6993159788488	58.21792818195068
89.15814754286212	64.74052298071113
92.67903862980633	48.804081325960674
88.57698235145696	40.77761349233956
87.17148700675214	70.92444407666814
89.28290049836126	43.18185141103612
78.39876754615209	59.2308012734961
90.93906034876304	63.49278780257745
94.40582586603209	75.79109271504308
97.84502984366225	53.732396690256856
81.0240326749832	66.49809943868274
94.185959860333	67.12749387069297
82.91616010300405	74.34111454238223
95.47432016392501	39.19676349670602
82.59324297626377	46.49293724499233
86.15681304740366	77.61831074332812
86.64345817652097	54.98929998910794
92.29420573833612	57.267994433990594
95.04314077311945	73.96634230900668
86.17592596065647	59.20281213980172
83.63594976724637	57.04547840677105
75.9105650611585	73.25782869572743
100.38906837330893	53.61362916384931
104.77526377803649	47.934640364365464
91.33147383256089	72.20598845751957
100.79052488112626	55.33467369856182
86.90155348122998	59.688246167380775
81.05418328219042	71.42845222846192
86.57751392171662	63.09918410263974
78.86192939365498	60.80753162620544
87.41333017591066	62.154719124399165
87.71032953742335	60.93513548931966
84.868920967791	62.3292486340945
77.56612033862947	73.75354348679062
81.541975460294	63.35298097927111
95.0823944274572	61.14295703539272
83.46562901136983	75.1001284046491
78.22385805886444	55.74015170850534
74.57256071677782	69.18665877534133
79.77985080517034	50.338466539653595
83.48757710596975	65.45867989957927
106.27202894114822	74.57482713912597
84.07389894956735	66.47663443791865
89.64905265611182	58.04650704550895
91.1281751264928	50.50823905118514
102.6145142561466	65.3734713231486
101.35559832809864	57.903154919563804
84.45344259502251	76.16446280506045
95.79600785031415	54.684957630320014
92.81666945189129	74.836304761133
93.405644599036	55.37833339570239
99.16733181045227	41.02170018382924
87.02393222368259	48.35463910164178
101.61472440685651	59.90569218639354
93.87492357426842	55.69669485557484
86.2199529435967	68.94028987513265
97.43592227469081	43.26428038320404
88.75176585662611	64.03317443298333
100.86152374569625	74.57824183610502
65.7198935021643	53.6819514492027
98.06165847989263	70.77679608558462
98.82170434051902	55.914613782162625
92.75686427239623	55.18306446108661
91.49523381406698	51.086382854342666
96.78253277383212	61.482958980845176
102.14466207816015	53.42915647876863
96.14155301647337	73.73969945348657
77.15543899639061	62.91551249444312
116.92130776313472	50.375282947913774
95.35487951861003	58.63476134654901
89.96174846407632	43.16194954423587
91.30538647327484	63.00028051247129
105.80224386850736	58.59269834154339
94.00451654661084	56.41561192200088
80.30282343681314	77.4329302985854
93.85703828191312	55.10177215382309
78.9344486842721	45.592828839413485
108.01289951664113	66.43325015135781
95.77527196978346	61.031760544913375
81.52346972705925	58.890856963267815
80.95411734064993	49.601355400343294
90.91015181773265	60.27517196837992
94.58897434230413	56.67022917942642
110.13802144057807	53.007500770744215
76.57058304039258	63.69603941843723
94.78534282355427	51.26614476585728
84.73447740817821	51.291571598290304
105.85474754504821	47.53971128807257
86.85024029547989	72.03040515022992
84.7594874606831	61.147547436078376
83.94123834908203	46.76210734317001
103.73889958023585	59.72286635491847
102.26913477199464	45.220073863142446
93.7682444986968	58.115221422096376
85.2890041386402	57.334473877811035
93.69887636478978	44.35659588128892
105.56683979927998	56.50916909535555
89.83904759125286	48.88972218542406
82.45953681300493	77.6374560054124
84.19112980526515	45.554125487924765
114.10557448260617	50.32619194761919
93.89634971021769	51.43194812098686
87.48770489208864	53.142449878080704
91.30935072773212	66.06426995525476
97.62024685288605	56.985597455697835
81.78909826742293	47.863284985770136
98.95756787908849	71.04239177715839
77.97989372605431	44.33625936708218
110.31756964192512	81.52342596478479
109.14523109140066	62.47214024916533
88.18073344087016	66.6848598332812
88.86052784344564	62.49909992941764
88.11167424647151	52.93754018479634
94.75692198213368	43.797277352278556
90.69962863966443	58.9992248616974
85.43017716203936	66.20053824050267
94.68472844774666	52.420366482804624
104.60595946352055	67.82239003756419
88.14545099969796	63.17669531126215
88.1236678140825	54.11930531958333
97.95650622334585	77.78844450821475
89.55153030706883	54.96563490310026
96.20753528152669	71.48926781765988
105.15693928683619	69.48432561122765
93.94952935231272	56.97078941205708
85.88228011950685	60.809971642285376
99.48099795917202	61.2116849345857
94.68142868644132	61.84032827245074
82.51914235488076	68.46148426693011
104.81329189669097	68.02663921341895
84.75833842928462	49.61080935329838
105.68213717113954	57.49207029297528
104.81752206804344	52.32118673993705
97.22769048244082	70.3446719133222
103.79082508084963	58.66192034638912
107.84426526039829	65.43333516711301
108.96683462611156	61.722531197376334
89.77338822555122	39.53259809077805
78.75932124960148	57.46272045520625
91.94565947746477	56.827321258627734
95.11606870382221	45.434971801954575
96.16645624228178	55.04251989649807
101.99059905419976	74.4402851026855
92.38259935576929	56.85213760883519
97.20271882265284	73.31891437976552
73.80152357069902	60.15222712325092
85.07459643259402	62.52390479882458
94.5408296336218	56.82839527337823
77.76205332693947	41.71088347582132
89.09093639410115	73.46002026575367
80.73391684004045	60.81683275951161
99.87634980683562	74.71358994993592
105.7100910189328	60.642045500652394
89.17888715501886	62.54530368820569
84.70384775295278	59.11117124433328
94.0929348328215	54.23754703560252
94.3634252822098	62.3250915339541
97.60155517785677	60.948436851670834
99.84043034592489	29.657571197706922
107.44794111363787	50.474566589880624
88.0465211954469	65.4963268305271
95.5028422278234	52.998954845748
77.4586301562477	58.599927990039454
88.86085296974183	53.291604709097875
93.65998259010114	55.136974694170156
106.85754881091734	44.94895870826785
93.3862217531598	70.94570550843635
101.99950701606383	48.07831894938345
76.08329839597259	71.81845890800606
84.16857155682551	62.2428941454984
104.19816085771792	55.82917581387937
89.20316101893484	62.87902668281474
107.99371171841054	54.90147997506618
101.34920716999952	54.87395694721227
103.79720959786691	76.58008788099045
71.43421030389388	54.7492240799465
87.02841267495084	70.95613201468824
86.87952487254505	54.45493328098031
91.34099844712269	51.104496972568356
93.30045058404687	56.3274506130286
78.47857670242358	44.70141545680897
105.6483185339474	54.422090164985065
80.9603123058562	38.23075055396018
84.62311120504262	53.06172676699649
110.34356756089585	77.76890867271872
97.28100119192803	37.425622785932
95.29981069631343	66.00386947816703
83.60032311141674	46.6914189829504
81.48180753248322	57.85296566623125
100.6473263611695	50.20010797057583
86.31162786024002	57.508565383754785
73.13112911977265	69.23782418152118
85.50080764405222	77.76401171013555
80.61626813859412	58.60601572929861
86.78080462223097	52.11653779062797
97.23397512734977	66.33388749831566
85.85003107587035	51.734411329921436
100.16287518971113	59.38299582483783
82.07485003518565	52.58024428554281
101.80946192844128	59.29280331705348
90.41551151123824	55.66723094158332
87.39214104212985	74.53236647986576
73.69046038723178	51.00524392999266
97.61909597912482	61.53725536708958
89.71671607861641	49.830855644368214
74.338597395736	63.10130337447006
88.95899042433702	43.024776311272944
95.5808385483085	57.82678914761881
98.42030700922989	72.3027990080937
78.49182918782323	55.482437504081844
71.93881753635881	58.3392889583751
90.3039721361424	72.82408278751363
96.59733251738781	46.90678290965029
97.16484887893127	44.385380955034506
88.36438940731948	51.01241367411293
91.13852602802832	80.14224836736076
69.54583660152905	59.80063094430427
73.49678436569586	69.35612645152762
92.14544836534	59.608505606542565
93.9741580299594	49.84319976920613
84.45524713409833	58.169169958318975
81.54135049088227	73.67709675645969
72.94581402260765	45.252332843021904
93.8387928607997	53.85289765186037
72.41898115982374	60.12607515491439
81.44075085751933	57.36484326185691
80.80506341799695	65.3551320431133
74.83759775086463	57.67486025882097
97.32123996350427	66.39359211400692
111.89183589237561	68.7891673979797
68.29731961653688	65.02254738066286
104.77210827419805	70.44742318143541
72.57187662611969	51.09091968354195
94.29781031512901	53.103697530370674
89.35325776314579	80.21779501978183
72.75114325523506	52.51329071114223
93.3670612094344	54.29040678565642
94.68687423891662	62.56364973266067
91.82242268159649	58.702758652247184
83.22260607401817	55.580441695782625
92.79174652262172	66.061557519872
102.35688779669542	53.45658076965601
74.05896284873066	49.2615150715137
86.92295735558072	77.52985558117211
78.68322365039656	67.63285877738436
92.00419034116342	65.462964902452
97.60442317862238	64.7353008523026
81.78704809695697	55.683237444070386
78.98023759731312	66.10896874667661
89.00898056654299	51.84982100298557
79.15712996953464	68.66085986794066
81.03505877768839	60.95668711885013
82.4766878006925	56.007129687870965
86.18530286431589	64.21030206623006
76.91835841818079	64.3726170143456
89.73577898267887	46.16222568573929
88.85634977635205	60.184208537396074
104.45125238406608	75.48376481999351
87.03666877549087	59.97015340000749
92.86997090684685	46.850616506898774
93.19323194704302	67.79596085220057
86.11054738608429	73.15852149359442
102.63784889934554	58.57168017069614
101.40907171111137	55.094946447733854
93.07324669945574	52.709118496347116
102.30049387705394	56.55579961077758
89.20842450774045	68.0882508567491
68.96796644494358	51.73183365182169
93.83161417144294	64.22015369226614
94.77278194963257	57.59674808705318
87.754607202694	67.75943667282647
77.00918926984824	49.63278530576927
88.38170975472558	47.88271912890457
87.55216159485283	45.425928493002175
108.68640793823579	54.523108364676254
87.92900675770444	68.37066086414227
84.24490419561315	47.59275133831825
106.6394134220894	57.49638656855869
91.15947635730537	48.140718857750834
76.25022982305443	50.69844828689534
96.3868166137919	63.55478738587753
94.83564991585538	66.38857554644841
80.05578560719947	68.5841385540572
102.21934481405731	93.1857387869454
95.12977276021218	88.93621426184052
77.39402202387271	80.86474788420038
77.43059521602171	74.27062579187199
69.84971842904027	71.27286159458866
91.71153014145986	71.38141590320689
87.6459302775104	80.22181684854806
82.95674477525108	70.32830848368727
90.44302077810944	82.04727924124302
85.24123770474273	66.162409735844
86.16584229693369	86.01087674053059
75.95417595841194	72.8265716814281
78.05449777557266	74.42634445818855
98.40603559036963	81.6753534360049
87.71536543052123	84.91636306201414
91.907410559952	79.09192973626926
99.22929399685152	78.0111122741041
102.81129175775331	82.49782879997282
71.52600701903796	84.36542411059762
103.95298383781385	83.87474275185858
79.92996766977151	81.01719100640652
83.2868925849288	88.57088247003401
83.08565721614828	73.98769117658848
93.8560091708798	69.28347763476552
95.2781673225131	86.56424536776657
102.0920039227997	73.48958253540687
83.32945511321861	78.91057728105982
84.54593781997256	66.33765441944355
94.52727365772782	86.32702162332934
80.688960155441	71.16203731448466
95.74654130520992	88.49962817070237
94.81971439096495	84.35197446978172
87.15490924607036	71.68475843778658
77.06659895744353	70.97983347901946
86.64912804535803	71.2607858874334
85.27917258794055	84.58517872818105
107.09011118371943	76.90930353161127
75.0241723842148	89.50157095327832
103.22744981753168	81.30492670056671
91.96441384122583	77.39993014253027
96.38826381862302	63.10458150958863
90.12553525151287	80.74581289006008
93.38196606560564	82.31238506223104
86.29344234200202	75.49734425785634
83.99965433930335	76.27758890884
99.52036309741801	82.48262165917956
90.66579236625769	62.522624352218145
89.54901559908842	87.46596625227414
75.3348110818479	66.94658325861461
72.3160599065275	89.31139486760433
98.38309670982001	67.94558645426378
85.80831176708884	80.91859680195688
105.3630686329941	80.38608735716555
110.81255138036478	97.37746062906152
80.94470723293927	76.78493970800281
78.82737657912949	75.25784287896488
101.70277575345116	81.9460937401549
91.33077414780857	99.10988747432042
95.91712930637252	76.02310241956934
81.05730021417814	63.30580352755463
75.92960396716549	69.54090773258095
93.65697313080031	82.79192165669292
75.88755320104559	83.56673914914165
84.37440674327325	72.54295970959848
94.12615688750587	88.93659609496453
99.20580826830266	74.83611246352189
96.12347255825622	92.08157676385075
100.17485390790631	78.82125661060206
105.12614275370261	74.38008469178266
87.99852206546733	92.30338284132486
102.57842131469933	84.12787528225539
77.79174756938883	81.51725493650409
84.32465570258923	66.71177824058613
92.29455760818938	77.58987503395052
87.14614961079425	91.59237564939303
115.64830091785942	54.732033720540926
92.77576300855736	87.25527436119506
96.28139676451501	72.80426829023907
90.36794907981897	73.48297035011105
100.21907204084576	70.54227046951104
69.77965376682668	88.54204189212953
84.62028801676801	83.16849235089066
92.46319658214566	67.5989364379447
80.33800436597267	92.75235826912441
100.34827729496587	81.84348111511778
91.48082547400949	68.83863033817724
89.99824427399626	84.4216885159403
94.36286296809294	78.11084376169818
98.5643970012914	68.86656042053393
86.99623520974264	72.42050927206193
83.97976204385833	69.58576452127359
92.24882729966396	82.12171579654643
88.129392960756	73.66164686146504
76.62471542997801	77.78740129814254
109.34568529941562	86.57434037877482
87.93640024635152	69.1692496696154
90.54498230487818	82.94185555180279
83.53973610387506	69.15545300695192
97.15945881544688	78.81712990720284
96.84610149150411	73.22665352710729
98.96830857197345	67.91933942191218
80.2269023399715	68.52895809132283
74.64877237231346	80.31472111984243
102.89847762614309	74.01944492133873
84.55026664908915	75.54702649313619
98.0890932367225	76.71546081014314
99.35934170852828	59.48300363364134
114.98013195756128	67.2740934783464
84.20471982660436	67.02100212919731
99.47175720273219	75.85436334057053
82.57570225125887	65.93781341522843
98.29187170110202	73.01925595024281
76.84066452583932	88.6809237957653
93.69672642722495	67.10304275489159
60.67626213816727	79.48732133649997
84.52148310179679	65.5618479933
101.02368108905668	68.1524111325478
96.01146536193954	65.59522632837265
87.4938498578759	101.66142019316113
79.17832742750853	59.43567915824838
99.73478614994924	90.44476752146294
93.39491413390893	61.090331912127944
76.5022872225057	93.7308193806139
84.73097545623692	69.95013535958515
86.16307573103974	85.34229421590476
91.26511336101817	64.62722989031764
78.46393957614231	89.76145025967082
76.77387669719889	65.40558754504933
88.68004110223234	91.9407180659409
95.90760886152586	78.63955909232328
86.99521121600672	61.72248380287557
89.68018187760995	82.41281150342292
82.31970526867084	85.72083331742003
88.86914016244204	74.46658803183257
84.42144710305277	77.84626695252166
99.97814416736782	86.49843406463185
83.24173153498457	53.37223997437657
98.95343187562771	68.5751310987927
81.22446457749726	69.9876427238767
97.38518364122599	78.63158646474014
95.93989200369894	82.63166742677268
74.5775928947145	78.66640746988098
95.50552822050149	69.35171160486699
81.12588468289862	90.54655910551331
84.987172663866	58.895272642905525
88.92320869577327	91.11318579821896
88.90107972445408	72.38866305363726
88.38808510138759	89.37212767542219
75.58765605576876	72.52732953593961
78.92175615718064	62.54599559531882
64.72207800210042	78.42843340100211
102.971788786417	76.21145882808501
92.7408354359337	88.01686666911665
102.95790777464876	87.9205076966559
102.33828556062933	72.46585605758787
104.57509617158635	77.50733496687128
77.0285961825355	65.25864356341874
94.3253848980428	63.8021426293881
76.3506447878258	88.18405866895785
98.76947880024298	72.1374468988665
97.64812794973352	98.89649989304114
77.56187515903123	87.85086661856106
69.19517017437589	75.45312649679566
107.21803070454772	83.64441310320774
94.3750586516584	74.95960288398793
107.7515816182999	67.96018126069104
90.18665445476546	90.79939153065818
91.49028364353391	68.66908053379831
87.45557187011629	79.78343311990726
101.02608959611709	80.97656714831618
95.03210162865913	83.10916721829325
100.81531598830993	84.46091758952669
94.19219086920288	77.90529506828487
98.93470329884467	80.06420854509648
88.8643018694395	81.71564556628286
91.70093690520491	80.38778857397558
83.731734733216	78.57496748533086
100.04814110719502	89.31705495581602
96.9523229289594	78.67097426095292
87.22528578297818	73.54690134364387
83.0688756889121	82.76837226199912
81.87496121787788	75.35100422025613
95.67076171417081	94.75568318554377
87.31765136244913	94.14950264631243
111.98940583036419	75.524480204063
107.62050191711931	54.59372529788341
103.31685821893893	90.07406500201573
88.51845359143651	77.98665264422675
111.62669696212349	80.08457026051555
92.70932186259242	72.58518234254348
101.31365455444804	66.41169807771422
92.25826372209315	83.86448974507495
98.53111477100896	82.5145566581984
83.58984276444316	80.02889015543136
99.42123677486856	65.35120711222997
81.87471570044235	57.992934323663604
84.32110116229647	72.91001594408301
103.33605920690198	75.88140498264784
82.43495383862346	66.7494187312765
98.18542570249846	83.36354633655762
86.2429718651707	88.42739355196491
78.15913530688033	86.59570099578502
87.34780578841112	91.35248780993709
84.40055785486217	58.693686239019215
90.52674764344637	78.66577058664798
99.43982458947995	91.07687899235148
109.4819989789142	77.38821992629845
79.8930488992989	69.4097140949028
104.96096537154337	92.1932444363977
80.01233714054997	76.619253921372
102.28783515084827	72.23119956616883
83.43681033039624	67.14866375973615
74.03077008200154	78.81308048162552
83.25710430909308	72.46136613459448
96.74128326160486	76.99022249759302
90.93961162689908	70.1266460194871
109.30651673689933	76.96911513901804
86.15636021680928	68.24420893670167
79.6366874540944	68.54491520464224
90.95720459417373	85.4790334377072
112.64437455749622	91.99383403384343
88.24771470505875	87.65764845711652
95.82397062933501	73.90121993144353
86.78599339728069	61.03444526253214
81.0165153118034	74.70524582053513
102.9517537471375	73.95104593885735
98.24869796709885	80.79399566452595
87.41634816606924	65.74298655998778
78.50994507050603	71.74159719199908
88.06468347643694	85.11823074348102
93.9783665628949	66.74762397419073
81.47029643704361	78.70982070424863
83.19165965152341	87.56012067252686
77.68314556953861	83.82033590391084
100.9331623805702	73.89539403688575
79.88097992412175	88.7510955062306
87.78183591828444	65.54632579537963
99.48522685104766	76.78870351940884
87.79121350528254	69.68664366786304
100.5341722360313	72.46365985457656
90.3508787051211	72.16912706122488
92.49004220059084	88.87823116222965
72.75307793869936	69.1214519607081
85.87008810803498	77.72519341078518
79.22384411198426	77.21326090213738
88.23996387508326	86.040052865499
110.25833815111373	66.1814206408259
77.9248253383909	100.69245234086381
95.87222243277054	77.14738364833894
86.71621278899538	72.2095886341122
86.09354618182212	81.98145429194969
95.88676397815841	85.89458851938842
93.49153884911128	82.06606668380884
96.97416485909781	83.327853333797
82.13437746454632	75.63238358884732
87.99004520100222	63.17121592709249
90.06887513108333	91.35881029767486
100.4091436407385	79.85782232309352
113.59037583067705	83.09785607567045
78.95385329457838	79.46874394457944
98.0229175349307	74.29184799903788
80.30955162161955	91.76121553970506
99.23870545533435	79.05553462612362
94.82193218769696	78.46550706732023
95.38123270643172	84.81570140222311
91.23714715442904	87.24298076013937
103.6702667591196	83.56544165126554
82.90490685895482	76.84451128845045
84.75809084608265	78.38145688410856
89.17543678628431	83.92096076411113
104.15774979806487	86.66233460221532
102.03521991874106	91.19425380249378
104.04549778018607	82.27461543211676
93.45743983498994	73.5999090529375
88.14762491109119	78.20469243028164
82.33300619912931	82.86122820519928
89.47781449435516	72.97859719448012
79.67620280463441	95.76663739895767
81.41927767208199	78.00802088462534
85.77752705654196	71.92255881079053
86.61026073906189	75.56397400106066
92.66257470332603	76.1896350532136
97.47403067294451	64.64079303379818
93.09170484979593	91.15127416952814
114.27303736274006	87.38956242744207
87.17198166614223	77.77549510220075
109.97913912920475	68.07076252253043
84.81127703363555	62.845256655667285
97.58256136881326	67.3620068029405
90.24100026821881	96.25829551063153
70.18769256698113	54.68298687632386
97.40018415800844	61.53066287005866
89.34056457832371	99.05955849212069
94.8637982179211	77.30177483884445
86.38946355399209	95.1562324045655
101.02590910756547	76.02479001100403
85.52033616991582	79.78101776795025
100.36158091868951	86.74437914952611
80.30721881916816	85.98286998636993
99.60620401130045	73.18545696694788
85.88986609267701	66.6194480487813
94.64467123771246	77.41791708614099
75.32823313896404	89.3398774438998
88.2135650001086	77.56747577418517
71.56854670162298	71.49819691752425
104.5144779864843	82.06093139894357
98.78781227829138	63.349281485341734
92.2496333023605	81.43286658716151
103.4777265414812	73.97202773461451
92.24250300842336	79.05939082318204
100.33247332800812	72.69988397530815
101.29570338775869	64.42086467626717
93.77935988579685	62.534745431932606
98.48610651782143	68.79151191091444
87.65493170430057	65.69133963930578
84.46442691440545	57.64707450426074
85.11473434723034	69.88821380863806
90.78773414961195	85.35191366774596
85.82943878643157	74.37033998265515
91.80425376898044	84.64059340824542
84.8622600400881	69.41207410350265
86.57956504785409	79.40125467610837
96.60274053848849	102.05461438888608
95.28862084167139	91.70446672655103
72.68187776646411	100.70066239699048
89.3317682843087	82.33924802257276
95.59261416379294	76.42180219542661
98.93734693776422	69.50573769127038
79.67848632547243	76.33001344150821
85.39895169418446	63.80937846936342
94.3507201855621	68.21660475822863
91.94503105062851	86.60055981584865
95.34964582503316	62.118341148254984
75.79856066754074	66.30045044470354
83.09853853272011	79.83611216331605
73.05464311277181	66.06841256361382
80.64943804728597	90.15241156714333
95.20324739488798	80.25853636337256
93.55994243718128	69.62510192154198
94.0392568868956	67.25699743257853
97.37934825236613	67.41230922146674
105.22838764084032	85.16859790763351
95.79337164232088	81.74570094231372
99.25343611952408	64.42279792826675
81.7140649583003	83.17241938040745
104.90754589433622	70.85110107565018
86.96205508927662	68.04121736140571