41.312460642191375	10.90299414098401
36.04454149977504	81.13076132786333
36.04454149977504	81.13076132786333
38.226204178335266	11.046533708432419
38.226204178335266	11.046533708432419
30.696804998324076	5.422585191000383
30.696804998324076	5.422585191000383
34.865022730797044	36.52182700008736
34.865022730797044	36.52182700008736
27.89434211359835	62.44947879842132
27.89434211359835	62.44947879842132
46.95321367465611	89.49509482299024
41.72963603426628	75.79838607861527
41.72963603426628	75.79838607861527
41.72963603426628	75.79838607861527
34.758953941852624	2.726039352164165
34.758953941852624	2.726039352164165
36.656823041282465	73.7584591679757
36.656823041282465	73.7584591679757
67.71449382927611	0.05535759425299336
67.71449382927611	0.05535759425299336
57.72850403659268	89.84738894524344
59.28050086396903	23.490723975268374
59.28050086396903	23.490723975268374
59.28050086396903	23.490723975268374
54.651116168184856	73.20603332644099
54.651116168184856	73.20603332644099
56.19424440011291	23.634265017931753
56.19424440011291	23.634265017931753
85.33630594735024	11.468534000899234
85.33630594735024	11.468534000899234
80.63597396319469	96.46300631729368
80.63597396319469	96.46300631729368
80.63597396319469	96.46300631729368
82.25004948349412	11.612073568347643
82.25004948349412	11.612073568347643
75.27936886629543	37.53972684189656
75.27936886629543	37.53972684189656
79.13718870850809	62.1103001697636
79.13718870850809	62.1103001697636
72.23745537968078	52.758790478090674
58.890638495894216	31.811583762587603
51.919954928265604	57.7392340857066
51.919954928265604	57.7392340857066
55.8043820320381	31.955123330036024
55.8043820320381	31.955123330036024
55.8043820320381	31.955123330036024
48.833699939624445	57.88277512836997
48.833699939624445	57.88277512836997
50.456645530587124	55.246948668388036
50.456645530587124	55.246948668388036
45.75631207121663	41.24141950956753
45.75631207121663	41.24141950956753
74.61458151453851	71.19233740299241
74.61458151453851	71.19233740299241
74.61458151453851	71.19233740299241
76.72529690472736	36.387272748783325
76.72529690472736	36.387272748783325
71.81211862981279	29.219231010413345
71.81211862981279	29.219231010413345
73.3552453865259	78.64745975147417
73.3552453865259	78.64745975147417
66.45551205769857	69.29595005980126
66.45551205769857	69.29595005980126
66.45551205769857	69.29595005980126
61.231935892523694	55.59924131542629
61.231935892523694	55.59924131542629
63.34265128271254	20.794176661217207
63.34265128271254	20.794176661217207
94.47126788386262	10.811915072702593
94.47126788386262	10.811915072702593
96.58198327405145	75.00684894327856
96.58198327405145	75.00684894327856
89.39845636609375	8.7719852116331
89.39845636609375	8.7719852116331
89.39845636609375	8.7719852116331
84.13053574846245	78.99975387372739
84.13053574846245	78.99975387372739
86.31219990223762	8.915527729511435
86.31219990223762	8.915527729511435
78.78279924701148	3.2915792120794003
13.022132713565359	57.504251494140746
15.203796867340538	86.42002387470984
15.203796867340538	86.42002387470984
15.203796867340538	86.42002387470984
9.935877724924207	57.64779106158915
9.935877724924207	57.64779106158915
2.752349341751541	90.41292880515867
2.752349341751541	90.41292880515867
4.863064731940381	55.60786415094959
4.863064731940381	55.60786415094959
98.63948709155055	41.911155406574615
98.63948709155055	41.911155406574615
1.821152720540691	70.8269277871437
1.821152720540691	70.8269277871437
1.821152720540691	70.8269277871437
85.57646378689438	77.84730125582911
85.57646378689438	77.84730125582911
78.67673045806706	68.49579008894123
78.67673045806706	68.49579008894123
80.21985721478016	18.92402030521703
80.21985721478016	18.92402030521703
75.30668041508056	11.75597856684704
75.30668041508056	11.75597856684704
75.30668041508056	11.75597856684704
77.4173958052694	75.95091391263796
77.4173958052694	75.95091391263796
69.95894391362958	35.047802429984095
69.95894391362958	35.047802429984095
2.5842003846690638	75.11140746099147
2.5842003846690638	75.11140746099147
4.198275904968509	89.26047471204544
4.198275904968509	89.26047471204544
96.22759528776982	16.188127985594342
96.22759528776982	16.188127985594342
96.22759528776982	16.188127985594342
1.112020916327347	89.40401575470882
1.112020916327347	89.40401575470882
93.1413388239137	16.331667553042763
93.1413388239137	16.331667553042763
95.03920939855848	87.3640873688543
95.03920939855848	87.3640873688543