24.231136503295115	37.38438678842195
18.972085956327067	90.82725878905042
39.671285942809014	19.881787864069185
39.671285942809014	19.881787864069185
44.05234996604101	44.14354372792061
44.05234996604101	44.14354372792061
36.55842369260803	70.38001446548515
36.55842369260803	70.38001446548515
38.456294267252815	42.41243575651162
38.456294267252815	42.41243575651162
33.75596228309726	28.406906597691123
40.6560484931447	0.543886406430536
40.6560484931447	0.543886406430536
42.19917672507276	49.972115147491365
42.19917672507276	49.972115147491365
73.6115883805682	96.8732061237343
73.6115883805682	96.8732061237343
66.64090481293958	23.800857922068257
66.64090481293958	23.800857922068257
68.25498180845398	37.94992664833719
68.25498180845398	37.94992664833719
88.11167112820799	76.56950136761745
88.11167112820799	76.56950136761745
81.14098756057938	3.497154641166347
81.14098756057938	3.497154641166347
75.95288577719766	21.660865151787945
75.95288577719766	21.660865151787945
78.06360116738651	85.85580049757887
78.06360116738651	85.85580049757887
7.921869135493439	16.80671544057383
7.921869135493439	16.80671544057383
12.302933158725432	41.06847130442525
12.302933158725432	41.06847130442525
5.119406250767723	73.83360904799477
5.119406250767723	73.83360904799477
6.6625344826957775	24.261839264270556
6.6625344826957775	24.261839264270556
2.0331512621265713	73.9771515658731
2.0331512621265713	73.9771515658731
93.53922351347863	1.2136208282226675
93.53922351347863	1.2136208282226675
43.65860295411488	65.82424550444306
43.65860295411488	65.82424550444306
72.44592215863548	32.05432341265985
72.44592215863548	32.05432341265985
67.81653746285131	81.76963423904743
67.81653746285131	81.76963423904743
69.35966569477937	32.19786445532322
69.35966569477937	32.19786445532322
62.17613878682165	64.96300219889274
62.17613878682165	64.96300219889274
66.55720281005365	89.2247565875292
66.55720281005365	89.2247565875292
59.06327653662067	16.46122880030869
59.06327653662067	16.46122880030869
61.24494069039585	45.37700118087778
92.30261000317454	70.67390108237004
92.30261000317454	70.67390108237004
85.40287667434723	61.322391390697106
85.40287667434723	61.322391390697106
85.40287667434723	61.322391390697106
89.21635501453339	70.81744064981844
82.03282663136072	4.582578393387959
82.03282663136072	4.582578393387959
10.92442359646363	82.08707601380132
6.224090137093117	68.08154833019576
6.224090137093117	68.08154833019576
7.838167132607509	82.23061558124972
7.838167132607509	82.23061558124972
0.8674850401938549	9.158267379583672
0.8674850401938549	9.158267379583672
94.95430824049426	1.990227116428648
94.95430824049426	1.990227116428648
96.54177797444882	66.49397992623518
96.54177797444882	66.49397992623518
79.5943290412351	29.214235055945306
79.5943290412351	29.214235055945306
83.47875319457769	3.430124300274728
83.47875319457769	3.430124300274728
76.508072577379	29.357777573823633
76.508072577379	29.357777573823633
88.86196555303678	11.998719692134244
91.04362970681196	40.91449354791829
91.04362970681196	40.91449354791829
85.77570908918067	12.142260734797611
85.77570908918067	12.142260734797611
87.64697387748059	34.52936610936172
87.64697387748059	34.52936610936172
18.072829003848298	79.24698765708678
18.072829003848298	79.24698765708678
12.804909861431957	50.47475484396609
12.804909861431957	50.47475484396609
14.986574015207136	79.39052869975013
14.986574015207136	79.39052869975013
9.71865339757585	50.61829588662946
9.71865339757585	50.61829588662946
11.900317551351026	79.53406826719856
11.900317551351026	79.53406826719856
4.362048300676586	90.69501493601737
4.362048300676586	90.69501493601737