114.32909774111673	61.65189729887062
98.66644014838641	56.3048519876096
104.87032469532231	57.76318848481827
102.94218987912639	82.43772898056459
88.78844077886362	46.99326438984227
95.75085632416896	75.73623156949695
106.95934962729143	70.73270268403293
93.89030678837534	62.8899522004234
83.85570767381087	70.07853655129045
102.40189951587507	75.04193434938816
84.30433213682706	56.7475454444928
99.2815160863949	66.92125433335254
94.07109579808125	68.42508340278337
87.95501022850226	76.85989530678286
97.90579639389459	73.63764923567184
99.27423622976984	63.67474119014332
80.06363041228636	82.37346339097338
106.41940453548511	64.49495522831587
89.20644209219446	70.1219310534432
103.31200888614441	70.57755658630383
93.3122703188147	65.6226541754759
98.47285795037945	92.18374009588166
94.0231350522731	57.78401542987693
79.40562211827697	72.46089717607254
79.4671328406229	73.27760364482263
92.4592594424993	78.39651901735849
108.66302091887101	95.00605687671785
117.05776694426028	67.10167026343123
82.99651435689253	67.11407446254543
87.94526155956511	72.85863166702924
102.68310047289816	89.40673401848237
74.68378088073744	86.72288117647749
82.47991371144805	63.41150237303762
97.70943915460536	60.36612182687034
95.64462861845223	74.08554862480521
98.63671115216869	68.16725384012247
113.31428827095208	69.93672567213595
86.34235048872935	79.83453460196853
78.76977942584384	82.17085103209054
113.81399214794018	65.60093426789301
97.85114672681168	75.04135046473233
97.06600431597201	75.30359255196906
100.05370909975049	69.66489546521532
95.48584547972061	77.46382387471645
116.57291639684641	51.82785796043292
89.33219701947539	52.5922837330368
89.93952400766194	51.943068075935685
111.59099684854988	61.32864263584882
89.41692930523203	64.43623295287405
88.04202086720372	70.47137282837309
61.24828765431673	50.40520784724503
62.00661818147363	52.177241830933006
62.970437548607656	52.12667550259132
55.39061861016842	66.17878879543257
57.821059541087344	55.485601203532994
62.45176593122154	55.81948247810261
63.04383560696118	55.13386086832357
56.49835179848373	74.97407672251411
60.42260044325255	55.86502730959145
56.09197091864241	31.56001501565745
57.92700037910284	42.599851420444125
75.96226325315837	65.6419368688738
63.73164981338083	53.645844272879124
53.45703516615129	47.87288440885409
57.19575100739688	57.55154128498816
54.43705078867497	56.302685143734685
75.51074045331653	50.09450011158707
62.79177372352392	73.25107265710817
46.05442327003534	67.26889937577964
58.49199326874025	45.82766842153431
56.0488099320374	68.04067501298218
59.47435213176828	61.840674877158555
62.545286772251906	56.46806926608239
75.01501870471529	65.83939846714412
41.53578733153456	66.43732979408671
49.98548749312092	52.39489605711787
64.52548244648985	56.90939628281572
58.67922665167301	52.72076286949574
65.12468600278024	55.65204481533451
52.53495432079134	57.75514334551252
75.28248441327001	47.55378099996749
72.78146594737677	78.31001880967328
56.335079847249574	77.70441466985919
68.42508673347886	59.419364348610785
41.41755116718355	73.57875764255925
61.87665597325287	48.09935023494539
49.78439614692783	56.01840652889084
62.49784420060323	49.741442967497164
56.52910920534582	49.717903212362714
72.04337006035409	59.148995782290186
64.68520257119879	65.81321092177922
52.56294337849015	56.01822490648104
67.41506948869018	41.46933358223767
61.72370479673407	52.324386746239945
77.34386756286881	53.008360484174005
66.69889537256466	71.43052199118128
58.482699453350584	57.24095477555887
51.897773192738754	51.58491707767571
53.41384206706993	61.756414870828564
47.26523802695011	51.39866389410722
57.167126653173995	8.787961236758145
50.999687087952076	22.241130196705523
52.67858385573501	5.963890795033419
43.93466177891341	-15.235231673885675
68.53243004852975	-4.645065052392527
29.56826770450791	5.134668065427044
55.77225929453328	15.589175218281312
58.94099567368248	12.980083337905647
56.74933057479926	18.15584789760363
45.408163130560794	1.5515854874830453
46.204138712544214	9.13442111380942
52.12360916710961	11.38573213088544
63.694207470720414	7.683472540972163
53.59058346746008	-1.2078431557034435
44.37136804192703	4.6294249569097525
52.89913439480073	0.9744751599525916
67.98610810360142	10.96728880710067
45.5133178550624	2.048428928862129
68.57981480641413	5.954422443466086
49.45009612187885	16.231000904393944
55.56068347197508	12.23351124610264
53.68740742026525	4.893987678714895
51.4135006993426	7.429479094688071
33.22349253354413	1.662936058392722
57.184973244375605	14.526601730552198
48.53315278876713	-0.8178401322732753
76.76647439603757	13.586039305033264
50.08744263007462	14.011401928468999
41.21419378382039	0.5368407173462684
67.89090629302602	8.840794768846003
64.33654549632982	8.75942572573222
50.96892164898018	8.484511130908826
56.418293186568064	35.33141704556042
52.26700815248127	-2.1961039383020777
59.24547144584008	10.454192298744356
38.02971998820833	-9.133461392662376
44.59343954790242	2.9712543866203007
54.23112189282089	16.035000184061325
66.28242614393868	21.095204324445422
26.498463018000844	6.0062665293547255
36.921290649251965	3.6437443257468827
49.07281380240971	18.11570882718543
58.23964586604072	-9.208811888399804
36.618361232581094	5.22112933346318
62.263581252208596	-0.030499876208036625
54.19944401775014	7.5649419275770935
50.3584278702429	23.353494612046333
37.47649474029879	3.7362526292890235
44.37623651180781	10.812065154591979
47.614217074434094	-7.673087709353507
33.8874346511095	27.20037687111406
28.242487385861633	21.934449082468152
54.338325255150984	6.821227301544312
39.32098987408963	25.161525663519377
27.892000879579165	19.21863207839952
37.56459711558938	17.400203420907214
45.795949775457906	0.3139719308818716
30.946252162345843	11.307571009559013
39.64817248085778	20.511310389124667
34.869141546619645	13.015862849673224
58.350089541516894	6.51903358194412
37.5329721205816	28.58814414567214
46.058984188234035	25.83388188671421
36.139840583843586	9.99884063630696
46.94719780905448	17.925840708794354
48.89281797353617	-4.1010439647685
45.11744657655825	29.70089769624819
38.413996295166	9.075202380891815
38.34079012648113	29.53232795348817
38.68243692590168	8.684328306538212
57.86124440134063	30.053221428699437
54.79847951508093	18.359579569613366
36.15938762264881	2.723301215883547
47.813932180392946	8.205479469246463
29.42504527516285	38.463968065070816
37.65649945422301	19.334492790162763
53.76310381251695	28.991987838397282
44.892066667327605	12.989678022323346
62.810406776038036	16.517249593065518
18.8819777713371	20.398892356746636
52.38366827855894	33.1520409359679
34.83384367925594	33.57364543754423
59.229842011364234	15.916658709231127
29.825956300459467	3.5394629470905237
52.00061311054579	2.9098476751012754
23.772232406958526	4.720967758004724
27.755214450854076	19.929732722742468
50.319653318246296	26.570482923631666
52.63022229379357	14.89112356875428
35.81066317810199	-13.060699860715467
36.80710290107589	4.2570880466168415
36.14272427570494	12.714134689557648
29.296553436242448	22.90734356303873
31.1834186415664	-2.351634693132244
53.051903174256225	17.34132398368165
57.456940055587566	4.137042204871198
35.4178665965835	12.40710221768624
57.00627334109417	27.062596470067994
38.86260389068271	26.151603002338362
41.869882251744635	20.398901404859828