89.04456542555432	98.98725387268124
21.669823371808757	40.05085742847365
21.669823371808757	40.05085742847365
23.292767487556482	37.41503096849172
23.292767487556482	37.41503096849172
16.322085395142828	63.34268276682566
16.322085395142828	63.34268276682566
11.125115016312838	98.29128846369812
11.125115016312838	98.29128846369812
13.235830406501679	63.48622380948904
13.235830406501679	63.48622380948904
50.71433036911486	14.518974935415539
50.71433036911486	14.518974935415539
45.44641122669854	84.74674212229488
45.44641122669854	84.74674212229488
28.28611600272581	54.30448467245551
28.28611600272581	54.30448467245551
30.39683139291465	19.499420018246425
30.39683139291465	19.499420018246425
25.19985806365473	54.448025715118874
25.19985806365473	54.448025715118874
15.187263959841387	95.59474114964695
16.73039071655448	46.022971365922736
16.73039071655448	46.022971365922736
45.872455214221716	33.85724034889023
45.872455214221716	33.85724034889023
45.872455214221716	33.85724034889023
50.25351776223875	58.11899621274165
50.25351776223875	58.11899621274165
42.79506587059895	17.215886205302734
42.79506587059895	17.215886205302734
44.90578126078778	81.41082155109365
44.90578126078778	81.41082155109365
39.708810881957795	17.359425772751155
39.708810881957795	17.359425772751155
32.73812878954414	43.28707904630006
32.73812878954414	43.28707904630006
32.73812878954414	43.28707904630006
36.62255441810167	17.50296681541452
36.62255441810167	17.50296681541452
65.97746078088305	97.4997513283614
62.6074122131115	40.75993980626721
55.68107309793931	81.7631141981319
55.68107309793931	81.7631141981319
57.29514861823875	95.91218292440084
57.29514861823875	95.91218292440084
52.594816634083195	81.90665524079529
52.594816634083195	81.90665524079529
52.594816634083195	81.90665524079529
54.20889215438264	96.05572249184924
54.20889215438264	96.05572249184924
83.56379999237897	77.05250700479613
83.56379999237897	77.05250700479613
78.65062319267936	69.88446526642615
78.65062319267936	69.88446526642615
80.19375142460741	20.312694007486975
80.19375142460741	20.312694007486975
80.19375142460741	20.312694007486975
73.3028866912284	93.17629060477815
73.3028866912284	93.17629060477815
77.11636208098464	3.671339863899492
77.11636208098464	3.671339863899492
70.21663022737228	93.31983017222656
70.21663022737228	93.31983017222656
54.971941293725976	1.3402021656970176
54.971941293725976	1.3402021656970176
54.971941293725976	1.3402021656970176
57.153606922716115	30.255974546266106
57.153606922716115	30.255974546266106
49.61533619682672	41.416921215084926
49.61533619682672	41.416921215084926
53.783555404514644	72.51616302417192
53.783555404514644	72.51616302417192
46.85721628934245	14.519338891251568
46.85721628934245	14.519338891251568
48.40034452127052	63.94756910752736
48.40034452127052	63.94756910752736
48.40034452127052	63.94756910752736
43.7709613007013	14.662878458699979
43.7709613007013	14.662878458699979
72.55828050522189	79.89295784213174
69.47202404136578	80.03649888479511
71.36989461601057	52.06891870060663
71.36989461601057	52.06891870060663
64.4080811190452	61.21167678790468
64.4080811190452	61.21167678790468
59.211109265000246	96.16028100956217
59.211109265000246	96.16028100956217
61.32182465518908	61.355216355353086
61.32182465518908	61.355216355353086
61.32182465518908	61.355216355353086
92.45044273155412	51.372954766838475
92.45044273155412	51.372954766838475
94.56115812174296	16.567888637414434
94.56115812174296	16.567888637414434
87.09383763465486	91.4496738162264
87.09383763465486	91.4496738162264
82.39350417528435	77.44414613262084
82.39350417528435	77.44414613262084
82.39350417528435	77.44414613262084
84.26476896358427	0.8312515071849479
84.26476896358427	0.8312515071849479
76.79744847649617	75.71303816121186
76.79744847649617	75.71303816121186
81.17851249972814	0.9747925498483156
81.17851249972814	0.9747925498483156
11.036781943050032	30.925708968058238
11.036781943050032	30.925708968058238
13.147497333238883	95.12064431384916
13.147497333238883	95.12064431384916
13.147497333238883	95.12064431384916
7.9505254791939235	31.069250010721618
7.9505254791939235	31.069250010721618
0.9798433867802695	56.99690328427052
0.9798433867802695	56.99690328427052
2.8865825568733467	12.244427913831188
2.8865825568733467	12.244427913831188
96.61866341445702	82.47219510071051
96.61866341445702	82.47219510071051
96.61866341445702	82.47219510071051
98.80032609301723	12.387967481279597
98.80032609301723	12.387967481279597
83.55563863458588	19.40834094996501
83.55563863458588	19.40834094996501
76.65590530575857	10.056829783077124
76.65590530575857	10.056829783077124
78.19903353768663	59.48505999935291
78.19903353768663	59.48505999935291
78.19903353768663	59.48505999935291
73.56964884190245	10.200370825740503
73.56964884190245	10.200370825740503
75.44091363020236	32.58747767551956
75.44091363020236	32.58747767551956
67.90264290431297	43.74842434433838
67.90264290431297	43.74842434433838
0.5988496141537484	48.53286641012393
0.5988496141537484	48.53286641012393
2.141977846081803	97.96109515118478
2.141977846081803	97.96109515118478
2.141977846081803	97.96109515118478
94.24224304203953	88.60958545951185
94.24224304203953	88.60958545951185
98.0557213822257	98.10463619384814
98.0557213822257	98.10463619384814
91.15598805339837	88.75312650217522
91.15598805339837	88.75312650217522
85.89693603121538	43.19599850280368
85.89693603121538	43.19599850280368
85.89693603121538	43.19599850280368
87.79480660586016	15.228418318615212
87.79480660586016	15.228418318615212
18.14971296864153	95.22520283156209
18.14971296864153	95.22520283156209
22.034138597199078	69.44109207589152
22.034138597199078	69.44109207589152
15.063457980000381	95.3687423990105
15.063457980000381	95.3687423990105
16.677534975514774	10.517811125279422
16.677534975514774	10.517811125279422
16.677534975514774	10.517811125279422
12.021543018170764	11.587808985634537
6.38114434214112	93.78117547026488
38.006402288395556	34.84478050127227
38.006402288395556	34.84478050127227
39.620479283909944	48.993847752326225
39.620479283909944	48.993847752326225
32.64979571628133	74.92149955066019
32.64979571628133	74.92149955066019
27.452825337451344	10.870105247532633
27.452825337451344	10.870105247532633
27.452825337451344	10.870105247532633
29.563540727640184	75.06504059332356
29.563540727640184	75.06504059332356
24.375437469043515	93.22874962873018
24.375437469043515	93.22874962873018
26.486152859232355	58.42368497452111
26.486152859232355	58.42368497452111
9.325856160044681	27.981426049466787
9.325856160044681	27.981426049466787
9.325856160044681	27.981426049466787
4.0579384928433	98.20919471156107
4.0579384928433	98.20919471156107
6.239601171403519	28.124968567345125
6.239601171403519	28.124968567345125
97.70133192072907	39.28591523616394
97.70133192072907	39.28591523616394
3.126738921202534	78.62319369354611
3.126738921202534	78.62319369354611
94.65941843411443	54.50497887235806
94.65941843411443	54.50497887235806
96.77013382430327	19.699914218148976
96.77013382430327	19.699914218148976
96.77013382430327	19.699914218148976
29.182545479798705	66.60100371917697
29.182545479798705	66.60100371917697
21.644276229124262	77.76195038799578
21.644276229124262	77.76195038799578
23.825940382899443	7.677722768564878
23.825940382899443	7.677722768564878
18.5580212404831	77.90549143065917
18.5580212404831	77.90549143065917
20.739683919043323	7.821263811228256
20.739683919043323	7.821263811228256
20.739683919043323	7.821263811228256
15.480631896860327	61.26413581185671
15.480631896860327	61.26413581185671
44.906488498443	6.981757359581765
44.906488498443	6.981757359581765
46.449616730371055	56.409989051072515
46.449616730371055	56.409989051072515
41.53643993067144	49.24194583748758
41.53643993067144	49.24194583748758
41.53643993067144	49.24194583748758
43.64715532086029	14.43688265849345
43.64715532086029	14.43688265849345
36.17983335855723	89.31866636209045
36.17983335855723	89.31866636209045
31.47949989918672	75.31314015369986
31.47949989918672	75.31314015369986
33.06697258357119	40.8168929635064
33.06697258357119	40.8168929635064
33.06697258357119	40.8168929635064
62.49282623472395	85.53451451123145
62.49282623472395	85.53451451123145
66.30630457491011	95.02956377035278
66.30630457491011	95.02956377035278
59.12277766695241	28.794702989137257
59.12277766695241	28.794702989137257
61.233493057141246	92.98963685971322
61.233493057141246	92.98963685971322
56.0365212030963	28.93824403180062
56.0365212030963	28.93824403180062
56.0365212030963	28.93824403180062
49.065839110682646	54.86589435491961
49.065839110682646	54.86589435491961
52.95913333468847	12.29688841299818
52.95913333468847	12.29688841299818
36.01168440147476	74.0171435427083
36.01168440147476	74.0171435427083
37.62576139698916	88.16621226897722
37.62576139698916	88.16621226897722
37.62576139698916	88.16621226897722
32.92542793761865	74.16068606058663