50.51239133158434	96.27032426877825
33.51444386929308	93.96457521209648
49.91714673814987	86.86669013180014
40.57035653720157	103.8132544885471
61.43652424297677	91.2891153712547
73.08601886461878	86.75447598134805
61.933547030945036	114.88515972847526
75.15497861181197	85.75452748785472
108.80938950918413	102.27239117271705
114.67672246157366	82.20562860239937
106.38614573785198	97.44913864853517
97.46860370739849	90.91663887630074
89.56938116201464	92.98516462455109
95.2010569023059	105.44500969475466
32.895674761521036	19.152537052809578
25.484406949414417	32.09739777882789
19.391850538803727	45.059682536947776
26.627712669565877	44.21774903206928
33.45130258472672	36.23196718378429
29.91756507787833	40.323084772300284
22.361617846658504	36.48040654642905
-4.987055074900923	33.2066597062844
6.236014469503317	18.32167446326541
-0.2999219211084363	32.87288761742815
9.18415381385812	9.315540454840546
-14.5838222122245	33.449462285722944
-5.718247527731727	30.768959052507217
-1.9272024758060868	21.666403879041827
-0.4278654341035545	22.13240929447434
-11.965931302796864	4.149394073941455