21.939997324660858	80.74006288237568
11.572660878130785	1.2825887173680086
13.656770481974748	16.832209621911506
41.388732729008396	0.4648205948403076
43.552659691887	62.95038334791112
37.087486064811046	23.139006579516206
39.437652056888815	30.141771896533932
32.5379187280615	20.79026072964606
34.95016488827732	9.298758267692822
35.65077950304753	69.29203560344506
30.489283506010707	37.10105908009912
31.855392710193044	88.01266313845858
32.55600880017821	49.00593899899587
34.99486074673891	86.15975097829006
28.848953605371555	36.09214602964927
28.999718252777562	47.74892786338468
22.818338204832	64.82090365974732
25.47890503760001	78.35233450755508
25.638536805239355	73.22421967982467
19.5103698051985	88.58682583389712
21.940351681095944	43.525531524227205
50.665592192693445	28.249877211414965
53.25520878666016	77.0604695492296
46.60379465517007	92.73189316731768
47.286673554258655	87.29496087557163
40.59978504097539	71.10596523866315
43.58848695490029	57.59627271997418
36.66214931494305	98.59944711183887
37.36276392971326	59.59272297237616
39.69519273089446	1.1652786618956108
69.5910819408067	47.28345386311019
71.55103120837458	0.8216073751657099
63.15251262486066	56.1173915359627
65.58249597597306	11.056098701507738
59.45432750071727	26.418703380365233
59.56961924154507	6.215064483889112
62.21244740820153	53.3162857041986
56.03993448048929	53.603367789525336
56.164093341550426	16.61483370679836
86.43246356029094	50.76740813504695
89.06642313149912	15.653524541607293
81.33304478096225	0.0821667831599644
83.69208084370327	89.30003396349693
77.59938527502567	37.52305937256594
77.96299621319069	42.34235526106578
80.32202932550182	32.560222441402736
74.22933375682422	79.78324785047175
74.34462549765202	59.579608953995624
57.82286767074137	8.624893668449559
60.48343155307946	22.15632451625732
61.210653429409504	31.794916293256993
54.42621184140999	2.2397677051079468
56.79411354916939	74.67274117440901
50.27572982461864	36.57073552351924
52.723448891412666	56.93965231656257
44.15642846959616	35.14844649134084
46.71944075243295	35.31372438790804
76.29606052620667	91.68812776936849
78.9211529771815	73.35913936217969
79.13399779272557	66.52165341694412
72.66882269043465	26.71027664854921
75.35599383433258	88.8870219376044
68.44739191005696	96.32040743218234
70.96606121565229	81.41016126000383
62.19506309852507	49.67154471855184
65.06847327162217	56.365489621124034
94.46772408685996	52.43779820281662
97.23471258979252	62.55048534039913
97.47416319168144	5.358315311625938
90.7784060829499	5.954214860968304
93.41236565415807	69.84033126752864
86.80529597512438	1.5872774791474673
89.23527785102183	55.525983169477556
82.3532817130911	12.604684580517874
82.53952074229029	56.121884194034884
13.426541356754237	20.024953106285363
16.282215814169707	60.28868838135927
16.601483775093268	50.03246167632835
11.537540852772702	31.20763810422297
4.868388055171066	80.44885209481276
5.107840132274957	23.25668059082462
1.0815169765447359	20.599115801723897
3.6179219978216968	71.11907925704368
60.29330788002898	90.99896689194352
60.585970054607664	32.097425745665184
54.31590405217918	19.018353404536423
56.81683469166296	37.67789760485964
50.06786748545662	39.98316974692212
50.39600404182847	12.94204490521043
53.145253878649484	56.62452389050961
46.5913942970906	85.66210045983823
49.198748081953894	1.9029009499361909
78.4649699654673	51.748638800606614
78.90839826266696	4.50387653763376
72.40774877858287	31.83208198945724
75.01510256344618	47.07288247955519
68.32821552537787	30.883886842646703
68.60314050905997	5.552136068870084
70.90009640366294	14.264269552963052
64.10678474500018	1.494017626279825
66.52789950066429	72.21761850286077
96.16660091779103	11.097757055780175
0.05774828178470559	83.22191011063569
91.99838171010309	78.99851377147823
94.33967910673256	3.7861742747468154
86.00324069135671	40.58769213178779
88.46869842426229	27.386817077114447
89.14270725268761	38.7347784964043
82.43808302372273	56.115574707212495
85.02769814247448	5.926167045027127
15.870377254911922	53.7537118885319
16.09209066590427	30.131332232260437
9.635784159061659	72.53506027761466
12.127847678312106	8.979499664188737
5.822307294090451	63.04001101849332
6.035152109634506	56.202525073257746
8.394188172375529	46.42039372880967
1.8935401635064033	73.74859770541819
4.633921404879127	35.21597040175326
84.68218022685608	29.322549425877106
87.6886178564626	81.24306505947146
80.73567295494553	73.60092796051865
81.38307747224094	36.30357641377604
83.96382694597433	2.8990639378415404
77.47204605733853	13.4423727281992
80.04392693562362	95.82275543851554
71.29953460484127	13.729454813525946
73.61422621512587	87.87179792511719
4.829381910746726	24.733744946085903
7.04652192153003	85.50993805686652