14.178436323938584	22.799039227158495
28.442008677820947	10.464299395808307
24.73971470809549	14.459824918818692
17.615091799105567	18.813313130030572
-0.5330114427219765	10.109915819613057
16.59633520859657	21.852522850021618
2.3909889772212907	10.315289176960764
9.16631111515577	25.20213284820033
4.4412383482095175	12.396788427282056
13.02623618415713	16.523284419048604
24.242841131712332	22.855666803481895
12.84289860271028	12.137385925956504
0.9667679552458086	19.876616732059464
23.980249352574212	14.657161125648447
24.075951864301985	29.598986688848633
36.49335526241925	74.42418066527577
47.44352147764326	86.8778474224387
16.478839117895298	97.81203484494655
33.08542199362321	95.65892726442073
40.602298183923445	66.79155922153842
40.64979442811699	74.91677915770558
39.771492864083754	106.99593234944464
24.86574709394943	99.69362956496187
37.6992499928193	69.88895005794595
34.00593725066203	78.70920670352643
31.84345346264653	95.64434884190827
23.955271574324392	79.4967652488168
47.75350328368681	89.46113395329854
40.899010550461114	95.45704225139815
36.615214398288956	105.56675442658045
52.5063223967077	41.320482140837576
53.83278008230856	24.050796307995626
53.46194815128723	55.409403925089975
37.56171515089969	39.55651640829471
46.86683415594673	42.700019652181055
48.22680659569054	51.89800226693983
55.524683606308884	49.85781047698119
48.35010885145678	45.55185587544767
54.261079626260646	51.16137976780948
35.63600264527308	31.970324626713566
66.4423282503536	35.9539311834809
33.11816843350155	49.9650696869972
72.54791672826956	45.248345998848315
42.21061087855606	44.28669916654523
48.102358924809494	45.545383607472324
55.35421149709176	26.9547573770924
59.345210997680326	29.256597492755393
59.79392150204899	40.75223890993004
71.85172672069871	28.71950226314169
53.951202638387244	52.56817850591034
50.49143455646514	42.04401141128822
53.29032516201053	30.575925337191002
57.11549163204806	31.778998523419958
59.48311058834306	30.480072144576138
66.5677730946531	26.600881702431604
67.22551724465472	56.46479701446768
62.96728664757255	28.69308740456204
52.24186452852856	25.720975919369607
75.241732681923	47.0141785335545
59.899596108627044	46.359262782544846
56.226805282640754	30.93590840471556
69.03814617127432	36.28414926385243