111.3197847399726	17.377242607616317
101.89097865584803	3.177282304421478
95.84177994541878	26.49831479090503
94.99043249242558	25.47228069094539
96.55090685472334	25.840059460333677
102.41993378813267	33.80274157346517
95.47470513793543	38.6778302555975
82.47184199783906	22.116022480113052
89.4735245314473	35.981471523558554
68.48034354087957	43.42287385672353
66.62429196217404	20.90286011473991
116.19145218976928	24.07061519641443
86.13892196311264	47.42982459802945
115.36231428868463	27.492933767417195
48.47160347775475	79.32917003451111
31.384438910109367	82.72695766773484
31.793313709990823	63.09476595256385
16.31898793953182	84.48793627934535
46.55251353779551	75.82082113390162
33.17472155462552	72.1096112371797
41.10968088933272	81.8169404296579
40.885054565360875	74.86361393651659
32.65649507786721	61.57946432609758
30.970889210432315	84.28107610264547
31.144422513999597	58.21405701398621
43.972119423145514	85.84198377795028
21.68529284899857	65.6221310703346
23.501971651905173	90.1090373040485
19.621244814776773	81.60435687246279
29.937877134627577	79.76810861480585