44.36487552587036	66.32004918935853
64.62233515949033	59.9349515752452
55.89241478338757	77.80382244254396
62.430164591537	74.7862509684245
51.86539924978292	61.023807091745134
38.70609122070552	47.58413047327929
60.58763961165503	61.95120626659641
52.8753445839117	58.91345944600134
69.3553581217616	66.22652716852667
44.40010714527497	60.2860102052146
40.80448632114079	55.615358907496066
64.67657467812215	44.49737653984373
57.337277915479646	73.86141652249307
63.28439433055389	60.00562054251181
72.41047967738145	54.02889055747286
73.39935117391585	61.4799205607964
47.243750234316664	62.11972595793897
53.927652288549666	55.66128757906943
43.33908538755775	60.74539667096177
69.41486161570887	66.58400573576078
66.60411312736642	65.34278181001666
66.50257480865326	63.716999417323045
69.34645825646875	68.0189872744534
60.056318070251216	64.34756330634703
54.49528195421459	93.32331828193053
69.35276210725819	82.90714198597122
82.0805569890192	100.25777539558129
65.95457471927304	88.78147501482965
71.50311985407686	115.68485603908482
67.0972476514575	97.0984291962581
82.47387167402393	81.79144354193555
65.05663522096712	94.1533633608924
75.50600953981173	75.88591185020307
77.64611149844949	87.95586944635363
67.48053964202728	87.64855012039106
75.42688324701574	92.2900725418856
72.3172234526784	88.02516481339336
76.35384125585692	91.99695267389782
69.07369844812027	95.6514425863978
55.66515211693381	80.37793556081665
83.0580636771941	99.4115546174382
82.46070628662173	87.43152916464531
90.11904002840492	103.32669983477336
75.34480915986623	110.04784522606403
67.97137131423419	78.32157682907452
54.405604975002035	88.57697165285592
72.73136493110525	101.15758023375285
71.38678998955365	87.11061475876525
62.478578730393835	96.86800482661788
71.45691917100203	87.51056476472726
38.60513185443496	9.021511767107636
47.419028838000614	1.7354614723184802
63.128093055082516	17.297425385139707
49.49069304557389	38.37109586298831
48.709616778174045	26.234845963189706
61.72419790139402	26.622012360722366
60.63371943576958	30.048468682640134
59.00118389127202	11.162616569386532
59.879011429225756	16.67116087775254
40.52489610892973	16.81493733601039
36.49847875380521	32.152583155966056
58.86088372612917	23.2601350716415
41.212009289059196	15.510786624946594
42.00098743545879	33.6184178285056
51.495884326947866	31.15655611750078
38.91286096953638	0.5391700701330073
36.625251441806974	16.072860888013906
60.48015825909924	7.441619340919084
50.86042317693334	27.55552611172438
53.52585920407047	44.703206514033276
41.83214408577838	16.92339465721534
62.25065475266253	23.567635023634384
47.75339114473196	13.654651869888095
73.94692147544097	17.878876054406465
52.5072696375596	11.487827647123169
2.9595076196778347	86.67915320161542
0.6982178377974293	84.04200405872622
-1.003232330200733	75.80970056695163
2.159816638483199	67.88131780525853
10.168409211600665	81.21479214018717
7.641708137153174	59.405340455263385
14.940266059855666	89.14774773105302
23.366352525465373	75.57292587210482
0.534359549217299	92.95921090535592
21.81572829550398	93.6360356964066
0.13043219567200293	71.51136811772582
-10.111863847924237	81.47699150375703
-2.73597157028635	79.13479420153995
16.48005142766615	78.00032526436023
2.626926932309404	73.52917659704259
-2.7582878516592384	85.49179606024504
14.942813755454402	72.54315983145065
5.933813217244954	82.31691376826043
-4.979092669025865	84.80160125839934
-5.783140039281512	73.47185603798471
3.3799991730820267	84.33639594243543
-8.365845374127343	81.37750998403763
0.2202939057988571	86.44454400482755
3.8971067640646475	72.01938651965474
3.454599236729001	81.89207459879806