28.150557335567964	70.300715968394
17.01831993337084	78.81829314352167
19.80399211229548	62.485869635473385
8.353375883380696	73.91713585764177
16.303587002832465	58.18125106480569
13.446994655906291	67.58527447572295
-7.16733641435663	71.75037230803274
12.197901766490922	67.68337674661485
3.450454195807886	49.38642658425396
19.597195809780764	59.28191262028623
22.575937900369908	86.34651061652504
20.464446091007268	77.4424209884785
9.430701794011839	65.8009343771504
22.089422408876036	51.08530101195678
25.52314075515811	86.98356989184109
20.146030606959968	73.3369637181862
13.647257834327014	49.82010694531516
14.068293322783548	58.6025119780449
13.056546310228306	59.00109776050902
29.04583806772279	66.82895309449948
8.661000242118888	70.1644092945176
11.230966044908143	76.27934261445536
25.009934485840553	60.121176771292745
14.815038297648684	79.76443917466038
13.581059618566943	69.56706521355115
26.6025221207531	55.491675673498364
10.69908063656871	50.95905935131015
21.933537338921735	71.39279993126533
28.893406135094168	70.61108646395836
6.056142370162059	63.1521665822519
9.833851845320472	66.64790969871767
27.24781624998291	72.62815041712284
34.73459024083644	65.48273851945933
33.252812246789986	49.863304260873655
23.860814298198754	68.80663952721395
17.266251784906043	82.61439654377673
20.107498586250006	79.42415692563527
18.66038030258669	59.1366564338995
20.777043037297464	66.66738231139888
0.25813294115389596	68.4558476419755
14.287258682605833	75.30455448904793
11.415769261975473	57.19844402683081
21.21782424114045	85.65032254200722
13.227530904882965	68.1161130302455
9.092229319420278	63.38303250300456
19.76809156873834	55.94324551266076
12.556311889989047	77.26846989359565
11.105859150465273	64.32901278241442
52.062764137850415	74.31911896226399
65.31885862549565	76.13539842000482
66.47836106641431	83.21731579316288
81.71223204763135	97.38201597850744
57.885009004504774	80.78110107022776
58.49511267088193	87.25760263035488
65.02259445584656	90.50846099705858
60.19158496828137	84.38889905607336
70.91859129384207	73.48629856551443
44.7140386157443	96.78168944847093
70.64359873810957	90.1800669592834
74.09075333777498	78.33079603509726
57.21672156786	74.45101781896349
60.31045592201076	78.09678290422646
66.32154089039204	75.01834354044225
47.45795992609284	113.68371741417701
49.86391344163355	68.24130056086138
57.976485416019	93.42697844618577
59.692754980748425	66.15075562923603
47.89674302417824	82.92963939917153
57.833431476170304	91.86702998005077
78.66586628508524	83.486896758411
52.07492196158935	107.3747438459362
66.05574375392375	74.69914825637026
57.268227039703774	78.52940981764095
69.56154381825404	65.04834951949991
64.37287621270572	87.20479564316994
67.29445182195492	84.95817916529852
46.64657871088109	89.76999192873845
44.99011236289164	80.87040568454267
60.16896527407395	84.77734572158897
59.50559834540245	92.27928405898132
46.56735348155859	74.746735967103
64.6358547561785	87.13871690335061
60.95810348691821	99.2306437412787
65.0556483905286	104.36970420464252
53.27626867589784	104.67192192870625
43.79685590347347	104.48969535794595
48.45274969963557	102.50512640719099
62.26839283432527	94.05500016209879
55.13554171451557	92.49127843240703
65.18620016060075	73.37456237229084
67.40649057855995	92.31101244182256
57.76053945112232	78.26883174587331
53.337182638103556	72.5060183391055
43.05872148591845	59.22637182055428
75.45468906482046	64.98192109911923
51.80245381951065	85.95654927762469
71.8228486296269	52.444465494556155
74.34327168528624	43.411132983473586
91.97806990915602	61.10940687291191
85.69011379249146	59.58700453171727
84.94544460568248	50.796955476703296
85.50263676461016	66.82811363738169
70.40256506198008	46.94034946213468
78.10801916487293	60.2557522827416
78.64896139422486	65.68860202288602
91.82506392276353	56.25029854095287
102.4227151733295	51.88188023980572
77.86657860566845	57.19099900647584
75.40444310485404	55.40599273347134
75.14307516981214	45.162504539591744
77.42120384995745	69.2908498202891
94.62389706737962	59.08070052834306
73.21394326636283	51.26757329364682
87.75395648516515	60.89880521468126
86.0840459542193	41.63436968563683
93.91050000503547	40.90895388757581
81.61490565786775	47.14450810367585
79.05365889249241	55.0685129964789
86.37457729740586	55.58697884980232
87.8149061079716	65.36413058270222
78.05892143336962	58.571554697020886
92.80804676772507	47.86789146563255
74.23999619613443	60.76048897548637
83.79154003801176	63.62860402520229
73.62533218550236	69.59742611740876
88.54441457475215	53.791436596208115
72.93288003340214	61.54024671474999
85.25130148831295	69.26861462614693
75.65676860306976	64.34157262028049
68.83309729420465	60.25613705647544
75.71292951341599	60.08712532445999
74.65036250961474	45.72663808127254
79.0555091386015	53.50003885291767
74.5006025118973	50.91881287459127
75.80485376478374	77.916410688341
66.38830849211455	54.69790924988314
79.67859692412365	51.95015041890396
98.1589183229258	62.85038276573088
81.76638448844983	65.06072269321997
76.86814723745135	56.644554865245595
69.55542971770922	43.51538143355998
81.25146349416468	62.08861086764301
85.11652759075875	62.387554817025105
85.91655792462274	61.52700361243245
57.17456140017095	47.211274488366314
60.8537820709454	33.39208485268264
46.49339442207531	54.490620546198386
46.84493796570106	21.13473828222373
59.57238605349191	25.846570910332826
44.571138797272994	21.790220394400798
65.32802481220367	48.40333078705571
66.03900427002506	22.717014145740016
59.68787265743032	22.12380156272141
47.1777095666293	27.163147963557865
55.72525430187835	40.00595037108574
40.37082758438663	11.734062893822394
68.39829541044439	17.379034898756167
42.12611419023919	12.735538967555813
49.11481997899007	32.789724261570264
55.81193665131848	35.595600827004816
52.21948564062645	46.01127396653291
56.77292762229595	25.237800659442744
52.94432015779677	25.74442702572713
35.2967692188327	26.981277724969875
63.47201035429885	28.727926605603763
61.97921608374018	9.13528729761537
53.29989210790131	40.09035514593527
45.41140669354445	13.378572276815767
63.061191327524995	28.563826094662247
50.894411890917354	24.483800036979698
68.03851043913437	32.24127456457197
52.04648957777367	12.597867206972035
60.51945392527776	22.251562075392943
42.34709811300674	47.08325752368319
39.34068180757215	30.243813415033287
53.26584793538794	22.67491292171112
47.603252794356415	38.60138960951886
48.161147800585624	45.87411342201871
43.8496794542656	15.258703396640684
49.11249289608278	26.011817231016035
60.63275192560408	28.02041984340792
58.35527028569521	26.396115378387936
50.26056235392104	19.46588401106819
65.18801421265852	42.153349693598
42.623997128041836	17.287255913444803
62.69150167773432	35.08739843913271
59.78186011176217	33.24639848518864
50.242535776907694	4.988485037714565
56.050316152956995	27.10126448866224
57.7215461174756	30.445977155030217
55.07941791409674	27.037360402704223
32.01507345830332	27.52569039180805