93.77313403240588	19.947179883538034
90.69574763921302	3.30582426473559
90.69574763921302	3.30582426473559
20.483066843733614	68.53590364816735
20.483066843733614	68.53590364816735
24.935079630551936	57.51849802201189
24.935079630551936	57.51849802201189
17.396810379877493	68.6794446908307
17.396810379877493	68.6794446908307
19.578476008867643	97.5952170713998
19.578476008867643	97.5952170713998
56.75579808267398	87.09987464692199
56.75579808267398	87.09987464692199
58.93746223644916	17.015649977921
58.93746223644916	17.015649977921
51.39919298577472	28.176596646739828
51.39919298577472	28.176596646739828
55.86007436804134	0.37429435911855813
55.86007436804134	0.37429435911855813
38.34503680135188	47.3278458345285
38.34503680135188	47.3278458345285
28.07525490475302	80.23652314554643
30.185968819726902	45.43145849133735
30.185968819726902	45.43145849133735
24.98899696568194	80.38006271299486
24.98899696568194	80.38006271299486
27.099712355870782	45.574999534000725
27.099712355870782	45.574999534000725
58.20172612110591	85.94742202902373
58.20172612110591	85.94742202902373
58.20172612110591	85.94742202902373
51.018197737933235	19.712559772593238
51.018197737933235	19.712559772593238
53.12891312812208	83.9074936431692
53.12891312812208	83.9074936431692
47.93194127407712	19.856100815256617
47.93194127407712	19.856100815256617
50.04265666426597	84.05103468583258
50.04265666426597	84.05103468583258
42.575337652392825	59.93281986464452
42.575337652392825	59.93281986464452
75.82353823918002	97.36059696045501
68.85285614676637	24.288250234003918
68.85285614676637	24.288250234003918
73.02107535445431	55.38749056787595
73.02107535445431	55.38749056787595
65.48280757899482	66.54843723669477
65.48280757899482	66.54843723669477
67.66447025755505	95.46420961726386
67.66447025755505	95.46420961726386
62.396551115138706	66.69197680414318
62.396551115138706	66.69197680414318
62.396551115138706	66.69197680414318
91.82240624150643	12.40959835186823
91.82240624150643	12.40959835186823
95.68022755893405	36.98017463016519
95.68022755893405	36.98017463016519
88.70954399130544	62.90782495328418
88.70954399130544	62.90782495328418
90.60741456595024	34.940246244310664
90.60741456595024	34.940246244310664
90.60741456595024	34.940246244310664
85.33949542353389	6.168013431189995
85.33949542353389	6.168013431189995
78.43976209470658	95.81650521473203
78.43976209470658	95.81650521473203
79.98289032663463	46.24473395579286
79.98289032663463	46.24473395579286
65.37673731483545	32.75264811355661
65.37673731483545	32.75264811355661
66.9287341422118	65.39598314358153
66.9287341422118	65.39598314358153
66.9287341422118	65.39598314358153
60.02900081338448	56.04447345190862
60.02900081338448	56.04447345190862
54.76108019575318	27.27224063878794
54.76108019575318	27.27224063878794
56.658950770397965	98.30466045459947
56.658950770397965	98.30466045459947
49.68826867798431	25.232313728148377
49.68826867798431	25.232313728148377
82.92760214453818	79.44498453499476
77.70402450414835	65.74827579061979
77.70402450414835	65.74827579061979
79.88568865792354	94.6640511216188
79.88568865792354	94.6640511216188
72.3474194072491	6.824997790437613
72.3474194072491	6.824997790437613
76.51563861493703	37.924238124309646
76.51563861493703	37.924238124309646
76.51563861493703	37.924238124309646
69.54495652252338	63.85188992264359
69.54495652252338	63.85188992264359
71.15903351803777	78.00095717369756
71.15903351803777	78.00095717369756
3.7842899890772537	19.064562204704938
3.7842899890772537	19.064562204704938
95.32583809743744	77.16145219726603
95.32583809743744	77.16145219726603
95.32583809743744	77.16145219726603