64.26694648441922	69.74125210761297
59.646430384083345	3.6716677477496766
59.646430384083345	3.6716677477496766
61.1895586160114	53.09989648881051
61.1895586160114	53.09989648881051
54.28982676239904	43.74838679713759
54.28982676239904	43.74838679713759
58.10330215215529	53.243439006688845
58.10330215215529	53.243439006688845
58.10330215215529	53.243439006688845
87.24536517460757	41.077707989656325
75.26430461378322	9.25663374023127
68.33796402339607	50.25980960731092
68.33796402339607	50.25980960731092
63.140993644566066	85.20841530418338
63.140993644566066	85.20841530418338
65.25170903475491	50.4033506499743
65.25170903475491	50.4033506499743
94.10997700286184	80.35426706818423
94.10997700286184	80.35426706818423
94.10997700286184	80.35426706818423
92.85064235006418	87.80939089188095
88.23012772494326	21.73980505680272
88.23012772494326	21.73980505680272
88.23012772494326	21.73980505680272
80.69185847426881	32.90075172562153
80.69185847426881	32.90075172562153
82.87352115282904	61.816525581405585
82.87352115282904	61.816525581405585
14.931191940822696	87.11342548289784
14.931191940822696	87.11342548289784
17.112856094597873	17.02919786346693
17.112856094597873	17.02919786346693
11.844935476966576	87.25696505034625
11.844935476966576	87.25696505034625
11.844935476966576	87.25696505034625
4.6614085690088665	21.022102793915764
4.6614085690088665	21.022102793915764
6.81646546122421	1.2925622084523896
6.81646546122421	1.2925622084523896
1.548546318807881	71.52032939533171
85.2151729058936	48.38965325131075
80.5857896853244	98.10496407769834
80.5857896853244	98.10496407769834
80.5857896853244	98.10496407769834
82.12891791725245	48.53319281875917
82.12891791725245	48.53319281875917
74.94538953407978	81.29833203754364
74.94538953407978	81.29833203754364
79.33532362797501	88.77519123992924
79.33532362797501	88.77519123992924
71.86800166567195	64.6569764187412
71.86800166567195	64.6569764187412
73.97871705586081	29.851911764532115
73.97871705586081	29.851911764532115
73.97871705586081	29.851911764532115
6.107335132225835	19.869648700802543
6.107335132225835	19.869648700802543
98.13665303981217	45.79730049913649
98.13665303981217	45.79730049913649
3.0210786683697255	20.01318974346591
3.0210786683697255	20.01318974346591
95.05039805117103	45.940841541799855
95.05039805117103	45.940841541799855
95.05039805117103	45.940841541799855
96.92166136425598	68.32794839157893
96.92166136425598	68.32794839157893
91.72469098542598	4.276552613236414
91.72469098542598	4.276552613236414
22.079597348207354	84.27333712618329
22.079597348207354	84.27333712618329
23.693674343721757	98.42240585245221
23.693674343721757	98.42240585245221
18.993342359566203	84.41687816884667
18.993342359566203	84.41687816884667
18.993342359566203	84.41687816884667
20.607417879865636	98.56594541990063
20.607417879865636	98.56594541990063
13.636735787451983	25.49359721823458
13.636735787451983	25.49359721823458
8.723557512537425	18.325555479864597
39.70141094149644	95.68651205761458
39.70141094149644	95.68651205761458
43.51488780646764	6.181562791950871
43.51488780646764	6.181562791950871
36.61515447764033	95.83005310027795
36.61515447764033	95.83005310027795
31.347233860009037	67.05782028715727
31.347233860009037	67.05782028715727
33.528898013784215	95.97359266772636
33.528898013784215	95.97359266772636
33.528898013784215	95.97359266772636
26.318765319481628	80.09341744526341
26.318765319481628	80.09341744526341
30.132242184452835	89.58846670438476
30.132242184452835	89.58846670438476
13.255740539610503	17.029560344088
13.255740539610503	17.029560344088
14.798868771538558	66.45779203557875
14.798868771538558	66.45779203557875