18.949936550348724	78.6743965867961
16.927907114642796	44.63050790328164
46.45131679094173	3.7142838774622007
48.78374559212292	44.2868380917667
42.29196617870209	54.83014688212435
44.56231481174523	14.89696740018486
37.423129405814024	62.73762773728512
40.02161607044399	94.76332636406386
32.846957757934575	11.743567446167546
35.16164936821917	85.88591203297376
65.0930129599246	64.8645064891849
53.56389493531311	6.228307623899556
36.820422222195155	77.89597346983993
39.365695838920395	12.63104173890885
32.63446582361065	80.36652203325465
34.79839131127428	43.85208626154042
27.836577814308917	52.994842873623504
30.00050625240247	16.480405626694306
23.393435098153837	47.22735331352809
23.81912472924195	33.552382898271915
26.44421570500183	15.22339449108311
50.7263120252293	93.1802491429605
51.107658679075946	64.42975613417359
53.147426780893404	64.90385149475642
46.664514487705915	58.662265098863216
48.97033750254223	50.589506347135234
42.54950685270773	25.853653647486034
44.6336164565517	41.40327455202952
74.1836319191955	49.132362017027596
76.5160607203767	89.70491770654704
69.7050133460323	11.50445615236553
71.97536197907544	70.57127667042603
65.0667615300148	78.00466216500396
67.41692752209258	85.0074245315918
60.65909024522298	5.097591859905126
62.831885803549866	50.79825942672508
92.38189979097871	58.52734836693811
94.69659435169324	33.66969295374432
87.858939715789	5.823916958315381
90.5815852414801	0.8610800271521661
82.9989730135642	95.94650410244024
78.59130172877236	23.03943232212644
81.12770822526427	73.55939725266117
64.1979950077322	2.709863485084539
66.246630229783	85.39906513463147
59.42671425999031	23.983497291485858
61.776881727283055	30.98626113328863
86.73298687593585	21.291078679670843
89.09202146346192	11.508947335222762
19.429190635346714	26.075522220671356
21.655197766363354	70.06681866998615
14.861887582915545	57.296566743302925
17.34508103150274	10.525901316127861
10.055132453380484	46.70978276992263
12.600406070105738	80.4448495637766
5.904648961374183	81.04075058833392
8.148393283287406	91.46225666514701
90.19207427941045	70.96740845632294
92.6841377986609	7.41184784289702
85.97064349903276	41.57753923995606
80.65838137937496	96.72978235808968
80.93330783827201	71.39803010909809
83.65595188874815	66.43519465314985
76.78282434626571	6.728997927509386
79.08864883631699	97.65623770056646
9.647531419194127	88.60043145452863
11.465584634804284	13.696907946597886
5.027015318858245	22.530847094665347
7.554553219901872	89.835705736236
0.7701116319023544	60.280557148086956
3.022723074048912	53.91716951386413
94.65295713689203	43.16510616870167
96.86122707701207	21.72619299051819
27.39350534875931	63.02507377844789
30.036333515415766	11.126294998757366
23.13659871137349	1.7747853070844513
25.814902735038075	80.73642430717553
18.986118169797095	36.105753125495745
21.274203993736833	61.60278179583956
14.489760930522358	32.04763468290548
16.706897990875746	92.82382779368609
48.3232873416819	50.67232801094434
41.556581469364005	86.54738757507862
44.17280532489055	85.00329582935564
37.37062507077948	89.0179376137083
39.19754835705289	96.3295189195267
32.634818704830764	43.15199215032115
35.20669958311585	26.532374860637496
18.33906653372181	36.18857331408988
18.622858637637243	93.07192587884744
13.762893410627386	84.1945130229723
15.926820373505992	47.680077251258076
7.182426567508685	64.5867751510535
11.137800959652557	3.523501430161109
4.654890141680016	96.28191503426791
5.3111632544237235	42.19966830127445
34.63946383086022	73.5511383729739
37.3355050454214	19.94298700056327
30.61314215034497	70.89357210865822
32.80367489956844	83.0244507781914